9.521195387363975415e-01
9.988929429008014393e-01
9.869825478458814638e-01
1.000000000000000000e+00
9.272018932015390069e-01
9.808848146671981238e-01
8.752782577561917243e-01
9.975387524245733495e-01
9.945487086022034573e-01
9.999818294145437214e-01
9.500567910582889963e-01
7.648857444905261538e-01
9.520579208310380182e-01
9.525868922313733833e-01
5.213593437162246103e-01
5.188341905461670844e-01
6.794256822454138867e-01
8.132890365448505188e-01
6.819344188003755303e-01
9.830750440175752836e-01
8.675691767728995751e-01
8.460435595077002713e-01
4.027180196743683771e-01
9.990110614606988459e-01
5.801177095318169608e-01
9.780062598862451217e-01
9.893560930600409087e-01
9.999692118226600757e-01
6.673132727731516667e-01
9.950130733666949778e-01
9.559597634842803560e-01
9.696085844946167320e-01
9.982960966704338412e-01
6.764586260445167865e-01
9.437565322137783097e-01
6.151513892926859794e-01
5.526367883442869777e-01
6.923115535848740620e-01
3.953380744488838583e-01
9.907762783211588875e-01
9.962486602357984999e-01
5.525077568277131368e-01
2.561629650237245426e-01
9.570806417666390953e-01
9.792156493933978911e-01
9.952233289481926537e-01
9.941106791905103268e-01
9.613545602693361891e-01
9.501837149793320725e-01
9.820403788978773196e-01
9.617087538929121049e-01
9.972652689152233796e-01
8.463494889443481384e-01
9.888348032836923318e-01
9.804520361763175984e-01
9.936963584347573430e-01
9.836708742982973597e-01
9.581116710089081501e-01
9.267983162065123182e-01
9.941836967790683710e-01
9.941309043102638521e-01
9.961232369395635056e-01
7.496414858676041515e-01
9.987224086445217752e-01
1.000000000000000000e+00
9.889927839813944521e-01
9.829927488464074159e-01
9.944009867246583756e-01
9.957194755962722743e-01
9.739141949152542166e-01
9.641875039969303174e-01
9.718988006653243028e-01
9.963362243657291062e-01
9.935925692695214417e-01
9.916310033285782310e-01
9.842021869067976159e-01
9.792998242802247733e-01
9.889156156546612397e-01
9.952914127336577321e-01
9.037557726102415367e-01
9.943889745893441656e-01
9.473958420866875896e-01
9.975677779219094266e-01
9.840984741126453939e-01
9.883412740983813505e-01
9.904286098775400005e-01
6.579017365201200729e-01
9.929615974880487972e-01
9.477057121711632837e-01
7.853356152947069679e-01
5.700571321532265090e-01
9.603046633003776700e-01
6.705868673277852743e-01
9.336339298295054379e-01
9.998328038789500161e-01
9.361034475496493590e-01
1.000000000000000000e+00
9.982132904960168140e-01
9.838166089427989869e-01
3.842511796263977653e-01
8.676640008014292471e-01
9.983423844405152625e-01
9.994931490648599759e-01
9.886348329741379004e-01
9.953125260646904504e-01
1.000000000000000000e+00
6.415646663342609024e-01
7.948474395507340029e-01
4.781950727373319721e-01
1.000000000000000000e+00
9.658721352871408872e-01
9.288330716902145623e-01
1.000000000000000000e+00
4.337341608482027655e-01
8.721250834860342360e-01
9.417024381139822431e-01
9.739723597426263035e-01
9.986231560125167217e-01
9.980681943113819399e-01
9.983133368109894379e-01
9.963515538471561239e-01
1.000000000000000000e+00
9.496252485596288206e-01
9.993964693456721671e-01
8.465565021040747373e-01
3.662737543263893669e-01
8.760914958238420480e-01
1.000000000000000000e+00
9.904436624577381831e-01
9.991762224858310448e-01
9.737261584125762592e-01
9.519528568797817059e-01
5.937080240367621498e-01
9.870166639702313560e-01
8.770709596748984538e-01
9.565653190778483639e-01
8.493424493760741711e-01
6.362582141476613717e-01
9.504967427976180883e-01
7.319000948466645173e-01
9.827217789055456842e-01
7.353213714093168596e-01
6.368478153664068886e-01
9.869193806727175611e-01
9.805457301667508396e-01
9.149883878124025482e-01
9.175716103866051743e-01
9.882456867800032407e-01
9.629699001667010316e-01
4.981436841271796312e-01
9.968235633843488541e-01
9.837363200820394837e-01
8.150513066362022885e-01
9.801876955161626936e-01
9.832944034382883336e-01
9.779619622699563530e-01
9.971123804714867589e-01
8.030994564540890890e-01
6.004628793723224556e-01
9.206032866625006861e-01
9.908483839151454031e-01
9.377154764159878475e-01
9.825261283835020620e-01
9.986624834874504586e-01
9.446094705573999661e-01
9.985744297719088003e-01
9.909411652522169822e-01
9.999036887219493464e-01
9.995282202896726975e-01
9.854211861602382161e-01
9.415513474144209249e-01
9.888322577278341186e-01
8.380199068992922884e-01
9.995173895444779966e-01
9.942637376963692208e-01
9.905184829572731831e-01
1.000000000000000000e+00
9.896880886249720399e-01
7.063492063492063933e-01
9.826769220203962485e-01
9.744928324859285507e-01
2.947275858278679550e-01
9.468970525257415227e-01
9.873088404516118244e-01
4.615217202054496259e-01
9.910676553075415951e-01
9.975277135337746737e-01
9.471477361106415138e-01
8.590545454545454040e-01
9.830570717946149895e-01
9.854406381826239514e-01
9.985767250619388413e-01
9.964313393291638343e-01
8.418275239550062627e-01
5.085678868309756462e-01
9.970236159000716025e-01
