5.270468812608521958e-01
7.371069182389936580e-01
7.003963011889036139e-01
4.948680001909581128e-01
2.539035980991174446e-01
2.699543899657924628e-01
1.220246495437011941e-01
7.443895870736085829e-01
6.840277777777777901e-01
8.882224126440064760e-01
5.412097230073488197e-01
2.109895833333333415e-01
3.062394603709949203e-01
4.362461747704862169e-01
1.987088736621552831e-01
1.353798586572438067e-01
1.395264410471541983e-01
2.223919546814333847e-01
1.619730476848652290e-01
3.384940182969739531e-01
1.530903894247945818e-01
2.269550748752079961e-01
2.930890127502810971e-01
5.045734388742304510e-01
5.169145749406053314e-01
6.357029298205768564e-01
6.770899808551371635e-01
4.697406340057637131e-01
9.330059628200630673e-02
9.537799631223109476e-01
7.219113215669392680e-01
7.632545512615778183e-01
6.468291653476838654e-01
3.879203893368199374e-01
6.827727895297519556e-01
4.807101966315440178e-01
3.973255623944659254e-01
2.018749737251439857e-01
1.970375283258718815e-02
2.311382468382032207e-01
6.109954185755934741e-01
2.119129791692345721e-01
1.881501582994120347e-02
4.534026350779644665e-01
4.860178970917226060e-01
7.327510917030567450e-01
4.055135615829257301e-01
7.907110091743119185e-01
3.780829596412556004e-01
6.300220287422637622e-01
7.461678358015069179e-01
9.652365738627719516e-01
2.024038831959318885e-01
8.125618199802175923e-01
8.281489747524062306e-01
8.863911046652163117e-01
4.469987228607918417e-01
3.096885813148789190e-01
1.045422781271837936e-01
9.315680505611855233e-01
7.713026444662095527e-01
8.179190751445086782e-01
4.008895651665008580e-02
7.682403433476394650e-01
5.053648068669528426e-01
7.661111111111110761e-01
6.398996235884567563e-01
8.590664272890484732e-01
7.243007628042136270e-01
7.392434305515449555e-01
8.276347263261573106e-01
7.991079901309546818e-01
8.646545626031596488e-01
7.981760507533703919e-01
5.772307692307692140e-01
5.297165498323681554e-01
8.998093484977977008e-01
7.776052784785562055e-01
7.953006770211071830e-01
8.329693570262752811e-01
9.107317755701692663e-01
3.997992639678822346e-01
8.027144934561318834e-01
7.958647850344601204e-01
7.268424611223799348e-01
8.474875110196885553e-01
4.378754454437467913e-01
7.642173867339430160e-01
5.709583372519514421e-01
6.224878170241525677e-01
5.231216949994676318e-02
8.711217183770882944e-01
2.162370298313878170e-01
2.312685198250317431e-01
8.371735791090629819e-01
8.267215568862275044e-01
7.484081632653061256e-01
8.556263269639066138e-01
2.975142413257379492e-01
9.069461345518663176e-02
3.730169222633527015e-01
7.380870757627699952e-01
5.562893564736599572e-01
8.507525083612039740e-01
7.106431978943905658e-01
3.341560660717676212e-01
1.259854400060352320e-01
2.960600375234521686e-01
1.144346948501583916e-01
6.696292181641438912e-01
6.620813781577424839e-01
5.900108989243235680e-01
4.468727607738765539e-01
9.632979282784730202e-02
4.358859626693940004e-01
5.243672081601813417e-01
3.768518518518518268e-01
7.396226415094339091e-01
7.645246478873239937e-01
6.705695816562995404e-01
7.786492374727669308e-01
1.458953168044077042e-01
5.704877546820333878e-01
7.624471200780995606e-01
3.762370853724850694e-01
1.023386923389312253e-01
1.688287447503499794e-01
2.731999999999999984e-01
7.563778441737531999e-01
7.371242580892207741e-01
7.270972037283621736e-01
5.561942517343905212e-01
2.808403888366258760e-01
4.107663907580539342e-01
6.812021494127157295e-01
7.549610979980767578e-01
5.016595764573885674e-01
3.541721592407065522e-01
1.934076587493940846e-01
2.286158631415241005e-01
7.469798657718120793e-01
2.820735327700388262e-01
1.660900969397453020e-01
4.881602914389799874e-01
5.836637589214909161e-01
5.805615230757833478e-01
4.146939545411675865e-01
8.219720846465555786e-01
3.247887975928712145e-01
1.854109490105445568e-01
6.772886477577089170e-01
5.856581938417028121e-01
5.263957610940117604e-01
6.606437898572730116e-01
8.296896499006267689e-01
7.872391032883391260e-01
6.396969696969696528e-01
5.755295326896956443e-01
1.210199814922713057e-01
0.000000000000000000e+00
6.223038090867369920e-01
7.230019378706912248e-01
7.419698584259399876e-01
5.674409525668553389e-01
7.915725259828287896e-01
9.139663906086676892e-01
7.279192149054188876e-01
9.311814859926917931e-01
7.559280457890433791e-01
7.552865340775096747e-01
7.173510660176869447e-01
8.833388833388833294e-01
5.349690147970153076e-01
8.091755319148936643e-01
8.826151560178305822e-01
6.956081354833482111e-01
3.814298169136878802e-02
6.034662768845270309e-01
1.063548102383053834e-01
8.277175167320562910e-01
8.144379844961240345e-01
2.339443661069093572e-01
7.443749597060150824e-01
6.086828550404709270e-01
4.631185365738220705e-01
8.188800446864963334e-01
8.972494467277900565e-01
6.601219386173400316e-01
2.607766298539365701e-01
5.927569252908022612e-01
8.141546064242851655e-01
7.886887690719284194e-01
9.363559560687130245e-01
6.000237963036408884e-01
2.861506309782171908e-01
7.155297532656023085e-01
