9.746742765861856617e-01
9.992988547961670909e-01
1.000000000000000000e+00
9.899069599237269035e-01
9.881128105273075946e-01
9.885516675088428240e-01
9.734652847585705260e-01
9.998677707806482573e-01
9.799504991611435178e-01
9.779719130148889494e-01
9.971576659421501621e-01
9.563001495271992169e-01
9.904773121119840873e-01
9.998688653575058538e-01
9.840806373957475817e-01
1.000000000000000000e+00
9.858247207520077771e-01
9.985791866632988123e-01
9.986483975062934171e-01
9.660728717672413257e-01
9.938111998932390723e-01
8.918987525384391990e-01
9.360333263635339796e-01
9.938175940275625342e-01
9.920916457838383495e-01
9.998628845659439657e-01
9.897080766729158263e-01
1.000000000000000000e+00
9.661507022044436566e-01
9.866821825704680249e-01
9.837138013118010837e-01
9.724121549398531128e-01
9.823095902339907814e-01
9.314438980777827171e-01
9.983351918455811713e-01
9.979307946444097022e-01
8.389797380936868665e-01
9.946249823769913734e-01
1.000000000000000000e+00
9.583060906301865689e-01
9.989051968934962167e-01
9.997551100372232824e-01
9.581909643128322385e-01
1.000000000000000000e+00
9.968605533705926502e-01
9.913832872017925846e-01
9.898678979094523989e-01
9.624663084057388796e-01
8.991693177801343140e-01
9.653575473224397241e-01
9.914621756798999153e-01
9.956917016899080597e-01
9.367481132780393072e-01
9.561175842582877449e-01
9.998756199567779834e-01
9.844778164380104668e-01
1.000000000000000000e+00
1.000000000000000000e+00
9.186639715083261271e-01
1.000000000000000000e+00
9.186641914359737759e-01
9.998748696558915627e-01
9.715780622255442145e-01
9.907886386800254241e-01
9.927888408495597616e-01
9.927596365296045278e-01
9.995568176222444645e-01
1.000000000000000000e+00
8.909243779003023223e-01
9.835196059859822038e-01
9.952249472145525688e-01
9.995790064552343424e-01
9.979596998566730992e-01
9.933167373118930721e-01
9.916447993302960340e-01
9.993622957353527347e-01
9.945671632497392611e-01
9.954523968639468201e-01
9.974212496194552191e-01
9.975231284036480961e-01
9.970614671921455008e-01
9.901876057758093319e-01
9.685473354777014432e-01
1.000000000000000000e+00
9.978953162692052459e-01
9.965045926204583182e-01
9.987940863246257406e-01
9.999666327432890078e-01
9.986116843645641561e-01
9.990694317836523730e-01
9.992052011635854658e-01
9.979436760004498641e-01
9.876000469822306949e-01
9.986746189529489559e-01
9.990230437614365799e-01
9.986427245354841942e-01
9.757026123560728070e-01
9.989281133036953531e-01
9.981844930666415872e-01
9.969269561106295363e-01
9.047046306147938921e-01
9.994150786565280109e-01
9.997645544585537225e-01
9.970689902352772860e-01
9.985992089650626014e-01
9.975656464020253855e-01
1.000000000000000000e+00
9.845239671610169774e-01
9.933277909232376413e-01
9.990020134815722486e-01
9.988165680473373165e-01
9.988507556675062515e-01
9.933269931843398126e-01
9.839511789529831187e-01
9.993820843068723647e-01
9.943115329606032615e-01
9.992913497425237601e-01
9.899464628713883219e-01
9.969656388262616575e-01
9.430828917486752117e-01
9.964502779172654812e-01
9.571856071531583687e-01
9.857806676190007389e-01
1.000000000000000000e+00
9.127343929157332170e-01
9.885453811478167596e-01
9.747036233094005242e-01
9.982516936717554801e-01
9.943140832520048766e-01
9.999831935597720545e-01
9.974380594110779930e-01
9.935734765843852179e-01
9.945413813775912937e-01
9.992430359305611853e-01
9.987840559334271173e-01
1.000000000000000000e+00
9.904200669515449418e-01
9.935774421195988637e-01
9.967372801210516720e-01
9.947833202632206939e-01
1.000000000000000000e+00
9.886749530183640555e-01
9.992734478203434412e-01
9.835556332149028025e-01
9.997936674669868351e-01
9.883093353675980186e-01
9.998876368422742189e-01
9.976295906105450140e-01
9.984711718305278039e-01
9.803258046745888521e-01
9.990142143924698459e-01
9.830967947695742337e-01
9.997877377745122418e-01
9.992869644130421003e-01
9.997731140102098513e-01
9.956138931149450810e-01
9.996668940247133150e-01
9.948920434959731551e-01
1.000000000000000000e+00
9.998862753274322390e-01
9.946707200937660032e-01
9.979201699265421999e-01
9.983004072291589148e-01
9.991926448296315488e-01
9.999384236453201513e-01
1.000000000000000000e+00
9.512262381880354223e-01
9.813729060451565900e-01
9.887974672534659559e-01
9.983158611815463601e-01
9.945200361179438175e-01
9.933837429111531669e-01
1.000000000000000000e+00
9.835497196813218768e-01
9.983398780448871079e-01
9.895288787504356032e-01
9.761872059883940356e-01
9.786249936232080948e-01
9.509031619829260151e-01
9.885862178114585008e-01
9.925287260477294593e-01
9.919474188212762389e-01
9.847862000076836875e-01
9.976074647101044190e-01
9.853751732999695978e-01
9.964929292929293192e-01
9.824561403508771384e-01
9.890845821775027247e-01
9.839046932930365363e-01
9.987203287493466863e-01
9.817287281528359610e-01
9.995260317923290172e-01
9.999349424240452366e-01
9.773608970611681324e-01
9.751630186485027441e-01
8.870456884947343079e-01
