3.740841833069961098e-01
9.053911205073995605e-01
5.034784015531467150e-01
5.628291948833709091e-01
5.024894676369207058e-01
7.118990794408455169e-01
8.234603479560251849e-01
5.552250644457663586e-01
8.063283399571996579e-01
5.078175895765472125e-01
7.016621438263229704e-01
8.810115262321144280e-01
7.479369842460614759e-01
7.219039224327897797e-01
5.041398344066236881e-01
0.000000000000000000e+00
8.595194085027726416e-01
8.444347063978965284e-01
8.132876925470670093e-01
7.476406422355680315e-01
7.822147651006711166e-01
5.907867368163465249e-01
4.519073569482288666e-01
6.671753136656494165e-01
8.382224168126094499e-01
6.324489512432281968e-01
8.719565217391304079e-01
3.244164037854889715e-01
6.114245081772932133e-01
7.896613190730837895e-01
7.129972819372374371e-01
7.076492764197981344e-01
6.570748593682388394e-01
7.144663443659352575e-01
8.432267884322678375e-01
6.432166973603438143e-01
2.951661200627406223e-01
8.554468506100912917e-01
2.853516499925339844e-01
6.491521375686649664e-01
8.274992999159899165e-01
6.808560130262851784e-01
4.674591980656860879e-01
4.475350520126639697e-01
8.616059901884843830e-01
7.999254148797314556e-01
8.289313640312770959e-01
7.189558732131758889e-01
6.013232385239751787e-01
8.851749901690916245e-01
8.429914125363445754e-01
9.320170518285842975e-01
7.551656920077972623e-01
8.121827411167512611e-01
7.265306122448980108e-01
9.006222547584187277e-01
4.406849427842265410e-01
1.629323221877513606e-01
7.588684328693309222e-01
5.007994883274704545e-01
7.562914553257901185e-01
6.854820372896771596e-01
7.300989514104267997e-01
9.222206365063507771e-01
8.106147384497900399e-01
5.499066900412825643e-01
7.306034482758620996e-01
5.467045993361783207e-01
3.535218016291327148e-01
8.762485311398354737e-01
8.802816901408451189e-01
8.110566829951014745e-01
5.522670025188917142e-01
8.828900917863026221e-01
8.671914677501270097e-01
7.481585408628551592e-01
7.569866342648845503e-01
9.200268817204301230e-01
9.029372903750381152e-01
8.704213423671395278e-01
7.394957983193277684e-01
8.994211974570642809e-01
7.511698880976602766e-01
4.042292904578818624e-01
8.076429853808668735e-01
8.577256501784803477e-01
8.796138557637706024e-01
5.622432577245937146e-01
6.932889177770555911e-01
9.288421378296851660e-01
6.522226372805378647e-01
9.540532630962832439e-01
8.827493261455525708e-01
9.658575620165377185e-01
9.317160826594789169e-01
9.055118110236219930e-01
3.040160642570280958e-01
9.485497237569060491e-01
9.334470989761092241e-01
7.623022847100175969e-01
9.978150036416605362e-02
8.453947368421053099e-01
9.131378935939196140e-01
9.296636085626911461e-01
9.040680024286581462e-01
9.299410029498524910e-01
8.274932614555255972e-01
8.455821635012386039e-01
7.818143415355369719e-01
8.803963198867656992e-01
8.631498470948012480e-01
9.291527046433700754e-01
7.970003487966516031e-01
5.870028409090909394e-01
7.682316232494013075e-01
9.093620927030747758e-01
9.259615384615385025e-01
8.165952605717328172e-01
9.274241522903033941e-01
3.473941084190343420e-01
9.590738423028786208e-01
7.838250663236594473e-01
6.792144026186579531e-01
7.994667682346219273e-01
5.684355516891401727e-01
7.756097560975609984e-01
7.775536207262688793e-01
8.341740226986128492e-01
5.108194965184787995e-01
8.361497680583167558e-01
8.644952759820984101e-01
9.030534351145038663e-01
8.605769230769231282e-01
7.676504157834664888e-01
5.744254203300941386e-01
3.734188182290764102e-01
4.992503748125937113e-01
5.692883895131085614e-01
8.299260548064375520e-01
7.153396436525611968e-01
4.550898203592814578e-02
8.647725229275310399e-01
5.581673306772908516e-01
8.975531056735681634e-01
7.697588884348181004e-01
8.751640659180399684e-01
8.526964560862866360e-01
6.680186574731291627e-01
6.634499396863691167e-01
6.087357736081205895e-01
6.693786982248520756e-01
7.885782509203064228e-01
6.194237918215613758e-01
6.536673553719007934e-01
7.823146944083224641e-01
8.515294702810246585e-01
7.680986475735879226e-01
4.436274509803921351e-01
8.468208092485549066e-02
6.068215598842212621e-01
6.791410496302237032e-01
6.449055495742390676e-01
9.235227821606826204e-01
8.728796239525853373e-01
5.724137931034483096e-01
5.880842321520287630e-01
6.885828198622689911e-01
7.445656843371423195e-01
9.241918785229494837e-01
9.125127161749745364e-01
6.729141475211608547e-01
9.080384447356923960e-01
4.855922265036019536e-01
7.525401507702392800e-01
8.790915163660654175e-01
7.163790296320416973e-01
8.356574853059813845e-01
8.382168795391935490e-01
7.267791636096845309e-01
4.414081337405562078e-01
6.867629961800365557e-01
8.183685740054114088e-01
8.606867554309740598e-01
9.013707790036776801e-01
8.742935906271537272e-01
8.354822073233625357e-01
8.303892215568862145e-01
8.713527851458885420e-01
8.598679383712398705e-01
9.020150138285262242e-01
8.553271028037383594e-01
9.404072482719970649e-01
8.256903353057198913e-01
7.778635530251857277e-01
7.688664011196038039e-01
6.143491267007623602e-01
