9.335174560546875000e-01
9.918060302734375000e-01
9.531707763671875000e-01
9.645385742187500000e-01
9.801788330078125000e-01
9.871063232421875000e-01
9.747619628906250000e-01
9.657745361328125000e-01
9.806671142578125000e-01
9.769439697265625000e-01
9.731597900390625000e-01
9.634552001953125000e-01
9.743652343750000000e-01
9.807434082031250000e-01
9.835510253906250000e-01
9.442749023437500000e-01
9.860839843750000000e-01
9.945831298828125000e-01
9.816894531250000000e-01
9.685821533203125000e-01
9.801940917968750000e-01
8.979339599609375000e-01
9.386138916015625000e-01
9.700469970703125000e-01
9.887237548828125000e-01
9.596252441406250000e-01
9.730377197265625000e-01
8.366088867187500000e-01
8.749237060546875000e-01
9.855957031250000000e-01
9.645538330078125000e-01
9.633178710937500000e-01
9.758148193359375000e-01
9.414215087890625000e-01
9.952850341796875000e-01
9.556579589843750000e-01
8.491516113281250000e-01
9.799346923828125000e-01
9.269714355468750000e-01
9.551696777343750000e-01
9.812011718750000000e-01
9.790649414062500000e-01
9.596710205078125000e-01
9.627227783203125000e-01
9.836425781250000000e-01
9.836273193359375000e-01
9.699554443359375000e-01
9.654998779296875000e-01
9.108123779296875000e-01
9.688110351562500000e-01
9.645690917968750000e-01
9.907531738281250000e-01
9.425048828125000000e-01
9.610443115234375000e-01
9.948883056640625000e-01
9.834289550781250000e-01
8.963317871093750000e-01
8.888397216796875000e-01
9.344482421875000000e-01
9.761810302734375000e-01
9.237518310546875000e-01
9.155731201171875000e-01
9.442291259765625000e-01
9.833679199218750000e-01
9.924316406250000000e-01
8.785552978515625000e-01
9.809265136718750000e-01
9.562377929687500000e-01
8.970642089843750000e-01
9.742889404296875000e-01
9.922180175781250000e-01
9.958801269531250000e-01
9.566040039062500000e-01
9.620361328125000000e-01
9.920196533203125000e-01
9.890441894531250000e-01
9.938964843750000000e-01
9.945526123046875000e-01
9.854278564453125000e-01
9.906616210937500000e-01
9.687805175781250000e-01
9.838256835937500000e-01
9.626770019531250000e-01
8.959655761718750000e-01
9.885559082031250000e-01
9.957427978515625000e-01
9.967651367187500000e-01
9.626007080078125000e-01
9.423980712890625000e-01
9.859619140625000000e-01
9.857940673828125000e-01
9.976043701171875000e-01
9.880523681640625000e-01
9.980468750000000000e-01
9.988403320312500000e-01
9.978027343750000000e-01
9.735565185546875000e-01
9.931793212890625000e-01
9.982147216796875000e-01
9.917449951171875000e-01
9.057006835937500000e-01
9.985656738281250000e-01
9.975585937500000000e-01
9.968414306640625000e-01
9.927673339843750000e-01
9.956512451171875000e-01
9.941406250000000000e-01
9.857330322265625000e-01
9.369506835937500000e-01
9.845275878906250000e-01
9.918060302734375000e-01
9.977416992187500000e-01
9.911193847656250000e-01
9.822540283203125000e-01
9.512634277343750000e-01
9.939727783203125000e-01
9.976501464843750000e-01
8.843841552734375000e-01
9.925537109375000000e-01
9.428710937500000000e-01
9.950103759765625000e-01
9.589691162109375000e-01
9.730834960937500000e-01
9.678649902343750000e-01
9.091644287109375000e-01
9.768371582031250000e-01
9.360656738281250000e-01
9.959869384765625000e-01
8.606414794921875000e-01
9.849090576171875000e-01
9.916839599609375000e-01
9.922485351562500000e-01
9.946899414062500000e-01
9.782562255859375000e-01
9.158020019531250000e-01
9.448242187500000000e-01
9.898071289062500000e-01
9.912261962890625000e-01
9.940338134765625000e-01
9.687957763671875000e-01
9.878387451171875000e-01
9.885253906250000000e-01
9.661560058593750000e-01
9.767456054687500000e-01
9.570159912109375000e-01
9.738769531250000000e-01
9.927062988281250000e-01
9.750213623046875000e-01
9.787139892578125000e-01
9.805908203125000000e-01
9.863586425781250000e-01
9.675750732421875000e-01
9.750061035156250000e-01
9.795379638671875000e-01
9.872283935546875000e-01
9.908905029296875000e-01
9.911041259765625000e-01
9.826812744140625000e-01
9.516754150390625000e-01
9.233093261718750000e-01
9.450531005859375000e-01
8.892822265625000000e-01
9.927520751953125000e-01
9.905090332031250000e-01
9.962158203125000000e-01
9.877624511718750000e-01
9.344482421875000000e-01
9.546356201171875000e-01
9.899444580078125000e-01
9.829406738281250000e-01
9.917449951171875000e-01
9.935760498046875000e-01
8.125915527343750000e-01
9.539184570312500000e-01
9.944763183593750000e-01
9.867095947265625000e-01
9.782409667968750000e-01
9.802856445312500000e-01
9.431762695312500000e-01
8.939514160156250000e-01
9.712219238281250000e-01
9.446868896484375000e-01
9.696655273437500000e-01
9.954986572265625000e-01
9.860839843750000000e-01
9.902648925781250000e-01
9.827117919921875000e-01
9.896392822265625000e-01
9.795989990234375000e-01
9.848632812500000000e-01
9.645690917968750000e-01
9.902648925781250000e-01
9.892120361328125000e-01
9.648742675781250000e-01
9.344787597656250000e-01
8.780364990234375000e-01
