4.787644787644787514e-01
9.121405750798722289e-01
5.034784015531467150e-01
6.363249680986814427e-01
7.076591154261057115e-01
9.456521739130434590e-01
9.843072212299055490e-01
5.561072492552134872e-01
9.887535145267104530e-01
9.374624173180998721e-01
7.224938875305623176e-01
9.822744142247825661e-01
8.173471060829644586e-01
7.231788079470198305e-01
9.538729329852044803e-01
0.000000000000000000e+00
9.888357256778309567e-01
8.791058394160583545e-01
8.235386796911926544e-01
9.928385416666666297e-01
8.341384863123993965e-01
9.299884437596301900e-01
9.863217365447517482e-01
7.119594716844581672e-01
9.380205781479666882e-01
6.331525518008621622e-01
9.073292112803498233e-01
3.244164037854889715e-01
6.601494523492681399e-01
9.672489082969432106e-01
8.079238415231695392e-01
8.820676064877974731e-01
8.615602836879432402e-01
9.994797627718239319e-01
8.911528150134048198e-01
6.527535509593820340e-01
1.000000000000000000e+00
8.851228389444949496e-01
2.853516499925339844e-01
9.233905214880244738e-01
8.349816332297259613e-01
6.832399626517273727e-01
1.000000000000000000e+00
4.475350520126639697e-01
8.823373876255948822e-01
8.863636363636363535e-01
8.707675458610933950e-01
9.967258314664828589e-01
9.843680214381420601e-01
9.794256588761810489e-01
8.686594202898550998e-01
9.583573653247202673e-01
9.681772742419193500e-01
9.849228298688553762e-01
7.313064913722268079e-01
9.776497466971292294e-01
4.406849427842265410e-01
1.629323221877513606e-01
9.947759546758884186e-01
5.007994883274704545e-01
9.388508809105770014e-01
6.857159103832594083e-01
8.224773313368272110e-01
9.548577761359438032e-01
9.819611470860314384e-01
5.609784239067727718e-01
7.348796878387167109e-01
5.467045993361783207e-01
1.000000000000000000e+00
9.360583712537267065e-01
9.455370650529500987e-01
8.266761768901569329e-01
5.629914941421922947e-01
8.954504224948679481e-01
9.988300672711318828e-01
7.588046958377800966e-01
9.606784888203546702e-01
9.813620071684587831e-01
9.163486333161423580e-01
8.991688538932632868e-01
7.558563248308173277e-01
9.484690814488693222e-01
9.205834683954619013e-01
4.042292904578818624e-01
8.355001326611833923e-01
9.677790563866512930e-01
9.198337292161520296e-01
5.624441665177773997e-01
6.974824260258296604e-01
9.323757763975155655e-01
6.646364674533689065e-01
9.911827303131650613e-01
9.925913453443340195e-01
9.874556858467412601e-01
9.876190476190476186e-01
9.603340292275573953e-01
8.228260869565217073e-01
9.552567520574939408e-01
9.993909866017052224e-01
8.337337818356559405e-01
1.000000000000000000e+00
9.017543859649123084e-01
9.206349206349205838e-01
9.916636462486407844e-01
9.198929159802305966e-01
9.655436447166921843e-01
8.274932614555255972e-01
1.000000000000000000e+00
7.949530201342281943e-01
8.863555397221232202e-01
8.795118151129576178e-01
9.627976190476190688e-01
9.341782502044153613e-01
9.219185722253206983e-01
7.700196377918394619e-01
9.887724550898203679e-01
9.464373464373464495e-01
8.214868385808556939e-01
9.527883880825057661e-01
9.365601503759398705e-01
9.843288375080282426e-01
9.687996820349761284e-01
8.061731059788473930e-01
7.994667682346219273e-01
8.862891375607551137e-01
8.624260355029585989e-01
8.310258738084430608e-01
8.975576662143825990e-01
5.182588849038147760e-01
8.362883181441590486e-01
8.998447204968944568e-01
9.756701030927834584e-01
9.990697674418604901e-01
7.733245729303548366e-01
5.772748411099054566e-01
3.734188182290764102e-01
9.340813464235624419e-01
8.260869565217391353e-01
9.120458891013384362e-01
7.471648735097412564e-01
4.550898203592814578e-02
9.866639310627821624e-01
5.631028938906752490e-01
9.517428184475016373e-01
7.704515706806283060e-01
9.161132737958934680e-01
8.545398394070413683e-01
6.881136411113432105e-01
6.788447296963712185e-01
9.890054972513743214e-01
6.850870552611657560e-01
8.712762449159063838e-01
6.213003961780471096e-01
6.611807732497387846e-01
7.851735839206473999e-01
9.130666666666666931e-01
7.745687926193340900e-01
5.280046674445740829e-01
8.468208092485549066e-02
6.071065195272755677e-01
6.972191730698865664e-01
6.478859390363814752e-01
9.387888707037642666e-01
8.817093311312964588e-01
5.763888888888888395e-01
5.880842321520287630e-01
8.525399389696642904e-01
8.163149962321024633e-01
9.981364144614237599e-01
9.189125295508274727e-01
8.548387096774193727e-01
9.964046021093000416e-01
4.855922265036019536e-01
8.118811881188119361e-01
9.107266435986158815e-01
9.128630705394190636e-01
9.946502057613169079e-01
9.947986327834744680e-01
9.046575342465753566e-01
4.642826950714346035e-01
7.419702135295173084e-01
8.338268327547477821e-01
9.112627986348122988e-01
9.489616332277367450e-01
9.926447574334897883e-01
8.850040972411908902e-01
9.854325812755373448e-01
9.969650986342943888e-01
9.511884057971013995e-01
9.083855565502835239e-01
9.073963910370811403e-01
9.426966292134831837e-01
8.265054294175715466e-01
8.872867363786460793e-01
8.217696467610171585e-01
8.477363515312915654e-01
