5.217870932156646324e-01
9.339723109691160374e-01
5.947257725287170560e-01
6.965121225010634243e-01
7.513484358144552067e-01
9.352355072463768293e-01
9.871140597091094815e-01
6.341608738828202751e-01
9.926897844423617778e-01
9.663259170174384183e-01
7.488648271044359150e-01
9.856533540131834359e-01
8.685030332841449097e-01
7.785871964679911272e-01
9.756309834638816625e-01
0.000000000000000000e+00
9.900762006025164430e-01
8.927919708029197210e-01
8.419725854734519954e-01
9.972330729166666297e-01
8.575773841474324533e-01
9.377889060092450269e-01
9.994052928932500857e-01
7.628007960919124253e-01
9.634982851543361093e-01
6.691697955778055373e-01
9.022771829286684309e-01
3.533753943217665672e-01
6.827208516736615884e-01
9.830786026200872829e-01
8.460030799384011813e-01
9.023798696377141049e-01
8.956028368794326511e-01
1.000000000000000000e+00
9.490616621983913870e-01
6.967356092698728798e-01
1.000000000000000000e+00
8.999090081892630044e-01
3.373152157682544616e-01
9.402072362833361341e-01
8.833003673354055119e-01
7.672735760971055585e-01
1.000000000000000000e+00
5.386702849389416459e-01
8.972765732416710938e-01
9.159090909090908950e-01
8.790727388883818882e-01
1.000000000000000000e+00
9.907324698526127627e-01
9.860765788165092305e-01
8.563963210702341122e-01
9.705848425423924120e-01
9.691769410196601209e-01
9.834954054777410581e-01
9.013968775677896339e-01
9.883778682825071771e-01
5.276199884745204072e-01
2.192347466390899557e-01
9.963946729453314610e-01
6.367125039974416145e-01
9.484167827087243152e-01
7.098828613669965204e-01
8.226437068463522406e-01
9.612116734392316397e-01
9.981498612395929282e-01
5.781123802930656641e-01
8.155213526988944750e-01
6.241504662557294525e-01
1.000000000000000000e+00
9.495528008787070817e-01
9.873928391326273202e-01
8.915834522111270033e-01
6.482105601027122743e-01
8.956413806272974787e-01
1.000000000000000000e+00
8.438278192813944978e-01
9.907478797224363865e-01
9.916367980884109867e-01
9.115007735946364376e-01
8.740157480314960647e-01
8.426600728787090322e-01
9.599759855913547746e-01
9.321780326642563619e-01
4.792030758476057417e-01
8.328469089944282588e-01
9.695051783659378586e-01
9.625890736342043175e-01
6.033589422905127897e-01
6.992806931502369983e-01
9.285714285714286031e-01
6.642558051008755626e-01
9.890544238370325703e-01
9.912443172251220735e-01
9.825470411780746760e-01
9.809523809523809090e-01
9.631176061238692077e-01
8.304347826086956319e-01
9.571113944592558598e-01
1.000000000000000000e+00
8.659298414223930429e-01
1.000000000000000000e+00
9.315789473684210620e-01
9.523809523809523281e-01
9.833272924972815687e-01
8.918863261943986709e-01
9.645227156712607997e-01
8.566936208445642409e-01
9.976562500000000222e-01
8.018255033557046829e-01
8.310176938605866592e-01
8.880810179174239982e-01
9.657738095238095344e-01
9.542109566639411788e-01
9.877300613496932113e-01
7.686377191068440862e-01
9.905189620758483304e-01
9.425061425061425080e-01
7.803832761097718729e-01
9.508021390374331583e-01
9.511278195488721554e-01
9.861271676300578104e-01
9.674085850556438659e-01
8.424347075329160495e-01
7.997524281089316567e-01
9.136430428393805814e-01
8.788625904010519685e-01
8.140036314117112815e-01
9.708276797829036298e-01
5.753722421475926385e-01
8.815244407622203626e-01
9.039855072463768293e-01
9.655670103092783840e-01
1.000000000000000000e+00
7.899145860709592126e-01
5.998294838009611274e-01
4.288684803326979766e-01
9.985974754558204491e-01
9.347826086956522174e-01
9.493307839388145375e-01
7.913637685373655639e-01
4.502994011976048094e-01
9.876897825194911329e-01
5.717443729903537442e-01
9.333523415781594945e-01
7.831315445026177935e-01
9.156552934890466178e-01
8.817171093267448523e-01
7.580948401921872026e-01
7.358676869908664653e-01
1.000000000000000000e+00
8.750946252838758266e-01
8.783115312740463754e-01
6.282917734793754816e-01
7.306687565308255250e-01
8.102323153223701668e-01
9.253333333333333410e-01
8.692338547934216342e-01
6.254375729288215169e-01
2.575144508670520471e-01
6.346560225405024624e-01
7.264910354921332303e-01
6.501474926253687503e-01
9.630114566284778688e-01
8.905862923203963222e-01
9.409722222222222099e-01
6.615305598356445715e-01
8.589122240172321066e-01
8.222494348153730481e-01
9.950304385637966931e-01
9.062253743104806691e-01
9.823348694316436092e-01
9.937679769894535164e-01
4.995392863126151828e-01
8.438826025459689184e-01
9.446366782006920815e-01
9.062240663900414939e-01
9.976680384087791564e-01
9.931639173725664849e-01
9.217351598173515459e-01
5.146673429706652980e-01
8.184101919971290551e-01
8.307126812334082455e-01
9.296631547707374654e-01
9.496656107004576297e-01
9.877934272300469276e-01
9.071291996722207207e-01
9.921833362941907541e-01
9.960979839583784523e-01
9.623188405797101774e-01
9.171391624390728969e-01
9.137418203450327070e-01
9.399812734082396704e-01
8.842546890424481942e-01
8.946615299944964406e-01
8.405246807041767410e-01
8.635818908122503412e-01
