9.674848397343344120e-01
9.991636084321925404e-01
9.999519715671677522e-01
9.955607476635514042e-01
7.531617848343826749e-01
4.972510979809788845e-01
1.000000000000000000e+00
9.994491875516386958e-01
9.119189726894555426e-01
9.646310608948809318e-01
4.310585687842699021e-01
9.625522041763341363e-01
7.295127726336457785e-01
9.992829742229233370e-01
9.932789608820420391e-01
6.885896561799941251e-01
7.515189608212864414e-01
9.695662787859060661e-01
9.682579534449984315e-01
9.836372617626476522e-01
8.765829955436944543e-01
9.421203824229095192e-01
9.307212499243020520e-01
9.741214163033425910e-01
7.261032696087189597e-01
9.700922894697879828e-01
9.763276697036854523e-01
8.006760584658382252e-01
9.727349883301505962e-01
9.789477067463761006e-01
9.955133172900436644e-01
9.383511031352264053e-01
9.996179901186776906e-01
9.890874531167794803e-01
6.100646123260436982e-01
9.969892606617418718e-01
9.757583042833674059e-01
7.389279973393936274e-01
7.182370218209993551e-01
8.994036896701658179e-01
8.751861471861471786e-01
1.000000000000000000e+00
9.654166666666667007e-01
1.000000000000000000e+00
9.948566650363662722e-01
8.638412797340812022e-01
9.970841804971077860e-01
9.913700443959809760e-01
9.988478300799840115e-01
9.996904839283780042e-01
9.941906953215515763e-01
9.966919152882980359e-01
9.956789587852494794e-01
9.996416529571775511e-01
9.817446991292123615e-01
9.993418623689743763e-01
9.955917733798991254e-01
1.000000000000000000e+00
9.993032298667146041e-01
9.984168687685259780e-01
9.999208960891026177e-01
9.586316490952274671e-01
9.793483249196879292e-01
9.969605376471184499e-01
9.542542348201717983e-01
9.626183450697851640e-01
9.945642609936843348e-01
1.000000000000000000e+00
9.941931270628519002e-01
9.973081001713026694e-01
9.993030255029304865e-01
9.992206759443339470e-01
1.000000000000000000e+00
9.998636022642024557e-01
9.715716105292951932e-01
9.960174857267310999e-01
8.559388541986555632e-01
9.990130158534328286e-01
9.909338929695697962e-01
9.179889939627077222e-01
9.989444053483462760e-01
1.000000000000000000e+00
9.995459798580155208e-01
9.974026390469930003e-01
9.999373923931758057e-01
9.977713499928873020e-01
9.976061120543293637e-01
9.994822148651405502e-01
1.000000000000000000e+00
9.995883991894630727e-01
9.940754999465297725e-01
9.912437623575934831e-01
1.000000000000000000e+00
9.995915766773946221e-01
1.000000000000000000e+00
1.000000000000000000e+00
9.985582864204310960e-01
9.499057023585005810e-01
1.000000000000000000e+00
9.995287575693315718e-01
9.962843270416685826e-01
9.999845366404305214e-01
1.000000000000000000e+00
9.996642267141225835e-01
9.840254988495341637e-01
9.952321595512620966e-01
9.967387268118632626e-01
9.806159268272216512e-01
9.124488353360840076e-01
9.981532349426571749e-01
9.971233312142403493e-01
8.831101795657886333e-01
9.368632320174170580e-01
9.992984794542170146e-01
1.000000000000000000e+00
9.760082894946596754e-01
9.982197877439232814e-01
9.997391928017212992e-01
1.000000000000000000e+00
9.929536664422279335e-01
9.928218647270878883e-01
9.999532550095048267e-01
7.419706582077716384e-01
9.960997574239373042e-01
9.991385410577484638e-01
9.916633845345936837e-01
9.946223038978624365e-01
9.989536598126099731e-01
9.990257659274451862e-01
9.972482463535287112e-01
1.000000000000000000e+00
9.944224723658857679e-01
9.969974196575182024e-01
9.703907203907203849e-01
9.968601574702751211e-01
9.999479735705738559e-01
9.997993981945837438e-01
9.990083112958065836e-01
1.000000000000000000e+00
9.950637468362389937e-01
9.980774160471673762e-01
1.000000000000000000e+00
9.988334908791054456e-01
9.851624548736461762e-01
6.165914362735878118e-01
9.811661215743768816e-01
1.000000000000000000e+00
9.973013348754277141e-01
9.538660534636389521e-01
6.551536533896069603e-01
1.000000000000000000e+00
9.967317669083466392e-01
9.988742436324405949e-01
9.999537072756731204e-01
1.000000000000000000e+00
9.960138523141300881e-01
9.976368711539681522e-01
1.000000000000000000e+00
1.000000000000000000e+00
9.993197389093146921e-01
9.907903225806451442e-01
9.998588567395907400e-01
9.929770076405921575e-01
9.031310238990886141e-01
9.993239674659343263e-01
9.572057290661313278e-01
9.843294460641399679e-01
1.000000000000000000e+00
9.983514172764740291e-01
9.964317855282062153e-01
9.995143882074658537e-01
1.000000000000000000e+00
9.969368482866982628e-01
9.999777421652421561e-01
1.000000000000000000e+00
9.998846309150690725e-01
1.000000000000000000e+00
9.990244893811603966e-01
9.955648814917258393e-01
9.637849705453992444e-01
1.000000000000000000e+00
9.980652248766170853e-01
9.325014790512557994e-01
1.000000000000000000e+00
9.882832729155878182e-01
9.969013318836640325e-01
9.938296932205529233e-01
9.947453801664550843e-01
9.985244208351777839e-01
9.930373936990144479e-01
9.975160231837836289e-01
1.000000000000000000e+00
1.000000000000000000e+00
1.000000000000000000e+00
9.290588621683757431e-01
1.000000000000000000e+00
9.822578147468088439e-01
9.956402252833005395e-01
9.997471355195575171e-01
9.992958760741890156e-01
9.956220429157587315e-01
9.952776938610020663e-01
9.985073708183300756e-01
9.991124398561218589e-01
9.928256423366994543e-01
9.216929460580912670e-01
9.760211727942348370e-01
9.986730631826069571e-01
9.979124262825530556e-01
9.977793416217061173e-01
9.172478628741336237e-01
9.615908086610693850e-01
9.945309618129620777e-01
9.979333565540462470e-01
9.878234157773062574e-01
9.609480364934549490e-01
9.980430528375733301e-01
9.913173000072658114e-01
9.933624780082103145e-01
8.507471008028545389e-01
9.999343767431178032e-01
9.830617896399993505e-01
9.998289558706145996e-01
9.997852746099155086e-01
9.781822990126939343e-01
9.414253108767511868e-01
9.909498933117504293e-01
9.896446460796384237e-01
9.945877321929706971e-01
9.996074760711374241e-01
9.669922089322945391e-01
9.892072943803498219e-01
9.294366523704647998e-01
9.839260312944523301e-01
9.441431670281995592e-01
9.968573877360206170e-01
9.713299418604650626e-01
9.672785505999330624e-01
9.428350355926957693e-01
9.883766786359202694e-01
8.949401716541023344e-01
1.000000000000000000e+00
9.999135277230120078e-01
1.000000000000000000e+00
9.949500746011706864e-01
9.937777951158617284e-01
8.969135262743725967e-01
1.000000000000000000e+00
9.707330309725936690e-01
8.558336752838189287e-01
9.889103105431716889e-01
9.975193578680652262e-01
9.854792083611296771e-01
9.761534909106175384e-01
9.537450296194108779e-01
9.965744259487234746e-01
9.998053073223915899e-01
9.977575243068347310e-01
9.939258097052561247e-01
9.998262581803439852e-01
8.257685051603596005e-01
9.997324343126237078e-01
9.996815793663429428e-01
9.926186992951190335e-01
9.146847974510696755e-01
9.820988288473392336e-01
1.000000000000000000e+00
1.000000000000000000e+00
9.850151393437558411e-01
9.865850673194614950e-01
1.000000000000000000e+00
9.995434436940128231e-01
9.599935436266371358e-01
9.706429255648841847e-01
9.989978525411595811e-01
9.916035411152688273e-01
9.840429573719003953e-01
9.892613670641703383e-01
8.959960126266821590e-01
9.925036218456251280e-01
9.963789319678126866e-01
9.985801995395241493e-01
9.904962643732239114e-01
9.940632306597539936e-01
9.628626945833241857e-01
9.997630291643392342e-01
9.977950478944515034e-01
9.959609324674872921e-01
9.901836102058659828e-01
9.796122994652406435e-01
9.983201230332426901e-01
1.000000000000000000e+00
9.985071517844743560e-01
9.981126799944078920e-01
9.965357427086747322e-01
1.000000000000000000e+00
9.971460456266808547e-01
9.316875931049158899e-01
9.991669299933928494e-01
6.927432401201756296e-01
9.591201440699768099e-01
9.988677154352068044e-01
9.851508989726027732e-01
1.000000000000000000e+00
9.961462543472130449e-01
9.905759162303664489e-01
9.930434485351929963e-01
1.000000000000000000e+00
9.945813333333333173e-01
9.978049753891180540e-01
1.000000000000000000e+00
8.773654751680635133e-01
9.967205495016268069e-01
9.409982635681826135e-01
9.991301941248567076e-01
9.952237749867327565e-01
8.896727709396577977e-01
9.580454096742349046e-01
7.596034301380343301e-01
1.000000000000000000e+00
9.568633588981061422e-01
1.000000000000000000e+00
9.159033895338661857e-01
9.996238657200620104e-01
9.667271511794479633e-01
9.999808124028627399e-01
9.035564454614798402e-01
9.992766726943942412e-01
9.935735824805971284e-01
9.919859440271079354e-01
9.992290385008731901e-01
9.784327821710999684e-01
1.000000000000000000e+00
9.842540890891789962e-01
9.800205702781363826e-01
7.562684208278159792e-01
9.811226826499930276e-01
9.114145658263305139e-01
1.000000000000000000e+00
1.000000000000000000e+00
9.656581182752204118e-01
8.903818208622032992e-01
9.876125066641577854e-01
9.977656405163852771e-01
9.368186971308973821e-01
1.000000000000000000e+00
9.913419913419913021e-01
9.893125521848037396e-01
9.929781160799239226e-01
9.987554948915072783e-01
9.759495089068976892e-01
9.479124442642885562e-01
1.000000000000000000e+00
9.996671936101173550e-01
9.804506154435879139e-01
9.895432030820032754e-01
9.102031703505246707e-01
9.981798782401305470e-01
9.904215728143493935e-01
9.700201859097365986e-01
9.963171378900174124e-01
9.995205404816388528e-01
9.736858386092264173e-01
8.807211628438935680e-01
9.999318150825037277e-01
9.114654083553775932e-01
9.921684395432809334e-01
9.914074421880502141e-01
9.024892703862661403e-01
8.804179566563467008e-01
9.954789272030651892e-01
9.753475053571767361e-01
9.908903467666354548e-01
9.983151102348091221e-01
9.950520729420214705e-01
9.492257694513477340e-01
9.920010088817626803e-01
9.543973941368077973e-01
9.551155454102439046e-01
9.699795918367346559e-01
1.000000000000000000e+00
9.521483225426721209e-01
9.802587923025879446e-01
1.000000000000000000e+00
9.892915980230642115e-01
1.000000000000000000e+00
9.996843610167288618e-01
9.851400730816077811e-01
1.000000000000000000e+00
9.986583184257602497e-01
9.965133171912833321e-01
9.894583476174151349e-01
9.998108955670769182e-01
9.949431099873577988e-01
1.000000000000000000e+00
1.000000000000000000e+00
9.829620157412243264e-01
9.370629370629370847e-01
9.992487479131886285e-01
9.941443037502564195e-01
6.836256321185385509e-01
1.000000000000000000e+00
9.751133607508172263e-01
9.927916852928028169e-01
9.968104421217920397e-01
9.996837007017890242e-01
9.975732805415415960e-01
9.543510921067838160e-01
9.995195464518505934e-01
1.000000000000000000e+00
9.341554614565534820e-01
1.000000000000000000e+00
9.996895802435070699e-01
1.000000000000000000e+00
9.951416425534954646e-01
9.981153021970928796e-01
9.713953949417994949e-01
9.840727011837857585e-01
9.037417568404561008e-01
1.000000000000000000e+00
9.981382648628521759e-01
4.090664350846721642e-01
9.838268142350905521e-01
1.000000000000000000e+00
9.949709432275368748e-01
9.997462572951028026e-01
9.706854167217361384e-01
9.805932036927912376e-01
1.000000000000000000e+00
9.999269286275369595e-01
9.446723221776824886e-01
9.973191910950521821e-01
9.952687905458451612e-01
1.000000000000000000e+00
7.737915135797133193e-01
9.999828831604532509e-01
1.000000000000000000e+00
9.781790560370127174e-01
1.000000000000000000e+00
1.000000000000000000e+00
9.951195941048562865e-01
9.997734327208464000e-01
1.000000000000000000e+00
9.929310119125539513e-01
1.000000000000000000e+00
1.000000000000000000e+00
9.887821191211954019e-01
9.949100163606616753e-01
9.972499806336664330e-01
9.980945376746673814e-01
9.917590157776108306e-01
9.846626992051763505e-01
9.988932025609590371e-01
9.961876431770779750e-01
9.996754013220018331e-01
9.915979491978088589e-01
1.000000000000000000e+00
9.969125379902551431e-01
1.000000000000000000e+00
9.996137646907358176e-01
9.959724021994186272e-01
9.776497293521914100e-01
9.993932934328113582e-01
9.993406412264073113e-01
6.611624281235854994e-01
9.430276087973794574e-01
9.886927954771181914e-01
9.921023911102292425e-01
9.966341740612842948e-01
9.897975047611644595e-01
9.822204217586028019e-01
9.951588720894525286e-01
9.985653483812347853e-01
9.939146486452662410e-01
1.000000000000000000e+00
9.997491691227190502e-01
1.000000000000000000e+00
9.966165120449053116e-01
9.991053662599682639e-01
9.998919302795917785e-01
9.968111640829728781e-01
9.971090588033065805e-01
9.972357139510549251e-01
1.000000000000000000e+00
1.000000000000000000e+00
9.987452754197905236e-01
9.963431477179985896e-01
9.943524442131684848e-01
9.957135535572846363e-01
9.985120042800775808e-01
9.999520797393137705e-01
9.974184221396117378e-01
1.000000000000000000e+00
9.990747206703910477e-01
9.994788458805136111e-01
9.973758097370304387e-01
9.999836280288146861e-01
9.966187795250113224e-01
9.989242953354950938e-01
9.990210320217267626e-01
1.000000000000000000e+00
9.995273953180630055e-01
1.000000000000000000e+00
9.995693620686280090e-01
9.980894153611005182e-01
8.903355752976297444e-01
9.984004472535834562e-01
9.915705778525593095e-01
9.890638846370740644e-01
9.617034950758935885e-01
1.000000000000000000e+00
9.999841937217462950e-01
9.727223991674812664e-01
9.974853310980721366e-01
9.996957858332266023e-01
9.982874540149688780e-01
9.998197607733901870e-01
9.477007772020725751e-01
9.896451464812201504e-01
9.950560676242611313e-01
9.988561079071540671e-01
9.932556713672593407e-01
9.999839669076975301e-01
9.994821904911345145e-01
9.998677183061328577e-01
9.997475265491613250e-01
9.991187624907548193e-01
9.975610139887649552e-01
9.994576670385521000e-01
9.998002895801088030e-01
9.936714914238347074e-01
9.970398277717976709e-01
9.999529153260613423e-01
9.997210902273114819e-01
9.324175130906567910e-01
7.453300498528440121e-01
9.965736200176034121e-01
9.996668358928798570e-01
9.954827780914737856e-01
1.000000000000000000e+00
9.999521462410871919e-01
9.999358130877114004e-01
9.999456423265083993e-01
9.994989251135499853e-01
9.990714517851339016e-01
9.916862745098039555e-01
9.829262884475276074e-01
9.989914352037140288e-01
1.000000000000000000e+00
9.889707216195624540e-01
9.995475748451614351e-01
9.991372684350049438e-01
9.998084138261355003e-01
9.181859869388530049e-01
9.894366757345806063e-01
9.982480964894548947e-01
1.000000000000000000e+00
9.956851566272567622e-01
9.997383931182001193e-01
9.978358011428215546e-01
9.017541462414812026e-01
9.978144648801318128e-01
9.644258481197264254e-01
9.846486812965572488e-01
7.842774493971559346e-01
1.000000000000000000e+00
1.000000000000000000e+00
9.976289583223563184e-01
9.995806672050692177e-01
9.987528022481134693e-01
9.938742542744269937e-01
9.987946715088521499e-01
9.989127694440942395e-01
1.000000000000000000e+00
9.988632293629412517e-01
9.992178646107678919e-01
9.980833140119019786e-01
9.936420385110810161e-01
9.992554907556768784e-01
9.991833401388321434e-01
9.868290953864522486e-01
9.995229961993568057e-01
9.980462445422265683e-01
1.000000000000000000e+00
9.951973562295385323e-01
9.982126899016979804e-01
7.200454729498240170e-01
9.993630573248407645e-01
9.822034030718269637e-01
9.999845488257107506e-01
9.977947546664566181e-01
9.983280180821748617e-01
9.995650147584278500e-01
9.991051592199456932e-01
1.000000000000000000e+00
1.000000000000000000e+00
9.997034956304619024e-01
1.000000000000000000e+00
9.996692392502756208e-01
1.000000000000000000e+00
