9.532165527343750000e-01
9.947814941406250000e-01
9.639282226562500000e-01
9.102172851562500000e-01
9.887390136718750000e-01
9.885253906250000000e-01
9.848632812500000000e-01
9.914398193359375000e-01
9.894104003906250000e-01
9.805603027343750000e-01
9.758911132812500000e-01
9.714660644531250000e-01
9.879455566406250000e-01
9.883880615234375000e-01
9.509124755859375000e-01
9.813385009765625000e-01
9.737854003906250000e-01
9.845581054687500000e-01
9.738159179687500000e-01
9.794616699218750000e-01
9.756469726562500000e-01
9.579162597656250000e-01
9.470062255859375000e-01
9.088745117187500000e-01
9.014129638671875000e-01
9.708404541015625000e-01
9.908599853515625000e-01
9.967193603515625000e-01
8.603210449218750000e-01
9.948883056640625000e-01
8.881072998046875000e-01
9.365844726562500000e-01
9.402313232421875000e-01
9.292449951171875000e-01
9.631042480468750000e-01
9.082489013671875000e-01
8.255004882812500000e-01
9.577178955078125000e-01
9.737854003906250000e-01
9.914398193359375000e-01
9.898529052734375000e-01
9.730224609375000000e-01
8.639526367187500000e-01
9.907379150390625000e-01
9.931030273437500000e-01
9.976806640625000000e-01
9.712982177734375000e-01
9.891052246093750000e-01
9.888610839843750000e-01
9.754333496093750000e-01
8.982543945312500000e-01
9.893951416015625000e-01
9.829711914062500000e-01
9.945831298828125000e-01
9.881439208984375000e-01
9.972991943359375000e-01
9.981842041015625000e-01
9.978179931640625000e-01
9.616241455078125000e-01
9.924468994140625000e-01
9.963989257812500000e-01
9.940643310546875000e-01
9.635925292968750000e-01
9.991302490234375000e-01
9.968109130859375000e-01
9.947662353515625000e-01
9.880371093750000000e-01
9.958343505859375000e-01
9.942474365234375000e-01
9.830474853515625000e-01
9.504089355468750000e-01
9.769592285156250000e-01
9.938201904296875000e-01
9.969329833984375000e-01
9.891662597656250000e-01
9.825744628906250000e-01
9.798278808593750000e-01
9.963836669921875000e-01
9.964904785156250000e-01
9.500122070312500000e-01
9.936981201171875000e-01
9.709777832031250000e-01
9.832153320312500000e-01
9.918670654296875000e-01
9.943847656250000000e-01
9.748229980468750000e-01
9.632720947265625000e-01
9.302062988281250000e-01
9.774322509765625000e-01
9.479064941406250000e-01
9.812011718750000000e-01
9.445648193359375000e-01
9.755096435546875000e-01
9.683074951171875000e-01
9.677734375000000000e-01
9.318084716796875000e-01
9.749603271484375000e-01
9.887084960937500000e-01
9.939422607421875000e-01
9.158630371093750000e-01
9.837799072265625000e-01
9.958648681640625000e-01
9.826507568359375000e-01
9.210052490234375000e-01
9.692840576171875000e-01
7.930755615234375000e-01
8.793945312500000000e-01
9.870300292968750000e-01
9.496765136718750000e-01
9.677734375000000000e-01
9.618072509765625000e-01
7.992858886718750000e-01
9.100646972656250000e-01
9.668579101562500000e-01
9.160156250000000000e-01
9.447021484375000000e-01
9.766845703125000000e-01
9.294586181640625000e-01
9.932250976562500000e-01
9.662322998046875000e-01
8.204498291015625000e-01
9.443359375000000000e-01
9.786224365234375000e-01
9.759979248046875000e-01
9.659271240234375000e-01
9.693756103515625000e-01
9.407196044921875000e-01
9.726562500000000000e-01
9.801177978515625000e-01
9.754180908203125000e-01
9.154205322265625000e-01
9.098205566406250000e-01
8.412628173828125000e-01
9.018249511718750000e-01
9.575347900390625000e-01
9.776153564453125000e-01
9.606628417968750000e-01
9.342651367187500000e-01
9.833374023437500000e-01
9.063873291015625000e-01
9.848175048828125000e-01
9.836425781250000000e-01
9.738159179687500000e-01
9.834289550781250000e-01
9.907531738281250000e-01
9.724731445312500000e-01
9.768066406250000000e-01
9.787597656250000000e-01
9.351959228515625000e-01
8.993530273437500000e-01
8.958282470703125000e-01
9.814147949218750000e-01
9.309387207031250000e-01
9.482269287109375000e-01
9.832916259765625000e-01
9.839935302734375000e-01
9.807281494140625000e-01
8.590240478515625000e-01
9.622192382812500000e-01
9.613800048828125000e-01
9.245605468750000000e-01
9.497833251953125000e-01
9.931488037109375000e-01
9.787445068359375000e-01
9.788208007812500000e-01
9.747314453125000000e-01
9.641571044921875000e-01
9.949493408203125000e-01
9.876403808593750000e-01
9.588317871093750000e-01
8.814544677734375000e-01
9.933624267578125000e-01
9.617004394531250000e-01
9.967498779296875000e-01
9.924163818359375000e-01
7.788543701171875000e-01
9.090270996093750000e-01
9.807586669921875000e-01
9.109191894531250000e-01
9.649810791015625000e-01
9.870300292968750000e-01
9.714508056640625000e-01
9.375915527343750000e-01
9.638519287109375000e-01
8.863220214843750000e-01
9.475402832031250000e-01
9.954833984375000000e-01
9.901428222656250000e-01
9.528656005859375000e-01
9.713439941406250000e-01
9.879760742187500000e-01
9.808349609375000000e-01
9.913635253906250000e-01
9.608001708984375000e-01
9.890899658203125000e-01
9.911041259765625000e-01
