7.209175314036045945e-01
8.846153846153845812e-01
8.374587458745874624e-01
8.376648457760856870e-01
9.025099075297225992e-01
8.614591009579956049e-01
7.199322416713721529e-01
9.362427548585066095e-01
9.248429716265973433e-01
9.354806036665653801e-01
8.086240310077519311e-01
7.206453540484015763e-01
8.297413793103448620e-01
8.685891901226040490e-01
7.886750312027852594e-01
8.342144503185576765e-01
8.116228070175438569e-01
8.479567307692307265e-01
8.126637554585153245e-01
6.965734896302975265e-01
6.101612115290668825e-01
5.256277949776402281e-01
8.690372940156114723e-01
7.174221633386959063e-01
8.172639081370025593e-01
8.638015822108189301e-01
9.358053799164076647e-01
8.367501898253606463e-01
3.076690364543941958e-01
9.785077308013088171e-01
7.297586143357287503e-01
8.273082356851990671e-01
6.769484536082474024e-01
7.480575930453681188e-01
8.816909678050689481e-01
8.472423341716840417e-01
6.925310533957089731e-01
6.840725116862387267e-01
4.535623409669211070e-01
7.387051700046576297e-01
8.543263964950711387e-01
8.752293577981651307e-01
1.449942462600690429e-01
9.222293401665598855e-01
8.811777076761303507e-01
9.544364508393284874e-01
8.226308345120226795e-01
9.636308068459658038e-01
9.249897246198108824e-01
8.906398587148485202e-01
6.413896956007314465e-01
9.724457836101970676e-01
7.483085250338294969e-01
9.487956151738063948e-01
9.383968920954570692e-01
9.762256548018805047e-01
9.463722397476340698e-01
9.524442966411705846e-01
4.225028702640643008e-01
9.709319396323917717e-01
9.329545454545454808e-01
9.012940877949758844e-01
3.647497337593184064e-01
9.500438212094654000e-01
9.431292517006802933e-01
9.414575866188769071e-01
9.144851657940663570e-01
9.653597259231062599e-01
9.076206812055869211e-01
9.021231609549819064e-01
9.079685110720960850e-01
9.024547803617570807e-01
9.448304045770331561e-01
9.520629620796565717e-01
8.732595501606569277e-01
7.497808939526731109e-01
9.519167818433112993e-01
9.705040448039825574e-01
9.415353329944077254e-01
9.603572206490960106e-01
9.682332128297823637e-01
8.638705983395361665e-01
8.340374170187084824e-01
9.425460817074485798e-01
9.210977701543738849e-01
8.456501403180542997e-01
9.047449443982745754e-01
7.853791291291291055e-01
8.752425137072965544e-01
9.053821850230031609e-01
7.019835510401548628e-01
8.972248154120342489e-01
8.670807453416149446e-01
6.132936138521690728e-01
7.981265532402982421e-01
8.898474279657884178e-01
8.619964679169119792e-01
9.212095400340715168e-01
8.370947886745999655e-01
5.688819390148553978e-01
8.999905917772133002e-01
9.388399909726924397e-01
9.148760949314965751e-01
7.035785857429144308e-01
8.428694091015533907e-01
6.030965551555594883e-01
4.516442347717496975e-01
9.248718401979848514e-01
7.122666201361018690e-01
8.303614457831325346e-01
9.120736291144131425e-01
3.359919232710751880e-01
8.357302118171683336e-01
7.707409753008233055e-01
7.218797372410308277e-01
7.784570240860740897e-01
8.139761383004626705e-01
8.008100305915808459e-01
8.867924528301887044e-01
8.446254300358070344e-01
4.129708156647542983e-01
7.396517270910647479e-01
8.865495181796096968e-01
8.725386921643303317e-01
8.148885020310039362e-01
6.941015089163237173e-01
5.442815249266862443e-01
7.504873294346978696e-01
9.136685880871927568e-01
8.173676453916789431e-01
7.808657837517295475e-01
6.625941995889472746e-01
6.325975631290835510e-01
8.331691126899340993e-01
9.107641004264597218e-01
9.208695183127461048e-01
8.923860410753047256e-01
8.336936380481778652e-01
6.903006239364719576e-01
5.309991590856968369e-01
9.170487703209670993e-01
9.173732079543702733e-01
7.983548766157462229e-01
7.246450304259635100e-01
8.760229132569558042e-01
8.964765293239985722e-01
8.273512039981826272e-01
9.305250549011778727e-01
8.164253295872054839e-01
3.898242368177613493e-01
7.974484497848983722e-01
7.581413820492454159e-01
8.789968987274088263e-01
8.939853147945633349e-01
9.527263307861676411e-01
9.610341369191337524e-01
7.728825750764251046e-01
7.133149222701461456e-01
6.331851851851851842e-01
7.499753037637063580e-01
5.987664340204512659e-01
8.757972600671773966e-01
9.525921233238305863e-01
8.501022274830517533e-01
9.509540636042402850e-01
9.338869370808048354e-01
9.174776040751800865e-01
9.461525947616723498e-01
7.373540856031128854e-01
8.711310661062284799e-01
7.188099460711571131e-01
9.735353166636246947e-01
8.913231728437824852e-01
9.166992569417286019e-01
9.420272949959174191e-01
5.646309591757037172e-01
6.591194968553458766e-01
7.209559637087851192e-01
4.522424469881778930e-01
8.639354953459418285e-01
9.405760626398210755e-01
9.177039806465802085e-01
8.149153769571907402e-01
7.516511164692315505e-01
8.387585490433728808e-01
8.865046877063250674e-01
9.482155353393981745e-01
9.515015015015014788e-01
6.905119727482216252e-01
8.551596483109671354e-01
9.213101657679249046e-01
9.312910284463894461e-01
9.711136062059814167e-01
9.081483070542386571e-01
9.660574412532637600e-01
9.228529839883551356e-01
