9.984871406959152651e-01
9.350927246790299296e-01
9.773712084737602446e-01
7.247338521029264014e-01
9.991225504533489676e-01
8.317324795446460195e-01
9.830377794911333567e-01
9.842293906810035686e-01
9.216490394992445934e-01
8.794515330413255061e-01
6.973052015876332055e-01
5.954085411009627515e-01
9.620189905047475953e-01
9.519303557910673286e-01
6.598878751236670892e-01
7.170822652062456282e-01
9.668234064785788950e-01
7.366222918298094280e-01
9.925333333333333785e-01
6.197352587244283617e-01
7.287047841306883988e-01
4.416184971098265910e-01
9.018548955153792290e-01
6.934687156970362754e-01
7.103244837758112551e-01
9.918166939443535668e-01
9.013212221304707228e-01
9.565972222222222099e-01
9.558270676691729140e-01
9.795761078998073135e-01
9.838036565977742454e-01
9.960976585951570872e-01
5.116569006358309135e-01
6.015379238028660813e-01
9.917446340121078840e-01
9.593257392705096809e-01
8.574567243675099704e-01
5.198405822214521299e-01
1.000000000000000000e+00
8.619565217391303991e-01
9.321223709369025334e-01
9.015702239022971298e-01
9.053892215568862811e-01
9.548951976651631757e-01
9.643268124280782727e-01
9.453681710213777123e-01
7.793460782562087186e-01
9.756575554409488982e-01
9.844706911636045277e-01
8.532014575741800888e-01
4.874121301291483022e-01
9.521739130434783149e-01
6.315188427864484311e-01
1.000000000000000000e+00
9.964640511870684891e-01
9.910008181074447808e-01
1.000000000000000000e+00
9.965205288796102900e-01
1.000000000000000000e+00
9.582705459603569897e-01
1.000000000000000000e+00
8.534358481499279003e-01
1.000000000000000000e+00
9.508771929824560987e-01
9.485495347564313340e-01
9.996375498368974544e-01
8.632619439868204347e-01
9.709035222052067038e-01
8.319856244384545851e-01
1.000000000000000000e+00
8.607785234899328897e-01
8.294739342120888148e-01
9.005453129057388040e-01
9.900793650793651146e-01
1.000000000000000000e+00
9.542665923034021613e-01
9.517783111499018567e-01
9.728043912175649011e-01
9.100737100737100738e-01
9.662502739425816722e-01
9.616501145912910165e-01
1.000000000000000000e+00
7.153209109730849224e-01
9.014432989690721598e-01
9.990697674418604901e-01
7.424441524310118057e-01
8.859866687335297142e-01
9.459703854413925583e-01
8.527284681130834487e-01
9.268043576940535599e-01
9.843962008141112774e-01
8.617541571568307912e-01
9.812558575445173847e-01
9.903788334335538179e-01
7.291302829200139168e-01
9.998892150889049368e-01
8.403016888014428476e-01
9.549668874172185795e-01
8.877284595300261039e-01
9.961664841182913399e-01
8.475987949672160182e-01
9.489051094890510463e-01
9.626595241846541695e-01
1.000000000000000000e+00
9.660046519949901933e-01
9.921995377503851632e-01
9.678858162355039596e-01
9.466256558711778624e-01
1.000000000000000000e+00
7.188151856487275948e-01
9.788870456944653853e-01
2.099684542586750802e-01
7.673763947179854661e-01
9.964519650655021543e-01
1.000000000000000000e+00
9.651356677277550533e-01
9.483687943262411046e-01
9.669129122880033567e-01
9.324396782841822828e-01
7.494393222028408186e-01
9.997584541062801700e-01
5.893994540491356293e-01
8.173809168284306148e-01
9.145574995753354974e-01
6.944051992088160485e-01
5.315126050420168058e-01
1.000000000000000000e+00
6.094527363184079061e-01
9.115547329455314651e-01
7.448347107438016979e-01
9.013416081044081096e-01
1.000000000000000000e+00
1.000000000000000000e+00
9.986325211337643282e-01
9.895484949832775712e-01
9.846579766985811277e-01
8.904531822725758605e-01
9.633330359532518150e-01
1.000000000000000000e+00
6.385364956793527780e-01
9.762158324458644065e-01
9.627891926872674810e-01
7.224585282858357882e-01
7.707659115426105378e-01
9.696557971014492239e-01
9.965552436846134565e-01
7.233366434955312840e-01
9.259958279527168434e-01
7.774759199802420140e-01
2.421004251407560537e-01
9.888161283202119289e-01
6.104892868564119057e-01
9.952775927831930547e-01
8.134880018196292140e-01
9.178936860494135708e-01
9.557443664573328501e-01
9.939870490286771831e-01
6.630898811584169383e-01
4.632560156080641756e-01
5.999683894420736463e-01
1.000000000000000000e+00
9.103248077828338669e-01
9.255231842429215705e-01
7.938102893890675027e-01
9.591560339297170446e-01
9.568062827225131128e-01
9.967178078009312214e-01
8.980852378011118242e-01
5.839753466872110721e-01
8.184347513911326422e-01
9.353805576488319895e-01
9.940365262765561427e-01
8.111111111111111160e-01
9.001536098310292111e-01
9.678811121764141490e-01
3.936170212765957577e-01
5.095473833097595717e-01
5.636678200692041285e-01
1.000000000000000000e+00
9.994513031550068538e-01
9.997027790161985283e-01
9.526940639269406708e-01
7.611801504776396499e-01
6.432801004844787007e-01
9.892280988360220295e-01
9.962160557946282413e-01
9.538894755367828271e-01
9.917057902973396288e-01
9.412728762633160162e-01
9.848996269319595376e-01
1.000000000000000000e+00
9.868985507246377242e-01
9.463841639311648679e-01
8.394474188644325263e-01
9.527153558052434690e-01
8.605626850937808658e-01
