6.129187369770796590e-01
7.111716621253405535e-01
8.014156508061345274e-01
8.448128678617963239e-01
6.267644362969752025e-01
4.306964164976335163e-01
3.269473153516511132e-01
8.189655172413793371e-01
8.634294385432473851e-01
8.476607074933434349e-01
7.112918360963402797e-01
5.785552316164560560e-01
6.045650832819247089e-01
6.070772058823529216e-01
6.394976399190829275e-01
6.758969000348310496e-01
5.703072812291248850e-01
8.197569175071114378e-01
7.149777174966092108e-01
5.736309249884952166e-01
3.910965043322378043e-01
3.297791317593297689e-01
8.854082009604729020e-01
6.086529811073853047e-01
7.697545070962792391e-01
8.160904076415982367e-01
9.058252427184465549e-01
6.928657799274485773e-01
1.204965357967667378e-01
9.379302016664654573e-01
6.658758134490239122e-01
8.304159445407278684e-01
6.129823065444468533e-01
7.339754234473596650e-01
7.216044479745830076e-01
7.520668311474699719e-01
5.642494466866293523e-01
5.022444751381215378e-01
2.451014094190443471e-01
4.687689508793208004e-01
7.500980776775205694e-01
5.847476305929028007e-01
7.467407975460123304e-02
7.093115797851173854e-01
7.030744336569578756e-01
8.973799126637554968e-01
8.061457418788411378e-01
8.924205378973104619e-01
8.808650318594323236e-01
8.006009615384614975e-01
2.695220258936568691e-01
9.506286415210057905e-01
7.091172214182344113e-01
8.415664192475045269e-01
8.498855180309101698e-01
9.215883387785875902e-01
8.021390374331550666e-01
8.501184834123223233e-01
2.271044186620587435e-01
9.457008380208931086e-01
7.665732959850607431e-01
8.351206434316353899e-01
2.730171383021123832e-01
8.112391930835735065e-01
8.775308641975309021e-01
7.982633863965267196e-01
8.454651615414557897e-01
8.903196137042997949e-01
8.727114210985178477e-01
8.119251506501744542e-01
8.575743125099348774e-01
9.525084390641368470e-01
9.114178168130488977e-01
8.738621586475943115e-01
8.293609671848013454e-01
5.714285714285713969e-01
9.334160463192721080e-01
8.865296803652967794e-01
9.122641509433961904e-01
8.991985131838773349e-01
9.267625899280576007e-01
8.668712552973841801e-01
7.781790043848336724e-01
8.930314268983017278e-01
8.051704758336455381e-01
8.626097867001254471e-01
7.341552815728090708e-01
7.216319592010199679e-01
7.812288993923024449e-01
8.195454773491195333e-01
7.235977766548762347e-01
8.621570530833291279e-01
6.831860673581764409e-01
4.003877847794474198e-01
7.513422818791946067e-01
7.953030503686046027e-01
7.581806696146556890e-01
5.884938074310827050e-01
5.532945736434108364e-01
3.502677288755386975e-01
8.199620049685810708e-01
8.345323741007194540e-01
8.283676038606798686e-01
5.150319113201209387e-01
7.871032075785274751e-01
4.760915720483707148e-01
1.707973590655154916e-01
6.156683057666517689e-01
6.079833184390824874e-01
7.561943874058864035e-01
8.763323312380432162e-01
4.933433339583723765e-01
8.178453580665299150e-01
8.081730769230769384e-01
6.695537563547354631e-01
6.734260537212017894e-01
6.445783132530120696e-01
7.708451964532661016e-01
7.696817420435511092e-01
8.698383156915202585e-01
2.714754098360655510e-01
8.796542553191489811e-01
6.337174940898344655e-01
7.818657847595424926e-01
8.537041989836854361e-01
7.588296760710553368e-01
3.696622052262587554e-01
3.562412342215988681e-01
8.513384321223709250e-01
8.167648735981752894e-01
7.552991050400377215e-01
5.324341682723185976e-01
4.212605832549388696e-01
7.955955955955955616e-01
8.940074669366575577e-01
8.061452513966480549e-01
7.864111498257839727e-01
7.069010247762356203e-01
7.977443609022556448e-01
3.936149117588736979e-01
8.561354019746121313e-01
8.557943653790298644e-01
3.520271910657926662e-01
5.849697885196374347e-01
7.185161080377481246e-01
8.044462741869081723e-01
7.307692307692307265e-01
9.018450875714152382e-01
5.628186153593158769e-01
3.789497874296219870e-01
7.996213509221937743e-01
7.323313079629036881e-01
6.773499855258260371e-01
7.639151205421619295e-01
8.936290779567716003e-01
9.266139938785679098e-01
7.486430062630480275e-01
7.105631829644157849e-01
5.614567526555387378e-01
5.510429835651075026e-01
4.086629001883239076e-01
6.760352658295485373e-01
8.192587578270434934e-01
5.978325123152709031e-01
8.838403536141445915e-01
9.271655111961112361e-01
5.398314188910007250e-01
9.458246034121520207e-01
7.875253549695739874e-01
7.468354430379746667e-01
6.130498636268270074e-01
8.785363189513927251e-01
9.258039215686274526e-01
3.186057928325969346e-01
8.574097135740971209e-01
4.548040322917973888e-01
5.671746365387984046e-01
6.968858131487889462e-01
1.799985062364627686e-01
8.194444444444444198e-01
8.543676993397664177e-01
7.465805734916336478e-01
4.739080537365827350e-01
7.050895830030124989e-01
8.044182229516922966e-01
7.906345836282141493e-01
8.774152676591701061e-01
8.190974493132766598e-01
7.501115573404729675e-01
7.112864232090596595e-01
7.943860857585672841e-01
8.486848586346172896e-01
9.412053878674663254e-01
8.365736173176252510e-01
9.231323781202126488e-01
8.726099426386233482e-01
