2.731363725298375789e-01
9.099405267629566696e-01
8.746969696969697505e-01
5.361535594483787248e-01
5.050354345393509581e-01
7.736936936936936737e-01
6.999006592612661004e-01
6.691685912240185052e-01
5.992125984251968074e-01
8.207171314741036339e-01
8.065351019087674267e-01
8.234941978264873619e-01
6.125216681961863641e-01
6.773788995140304081e-01
4.287313432835820892e-01
2.752136752136752351e-01
8.272166764533176453e-01
8.528027385537013672e-01
8.611869521482972134e-01
3.622214361513972358e-01
8.137811415957111327e-01
5.083968704838790487e-01
1.507125571390158514e-01
5.751804959715391963e-01
7.805949291275703361e-01
6.794551014734501182e-01
7.954637232467357544e-01
4.767544412246440544e-01
7.856052899287894187e-01
7.360928602715725022e-01
7.597472438827641561e-01
6.729042725797728108e-01
6.577563540753724736e-01
7.270045385779122515e-01
7.069438995684582672e-01
7.843411394617266774e-01
3.944123314065510755e-01
8.476134005336495303e-01
6.248892825509300142e-01
6.532175105726368836e-01
8.299691617605831073e-01
5.014330069262001865e-01
4.771604938271604701e-01
3.991406603346902005e-01
8.616236162361623485e-01
8.475142464138337717e-01
8.535890126975900216e-01
6.492442598361601869e-01
4.761044069959066705e-01
8.728339699939101637e-01
9.190414507772021180e-01
8.147025388404698365e-01
7.555628272251309063e-01
7.521609940572663300e-01
7.682539682539683001e-01
8.425426575899567228e-01
5.945034147947009240e-01
2.739285303918189141e-01
7.504919323101141293e-01
6.386312759833706609e-01
7.948153873595338315e-01
7.841319193825995182e-01
8.422962962962963207e-01
9.126220362622036175e-01
7.100923482849603730e-01
4.606955418420901061e-01
5.647084326902233054e-01
6.846323067253299310e-01
2.915744546316788033e-01
7.986159608913719898e-01
6.072007784625365057e-01
7.327586206896551380e-01
8.388162836112362797e-01
8.886834494856112876e-01
8.835688121402407447e-01
7.631215469613259472e-01
4.805483512412004332e-01
9.083552055993000529e-01
7.797169052597715533e-01
8.826254826254825714e-01
8.428553876397592015e-01
8.619346844853527090e-01
7.915448343079921623e-01
8.797757654161276752e-01
8.141011108592155487e-01
6.754760979401477350e-01
8.875067604110329356e-01
6.471946022727272929e-01
2.681052803661925776e-01
9.464078570876188756e-01
6.816572237960339953e-01
8.673523206751054815e-01
8.409573714771279018e-01
9.514285714285714013e-01
8.515815085158150444e-01
9.056364787840405217e-01
4.254117647058823781e-01
9.492027334851935727e-01
8.583376894929429790e-01
7.811735941320293586e-01
3.205428170332241256e-01
8.074074074074074625e-01
9.368146214099216662e-01
8.547087980173482258e-01
8.934231378763867193e-01
9.124531835205992314e-01
8.854073410922113085e-01
8.107680126682501598e-01
8.051920303402596568e-01
8.658938515740425279e-01
8.957746478873239715e-01
8.879502000889284430e-01
8.107244318181817677e-01
5.250755287009063466e-01
9.264115034891097222e-01
8.853190539937527692e-01
8.607540702656384379e-01
8.942611190817790767e-01
9.360220513564485589e-01
1.606495468277945593e-01
9.615910503418272359e-01
6.871318688933545360e-01
7.960882230545152094e-01
9.146770664891087366e-01
6.752087768134926726e-01
7.722023098367184479e-01
6.639570715120604039e-01
4.675756568007981562e-01
8.854145342886386993e-01
8.854304635761589548e-01
8.973793779084007216e-01
8.965968586387434991e-01
8.408290965975753206e-01
7.820246281784742903e-01
7.323686214775323444e-01
4.219372725697452808e-01
3.601010101010100883e-01
4.876728803367408327e-01
6.520650813516896127e-01
6.454224892255452373e-01
1.122897408698287636e-01
7.940264403460094433e-01
5.772656855151045985e-01
8.630870811012831822e-01
8.460723598435462289e-01
9.103835496572845187e-01
9.089510919717009862e-01
7.289464090411957864e-01
6.226327944572748185e-01
5.735675208753239218e-01
4.038607115821347682e-01
7.974141940284624752e-01
6.575247752938464529e-01
7.248563218390804419e-01
8.415564598168870925e-01
8.571428571428570953e-01
7.836691410392364610e-01
4.390333211277920311e-01
2.988443966675624619e-01
7.333177788147456910e-01
6.798999165971643110e-01
7.352157698454981904e-01
8.399437412095639433e-01
8.881711748082358193e-01
7.523680649526387487e-01
6.900910010111223070e-01
8.199517574086836458e-01
5.574468085106383253e-01
8.798513173718158775e-01
9.477902272019919083e-01
4.716569767441860517e-01
9.240901987050681443e-01
7.909788227447056563e-01
5.909814768250775119e-01
8.680624792289797220e-01
6.219316969050160404e-01
8.110526904575455776e-01
8.203125000000000000e-01
7.905940967766286187e-01
5.393477202661042247e-01
7.634285714285714564e-01
8.476587853500231473e-01
8.891470749043193234e-01
9.073657124477323421e-01
7.413553028544905832e-01
8.113471865514826353e-01
7.607955319438768349e-01
8.417594451542251832e-01
7.729151689432063321e-01
9.233274126702191165e-01
8.602790578597030446e-01
9.322643074371025351e-01
9.466019417475728392e-01
7.718601640051790946e-01
8.547295551996694218e-01
6.764503779326592747e-01
