4.290763792838481749e-01
9.528469750889679846e-01
9.331609148953365906e-01
6.980468276113065418e-01
6.711276332094175956e-01
8.724095895977245219e-01
8.234606598310577619e-01
8.017986855759252629e-01
7.493845396356474398e-01
9.015317286652079209e-01
8.929083094555874123e-01
9.032046263794539787e-01
7.597065890982673819e-01
8.076635514018691842e-01
6.001566988769914124e-01
4.316353887399463907e-01
9.054390616212741882e-01
9.205542725173210261e-01
9.254169240271772345e-01
5.318099195014281966e-01
8.973311310093019522e-01
6.740890019491889706e-01
2.619464890758266273e-01
7.303042380762587715e-01
8.767799080614419038e-01
8.091375600066214036e-01
8.860816433631967248e-01
6.456786963569661753e-01
8.799316336704172681e-01
8.479878894916109688e-01
8.634731453892581232e-01
8.044743307901203178e-01
7.935500925191646404e-01
8.419254522359949089e-01
8.283153298092392758e-01
8.791380999020568243e-01
5.657040210031780703e-01
9.175224646983312082e-01
7.691469065140364991e-01
7.902378318584071248e-01
9.070854078896973816e-01
6.679392348683687031e-01
6.460509820309234819e-01
5.705511556489413216e-01
9.256689791873141671e-01
9.174643692831312425e-01
9.210121627289249435e-01
7.873233524555757201e-01
6.450822919292685809e-01
9.320996777912442521e-01
9.578130273371583403e-01
8.978910002088118514e-01
8.607642124883504442e-01
8.585523780158791363e-01
8.689407540394973317e-01
9.145434480111318543e-01
7.456909897822272537e-01
4.300532154775863480e-01
8.574640287769784708e-01
7.794691647150663316e-01
8.856792659091662356e-01
8.790066596128710552e-01
9.143982952032487788e-01
9.543150909687534433e-01
8.304725168756027509e-01
6.307892762664349950e-01
7.218065946245497688e-01
8.127973136834250045e-01
4.515023560369622602e-01
8.880338863395693672e-01
7.556004036326942064e-01
8.457711442786070011e-01
9.123437627644800374e-01
9.410612982579447117e-01
9.381858591471037290e-01
8.656482569526048332e-01
6.491491491491491184e-01
9.519770773638968064e-01
8.762257670929549658e-01
9.376538146021329290e-01
9.147276485099006260e-01
9.258484646829546749e-01
8.836450187011221091e-01
9.360433106992108732e-01
8.975256185953511823e-01
8.063094409649733674e-01
9.404011461318051435e-01
7.858143796485932420e-01
4.228438829444372549e-01
9.724661289681750809e-01
8.106969888397557167e-01
9.289648354752153558e-01
9.136087391337794905e-01
9.751098096632503376e-01
9.198423127463862814e-01
9.504818876703223784e-01
5.968966655661934739e-01
9.739394647656889337e-01
9.237693389592124271e-01
8.771448181194234639e-01
4.854712969525159516e-01
8.934426229508196649e-01
9.673766513885144747e-01
9.216636044763654168e-01
9.437120736555765221e-01
9.542227662178702774e-01
9.392212725546058572e-01
8.954962833406209244e-01
8.920846279035360427e-01
9.281276647581921946e-01
9.450222882615155751e-01
9.406500235515780073e-01
8.954696999411649871e-01
6.885895404120443430e-01
9.618002195389682152e-01
9.391715976331360682e-01
9.251669352981809480e-01
9.441793531773081671e-01
9.669539153240914731e-01
2.768269668770742542e-01
9.804194917939293985e-01
8.145562081570624224e-01
8.864689527340129382e-01
9.554374285856227500e-01
8.061189580176921776e-01
8.714606741573033277e-01
7.980459146205178822e-01
6.372082483571266387e-01
9.392253196167313911e-01
9.392342817000350896e-01
9.459145475668000458e-01
9.454796411318150406e-01
9.135330359039728343e-01
8.776810553710849838e-01
8.455112986898795091e-01
5.934681940043869952e-01
5.295209803193464682e-01
6.556184316895715680e-01
7.893939393939394256e-01
7.845067068814984834e-01
2.019073569482288943e-01
8.851892285298398333e-01
7.319828115408225644e-01
9.265128719491808607e-01
9.166188479364378860e-01
9.530898125882667493e-01
9.523042217209152227e-01
8.432261465471797557e-01
7.674352405351551054e-01
7.290027447392497528e-01
5.753572391480182846e-01
8.872904160629269121e-01
7.933815350389321619e-01
8.404831320283214779e-01
9.139621599226626092e-01
9.230769230769231282e-01
8.787158145065397941e-01
6.101781170483460137e-01
4.601696668735774653e-01
8.461434917216313911e-01
8.094528845199085998e-01
8.474055879643843658e-01
9.130102430820975501e-01
9.407740004276244905e-01
8.586872586872587032e-01
8.166317678731678242e-01
9.010697718451197158e-01
7.158469945355191433e-01
9.360860715324221815e-01
9.731953820956337209e-01
6.409876543209876987e-01
9.605476908795543833e-01
8.832922117219869085e-01
7.429143399009587867e-01
9.293719978651485691e-01
7.669024510610297218e-01
8.956698993143492604e-01
9.012875536480686733e-01
8.830522765598650681e-01
7.007483925371561506e-01
8.658457550226831279e-01
9.175490540472724943e-01
9.413211779176615668e-01
9.514333895446880351e-01
8.514693143199839609e-01
8.958494457334365002e-01
8.641497756459848301e-01
9.140818551184223262e-01
8.719144406710933604e-01
9.601354471294443194e-01
9.248924823671081930e-01
9.649449134353984547e-01
9.725685785536160033e-01
8.712427534466800072e-01
9.216756726644754760e-01
8.070031619627591191e-01
