9.204120005990316100e-01
9.958098227104270617e-01
9.929407800522280780e-01
9.890850511227273767e-01
9.870135988191325316e-01
9.910466144517433573e-01
9.439321986897293293e-01
9.973388869605460672e-01
9.409478247869637046e-01
9.945986567094077246e-01
9.923758568801204216e-01
9.228566013099425147e-01
9.376146171576626998e-01
9.696915057535324678e-01
9.762219081491605444e-01
9.833882748367913651e-01
9.804818593157798023e-01
9.977109118464259074e-01
9.896602409231445296e-01
8.178542564655172376e-01
9.874389043655228404e-01
8.244306643458079176e-01
6.951892300516301360e-01
9.328434068223100395e-01
9.849155465876916482e-01
9.999485817122290010e-01
9.694685694609175286e-01
9.995169665499336054e-01
9.118657332927518899e-01
9.854215153866046073e-01
9.949480245919887222e-01
9.550721932845823714e-01
9.832449081614552666e-01
9.354671434957532172e-01
9.892572756828069691e-01
9.903147278734133474e-01
8.983647143136360702e-01
9.766142675877625967e-01
9.986913441764815325e-01
9.520193129809384480e-01
9.990420472818091202e-01
9.332266701495461891e-01
9.598202986585674390e-01
1.000000000000000000e+00
9.902366659766783652e-01
9.958975879794385033e-01
9.886403195368181906e-01
9.520533038688832050e-01
8.258218451749734790e-01
9.600590519333440653e-01
9.787433572991559583e-01
9.668173105667610123e-01
9.388029589778076334e-01
9.337530141550242080e-01
9.993314572676813556e-01
9.775730588256503761e-01
9.998876172994437539e-01
1.000000000000000000e+00
9.192222543074405339e-01
1.000000000000000000e+00
9.938391236051327127e-01
9.911366006256516759e-01
9.723628889096515016e-01
9.845195284706063088e-01
9.862719727332975861e-01
9.998962698643210079e-01
1.000000000000000000e+00
9.993750950024489210e-01
8.550778534124533481e-01
9.430763402159499931e-01
9.642683124898489000e-01
9.929210715065331927e-01
9.928167945367170066e-01
9.967256498239476237e-01
9.935122430252587566e-01
9.986448784376245058e-01
9.781752517940814906e-01
9.936920343596681304e-01
9.509500188033881418e-01
9.900269011219736681e-01
9.921351033672128894e-01
9.765042670411580028e-01
9.967486742588890225e-01
9.972084596613177698e-01
9.896061003448443083e-01
9.869118154174112423e-01
9.974158992670550949e-01
9.994160730075576371e-01
1.000000000000000000e+00
9.990314494074749030e-01
9.968684925845268108e-01
9.919192892830176467e-01
9.811735490041445518e-01
9.970421374193860764e-01
9.971621747356015364e-01
9.977846768280316248e-01
9.813513680822086860e-01
9.973114973027112917e-01
9.957586001815507126e-01
9.941218186116145272e-01
9.776102141832816450e-01
9.983837699719853020e-01
9.986187194901818831e-01
9.925291109801360756e-01
9.968358602504944210e-01
9.942549255087799187e-01
9.998736376559784755e-01
9.802204713983050377e-01
9.979535716569674086e-01
9.933817736146370869e-01
9.991245845829618277e-01
9.963318639798488530e-01
9.941353621810112839e-01
9.762013083789592427e-01
9.915422789503157697e-01
9.922961903523599414e-01
9.952914127336577321e-01
9.692263680575421425e-01
9.941007950365310375e-01
8.247539742619227621e-01
9.954979134560441034e-01
9.212755985001441772e-01
9.971594174342807149e-01
9.998001235599811576e-01
9.406057612587980232e-01
9.756273968916100436e-01
9.749958256804140966e-01
9.760700571321532237e-01
9.758560699282895490e-01
9.999159677988604944e-01
9.964489557659877983e-01
9.917938239462149586e-01
9.935790237591897167e-01
9.972244650787243092e-01
9.956681992628338973e-01
1.000000000000000000e+00
9.804544683214291290e-01
9.885012999876191531e-01
9.825988273122754357e-01
9.867196290361076594e-01
9.109132780018855957e-01
9.793445649665358799e-01
9.968956406869220466e-01
9.606849554429495175e-01
9.990996398559424119e-01
9.883093353675980186e-01
9.997913255642235653e-01
9.884936377553540376e-01
9.954623078799706981e-01
9.768316675847957820e-01
1.000000000000000000e+00
9.706940236361381036e-01
9.992162625520450980e-01
9.943605367213327328e-01
9.983631796450854745e-01
9.918104424950635600e-01
9.946703043954127077e-01
9.840650559368242511e-01
9.957954765126618701e-01
9.984647169203358930e-01
9.806241301003589816e-01
9.932073634834941434e-01
9.831723488035539749e-01
9.981875700257035744e-01
9.974907635467979983e-01
9.995124942993285355e-01
9.914328786263191251e-01
8.638201019664967228e-01
9.809000295719032536e-01
9.969344888922530012e-01
9.774262851449387890e-01
9.949970666840493028e-01
9.973115698511761940e-01
9.885843906757155741e-01
9.981004373782843553e-01
9.788042961695656574e-01
9.716890430244137233e-01
9.751220092846090148e-01
9.579196130876048709e-01
9.907460852402852902e-01
9.907943231659522842e-01
9.568642813615391152e-01
9.778324176879634733e-01
9.957253369487200079e-01
9.623305041761065493e-01
9.899474747474747982e-01
9.714223713422471818e-01
9.857853355875448864e-01
9.560190472843562715e-01
9.985400933619307251e-01
9.901799353264427728e-01
9.968827475572408225e-01
9.988940212087698001e-01
9.557138048927388274e-01
9.589857540391244495e-01
8.940137778129702006e-01
