8.927459716796875000e-01
9.769439697265625000e-01
9.627075195312500000e-01
9.514923095703125000e-01
9.781646728515625000e-01
9.836425781250000000e-01
9.492797851562500000e-01
9.708099365234375000e-01
9.662017822265625000e-01
9.917297363281250000e-01
9.839172363281250000e-01
9.243316650390625000e-01
9.462280273437500000e-01
9.506530761718750000e-01
9.730834960937500000e-01
9.265441894531250000e-01
9.812622070312500000e-01
9.920501708984375000e-01
9.791259765625000000e-01
9.716339111328125000e-01
9.770965576171875000e-01
8.418579101562500000e-01
8.984985351562500000e-01
9.720611572265625000e-01
9.883575439453125000e-01
9.707946777343750000e-01
9.635925292968750000e-01
8.545227050781250000e-01
9.455718994140625000e-01
9.461822509765625000e-01
9.616699218750000000e-01
9.417572021484375000e-01
9.787902832031250000e-01
9.493103027343750000e-01
9.755096435546875000e-01
9.570922851562500000e-01
9.674682617187500000e-01
9.400634765625000000e-01
9.774475097656250000e-01
9.353027343750000000e-01
9.721679687500000000e-01
8.813934326171875000e-01
8.974151611328125000e-01
9.358062744140625000e-01
9.746856689453125000e-01
9.690246582031250000e-01
9.407806396484375000e-01
9.736633300781250000e-01
7.897796630859375000e-01
9.522399902343750000e-01
9.425354003906250000e-01
9.427642822265625000e-01
9.525909423828125000e-01
9.522247314453125000e-01
9.483032226562500000e-01
9.730224609375000000e-01
8.934478759765625000e-01
9.286804199218750000e-01
9.602050781250000000e-01
9.860076904296875000e-01
9.250183105468750000e-01
9.378814697265625000e-01
9.677886962890625000e-01
9.568176269531250000e-01
9.891967773437500000e-01
9.200134277343750000e-01
9.770050048828125000e-01
9.646453857421875000e-01
9.298400878906250000e-01
9.110107421875000000e-01
9.462432861328125000e-01
9.942321777343750000e-01
9.768066406250000000e-01
9.433898925781250000e-01
9.883422851562500000e-01
9.887390136718750000e-01
9.055633544921875000e-01
9.921569824218750000e-01
9.892578125000000000e-01
9.966583251953125000e-01
9.784545898437500000e-01
9.511871337890625000e-01
9.300079345703125000e-01
9.445953369140625000e-01
9.907836914062500000e-01
9.865722656250000000e-01
9.963684082031250000e-01
9.740753173828125000e-01
9.061279296875000000e-01
9.856567382812500000e-01
9.883270263671875000e-01
9.935455322265625000e-01
9.869842529296875000e-01
9.962463378906250000e-01
9.943695068359375000e-01
9.944152832031250000e-01
9.625091552734375000e-01
9.924011230468750000e-01
9.949493408203125000e-01
9.889831542968750000e-01
9.214324951171875000e-01
9.974060058593750000e-01
9.971618652343750000e-01
9.877014160156250000e-01
9.904327392578125000e-01
9.942321777343750000e-01
9.961853027343750000e-01
9.837951660156250000e-01
9.231109619140625000e-01
9.891204833984375000e-01
9.894561767578125000e-01
9.942626953125000000e-01
9.830169677734375000e-01
9.845581054687500000e-01
9.840240478515625000e-01
9.927368164062500000e-01
9.938354492187500000e-01
9.445648193359375000e-01
9.922637939453125000e-01
8.932189941406250000e-01
9.916534423828125000e-01
9.380035400390625000e-01
9.783935546875000000e-01
9.776763916015625000e-01
9.622192382812500000e-01
9.655151367187500000e-01
9.127197265625000000e-01
9.878845214843750000e-01
9.634399414062500000e-01
9.873962402343750000e-01
9.918823242187500000e-01
9.927062988281250000e-01
9.916229248046875000e-01
9.764099121093750000e-01
9.404296875000000000e-01
9.494934082031250000e-01
9.783630371093750000e-01
9.783325195312500000e-01
9.894104003906250000e-01
9.574279785156250000e-01
9.091949462890625000e-01
9.874725341796875000e-01
9.654388427734375000e-01
9.663238525390625000e-01
9.860839843750000000e-01
9.375305175781250000e-01
9.953155517578125000e-01
9.722747802734375000e-01
9.521942138671875000e-01
9.729003906250000000e-01
9.448394775390625000e-01
8.822937011718750000e-01
9.861907958984375000e-01
9.893951416015625000e-01
9.871520996093750000e-01
8.694915771484375000e-01
9.751281738281250000e-01
9.668121337890625000e-01
9.602661132812500000e-01
9.665832519531250000e-01
8.702087402343750000e-01
9.073486328125000000e-01
9.693298339843750000e-01
9.876251220703125000e-01
9.954833984375000000e-01
9.897613525390625000e-01
9.638977050781250000e-01
8.244934082031250000e-01
9.535675048828125000e-01
9.897613525390625000e-01
9.906005859375000000e-01
9.943695068359375000e-01
9.336090087890625000e-01
8.937225341796875000e-01
9.925994873046875000e-01
9.402160644531250000e-01
9.574279785156250000e-01
9.816131591796875000e-01
9.652099609375000000e-01
9.187011718750000000e-01
9.606781005859375000e-01
9.526214599609375000e-01
9.658050537109375000e-01
9.950561523437500000e-01
9.783020019531250000e-01
9.853668212890625000e-01
9.839477539062500000e-01
9.865570068359375000e-01
9.663696289062500000e-01
9.856414794921875000e-01
9.532623291015625000e-01
9.845581054687500000e-01
9.950714111328125000e-01
9.498596191406250000e-01
9.141387939453125000e-01
8.862762451171875000e-01
