9.304956986205634717e-01
9.766284932055691037e-01
9.599022828742312941e-01
9.507019101160535390e-01
9.857259508181275276e-01
9.852355987872662979e-01
9.469825643869804743e-01
9.972893010032891636e-01
9.632065912526369678e-01
9.916553160177227211e-01
9.951011536532352597e-01
9.034812459195922241e-01
9.503507915944613416e-01
9.556273153460315140e-01
9.726342274061534621e-01
9.781849912739964958e-01
9.820012355367071510e-01
9.935589795402879343e-01
9.840510905742620995e-01
9.704000538793103869e-01
9.840025355730895873e-01
8.160719466202495109e-01
8.930082190018174826e-01
9.777533369994501067e-01
9.906108634100302401e-01
9.993315622589767910e-01
9.663886444503959616e-01
1.000000000000000000e+00
9.449541284403669694e-01
9.429952159296612901e-01
9.734728477728494811e-01
9.495919510001866737e-01
9.853413104126687028e-01
9.409387572641930708e-01
9.747922916241302804e-01
9.952008346374543457e-01
9.681249592807349424e-01
9.675560411673480576e-01
9.937626404255680557e-01
9.295042666264312636e-01
9.944404529747853383e-01
8.730980212891007453e-01
8.936503416856491633e-01
1.000000000000000000e+00
9.912371489684674852e-01
9.999340977988664392e-01
9.374667912567105077e-01
9.726784189643915557e-01
7.565040650406503753e-01
9.478644232324866525e-01
9.940020318849640546e-01
9.344962807955404793e-01
9.950870507360083383e-01
9.559703278296243223e-01
9.473250516954554445e-01
9.834862716111701930e-01
1.000000000000000000e+00
9.999472137666496341e-01
9.826162287034363452e-01
9.994231601211364113e-01
9.049960219506721915e-01
9.776433785192909509e-01
9.849574885546108494e-01
9.480971519778466083e-01
9.932464417584497829e-01
9.856022571677524047e-01
9.966022684372076723e-01
9.981421743316050144e-01
9.270457742493573017e-01
8.895245311612047789e-01
9.429105083644632179e-01
9.944491221504974110e-01
9.789056571958519859e-01
9.992374800959877845e-01
9.877650240674855642e-01
9.975926664009565625e-01
9.036566571708775086e-01
9.922250656061025742e-01
9.889507709389158130e-01
9.979168033593596165e-01
9.833195049436492807e-01
9.440603507255770355e-01
1.000000000000000000e+00
9.868372402573393209e-01
9.920345815726844263e-01
9.862064641524812547e-01
9.964135814070036457e-01
9.981147499958290537e-01
9.974109789501331980e-01
9.980818900030385965e-01
9.957080862833617152e-01
9.932205568139830243e-01
9.861234625903988471e-01
9.963147941618580861e-01
9.942778277455571745e-01
9.944460912026709121e-01
9.619753621394081522e-01
9.970830624330070391e-01
9.948195448711929512e-01
9.944685209991332986e-01
9.206026121416786001e-01
9.977064926269125777e-01
9.973002244580828624e-01
9.872086910811284088e-01
9.923038892551088175e-01
9.947742542763478024e-01
9.975359342915811611e-01
9.824218750000000000e-01
9.894267868943318334e-01
9.982491464588987284e-01
9.968712004539190819e-01
9.948205289672543694e-01
9.823585354255824909e-01
9.890654660119542196e-01
9.863672350203719352e-01
9.927187621895722236e-01
9.942363112391930935e-01
9.629326903428828688e-01
9.959146310454136675e-01
9.231958112541004402e-01
9.927273986597634492e-01
9.287929045284106788e-01
9.966668308621906558e-01
9.991096413126431264e-01
9.689181322655189277e-01
9.688319989235013585e-01
9.824887293371180608e-01
9.883862508195185859e-01
9.870581745661306527e-01
9.984033881783499487e-01
9.964003113244259691e-01
9.931944764855156205e-01
9.913387814343861404e-01
9.992766787780917870e-01
9.757571151727020276e-01
1.000000000000000000e+00
9.785261404131250229e-01
9.820013618917915466e-01
9.941838471723094539e-01
9.994374168911316358e-01
9.095222639526436836e-01
9.865649005967491725e-01
9.975891677675032820e-01
9.636165958025122436e-01
9.961734693877550839e-01
9.253552016782683465e-01
9.993739766926706958e-01
9.728884426081088055e-01
9.529478734650728144e-01
9.723774297631226915e-01
9.425223391738480894e-01
8.669891387161360319e-01
9.923259041554413074e-01
9.908763855577883417e-01
9.988979823353051346e-01
8.617000615026058075e-01
9.774915533841981308e-01
9.704020557174641848e-01
1.000000000000000000e+00
9.844197198582232966e-01
9.047322540473224928e-01
9.960394725196920485e-01
9.871436744859152235e-01
9.867363079153760319e-01
9.957974137931034919e-01
9.998899180675903109e-01
9.905504283560686574e-01
8.402585579024034468e-01
9.470836884860924787e-01
9.917685349884570734e-01
9.924806177413830754e-01
9.945244768919887512e-01
9.955112818050888546e-01
9.995020655060490311e-01
9.983558407559940395e-01
9.379336564965307099e-01
9.521855578065446801e-01
9.801894332307378166e-01
9.894478437694647077e-01
9.573612378274712897e-01
9.907776462151660635e-01
9.421737616435971185e-01
9.726651043067348068e-01
9.960921923598372585e-01
9.769722381902411490e-01
9.905292929292929260e-01
9.844425526232326584e-01
9.856047798040149521e-01
9.662455412837588353e-01
9.984679992069642740e-01
9.978574404348602434e-01
9.864736765349277903e-01
9.990891939366338681e-01
9.471577119980160164e-01
9.181168750259584010e-01
9.376633145933961355e-01
