4.182722187694219995e-01
8.337964701464514183e-01
8.079366118787243423e-01
7.208863743517208711e-01
6.616505995767693049e-01
7.908201655379984985e-01
8.147591976831491944e-01
8.068689181453920778e-01
7.979956622541320987e-01
7.067573310667233377e-01
9.019268988162101319e-01
8.655525923026106128e-01
7.334976008299831651e-01
6.646576259835927925e-01
5.048330404217926670e-01
2.167487684729064168e-01
8.714798564020741489e-01
7.985157699443413692e-01
8.639814881770192523e-01
8.145376803848209946e-01
8.542161763500778493e-01
6.537559816295724913e-01
4.605272167066073452e-01
8.317419561903233172e-01
8.718904109589040718e-01
8.803136290260589192e-01
9.081562960566519349e-01
6.442620147083975013e-01
9.027248544108131822e-01
6.227056424201223850e-01
8.407775827319420303e-01
7.450806706738374308e-01
7.950685620832809164e-01
8.288202828561572755e-01
5.539055539055539601e-01
7.910374376624288439e-01
7.422164566345440528e-01
7.506815779224391694e-01
8.677819751753912403e-01
7.054580427987496849e-01
8.631076647778108679e-01
4.979947689625108809e-01
3.901454637181535623e-01
4.943820224719100986e-01
8.788064582055998830e-01
7.897423432182790748e-01
8.222016079158935842e-01
8.392572174669955531e-01
5.612232109286877657e-01
8.998316738466805020e-01
8.537420258285358665e-01
8.000185168039996020e-01
8.568827385287691722e-01
8.462068685885739683e-01
3.598462448255470014e-01
9.063895902116916314e-01
6.580866106937692805e-01
7.132537225416482052e-01
8.981410467112230789e-01
8.852920478536242532e-01
8.553386911595867170e-01
8.692783745913125193e-01
9.149787446861715745e-01
8.847777338082046805e-01
7.222222222222222099e-01
8.205687873146305655e-01
8.325414300614207841e-01
8.190390660080826279e-01
5.920328542094456248e-01
7.911119386773423079e-01
6.629298084162971172e-01
7.847746991323817367e-01
8.487616872457355299e-01
9.030493997552146990e-01
8.535366158460384600e-01
8.601637107776262114e-01
2.736575588142209359e-01
8.950643776824034337e-01
9.550506052788251266e-01
9.713541666666666297e-01
9.034388238225766754e-01
8.180886392521832251e-01
6.598162071846281895e-01
8.137706443358920794e-01
9.038414484952287387e-01
7.376910016977928919e-01
8.897700237906422949e-01
8.205076551168412058e-01
6.909204955308139162e-01
9.572574530071437104e-01
8.461398728428700666e-01
9.260930888575458209e-01
9.291165132562347884e-01
9.574271780677474641e-01
7.948523845571536794e-01
8.201438848920863389e-01
3.903266864658463953e-01
9.688826848135869696e-01
8.984396386531617873e-01
8.053721830184383812e-01
1.896456256921373318e-01
7.665317139001349700e-01
8.945686900958466081e-01
8.471494607087827200e-01
9.348305594545819330e-01
9.271587071876506991e-01
8.724213899459243304e-01
9.017259598450158009e-01
8.485767823681628075e-01
9.326012873911396772e-01
9.004078410735429916e-01
8.986764034687357849e-01
7.604539095289911677e-01
6.536144578313253239e-01
9.539010890912337226e-01
9.184649480928496201e-01
8.756328417345367043e-01
9.385052034058656290e-01
9.490887181804488204e-01
0.000000000000000000e+00
9.509255808174928992e-01
7.963818935288492495e-01
8.493618960802187257e-01
9.246931663215314234e-01
8.570405605851363351e-01
8.132461625923820270e-01
8.161249203314212552e-01
4.118226600985221419e-01
9.226889343458402060e-01
9.130327260736954553e-01
9.083172147001934427e-01
9.399047996826656037e-01
8.754071661237784463e-01
8.612191958495460931e-01
8.394104583080961302e-01
6.600882284652890286e-01
4.070796460176991372e-01
4.673165137614678777e-01
8.348348348348347825e-01
7.716660771135479546e-01
1.884181133907976147e-01
8.760449438202246863e-01
7.179675094662268942e-01
9.117015566290929129e-01
9.599048868481468988e-01
8.427332594379605135e-01
9.514771161793968979e-01
7.996544276457883127e-01
6.677502138579982649e-01
6.559580396656286005e-01
5.678667383127350421e-01
6.825378744731745995e-01
8.825396825396825129e-01
8.593803984797880879e-01
8.855328158080452150e-01
4.421387726227671844e-01
6.928046989720998416e-01
5.629213483146067176e-01
5.792372017132367823e-01
9.038424331540455547e-01
6.337411514382749189e-01
8.271163345256344890e-01
8.205513784461152538e-01
8.596537949400798739e-01
6.468276249298147151e-01
8.495173197047132252e-01
8.991405342624855246e-01
5.674632085093982425e-01
7.870343209152244057e-01
9.597475563765104356e-01
5.957053798199030137e-01
9.335289470714366322e-01
8.968881796420836716e-01
6.269588712098469463e-01
9.058988764044944020e-01
4.883980139831796685e-01
8.139417974641121045e-01
9.143013848896202056e-01
8.654878726161822078e-01
7.715649505625639115e-01
7.440565005471003746e-01
9.115925908013735590e-01
9.103575091056967938e-01
9.135965636874276985e-01
8.914399092970521910e-01
8.278515576517314623e-01
8.891564331005699096e-01
8.944918541505042509e-01
8.319490724623265221e-01
9.518251164695643585e-01
8.970953460749379049e-01
9.452582883577486106e-01
9.455421686746987575e-01
8.191340129056392527e-01
8.469147684739599669e-01
7.595278246205733330e-01
