4.314696175499903030e-01
8.528269313767803395e-01
7.761145460462088863e-01
7.380256565963261295e-01
8.794042611873404969e-01
9.839142091152814906e-01
7.781388478581979795e-01
8.647939091625098662e-01
9.007843968624125175e-01
1.000000000000000000e+00
5.183796856106408502e-01
3.335606783976720058e-01
8.875561115608212592e-01
6.085593603060329704e-01
3.441301820999612682e-01
5.736472126859571974e-01
1.000000000000000000e+00
7.152515634683643819e-01
8.815224063842848068e-01
9.871976401179940463e-01
6.222256652593252113e-01
6.196968252454952697e-02
6.281451860965856504e-01
9.351926163723917051e-01
6.198285034737435195e-01
9.500947567909033831e-01
9.971867561133953561e-01
6.033222063264981339e-01
6.663697104677059890e-01
1.000000000000000000e+00
2.910114824837270464e-01
1.000000000000000000e+00
3.436239055957365784e-01
9.974293059125963756e-01
4.913820366856420235e-02
9.945454545454545103e-01
3.542719140442100456e-01
5.646192937877858586e-01
6.518577547564498031e-01
1.000000000000000000e+00
4.678910865656306095e-01
5.438079191238416321e-01
5.711110379346681087e-01
4.175937904269081402e-01
9.256850905712958877e-01
9.911499339118441387e-01
9.832455720440401725e-01
9.992542878448918975e-01
9.730925827580102494e-01
4.178454842219804233e-01
9.443008225616921214e-01
9.964539007092199085e-01
9.455188977373277792e-01
8.612116823557808276e-01
7.447269171672020738e-01
7.486878666255016856e-01
9.774977497749774979e-01
1.670978412994613901e-02
6.187693038726538308e-01
8.696428571428571619e-01
8.758591065292096189e-01
9.985740767146727981e-01
1.000000000000000000e+00
1.000000000000000000e+00
8.859021783806000361e-01
9.319086935405536121e-01
7.648162301118599515e-01
6.226655348047538396e-01
8.462664714494875229e-01
6.498467342607875397e-01
9.380714879467996203e-01
8.406614054866591301e-01
3.746218080600266509e-01
3.813311239988953494e-01
9.996669626998223590e-01
9.952191235059760777e-01
1.000000000000000000e+00
9.884393063583815087e-01
6.821222219558389366e-01
7.537541811970678296e-01
8.994023904382469903e-01
2.521693399947410041e-01
7.340749414519905924e-01
9.734597156398103746e-01
7.873633049817739815e-01
9.933891582194799286e-01
5.308921036769137514e-01
7.432057681641708324e-01
6.707785087719297934e-01
8.809121621621621712e-01
8.431393429529844274e-01
5.772167273989241565e-01
7.673630717108977928e-01
9.040462427745664664e-01
2.740628311234571610e-02
6.879345603271983522e-01
8.435886166355345273e-01
9.254837830471518423e-01
6.988498789346246909e-01
9.032258064516128504e-02
9.973027646662171453e-01
7.450980392156862919e-01
8.569521266450504937e-01
8.948377510425155057e-01
7.309413456928239849e-01
9.800884955752212635e-01
9.099249374478731722e-01
6.254312836867528258e-01
1.000000000000000000e+00
9.554140127388535131e-01
9.766819571865443805e-01
1.000000000000000000e+00
9.922882989767165540e-01
8.103792415169660535e-01
2.886091127098321385e-01
7.020669992872415888e-01
7.601180438448567056e-01
8.619718309859154548e-01
7.923379542899962047e-01
9.091452480573819495e-01
9.606544604596806147e-01
7.474226804123711432e-01
5.343253968253968145e-01
9.699553390174583400e-01
9.433962264150943522e-01
8.306521739130434678e-01
5.940322231052669322e-01
9.552663684424562707e-01
8.033621047077004196e-01
9.670041244844393979e-01
5.223968450173641642e-01
6.555224876922649546e-01
8.286560683837995711e-01
3.428387359283873725e-01
9.795991410164638369e-01
5.114416475972539677e-01
6.785225718194254352e-01
8.227091633466135923e-01
4.835529840351441289e-01
9.070129870129870486e-01
9.666666666666666741e-01
1.577192312587501477e-01
7.213404995257667318e-01
9.337016574585634832e-01
1.000000000000000000e+00
9.062590135563888261e-01
6.822354211663066437e-01
6.666389281850712001e-01
7.573781743308167780e-01
9.897540983606557541e-01
3.873988439306358389e-01
9.992015968063872045e-01
6.658223425626692560e-01
8.098495212038303581e-01
6.262836731656497014e-01
9.619575985734099000e-01
9.271336553945249692e-01
5.854977395620956093e-01
5.173369118219990348e-01
8.758893280632411571e-01
4.671945701357466119e-01
6.714821825910797237e-01
7.923293852227862866e-01
8.821779724035363479e-01
6.761166968847865943e-01
6.856518572469045836e-01
7.720588235294117974e-01
5.852245548764283267e-01
9.031357740929240041e-01
9.486130059117781066e-01
7.062978222483814461e-01
3.312712928097543696e-01
9.327797548438118147e-01
6.873544254658384700e-01
5.476630903933900063e-01
7.492054105994530033e-01
7.852864299716837415e-01
8.541424285101952840e-01
9.942944085203498927e-01
5.169712793733681755e-01
1.800443458980044431e-01
6.747305915988563996e-01
7.623985890652557051e-01
1.024920248886642821e-01
1.000000000000000000e+00
9.344024731909960080e-01
9.501845018450184588e-01
1.176438945669714964e-01
8.994861026689506822e-01
7.698422874727529619e-01
7.630212287788137315e-01
8.119224497191520618e-01
5.013939656774673015e-01
5.568407138136153289e-01
8.985655469016337049e-01
3.937414307605451858e-01
5.657797668814242842e-01
9.532483302975106598e-01
8.757187085360459422e-01
9.077781424351821782e-01
8.610863757791629158e-01
9.553537646613696754e-01
1.000000000000000000e+00
8.479087452471483211e-01
9.840785907859078696e-01
8.881952326901249029e-01
8.338551572787125110e-01
8.945809890435297840e-01
9.283496833478206423e-01
9.277184160905090904e-01
9.299893923321715938e-01
9.472157125320834758e-01
9.667189952904238215e-01
7.280049842018602169e-01
9.114189756507137252e-01
9.939798888594866266e-01
9.467179346333425283e-01
9.588529334385688108e-01
8.952608664620654855e-01
9.955501618122977181e-01
8.311988362474685976e-01
9.923595505617976986e-01
5.835268617433039262e-01
8.825247650495301466e-01
9.706404032860344033e-01
9.987085372485046131e-01
7.531328320802005427e-01
9.658817876021144055e-01
2.228396282380858129e-01
7.592621155566523505e-01
9.959441189725101173e-01
2.006590729994985334e-01
9.999033131365218097e-01
7.176876202694034701e-01
9.940053285968027952e-01
8.993822365257277962e-01
9.831649831649831306e-01
1.000000000000000000e+00
9.818816589417925789e-01
9.597856772483723820e-01
1.000000000000000000e+00
5.033174497858736718e-01
8.472906403940886344e-01
8.095823095823095894e-01
9.723186000905114090e-01
9.896271376506868833e-01
5.599128029628240855e-01
5.429243325494536032e-01
8.669568937315986767e-01
5.492142550450836991e-01
9.690090090090089925e-01
8.929552698098691677e-01
9.477292618885538866e-01
9.979886020784445311e-01
9.962093421374419444e-01
9.176768209128280951e-01
8.442108233965991415e-01
9.397745571658615571e-01
7.638736198078486250e-01
8.948454938391071645e-01
2.012560813799203763e-01
8.119096655067111756e-01
8.419007438658820952e-01
9.994427934621099574e-01
9.999012638230647676e-01
8.444736842105262653e-01
7.410653505786248818e-01
8.641114982578397274e-01
9.511908350919505706e-01
4.550109729334308462e-01
7.271615914647699963e-01
6.812097174020822488e-01
9.956694334175387739e-01
9.971533143554290879e-01
8.308823529411765163e-01
9.377621307209551560e-01
7.164075993091537642e-01
9.877285090771079634e-01
9.986456364098078575e-01
9.805636540330417983e-01
4.941355115718923385e-01
7.411299940369707739e-01
9.170094362448584224e-01
9.608586630787108174e-01
9.996452642781128439e-01
8.236022920861081342e-01
9.311189496374681074e-01
9.371372113128318970e-01
9.989481987904286209e-01
9.064391392064559128e-01
9.030553048859094600e-01
7.665951934244616961e-01
8.929112008072653817e-01
8.038730214873109903e-01
9.591917243797668524e-01
6.800137776629638919e-01
9.177011494252873547e-01
9.738364308285576421e-01
6.623270951993490696e-01
1.000000000000000000e+00
9.944498612465311194e-01
8.155824697215632302e-01
9.496448863636363091e-01
7.148094931377891870e-01
9.522346242487234047e-01
9.816676522767593394e-01
9.795163584637268661e-01
7.346514047866805619e-01
9.678473822410375016e-01
9.150000000000000355e-01
6.855293669746997942e-01
1.000000000000000000e+00
7.477806788511749403e-01
3.796823416257246175e-01
8.840133779264214287e-01
2.245378488051700816e-01
8.846050716310426276e-01
8.249795536861782574e-01
8.638744987853776980e-01
4.777900624349635805e-01
9.888362954362776014e-01
7.595837409943965168e-01
9.984961924873616557e-01
7.429688029457609533e-01
9.973446627721720414e-01
7.171920411357031178e-01
5.885736196319018010e-01
8.265518037074071067e-01
8.942499401866177422e-01
9.725381698944564057e-01
7.908034360788276373e-01
9.905610351044649153e-01
5.137670813787477142e-01
9.889216383778839381e-01
9.999495942335803189e-01
4.567121661721068038e-01
8.696872755761572149e-01
9.949296600234466270e-01
6.971020426732177366e-01
6.335478875284324962e-01
9.835105601019258348e-01
9.567938846729076019e-01
6.832000950994085997e-01
8.743170862346009153e-01
9.992958077085583035e-01
6.121544869367663289e-01
9.341411395223474523e-01
9.005906960122763705e-01
9.902972431849684787e-01
8.689317299739135469e-01
9.994992488733099867e-01
9.999053478466635170e-01
7.435074949108629871e-01
8.171821305841924232e-01
9.709871891484551654e-01
9.982413419913419572e-01
9.960130734104448713e-01
8.278586278586278491e-01
9.827048829676710007e-01
8.903538116415443682e-01
8.683318056828597253e-01
5.361559208182790082e-01
9.998239953065415353e-01
9.706539806270418902e-01
7.472838703686507378e-01
9.985577942735949231e-01
9.716881212318722039e-01
7.383287563750490223e-01
8.043375319632540821e-01
7.347189533434861364e-01
9.750625331615250246e-01
9.686792158087947913e-01
9.889217134416543598e-01
8.821497834807789928e-01
9.759958479304527978e-01
9.148646605171631974e-01
9.594176887027620060e-01
6.113959234095120987e-01
9.960824198591178291e-01
1.000000000000000000e+00
7.944757033248082134e-01
9.012277015614056364e-01
9.589684509039347882e-01
6.743498521821916780e-01
9.736191261335531699e-01
8.330981656924006939e-01
8.791641688789928466e-01
9.450162230052681078e-01
8.295276276799721238e-01
7.938643702906350574e-01
8.795315114333519535e-01
6.260117323828617852e-01
7.263107263107263512e-01
5.031264028730840776e-01
4.964260501235439604e-01
5.155266082232374814e-01
9.703385598721662175e-01
9.919910514541386837e-01
1.572847682119205281e-01
9.617224880382775343e-01
1.000000000000000000e+00
7.355219676038788901e-01
9.751663604088987025e-01
9.104743912678421314e-01
9.572630143214366782e-01
7.713865293291418679e-01
9.141379310344827092e-01
6.580876536047677305e-01
8.539579967689822082e-01
6.429851211342213491e-01
9.986085158827973096e-01
7.330528284244974824e-01
8.323178807947020363e-01
8.537123572170300934e-01
9.343455497382199271e-01
9.206059023243666761e-01
9.147120124392099649e-01
1.000000000000000000e+00
1.000000000000000000e+00
5.783368822145018573e-01
9.422129801904345348e-01
6.834568521542520037e-01
1.000000000000000000e+00
5.777282086479066381e-01
9.203693017888054939e-01
3.591135471290415881e-01
9.794260963724958913e-01
9.809136498590355080e-01
6.997180451127819056e-01
8.600277906438166253e-01
9.990719462612692725e-01
3.523161833102507190e-01
9.823742266837866000e-01
6.077741342077901399e-01
9.465505374066818245e-01
8.678661793646331724e-01
8.082128640268174680e-01
9.743253219588220437e-01
6.419486135843296415e-01
6.882481874894621487e-01
4.600031221426819084e-01
7.340529931305200817e-01
6.330291028069571224e-01
3.352850752197868434e-01
6.903347732181425167e-01
8.461741948283844073e-01
8.379738983131724828e-01
9.448756218905473014e-01
8.682733812949640084e-01
8.633496846531184543e-01
9.514905857740585393e-01
9.827650065433713999e-01
8.839600470035252622e-01
9.294234592445328458e-01
3.051377654196157918e-01
9.467659245733548445e-01
7.192641443943075252e-01
9.498357718722006959e-01
8.592870544090056573e-01
8.264218540080608966e-01
9.736654804270462593e-01
8.170892494929006267e-01
7.506042627993847471e-01
1.502301914223406771e-03
1.000000000000000000e+00
9.267522310237641392e-01
9.974494651490349861e-01
9.907535829865926624e-01
4.595982090531892661e-01
9.211535729507032144e-01
9.984362412927072494e-01
9.384887491402181814e-01
8.619336425258651291e-01
9.993796526054590235e-01
5.867568873852102573e-01
8.827231121281464699e-01
5.921305182341650708e-01
9.992862241256245115e-01
8.879432624113474670e-01
7.588466579292267866e-01
8.383561643835616417e-01
9.410239792611795329e-01
9.282392026578073496e-01
2.488784447767571073e-01
6.954022988505746961e-01
9.653061224489796199e-01
9.923076923076923350e-01
9.848484848484848619e-01
9.197907585004359010e-01
7.021313766596785078e-01
8.615279672578445291e-01
7.314793175975695672e-01
7.216845409364373021e-01
9.361676356589146986e-01
7.160270880361173651e-01
9.509191342932173940e-01
7.946588868940753780e-01
9.766380236305047813e-01
9.540229885057470716e-01
9.106170598911070835e-01
7.712625462229265594e-01
9.091350826044704014e-01
3.590448013524936699e-01
7.621288670496227935e-01
5.975678203928905807e-01
6.448136958710977140e-01
9.658792650918635037e-01
9.989827060020345373e-01
9.806094182825484395e-01
9.999208422385814643e-01
8.126025598949786488e-01
7.995594713656387631e-01
7.885525070955534677e-01
9.302857142857142714e-01
9.165584415584415723e-01
9.809870550161812197e-01
8.932534398579671242e-01
9.994419642857143016e-01
9.393128067826862493e-01
9.985885673959068454e-01
8.291554184342460054e-01
9.652309289050337027e-01
6.034755134281201139e-01
7.973421926910299051e-01
9.092706068392962804e-01
7.517337031900138689e-01
9.245852187028658076e-01
9.788413098236775634e-01
9.280000000000000471e-01
7.028812626169939071e-01
9.946504992867332140e-01
9.898477157360405787e-01
7.534321801208127001e-01
8.658658658658658913e-01
8.625703564727954520e-01
8.363589710693437596e-01
9.958158995815900028e-01
8.626198083067092570e-01
8.555336524922556585e-01
6.453879941434845779e-01
7.690685413005272641e-01
8.505282784338098478e-01
1.971776531993040815e-01
8.473698555464703741e-01
7.856365614798693775e-01
8.980963045912654374e-01
7.256046705587989587e-01
9.605991533702377128e-01
7.555118969657279582e-01
7.531219980787704493e-01
9.116214335421015669e-01
9.714285714285714191e-01
7.611168562564633033e-01
9.450980392156862475e-01
8.763541277549495856e-01
5.281918340894361519e-01
6.598224571389849080e-01
9.432412247946228012e-01
7.215189873417721111e-01
9.511077158135982090e-01
8.885391329231649982e-01
7.585067723818962326e-01
9.585537918871251950e-01
9.876938637896156559e-01
9.943019943019942852e-01
5.328958485889708774e-01
4.880008457553652867e-01
8.780090708221885976e-01
9.303135888501742334e-01
8.181403828623519114e-01
9.615001659475606033e-01
8.650937689050212098e-01
7.890926640926640978e-01
7.072847682119205448e-01
9.211523881728582719e-01
9.355732594388638246e-01
9.797859690844232805e-01
9.881573665194700595e-01
9.219924812030074746e-01
9.688506981740064861e-01
6.393195340651973702e-01
9.524680073126142732e-01
8.702621722846441976e-01
9.064220183486239035e-01
9.884615384615385025e-01
9.529944289693593751e-01
9.826021180030257707e-01
9.150943396226415283e-01
1.000000000000000000e+00
8.210784313725489891e-01
8.156996587030717061e-01
9.575371549893842982e-01
7.873070325900514144e-01
8.972222222222222543e-01
5.988538681948424314e-01
5.760286225402504456e-01
9.526098901098900562e-01
5.337043908472479670e-01
8.572825024437927821e-01
6.321923871348480439e-01
