7.855987548828125000e-01
9.854278564453125000e-01
9.869689941406250000e-01
7.588500976562500000e-01
7.771301269531250000e-01
6.064453125000000000e-01
9.638061523437500000e-01
9.921569824218750000e-01
9.659881591796875000e-01
9.693756103515625000e-01
8.002014160156250000e-01
6.670532226562500000e-01
9.362487792968750000e-01
6.573181152343750000e-01
7.485656738281250000e-01
6.942443847656250000e-01
7.401733398437500000e-01
7.658233642578125000e-01
9.729919433593750000e-01
9.877014160156250000e-01
5.037078857421875000e-01
7.166137695312500000e-01
7.461700439453125000e-01
9.540405273437500000e-01
7.376403808593750000e-01
9.884643554687500000e-01
9.803314208984375000e-01
9.078063964843750000e-01
9.333953857421875000e-01
9.786376953125000000e-01
5.142974853515625000e-01
9.511413574218750000e-01
7.873535156250000000e-01
9.885101318359375000e-01
6.799774169921875000e-01
9.974365234375000000e-01
6.488037109375000000e-01
8.788452148437500000e-01
8.641052246093750000e-01
9.198455810546875000e-01
5.406494140625000000e-01
9.794311523437500000e-01
7.081451416015625000e-01
9.301300048828125000e-01
9.934234619140625000e-01
9.327239990234375000e-01
9.972381591796875000e-01
9.963989257812500000e-01
9.966735839843750000e-01
9.951629638671875000e-01
9.922180175781250000e-01
9.978179931640625000e-01
9.909210205078125000e-01
9.920043945312500000e-01
8.946685791015625000e-01
9.791412353515625000e-01
9.967498779296875000e-01
2.920074462890625000e-01
8.496093750000000000e-01
9.709930419921875000e-01
9.941253662109375000e-01
9.620971679687500000e-01
9.809722900390625000e-01
8.638153076171875000e-01
8.173675537109375000e-01
8.668975830078125000e-01
9.226074218750000000e-01
9.861297607421875000e-01
9.742584228515625000e-01
9.498138427734375000e-01
9.844055175781250000e-01
9.911346435546875000e-01
8.294830322265625000e-01
5.639038085937500000e-01
9.848632812500000000e-01
9.928283691406250000e-01
8.096618652343750000e-01
9.991302490234375000e-01
7.306823730468750000e-01
8.986358642578125000e-01
9.943847656250000000e-01
9.197845458984375000e-01
9.212188720703125000e-01
9.965515136718750000e-01
9.934692382812500000e-01
9.973754882812500000e-01
9.555206298828125000e-01
9.897918701171875000e-01
9.682464599609375000e-01
9.965209960937500000e-01
9.572601318359375000e-01
8.213806152343750000e-01
9.896850585937500000e-01
9.958801269531250000e-01
5.902099609375000000e-01
9.900817871093750000e-01
9.260253906250000000e-01
9.292755126953125000e-01
9.882965087890625000e-01
7.309570312500000000e-01
9.960021972656250000e-01
9.966888427734375000e-01
9.644317626953125000e-01
9.593963623046875000e-01
9.596557617187500000e-01
9.946136474609375000e-01
9.942321777343750000e-01
6.653289794921875000e-01
6.178741455078125000e-01
9.979553222656250000e-01
9.980621337890625000e-01
8.721466064453125000e-01
9.736175537109375000e-01
9.189758300781250000e-01
8.902130126953125000e-01
9.631500244140625000e-01
9.715728759765625000e-01
9.589691162109375000e-01
9.281616210937500000e-01
9.902191162109375000e-01
9.963531494140625000e-01
9.962921142578125000e-01
8.767852783203125000e-01
9.956512451171875000e-01
9.989471435546875000e-01
9.606323242187500000e-01
9.438171386718750000e-01
9.982757568359375000e-01
9.234161376953125000e-01
9.971313476562500000e-01
8.344116210937500000e-01
8.638000488281250000e-01
8.439025878906250000e-01
8.366546630859375000e-01
9.973602294921875000e-01
7.726898193359375000e-01
9.964752197265625000e-01
9.956207275390625000e-01
9.298553466796875000e-01
9.969482421875000000e-01
9.968109130859375000e-01
4.988708496093750000e-01
9.015197753906250000e-01
9.264831542968750000e-01
5.434417724609375000e-01
9.041595458984375000e-01
9.623260498046875000e-01
8.562316894531250000e-01
9.648284912109375000e-01
8.099060058593750000e-01
8.342437744140625000e-01
9.982604980468750000e-01
8.672332763671875000e-01
9.974975585937500000e-01
8.678588867187500000e-01
9.884643554687500000e-01
9.959716796875000000e-01
8.681488037109375000e-01
7.776489257812500000e-01
9.913787841796875000e-01
9.894866943359375000e-01
8.521881103515625000e-01
9.500122070312500000e-01
8.899688720703125000e-01
9.276123046875000000e-01
8.073730468750000000e-01
9.706878662109375000e-01
8.679504394531250000e-01
9.635620117187500000e-01
9.967956542968750000e-01
9.948883056640625000e-01
8.836364746093750000e-01
9.838104248046875000e-01
8.943176269531250000e-01
9.473419189453125000e-01
9.542083740234375000e-01
9.418029785156250000e-01
9.674377441406250000e-01
9.969635009765625000e-01
8.071289062500000000e-01
9.154205322265625000e-01
9.801177978515625000e-01
8.787231445312500000e-01
5.621643066406250000e-01
9.911804199218750000e-01
9.836425781250000000e-01
9.963836669921875000e-01
4.718322753906250000e-01
9.609527587890625000e-01
9.833374023437500000e-01
8.815460205078125000e-01
9.566192626953125000e-01
9.135589599609375000e-01
8.491058349609375000e-01
9.082946777343750000e-01
8.789978027343750000e-01
8.534088134765625000e-01
9.931488037109375000e-01
9.954376220703125000e-01
9.940948486328125000e-01
9.662017822265625000e-01
9.920806884765625000e-01
9.989318847656250000e-01
9.977722167968750000e-01
9.931793212890625000e-01
9.749298095703125000e-01
8.209075927734375000e-01
9.866485595703125000e-01
9.845275878906250000e-01
9.967956542968750000e-01
9.439849853515625000e-01
9.653778076171875000e-01
9.943695068359375000e-01
7.744598388671875000e-01
9.903259277343750000e-01
9.751281738281250000e-01
9.941558837890625000e-01
9.684600830078125000e-01
9.441070556640625000e-01
9.418945312500000000e-01
8.870239257812500000e-01
9.940032958984375000e-01
8.533782958984375000e-01
9.548492431640625000e-01
9.495697021484375000e-01
9.515228271484375000e-01
9.194488525390625000e-01
9.856414794921875000e-01
4.918212890625000000e-01
8.086547851562500000e-01
9.730987548828125000e-01
6.741485595703125000e-01
9.675903320312500000e-01
8.998870849609375000e-01
9.694213867187500000e-01
9.163208007812500000e-01
9.732055664062500000e-01
9.759216308593750000e-01
9.665222167968750000e-01
9.905242919921875000e-01
9.242553710937500000e-01
7.458953857421875000e-01
9.766845703125000000e-01
9.076995849609375000e-01
9.874420166015625000e-01
9.831237792968750000e-01
7.779541015625000000e-01
7.241516113281250000e-01
8.819885253906250000e-01
3.304138183593750000e-01
9.926452636718750000e-01
9.921722412109375000e-01
9.440612792968750000e-01
9.812622070312500000e-01
9.537048339843750000e-01
9.907226562500000000e-01
9.680328369140625000e-01
9.980468750000000000e-01
7.870635986328125000e-01
9.391632080078125000e-01
5.341491699218750000e-01
9.221801757812500000e-01
9.739837646484375000e-01
9.953765869140625000e-01
9.557342529296875000e-01
9.077453613281250000e-01
9.517669677734375000e-01
9.850158691406250000e-01
9.500579833984375000e-01
5.759735107421875000e-01
8.805847167968750000e-01
9.964294433593750000e-01
9.747009277343750000e-01
9.745178222656250000e-01
9.670715332031250000e-01
9.619903564453125000e-01
8.688354492187500000e-01
9.865112304687500000e-01
9.528198242187500000e-01
9.913024902343750000e-01
7.015991210937500000e-01
9.336547851562500000e-01
9.705200195312500000e-01
9.875640869140625000e-01
9.632415771484375000e-01
9.750061035156250000e-01
9.875183105468750000e-01
9.860229492187500000e-01
9.920501708984375000e-01
8.885498046875000000e-01
9.569244384765625000e-01
8.667602539062500000e-01
9.870300292968750000e-01
9.408874511718750000e-01
9.562072753906250000e-01
9.000244140625000000e-01
9.920806884765625000e-01
9.410247802734375000e-01
8.493499755859375000e-01
9.001007080078125000e-01
9.771575927734375000e-01
9.292602539062500000e-01
9.777069091796875000e-01
9.220428466796875000e-01
9.422912597656250000e-01
9.940338134765625000e-01
9.924774169921875000e-01
9.172821044921875000e-01
9.878997802734375000e-01
9.956054687500000000e-01
8.820495605468750000e-01
9.360504150390625000e-01
8.794860839843750000e-01
7.595367431640625000e-01
9.681854248046875000e-01
8.527832031250000000e-01
9.123687744140625000e-01
9.273529052734375000e-01
8.389129638671875000e-01
6.972961425781250000e-01
9.734191894531250000e-01
9.540100097656250000e-01
9.702758789062500000e-01
7.080688476562500000e-01
9.871978759765625000e-01
9.525909423828125000e-01
9.926757812500000000e-01
9.612426757812500000e-01
9.698028564453125000e-01
9.949340820312500000e-01
9.978332519531250000e-01
9.688873291015625000e-01
9.565277099609375000e-01
9.858856201171875000e-01
9.768218994140625000e-01
8.646545410156250000e-01
9.515686035156250000e-01
9.413757324218750000e-01
8.998870849609375000e-01
8.972625732421875000e-01
9.701080322265625000e-01
9.291381835937500000e-01
9.304199218750000000e-01
9.314270019531250000e-01
9.737854003906250000e-01
7.631378173828125000e-01
9.488525390625000000e-01
9.223022460937500000e-01
9.866027832031250000e-01
9.697113037109375000e-01
9.838256835937500000e-01
9.725952148437500000e-01
8.531951904296875000e-01
9.495544433593750000e-01
9.850769042968750000e-01
9.929962158203125000e-01
9.326629638671875000e-01
8.881835937500000000e-01
9.913330078125000000e-01
9.550018310546875000e-01
9.294891357421875000e-01
8.769683837890625000e-01
9.797973632812500000e-01
9.179382324218750000e-01
8.670959472656250000e-01
9.606933593750000000e-01
9.796447753906250000e-01
9.078521728515625000e-01
8.916931152343750000e-01
6.288909912109375000e-01
9.677124023437500000e-01
9.821777343750000000e-01
9.838867187500000000e-01
9.248199462890625000e-01
9.676208496093750000e-01
9.804077148437500000e-01
9.918670654296875000e-01
7.688751220703125000e-01
9.705657958984375000e-01
9.807586669921875000e-01
9.696044921875000000e-01
9.004516601562500000e-01
9.815521240234375000e-01
8.925628662109375000e-01
9.747467041015625000e-01
9.908599853515625000e-01
9.644470214843750000e-01
8.632812500000000000e-01
9.702758789062500000e-01
9.644470214843750000e-01
9.976348876953125000e-01
6.232299804687500000e-01
9.976654052734375000e-01
6.320037841796875000e-01
8.829650878906250000e-01
7.486724853515625000e-01
9.850616455078125000e-01
9.618072509765625000e-01
6.666870117187500000e-01
9.900665283203125000e-01
7.210845947265625000e-01
9.269256591796875000e-01
9.695129394531250000e-01
9.257049560546875000e-01
9.958648681640625000e-01
9.529724121093750000e-01
9.976348876953125000e-01
8.719024658203125000e-01
9.952850341796875000e-01
9.223175048828125000e-01
9.423522949218750000e-01
9.542083740234375000e-01
9.695129394531250000e-01
9.759063720703125000e-01
9.919128417968750000e-01
9.445037841796875000e-01
9.169006347656250000e-01
9.813385009765625000e-01
9.673767089843750000e-01
8.422851562500000000e-01
9.866485595703125000e-01
4.296875000000000000e-01
9.809112548828125000e-01
9.556732177734375000e-01
9.554443359375000000e-01
4.777221679687500000e-01
9.683990478515625000e-01
9.745941162109375000e-01
9.611206054687500000e-01
9.733428955078125000e-01
9.649810791015625000e-01
5.032958984375000000e-01
9.888763427734375000e-01
9.340515136718750000e-01
8.028411865234375000e-01
9.894866943359375000e-01
9.249420166015625000e-01
9.151153564453125000e-01
9.036712646484375000e-01
9.040527343750000000e-01
6.158294677734375000e-01
9.198150634765625000e-01
9.721832275390625000e-01
4.530487060546875000e-01
8.752441406250000000e-01
9.062805175781250000e-01
8.982086181640625000e-01
9.884643554687500000e-01
9.769744873046875000e-01
9.833526611328125000e-01
9.701232910156250000e-01
9.693756103515625000e-01
9.854125976562500000e-01
9.933624267578125000e-01
9.315490722656250000e-01
9.726104736328125000e-01
9.459991455078125000e-01
9.946746826171875000e-01
9.381103515625000000e-01
9.725799560546875000e-01
9.924926757812500000e-01
9.210510253906250000e-01
9.799652099609375000e-01
4.681701660156250000e-01
9.794921875000000000e-01
9.383697509765625000e-01
9.788970947265625000e-01
9.891967773437500000e-01
8.926696777343750000e-01
9.755096435546875000e-01
9.877471923828125000e-01
9.842224121093750000e-01
9.946441650390625000e-01
9.953460693359375000e-01
9.860076904296875000e-01
9.974212646484375000e-01
9.934082031250000000e-01
9.968719482421875000e-01
9.987487792968750000e-01
9.978332519531250000e-01
9.912719726562500000e-01
9.967193603515625000e-01
9.968261718750000000e-01
9.424285888671875000e-01
9.731445312500000000e-01
9.990539550781250000e-01
9.965972900390625000e-01
9.958953857421875000e-01
9.971466064453125000e-01
9.670257568359375000e-01
9.937133789062500000e-01
9.264221191406250000e-01
9.667663574218750000e-01
9.939422607421875000e-01
9.855194091796875000e-01
9.900207519531250000e-01
9.856719970703125000e-01
9.972076416015625000e-01
9.979248046875000000e-01
9.947204589843750000e-01
9.947052001953125000e-01
9.974670410156250000e-01
9.476165771484375000e-01
9.526824951171875000e-01
9.685821533203125000e-01
8.483886718750000000e-01
9.980773925781250000e-01
9.938659667968750000e-01
9.812622070312500000e-01
9.692230224609375000e-01
9.924621582031250000e-01
9.936981201171875000e-01
9.590911865234375000e-01
9.947357177734375000e-01
9.963378906250000000e-01
9.977416992187500000e-01
9.848785400390625000e-01
9.419097900390625000e-01
8.929595947265625000e-01
9.946289062500000000e-01
9.909973144531250000e-01
9.948577880859375000e-01
9.769287109375000000e-01
9.955749511718750000e-01
9.953155517578125000e-01
9.935607910156250000e-01
9.985046386718750000e-01
9.975585937500000000e-01
9.987945556640625000e-01
9.813537597656250000e-01
9.916229248046875000e-01
9.967346191406250000e-01
9.874877929687500000e-01
9.985809326171875000e-01
7.308654785156250000e-01
9.207153320312500000e-01
9.969940185546875000e-01
9.955596923828125000e-01
9.904327392578125000e-01
9.668884277343750000e-01
9.905853271484375000e-01
9.947509765625000000e-01
9.292297363281250000e-01
9.922790527343750000e-01
9.980163574218750000e-01
9.958801269531250000e-01
9.898986816406250000e-01
9.980316162109375000e-01
9.844360351562500000e-01
9.527587890625000000e-01
9.987030029296875000e-01
9.981536865234375000e-01
9.842834472656250000e-01
9.914703369140625000e-01
9.814147949218750000e-01
9.473266601562500000e-01
9.414672851562500000e-01
9.963684082031250000e-01
9.982910156250000000e-01
9.975585937500000000e-01
9.523468017578125000e-01
9.768981933593750000e-01
9.692382812500000000e-01
9.874267578125000000e-01
8.515777587890625000e-01
6.983337402343750000e-01
7.720947265625000000e-01
9.868621826171875000e-01
9.940032958984375000e-01
9.931182861328125000e-01
9.916839599609375000e-01
9.956817626953125000e-01
9.937438964843750000e-01
9.835357666015625000e-01
9.981842041015625000e-01
9.968109130859375000e-01
9.985504150390625000e-01
9.945526123046875000e-01
9.983825683593750000e-01
9.986724853515625000e-01
9.601593017578125000e-01
9.993133544921875000e-01
9.886169433593750000e-01
9.800109863281250000e-01
9.980926513671875000e-01
9.970245361328125000e-01
8.362426757812500000e-01
9.985504150390625000e-01
9.179077148437500000e-01
9.981079101562500000e-01
9.924774169921875000e-01
9.984741210937500000e-01
9.968719482421875000e-01
9.989166259765625000e-01
9.662170410156250000e-01
9.459381103515625000e-01
9.988403320312500000e-01
9.883575439453125000e-01
9.965820312500000000e-01
9.632568359375000000e-01
