7.112749838813668957e-01
9.122065727699530946e-01
7.979659690983766929e-01
8.341381667438424463e-01
7.636057339843079772e-01
1.465139116202945901e-01
3.011292346298619638e-01
8.821716801173881128e-01
6.270722214213636514e-01
8.967653131452167914e-01
5.501596593932942536e-01
6.720384124840572682e-01
8.922317188983855951e-01
5.526376499538603326e-01
4.987639959284571600e-01
2.872143082146232373e-01
2.947359389077180425e-01
8.369763895348207861e-01
8.805456965394853341e-01
9.784987017533622877e-01
6.063930487124098434e-01
6.491438870531691663e-01
6.583582788604476210e-01
7.741812642802742284e-01
7.347828161531977376e-01
9.310272094494832507e-01
9.021034008256340053e-01
7.676545598452203523e-01
7.273952462631707583e-01
8.764760514793684676e-01
3.454743465634075306e-01
8.578332264904581228e-01
6.175667156965749527e-01
9.576808216184719003e-01
2.160789844851904173e-01
9.634311512415349998e-01
6.365476022401054257e-01
6.091443313745162902e-01
8.616909732151367685e-02
3.843560350640593537e-01
3.274111141481466092e-01
7.429176595181360421e-01
8.342706300929645380e-01
5.071456160679799208e-01
8.717156105100463126e-01
8.351184897576650057e-01
9.663682555044761369e-01
9.579579579579579063e-01
9.681714546283629597e-01
9.927611168562563981e-02
9.424434605719755886e-01
9.074664964901084652e-01
9.497447978013349168e-01
9.127411100905392649e-01
6.324084244710826974e-01
5.775142731664471007e-01
9.120982986767486311e-01
1.927882898964655353e-02
6.927954960249945726e-01
7.715907958960055435e-01
8.582638548307993664e-01
8.651966925582560419e-01
9.029687188683004351e-01
5.399312575818843163e-01
6.573588654047789470e-01
7.112504353883664088e-01
7.578920242236825144e-01
6.947368421052632081e-01
8.456838273530941086e-01
1.300705467372134105e-01
8.614302461899179253e-01
7.726014760147601468e-01
4.659085634718032054e-01
5.530317490615257459e-01
9.571757988360601876e-01
9.483495145631067880e-01
5.635431083611495140e-01
8.738812042310821759e-01
7.192249823440906020e-01
8.609475239309493100e-01
8.928896162938716463e-01
3.970495258166490959e-01
8.079701294622605445e-01
9.546867331915589450e-01
7.662921348314606362e-01
9.733451799200355525e-01
6.783509261103365384e-01
7.595459236326109753e-01
8.024620434961017290e-01
9.288778505305937960e-01
9.181288229044022309e-01
6.349760397562562719e-01
8.635124298315958180e-01
9.434512951477562748e-01
3.947315368590820772e-01
7.844891871737509348e-01
9.303940237293101267e-01
8.918822206318371970e-01
8.070048745260877121e-01
1.611529121382220542e-01
9.322147651006711389e-01
7.525179856115108423e-01
9.131426202321725194e-01
9.255291754647988478e-01
8.613284804367606906e-01
9.548104956268221866e-01
9.381145170618855333e-01
7.452408769156758650e-01
2.639004149377593422e-01
9.017857142857143016e-01
9.715742011370319675e-01
2.955047899778924236e-01
8.789992418498863147e-01
4.016139626536548990e-01
1.562949043881949884e-01
6.299634591961023045e-01
8.206359721762173098e-01
9.203848067672913968e-01
8.670575438410315083e-01
3.709834469328140427e-01
9.626242544731610229e-01
8.072024593763724720e-01
9.211689207980964245e-01
9.429689108503190864e-01
9.139344262295081567e-01
8.472622478386167000e-01
8.155406272731162698e-01
9.526438734338500414e-01
8.889865812556260183e-01
9.426052889324192385e-01
4.735163304730670708e-01
8.647788335775855595e-01
8.727635434199862985e-01
9.167596397180876044e-01
9.525588345162495640e-01
6.139404015858805908e-01
6.089438629876308129e-01
8.573863636363636687e-01
6.405942757264583287e-01
9.315143246930422949e-01
9.560621076973901955e-01
2.728072103759067724e-01
7.153764925676224795e-01
7.495213784301212323e-01
9.804976081972317792e-02
5.699507800116793144e-01
7.724937862468931327e-01
7.339878202435951016e-01
0.000000000000000000e+00
4.391202962827488454e-01
4.194376080012567343e-01
9.681790186819955180e-01
7.507901907356948623e-01
6.923076923076922906e-01
4.121469927921541099e-01
9.570397294159220802e-01
9.079406631762653168e-01
7.493694742385188512e-01
5.092762881941083064e-01
8.685105753586747079e-01
8.244654400795624616e-01
7.990188257817485429e-01
7.046102140717469542e-01
4.952771563509818509e-01
8.406267915153831094e-01
2.763843916360243513e-01
6.066325155028309268e-01
6.739260668851534408e-01
7.842315369261476654e-01
9.394661582459484794e-01
8.121296619031020958e-01
4.025778732545650107e-01
8.925480261769052071e-01
7.817090833850610654e-01
6.702197441784191190e-01
8.646834221457643244e-01
8.745135292495326285e-01
9.258419582717266616e-01
9.687080053753119868e-01
4.839923939617369886e-01
2.079470198675496817e-01
8.018372703412073310e-01
8.184110182734982697e-01
5.885779099353177085e-02
9.567664364287541412e-01
9.367282375752628010e-01
9.358635599327408405e-01
9.362662154540327131e-02
9.244165591650053138e-01
8.714543486106098857e-01
8.649410470592279188e-01
5.901136799080342055e-01
7.660257635411490407e-01
5.854855673717423992e-01
9.167866881073900576e-01
4.961795027289266358e-01
6.380655748685488682e-01
9.542690150856962816e-01
8.555527447508222139e-01
8.613602391629296973e-01
9.025625633136982184e-01
8.618668899120971449e-01
6.386138613861386260e-01
8.731790916880891595e-01
9.491128222296618677e-01
8.471499949016009223e-01
7.850019519466231444e-01
9.012847617498780384e-01
9.036906137429484565e-01
8.872024836150396165e-01
9.141353165596175501e-01
8.730140717203812573e-01
9.174619119370500675e-01
4.327660761612498463e-01
8.068292682926829773e-01
9.516485629145439162e-01
9.602663078121680407e-01
9.792328235653641189e-01
9.339799571864284555e-01
9.356945285520221756e-01
8.844227477334686283e-01
9.563946781511958317e-01
1.795377677564825303e-01
9.301872693100247114e-01
9.665649196827379441e-01
8.436743341404357999e-01
6.713179211257612744e-01
9.292387683808595034e-01
4.877451346466924464e-01
7.460059572163553199e-01
9.575694855115316484e-01
3.564595414005239382e-01
9.655399576503803649e-01
8.963640789907061368e-01
9.693483485916444264e-01
8.814085322961062730e-01
9.751646308733619151e-01
9.705688375927452594e-01
9.658361839883722322e-01
9.820504668034800710e-01
8.993702608919161845e-01
6.529352021125329752e-01
8.708190002195711488e-01
8.860545441462186478e-01
9.665910576294645118e-01
9.572864321608040017e-01
8.104292560950198121e-01
6.933623281969385488e-01
8.899473829963998606e-01
4.151714500415276676e-01
9.428770463253222101e-01
9.613655761024182400e-01
8.922004824443848792e-01
9.681056788778428235e-01
9.572415097909374726e-01
9.576786203120722929e-01
9.116307550996977094e-01
9.798373983739837589e-01
4.818402815572729314e-01
9.336841925396852648e-01
6.415275581327242183e-01
8.940405150753768515e-01
8.802287277021567657e-01
9.782950032326590550e-01
9.509105428808543037e-01
8.732836570663093934e-01
8.280813721579577402e-01
9.335727109515260524e-01
9.460624670450668017e-01
5.372834384065604540e-01
8.206562104067456342e-01
8.684431977559606830e-01
9.635011017300434411e-01
9.425829915654260205e-01
8.531385474196805374e-01
9.573884245387163094e-01
7.971410179574259791e-01
9.711621371315427576e-01
9.517050089737314478e-01
9.563385986229242519e-01
6.590490232215260313e-01
7.915168943206326579e-01
9.004329004329004738e-01
9.723373971161581863e-01
9.453443258971871987e-01
8.224674022066198464e-01
9.477366255144032969e-01
9.310480177940598789e-01
9.842481166226396683e-01
9.211835389883067382e-01
9.298330011683045848e-01
7.350040968553103182e-01
9.343741730616564878e-01
9.045847625489153998e-01
9.372840880109434281e-01
8.364310405290316108e-01
9.704720707165694904e-01
9.478689679464600282e-01
8.049548848786558519e-01
9.206891614565932969e-01
9.692451420029895015e-01
8.870934135895358619e-01
9.731342204223315528e-01
8.494798346871882400e-01
9.602160299834718860e-01
9.821218074656188346e-01
9.548861131520940404e-01
8.769075176986178555e-01
9.734017732151190039e-01
9.634519709146575073e-01
8.401043757527097977e-01
9.304123711340206437e-01
8.257451328208834651e-01
7.650665234017002270e-01
9.159657772621809801e-01
9.352006244013197911e-01
9.486232109520846834e-01
9.660891780767234538e-01
8.621750457291724734e-01
5.170468245165645849e-01
9.726710083354159764e-01
8.303162713275072937e-01
9.680589680589680723e-01
7.223278594065111191e-01
9.682468021068472153e-01
8.619768477292965025e-01
6.316894018887723172e-01
8.796555435952637669e-01
9.591197560372537456e-01
9.859713327233913249e-01
9.227013832384052261e-01
9.711625467182479765e-01
5.267427884615384359e-01
9.566608347913021504e-01
9.593217016271319286e-01
9.167403803626713588e-01
8.874267998622115128e-01
9.413840532392292459e-01
8.101656381942189400e-01
7.947386840877275205e-01
9.719854425864800085e-01
8.422740244332574955e-01
9.319565151561033378e-01
9.409655055561046977e-01
9.744370891266005419e-01
5.434189118385130968e-01
9.625211710621823791e-01
9.612915141177876821e-01
9.640152993521192704e-01
9.173883161512027540e-01
9.628290134619248430e-01
9.629561960443977497e-01
8.273605033811882725e-01
8.959150120146704976e-01
9.741231822070145485e-01
9.757632565613283404e-01
9.374268558116133354e-01
8.770916334661355007e-01
9.827077951679076273e-01
9.363175366067246763e-01
8.739288829596182362e-01
7.210959617324526061e-01
9.640906647047171596e-01
8.569064059792588228e-01
7.281960436964866057e-01
9.485992893149326477e-01
9.703793664189703794e-01
8.480168480168480682e-01
9.238637044134379028e-01
7.836352960912598142e-01
9.596800680048684917e-01
9.580327360173764850e-01
9.598093202925946921e-01
9.324760663909816838e-01
9.119994374714340823e-01
9.482114255205552622e-01
9.631733898042456055e-01
6.961596825026263868e-01
9.660565845121773521e-01
9.663648124191461797e-01
8.711167571313084279e-01
9.326842334633659304e-01
9.500986024179027822e-01
7.730849624984630353e-01
9.640536487837387813e-01
9.151541657555215536e-01
8.686428363847719103e-01
9.238290195638559910e-01
7.631777514282634955e-01
9.283792294040189574e-01
9.755407889155944812e-01
6.991345378383908571e-01
9.089477827341905236e-01
7.916469463252552297e-01
7.849024233326185040e-01
6.480824604598756089e-01
9.573473561203622584e-01
9.427023337173087159e-01
3.379103136495100190e-01
9.737729802664867318e-01
5.035097904681479913e-02
8.426233619662675256e-01
9.848210057982149657e-01
9.544294408935232177e-01
9.590547496490406942e-01
8.763715617014879999e-01
9.670368411775075446e-01
9.334100975958546931e-01
9.167832167832168366e-01
7.340860904294660427e-01
9.275443406255244883e-01
8.582358436012632597e-01
8.207370393504059836e-01
8.647214854111405780e-01
9.747064604562147849e-01
9.218454607618358221e-01
9.072949585532520400e-01
9.745551375797794069e-01
9.195494770716009514e-01
5.717486994797918998e-01
9.295659295659295385e-01
2.062290818393058833e-01
9.572483167031718976e-01
6.150190114068441183e-01
9.215814000100215342e-01
8.604211322657924488e-02
9.613265817149853065e-01
9.760635963537421800e-01
7.105635225207028727e-01
8.963156012059890765e-01
9.535325398835148292e-01
4.919438148542177314e-01
9.761514871825408557e-01
7.730729601099063375e-01
8.346741255971682483e-01
9.349502208249120816e-01
8.668360200375110347e-01
9.184804808309505741e-01
7.245812548160766031e-01
7.758513931888545434e-01
6.102930951902724166e-01
8.486185467165263674e-01
7.825995807127882342e-01
5.597360227258630916e-01
7.670115675885600393e-01
8.864628017011249028e-01
9.245244634320007870e-01
9.113061435209086625e-01
9.357448107448107510e-01
8.678461994662449719e-01
9.541485693816326163e-01
9.795440971530957608e-01
9.216811414392059865e-01
9.668371073776479419e-01
9.353779118485000543e-01
9.408493779106137378e-01
8.288141794381885807e-01
9.169756569401902313e-01
8.953762911952779513e-01
9.020552660045235704e-01
9.561398082276523214e-01
8.590747536625538139e-01
7.933730947647448239e-01
2.427917863602510884e-01
8.994699487916629765e-01
9.426236754695057618e-01
9.738560846963840723e-01
9.732533854342113600e-01
9.218702789807634579e-01
9.433640274469371478e-01
9.831426570161102552e-01
9.399201700274739668e-01
8.800954464108172726e-01
9.517282479141835339e-01
5.867486338797813783e-01
8.830670926517572017e-01
6.235138705416116700e-01
9.650155871146518516e-01
9.197860962566845044e-01
7.154882154882155065e-01
8.603904126513466366e-01
9.260780287474332795e-01
9.186500888099466966e-01
2.339181286549707472e-01
7.156848828956706710e-01
9.587301587301587658e-01
9.532293986636971583e-01
1.917808219178082085e-01
8.719689621726479656e-01
7.223214285714285587e-01
8.866527434972469868e-01
8.155427147849555469e-01
8.105164903546981936e-01
9.703460657463010008e-01
5.499181669394435090e-01
9.627547434996486242e-01
8.531720499292240190e-01
9.651946622644105300e-01
9.203539823008849430e-01
8.631795928884308244e-01
8.307597282273008199e-01
9.248041775456918856e-01
2.745670009115770416e-01
8.703334506078730382e-01
7.263195520076254352e-01
5.266869062775437760e-01
9.646215853112405370e-01
9.742713567839196287e-01
9.661209784463687944e-01
9.348397851453973395e-01
8.855157278712508795e-01
8.581488933601609803e-01
7.950381679389313394e-01
9.176145096833692172e-01
9.364640883977900510e-01
9.663292708118157437e-01
8.628391167192428490e-01
8.701621791843804354e-01
9.438775510204081010e-02
9.477234401349072801e-01
7.690481841917873318e-01
9.009460211463550250e-01
7.276381909547738891e-01
8.547875713379835538e-01
9.584703947368421462e-01
8.352180936995153848e-01
9.442970822281167020e-01
9.627136198860694050e-01
9.042145593869731490e-01
8.323154398371370721e-01
9.431426602343211396e-01
9.768421052631578450e-01
8.514664143803216678e-01
9.007131102578167514e-01
1.893401242014028374e-01
8.615004413062665733e-01
9.708788351534061167e-01
8.792486583184258020e-01
8.755105127817274235e-01
7.829650748396294047e-01
8.096234309623431269e-01
9.130214490795474092e-01
6.043437204910292460e-01
9.079044935488654877e-01
7.835870284579748990e-01
8.769086942972889043e-01
7.435158501440922718e-01
9.597156398104265129e-01
8.475471698113207220e-01
8.870772629253668162e-01
9.450146627565982893e-01
9.292989814260036452e-01
6.556997219647822117e-01
9.475119291070210892e-01
7.760474601408973161e-01
5.722877631274577714e-01
8.397216652907182333e-01
9.339984650805832622e-01
5.820512820512820928e-01
9.272875816993464415e-01
7.790507364975449711e-01
8.083850014762326008e-01
8.950502419054707781e-01
9.460405306421421079e-01
2.735690978040391519e-01
6.153456176269864741e-01
7.518949992369131086e-02
9.428763852323517325e-01
9.149338374291114961e-01
8.581011351909184626e-01
9.311873870914764151e-01
8.702702702702702631e-01
8.250637935922880972e-01
7.900641025641025328e-01
9.252640129975630012e-01
9.403149029659465530e-01
9.445482866043614090e-01
9.695230556105284281e-01
9.166666666666666297e-01
9.687586397567043983e-01
8.308430901876255881e-01
8.324439701173959039e-01
9.210398837397061333e-01
9.585082664968005428e-01
8.915492957746479208e-01
9.620658949243099389e-01
2.000158868853761096e-01
9.118058796080261708e-01
4.444444444444444198e-01
8.301075268817204034e-01
7.370689655172413257e-01
9.264705882352941568e-01
8.126272912423625483e-01
8.823529411764705621e-01
7.196806214933103574e-01
6.941286403986918208e-01
9.514563106796116720e-01
5.562500000000000222e-01
8.994082840236686804e-01
7.360372960372960627e-01
