5.617143391871237679e-01
8.629252188890483843e-01
7.220956719817767100e-01
7.003867445211192644e-01
6.244664986887437097e-01
7.984302533000356417e-02
2.992614475627769499e-01
8.656560376372189891e-01
5.469512195121951637e-01
7.959536396909312472e-01
3.870997940460587650e-01
5.107513621381645219e-01
7.415243751546647388e-01
4.046445045331636958e-01
3.615652847733436537e-01
2.547882033545316172e-01
1.690010248401737358e-01
7.138728862538918918e-01
8.275021927687360446e-01
9.541759053954176339e-01
4.125562157964130505e-01
4.854403901033441660e-01
4.970217397877422782e-01
5.828832571665973905e-01
5.701392534813369828e-01
8.576807228915662717e-01
7.815254237288135064e-01
6.169889064976228354e-01
5.852337514253135309e-01
7.026969632618390582e-01
2.239937589897364745e-01
7.309243697478992052e-01
4.703959869271110428e-01
8.976206662134602610e-01
2.109777660735111526e-01
8.674033149171270773e-01
4.743405275779376540e-01
4.709135736656226978e-01
1.128598465982667554e-01
1.783200375410605443e-01
2.054895750857746173e-01
7.172818791946308226e-01
6.856180144641682572e-01
4.076326002587322139e-01
8.173728813559322237e-01
7.466237572553301449e-01
9.190518783542039882e-01
8.494897959183673741e-01
9.615791328868522614e-01
6.609625668449198299e-01
8.875413450937155169e-01
8.545269582909460482e-01
9.262518591968269543e-01
8.735521235521235273e-01
5.193231669103822723e-01
5.783466995681677547e-01
8.353941267387944292e-01
1.665783617675108477e-02
5.328688563439025749e-01
6.943238462775366271e-01
8.346219931271477988e-01
7.368086458995549703e-01
6.512863534675614741e-01
3.933111277275508355e-01
5.080558980682284842e-01
5.400474558397047042e-01
6.502310185504448503e-01
6.141765704584041252e-01
8.100011262529563938e-01
2.244753595850035310e-01
6.788183532369579387e-01
7.818250093879083318e-01
3.309184528798946312e-01
3.701793820794217482e-01
8.993302212299574272e-01
7.270615563298490347e-01
3.568777067436584849e-01
9.218106995884773891e-01
5.768502313538395043e-01
7.647996034556011624e-01
8.804418453541260625e-01
3.240324032403240073e-01
6.981760785689231641e-01
9.310765477279658864e-01
7.446300715990453734e-01
9.291014014839241719e-01
5.721414942022603478e-01
6.712530712530712096e-01
7.147752192982456121e-01
9.055118110236219930e-01
8.520181741335587366e-01
4.943849343469246538e-01
8.092012418854078737e-01
9.383561643835616195e-01
2.557366145660126544e-01
7.341513292433538007e-01
8.671489641565274242e-01
7.907260249232436200e-01
7.678571428571429047e-01
2.365447066464602677e-01
8.485549132947977080e-01
7.502876869965477979e-01
8.518024032042723626e-01
8.724536260365239881e-01
7.930980514907269852e-01
7.930832356389214688e-01
9.007613546862693887e-01
5.970272653781142358e-01
1.484000408066106780e-01
8.895300906842539268e-01
9.530325443786982209e-01
1.606731443453871533e-01
7.779917822290703944e-01
3.885306310456010936e-01
1.372901678657074409e-01
4.298866855524079433e-01
7.389293721973093643e-01
8.622791293213828423e-01
7.795054327463469823e-01
6.707755521314843206e-01
9.139668826493880793e-01
8.213235294117646745e-01
8.442683020905654701e-01
8.938547486033519007e-01
8.838383838383838675e-01
5.924170616113744181e-01
7.339979771709290723e-01
9.549441786283892064e-01
8.108892238131122365e-01
9.313868613138686081e-01
3.612337394784860822e-01
7.520142245929877234e-01
7.716059029715791606e-01
8.193126962157782911e-01
9.401384083044982409e-01
4.501734701409906281e-01
6.865671641791044610e-01
8.593826555609994644e-01
5.074466945248045091e-01
9.032414126753749439e-01
9.352941176470588314e-01
1.640066183021509361e-01
5.919064179576352114e-01
6.085790884718498273e-01
5.471835213091966188e-02
3.506668045073916828e-01
6.667116630669546185e-01
6.097581179589132150e-01
3.530732528767892009e-01
2.802172405823896706e-01
2.855639592239395119e-01
9.558139534883720589e-01
6.206400418555981791e-01
7.759562841530054378e-01
3.560859543460480059e-01
9.272797229703731992e-01
8.964299725382502970e-01
6.170109032887155509e-01
3.692047963291632540e-01
8.537784679089026607e-01
8.183974696889826372e-01
6.784291594741733711e-01
6.304568527918781307e-01
4.048856977799785151e-01
7.396410734866363246e-01
2.769759450171821458e-01
6.357603337125521392e-01
5.400478341748604638e-01
6.505706760316066761e-01
9.095217578629900546e-01
8.085714285714286076e-01
3.162990855298547510e-01
6.845078798691643929e-01
6.641939393939394476e-01
5.744234800838574628e-01
7.781802054845147198e-01
7.923110433456763690e-01
8.697271228862706316e-01
9.291814946619216808e-01
3.562515915457091786e-01
1.806356245380635606e-01
7.222340652312939646e-01
7.198547812907546417e-01
9.371150626954297125e-02
8.662656177695511328e-01
8.978755835000475916e-01
8.990630323679726921e-01
6.901559978483055857e-02
8.618175927425887339e-01
8.618770554009612672e-01
7.649142995578704918e-01
4.848704475448450957e-01
6.490304194287838113e-01
4.559608296198492394e-01
8.434732784665068817e-01
3.604322929268489184e-01
5.295068318722758738e-01
9.328146042196617804e-01
8.681657848324515481e-01
8.732394366197182567e-01
8.489395076041738042e-01
8.206634416033171675e-01
8.795180722891565717e-01
8.890577507598784734e-01
8.667262969588550581e-01
7.329323797139142282e-01
6.579629899460877063e-01
8.706195475380748006e-01
8.748457171068871885e-01
8.753709198813056647e-01
8.367138154968418728e-01
7.786125475656161532e-01
8.896201017050553439e-01
3.422188598638244983e-01
7.655325443786982209e-01
9.016947108135817679e-01
9.482851741830947701e-01
9.459890253462241994e-01
8.693465544300185144e-01
8.823747451658738861e-01
7.895275456251066304e-01
9.426025996786914218e-01
2.561542034370645760e-01
8.747354161374989445e-01
9.242649923233804410e-01
7.965678427354805358e-01
5.363604426488670640e-01
8.613525858258435086e-01
3.420262367630788614e-01
6.131659314557176277e-01
9.172805330080232578e-01
2.350813095493946570e-01
9.353601752944399328e-01
8.268225729821041536e-01
9.471044713086628208e-01
7.971368327599600567e-01
9.549281314168377444e-01
9.373635533679990361e-01
9.373178675504256763e-01
9.648874816238832697e-01
7.788174486476852065e-01
4.977682610531395380e-01
8.019185895773917050e-01
8.047008684983695259e-01
9.391946804580716401e-01
9.243139670156709231e-01
6.799366559626973672e-01
5.292555269119599837e-01
8.068769196194471860e-01
2.627847590887709139e-01
8.516009852216748222e-01
9.439160380452606969e-01
8.229156603226741584e-01
9.356157919572170023e-01
9.299080534121887398e-01
9.362750235824337519e-01
8.528585475488130729e-01
9.601494396014943478e-01
3.329668753883657795e-01
8.726726918532239363e-01
4.713969111434309633e-01
8.192322688122496421e-01
8.108288028403417558e-01
9.464380413646809043e-01
9.128095696080789079e-01
7.763805155897474108e-01
7.310245064669843584e-01
8.935501355013549807e-01
9.032744252024351717e-01
3.841363414742254290e-01
7.100837223086612360e-01
8.841584158415841666e-01
9.299357674104123950e-01
8.797955805081695280e-01
7.765120132560066057e-01
9.241427614349229103e-01
6.825349927983158649e-01
9.454590325765054315e-01
9.186165872660753129e-01
9.140919366993217610e-01
4.880494253776276881e-01
6.768727705112961290e-01
8.511670903628379969e-01
9.510481109976575143e-01
8.901705115346038033e-01
7.463218212792318562e-01
9.201561737432893961e-01
8.887539470488219351e-01
9.667517549457562698e-01
8.510482094787502616e-01
8.793383484356299684e-01
6.099347806664879856e-01
8.953201970443349644e-01
8.293166497775036339e-01
8.750000000000000000e-01
7.194124448631750157e-01
9.527795469020107211e-01
9.002117112465145565e-01
6.788641686182669277e-01
8.804724869463613768e-01
9.456782059655998163e-01
8.071788046416836782e-01
9.486503584985238602e-01
7.468661745032948440e-01
9.148179013040834695e-01
9.626765941198930365e-01
9.312987736900780744e-01
7.830385015608740673e-01
9.576388888888889284e-01
9.473684210526315264e-01
7.324611497594573084e-01
8.834214186369958588e-01
7.054084296904140627e-01
6.000355320930941261e-01
8.605630977061459186e-01
8.389853137516688486e-01
8.923705466744129566e-01
9.077254050701605292e-01
7.417942572029545545e-01
3.549037460978147762e-01
9.500129128525925948e-01
7.319220848527973056e-01
9.395369048358060970e-01
5.678044593037703258e-01
9.392469225199131522e-01
7.684626276175572368e-01
8.296059637912672757e-01
8.047805702866804856e-01
9.215927099841521031e-01
9.670111287758346164e-01
9.292828685258963661e-01
9.476870975190496704e-01
4.189271874362635040e-01
9.124881740775780958e-01
9.282847835324111729e-01
8.150387855534240167e-01
8.049170251997541659e-01
8.981226134917267290e-01
7.015149447249897641e-01
6.741518656535836485e-01
9.533626949172717691e-01
7.428286631963673114e-01
8.699224098585121023e-01
8.797431094460796963e-01
9.610951334948708569e-01
4.122302158273381534e-01
9.219139469331656400e-01
8.931867763047490749e-01
9.344237807155126863e-01
8.743511836941384452e-01
9.187116564417178166e-01
9.215446444172636919e-01
7.032570476836715878e-01
8.131358806240108761e-01
9.493945979509469391e-01
9.411312043093497115e-01
9.063236324269248190e-01
7.829255287635523697e-01
9.661723542373891194e-01
8.871412169919632440e-01
7.899545454545454648e-01
5.896900921072718571e-01
9.278788539056541662e-01
7.558894285325223894e-01
5.955984771102238451e-01
8.994417769449974953e-01
9.464837324988967238e-01
7.369888071077043135e-01
8.406948559116617092e-01
5.809758450777023908e-01
9.213558314130677607e-01
9.141807494489345709e-01
9.175257731958762486e-01
8.692479167772411142e-01
8.629376049605994581e-01
9.079173838209982916e-01
9.470652497765418287e-01
5.451078142831401463e-01
9.321658402785103492e-01
9.289417333483601658e-01
7.962148337595907899e-01
8.693475387511515606e-01
9.022556390977443108e-01
6.471914616425314959e-01
9.335608189482135222e-01
8.794283413848631437e-01
8.006502395619439216e-01
8.440817178853583513e-01
6.604497123932369096e-01
8.759450537748908472e-01
9.581984897518878164e-01
5.427407407407407458e-01
9.266890273119310351e-01
6.141280000000000072e-01
6.622186990795789763e-01
4.915730337078651480e-01
9.100844966936076919e-01
8.983099049321524587e-01
2.619272874712799126e-01
9.469134795726983356e-01
2.543186180422265033e-02
7.405601603553821910e-01
9.645285564649279664e-01
8.981295505900075415e-01
9.401237295625276547e-01
7.938599424787640135e-01
9.484193011647255034e-01
8.535823915166735887e-01
9.008344030808729253e-01
6.034120121523720570e-01
8.683807134894091506e-01
7.661679912731805819e-01
7.355043685464655034e-01
7.950415368639667246e-01
9.469999999999999529e-01
8.643264818890588064e-01
8.343018833480391194e-01
9.497823766116448851e-01
8.292741355905134393e-01
4.208225932982180839e-01
9.047567214542288072e-01
1.105823001689550944e-01
8.260325406758447508e-01
5.015442690459849251e-01
8.640849003909886195e-01
1.082510486413255923e-01
9.262017603249830255e-01
9.587799866313470032e-01
6.008771929824561209e-01
8.382257616445967230e-01
9.078202193035305179e-01
3.327183650042022656e-01
9.577097111033762156e-01
6.543229624890026797e-01
7.189437278402540654e-01
9.031487208321619109e-01
7.938822543473705862e-01
8.495347830790869192e-01
5.985118290511319827e-01
6.466025965267240272e-01
4.401752162408556490e-01
7.545080818462113204e-01
6.860685379714137611e-01
3.821851462451955617e-01
6.321094312455003417e-01
7.969049666027379075e-01
8.418632215242384254e-01
8.598442714126807163e-01
8.919596191021693654e-01
8.099303135888501481e-01
9.163819610522719872e-01
9.508738434425025865e-01
8.638952164009111589e-01
9.394572025052192465e-01
8.586017777217423985e-01
8.836681788723266262e-01
7.543214161749393076e-01
8.973529411764705754e-01
8.192916016930273937e-01
8.391226499552372209e-01
9.418989135569201254e-01
7.462854901191585677e-01
7.120614035087718952e-01
1.554640174460867330e-01
7.956825782912739786e-01
9.017394477557474364e-01
9.487834685034995941e-01
9.537526944934352491e-01
8.357424748382877855e-01
8.934475204142601212e-01
9.632813571722529389e-01
8.995336183443450873e-01
8.772298006295907724e-01
8.407310704960835324e-01
5.567907201546641316e-01
9.033733562035448639e-01
5.858101629913710084e-01
8.723536737235367822e-01
8.916776750330250856e-01
8.143790849673202548e-01
7.803379416282641978e-01
8.746355685131195212e-01
8.748495788206979151e-01
1.939756462294381645e-01
6.109637488947833317e-01
9.397473275024295081e-01
8.894397620228061685e-01
4.215053763440860246e-01
8.518225039619651273e-01
6.230594802023373679e-01
8.594815825375170526e-01
7.182752979668146631e-01
7.151451739471619273e-01
9.525403466826061205e-01
5.723298783235691856e-01
9.410066750856936890e-01
7.895090786819098927e-01
9.520565889441969798e-01
9.058171745152354681e-01
8.445642407906558402e-01
8.166930797675646669e-01
9.199614271938283405e-01
2.745139475908706661e-01
7.854424686916211540e-01
6.277345868739829804e-01
3.574754267977237610e-01
8.997613365155131548e-01
9.242224316682374763e-01
9.261974878297974945e-01
8.622267759562841638e-01
8.378733180177223572e-01
8.180616740088105798e-01
4.408759124087591186e-01
9.038193476442709651e-01
9.221789883268483035e-01
9.427022841656987895e-01
7.911045531197301584e-01
7.890040458903729848e-01
2.093101893597835994e-01
8.010175240248728068e-01
7.729896113889958009e-01
8.435468895078922502e-01
5.872235872235872511e-01
8.395130049806308614e-01
9.395312192239511084e-01
8.055299539170507339e-01
9.515091538842157526e-01
9.242782773308092503e-01
9.220138203356367246e-01
7.759442610927759221e-01
8.355795148247978643e-01
9.166991047100039314e-01
6.451752488100389593e-01
9.092682926829268597e-01
1.074790001012043278e-01
7.059921914785265429e-01
9.062797335870599325e-01
8.851617995264403627e-01
8.369734789391575225e-01
6.822840409956075769e-01
7.832806462943449066e-01
8.931345138241689741e-01
5.520571759706394133e-01
8.633540372670807095e-01
8.622881355932203729e-01
8.584163607760880721e-01
7.239366138448707355e-01
9.582794307891332464e-01
7.773411918795023468e-01
7.418494121570916588e-01
9.423728813559322237e-01
9.336258913878222598e-01
6.449500172354361016e-01
7.979761474521142040e-01
6.635359116022099268e-01
4.406999351911859986e-01
7.400555668496306971e-01
8.445460483344219282e-01
7.989228007181328195e-01
8.862828713574981698e-01
6.360988114658587822e-01
7.500412745583622254e-01
7.889005235602094546e-01
8.768862991184820377e-01
1.497377622377622508e-01
4.431926998253816197e-01
2.108210926767409843e-01
9.023920190454597368e-01
7.326530612244898100e-01
8.018453427065026506e-01
8.459146169069833299e-01
8.365106874638936763e-01
8.096564531104920581e-01
7.141721854304635686e-01
9.140794223826714804e-01
9.285714285714286031e-01
8.971861471861471982e-01
9.326542161856253843e-01
9.066079295154184647e-01
9.546165884194053319e-01
7.814879906268307197e-01
9.211908931698774561e-01
8.888060813832165952e-01
9.271655732236183667e-01
8.606465997770345044e-01
9.346733668341709045e-01
1.067831876820640874e-01
9.207011686143572460e-01
2.219812002892263270e-01
8.495145631067960723e-01
7.663507109004739082e-01
9.009900990099010132e-01
8.264182895850973321e-01
9.070680628272251855e-01
6.268329681442778023e-01
5.774597495527727942e-01
9.487870619946091599e-01
5.281385281385281294e-01
8.911035488575596020e-01
6.447329595750959097e-01
