8.857574462890625000e-01
9.913177490234375000e-01
9.599304199218750000e-01
9.208221435546875000e-01
9.810943603515625000e-01
9.896240234375000000e-01
9.404602050781250000e-01
9.766845703125000000e-01
9.213867187500000000e-01
9.911041259765625000e-01
9.797058105468750000e-01
9.254608154296875000e-01
9.748229980468750000e-01
9.910736083984375000e-01
9.851989746093750000e-01
9.180297851562500000e-01
9.798126220703125000e-01
9.930572509765625000e-01
9.824676513671875000e-01
9.752197265625000000e-01
9.673614501953125000e-01
9.253997802734375000e-01
9.491424560546875000e-01
9.536437988281250000e-01
9.790496826171875000e-01
9.675903320312500000e-01
9.787902832031250000e-01
8.517150878906250000e-01
8.506317138671875000e-01
9.859619140625000000e-01
9.416656494140625000e-01
9.594268798828125000e-01
9.774017333984375000e-01
9.724121093750000000e-01
9.925231933593750000e-01
9.648590087890625000e-01
9.739227294921875000e-01
9.362640380859375000e-01
9.254455566406250000e-01
9.617614746093750000e-01
9.800109863281250000e-01
9.710388183593750000e-01
9.807586669921875000e-01
9.485473632812500000e-01
9.794616699218750000e-01
9.806365966796875000e-01
9.501037597656250000e-01
9.881896972656250000e-01
9.236450195312500000e-01
9.499816894531250000e-01
9.656372070312500000e-01
9.692382812500000000e-01
9.447937011718750000e-01
9.566955566406250000e-01
9.932556152343750000e-01
9.809722900390625000e-01
8.665618896484375000e-01
8.940887451171875000e-01
9.610595703125000000e-01
9.871215820312500000e-01
9.595489501953125000e-01
9.323730468750000000e-01
9.590759277343750000e-01
9.694366455078125000e-01
9.889984130859375000e-01
8.828430175781250000e-01
9.558258056640625000e-01
9.419097900390625000e-01
8.648529052734375000e-01
9.720001220703125000e-01
9.834136962890625000e-01
9.960937500000000000e-01
9.765014648437500000e-01
9.251098632812500000e-01
9.905548095703125000e-01
9.890136718750000000e-01
9.773101806640625000e-01
9.912872314453125000e-01
9.872131347656250000e-01
9.897003173828125000e-01
9.707031250000000000e-01
9.822845458984375000e-01
9.544219970703125000e-01
9.123535156250000000e-01
9.918823242187500000e-01
9.949951171875000000e-01
9.971771240234375000e-01
9.797515869140625000e-01
8.857879638671875000e-01
9.869842529296875000e-01
9.844665527343750000e-01
9.960021972656250000e-01
9.884338378906250000e-01
9.971008300781250000e-01
9.986572265625000000e-01
9.977264404296875000e-01
9.971313476562500000e-01
9.916839599609375000e-01
9.976348876953125000e-01
9.910125732421875000e-01
9.688262939453125000e-01
9.985809326171875000e-01
9.969482421875000000e-01
9.970092773437500000e-01
9.881439208984375000e-01
9.944610595703125000e-01
9.967193603515625000e-01
9.829559326171875000e-01
9.329223632812500000e-01
9.894104003906250000e-01
9.879455566406250000e-01
9.968872070312500000e-01
9.914550781250000000e-01
9.944763183593750000e-01
9.560546875000000000e-01
9.951629638671875000e-01
9.960784912109375000e-01
9.008331298828125000e-01
9.929351806640625000e-01
9.617614746093750000e-01
9.933624267578125000e-01
9.833831787109375000e-01
9.710998535156250000e-01
9.798126220703125000e-01
9.451141357421875000e-01
9.713287353515625000e-01
8.641510009765625000e-01
9.968109130859375000e-01
9.123687744140625000e-01
9.777526855468750000e-01
9.687957763671875000e-01
9.849853515625000000e-01
9.941711425781250000e-01
9.740447998046875000e-01
9.046936035156250000e-01
9.671325683593750000e-01
9.818115234375000000e-01
9.885559082031250000e-01
9.904327392578125000e-01
9.328460693359375000e-01
9.911804199218750000e-01
9.929962158203125000e-01
9.644927978515625000e-01
9.600677490234375000e-01
9.641723632812500000e-01
9.803314208984375000e-01
9.942474365234375000e-01
9.721679687500000000e-01
9.581298828125000000e-01
9.780426025390625000e-01
9.735870361328125000e-01
9.489593505859375000e-01
9.640197753906250000e-01
9.724731445312500000e-01
9.890289306640625000e-01
9.911956787109375000e-01
9.844207763671875000e-01
9.871368408203125000e-01
9.560089111328125000e-01
9.568634033203125000e-01
9.310455322265625000e-01
9.105224609375000000e-01
9.927368164062500000e-01
9.886322021484375000e-01
9.962463378906250000e-01
9.909210205078125000e-01
9.588165283203125000e-01
9.635009765625000000e-01
9.867248535156250000e-01
9.758148193359375000e-01
9.915008544921875000e-01
9.946441650390625000e-01
8.136901855468750000e-01
8.871002197265625000e-01
9.873809814453125000e-01
9.696044921875000000e-01
9.727325439453125000e-01
9.831237792968750000e-01
9.592285156250000000e-01
8.782043457031250000e-01
9.653167724609375000e-01
9.426422119140625000e-01
9.684753417968750000e-01
9.969329833984375000e-01
9.769744873046875000e-01
9.858398437500000000e-01
9.830474853515625000e-01
9.913482666015625000e-01
9.863433837890625000e-01
9.919433593750000000e-01
9.664154052734375000e-01
9.799957275390625000e-01
9.953765869140625000e-01
9.575042724609375000e-01
9.299774169921875000e-01
9.141235351562500000e-01
