4.418036789842096912e-01
9.518928153942990411e-01
7.761024182076813327e-01
5.163912218910864382e-01
6.640726329442282472e-01
8.743941841680129556e-01
8.125558651874441596e-01
7.859320046893317757e-01
6.901864319005696080e-01
6.785856177989669780e-01
8.577017114914425866e-01
8.936645407846738332e-01
8.477316182861115434e-01
9.085453672587614493e-01
7.426962337205209597e-01
0.000000000000000000e+00
9.064095292115711411e-01
9.043351901186728048e-01
8.969613497460617868e-01
9.011869893633420725e-01
7.530998477267782931e-01
8.169810524538970720e-01
4.592123769338959383e-01
6.030411670169365523e-01
8.631553631553631201e-01
8.068342041967322409e-01
9.448667798361503056e-01
4.881003481661658761e-01
6.205874046879412687e-01
8.318808429725875753e-01
8.014959387600070206e-01
7.981392511248379673e-01
7.986200948684777368e-01
9.149459934689776475e-01
8.684782608695652550e-01
8.420611646418098006e-01
8.782036209734305210e-01
8.427106297325792639e-01
3.267957526545908764e-01
8.317847320300304492e-01
8.716641440293156906e-01
8.568016502008468649e-01
8.629240230113073284e-01
7.529923830250272176e-02
9.035222052067380938e-01
8.195370258150527221e-01
8.720868644067796271e-01
9.215635516438001051e-01
7.742876491118403370e-01
9.189458856673318188e-01
9.392138189222029032e-01
9.059281059491276489e-01
8.843007100957085420e-01
9.060447326847925753e-01
9.131474103585657254e-01
9.249384526740348500e-01
4.012898131087128117e-01
2.690930787589498885e-01
8.999183165428449316e-01
7.520924671183738530e-01
9.169695628812541965e-01
8.457588560285992374e-01
8.966284987277354235e-01
9.415986490289895983e-01
9.077765607886090216e-01
7.003523502511432852e-01
4.790636333663039759e-01
5.165298944900351685e-01
4.689852063327277221e-01
9.354935719118863124e-01
8.890849508444668148e-01
8.924026224450443134e-01
8.514976542764345346e-01
8.756287759827535710e-01
9.700073152889538974e-01
8.491597489370318330e-01
7.641453245979750175e-01
9.660731472569779044e-01
9.637268847795164017e-01
9.118172081399500417e-01
8.897860886811163050e-01
9.475389912902572043e-01
7.445609641571451220e-01
6.480803307737743602e-01
9.288489883424896343e-01
9.365628604382929545e-01
9.360393603936039142e-01
8.623853211009174791e-01
6.022666524109910879e-01
9.691139643041698504e-01
7.926225820962663482e-01
9.762258543833580715e-01
9.445952418968545095e-01
9.810305394860756589e-01
9.770920991117344467e-01
9.666315419740076909e-01
8.634959851760345417e-01
9.704001894387875859e-01
9.692629065950462142e-01
8.341257263602747107e-01
5.867237687366166909e-01
9.268292682926829729e-01
9.598214285714286031e-01
9.782686141788385914e-01
9.107859078590785362e-01
9.666291713535808405e-01
9.259705811429949085e-01
9.078014184397162900e-01
8.604061688807451702e-01
9.683529411764706385e-01
8.757328757328757263e-01
9.493451939708426046e-01
8.878311258278145379e-01
8.565965583173996700e-01
8.944606881083029259e-01
9.680039379768643482e-01
9.454727363681840746e-01
9.248139861595295885e-01
9.658258119262516095e-01
7.483951128598053115e-01
9.751166407465007291e-01
9.611813512445673835e-01
6.492753623188405321e-01
9.285677866721052665e-01
7.944920440636474845e-01
8.660045836516424567e-01
6.630769775762513918e-01
8.911917098445595320e-01
8.644643786547470121e-01
9.232603696448343777e-01
5.808702037818982422e-01
8.772283888328288315e-01
9.250000000000000444e-01
8.491649730493947557e-01
7.916488222698072619e-01
6.843725065542003438e-01
6.073354908306364264e-01
5.897897897897897979e-01
8.238509316770186164e-01
4.883516483516483486e-01
7.675804529201429860e-01
9.561752988047809154e-01
6.947560657448473842e-01
9.256388559823996998e-01
8.885168763007872395e-01
9.541674435950028288e-01
9.177648040033361543e-01
7.894915638093080723e-01
4.130763416477702399e-01
7.609774723176785383e-01
2.675409836065573699e-01
8.630946518270461443e-01
6.046885035324341962e-01
5.535613073871150647e-01
8.818443804034582501e-01
9.240032111319239627e-01
7.485059760956175312e-01
3.768939393939393923e-01
3.129445234708392448e-02
8.418762746430998867e-01
7.202190248733034705e-01
8.298970542105112980e-01
9.487750556792873269e-01
9.247146619841967174e-01
8.635578583765112226e-01
7.563078888534014999e-01
8.400124908920578726e-01
9.186585139892532448e-01
9.603782619104620499e-01
9.696546913149634017e-01
7.239863214460185992e-01
9.708392603129445408e-01
6.590253061682033175e-01
3.094971232160202979e-01
7.884494664155681232e-01
7.840126009056901379e-01
9.005040134403584640e-01
9.268259008698053192e-01
8.857440786533591348e-01
4.969796123835892310e-01
7.310915224725215156e-01
9.177701017079255008e-01
9.257768835233624038e-01
9.496959646213377626e-01
8.973552537526804374e-01
8.781985670419651946e-01
9.191936021326224671e-01
9.475098160777020162e-01
9.451223177255514418e-01
9.713328936019077764e-01
9.315367559269998043e-01
9.402133465641280274e-01
9.309119621002763800e-01
8.816199376947040367e-01
8.732540658739921247e-01
8.143618070625370242e-01
