4.382081488707135764e-01
9.503100165924373011e-01
7.664532194948416866e-01
5.569123046708223113e-01
6.859315589353611742e-01
8.659305993690851189e-01
7.988659793814433252e-01
8.266787658802178251e-01
6.743774491214764577e-01
7.876138433515482706e-01
8.760946525060555601e-01
8.806178059092353294e-01
8.625687156421789625e-01
9.330893286057417857e-01
6.983830845771143991e-01
0.000000000000000000e+00
8.945396572339577856e-01
8.930166940982835477e-01
9.033885478853106443e-01
8.771558245083207472e-01
7.742480211081794739e-01
8.008310587851875662e-01
4.705321683876091954e-01
6.495154591601292049e-01
8.435684174547112280e-01
8.275414095485547072e-01
9.488142583591103740e-01
5.579110181057228557e-01
6.657561375354252853e-01
8.713646532438478198e-01
7.843402719016190350e-01
8.042405948612235678e-01
8.012347335928062808e-01
9.118478790833739467e-01
8.751274209989806652e-01
8.459840834615127703e-01
8.157412398921832786e-01
8.080511005928036061e-01
4.257169722614010388e-01
8.205128205128204844e-01
8.982445238465123216e-01
8.111066878980891515e-01
7.817206162368011135e-01
3.837719298245614308e-01
9.074277854195322845e-01
8.512135068589518072e-01
8.595481487844687241e-01
9.342060523631418034e-01
7.500249775202317837e-01
9.054459443867544088e-01
9.271951377214535661e-01
8.957816377171216038e-01
8.634820013583880405e-01
8.850174216027874019e-01
8.462073764787751973e-01
9.353919486036993414e-01
4.375844105730272160e-01
3.367415193502150128e-01
9.037417018708508998e-01
8.448529411764705843e-01
9.165118256542689190e-01
8.580306233583189224e-01
8.951442646023927141e-01
9.306080027715225578e-01
8.549587608127137139e-01
7.157349129951869893e-01
5.427262675722634988e-01
5.696846388606306988e-01
4.499782649195802064e-01
9.326432478067760989e-01
8.696486389255306815e-01
9.070442992011619188e-01
8.653610771113831035e-01
8.698005093378607944e-01
9.116093102955875604e-01
8.700361010830325315e-01
6.349128406579916950e-01
9.310303176712163564e-01
9.579317269076305097e-01
9.202975557917109084e-01
8.666481455757744090e-01
9.423449371803148678e-01
7.711987744159325420e-01
6.649556696220252361e-01
9.297411516111991903e-01
9.086350974930361701e-01
9.454759799587385549e-01
8.687827548699693647e-01
6.196453071802429102e-01
9.661467635035917434e-01
7.737777777777777866e-01
9.615948402228086112e-01
9.398030495552731622e-01
9.746599093091491417e-01
9.593345656192237003e-01
9.485319516407599849e-01
8.864734299516908722e-01
9.677724557980013076e-01
9.538002980625931437e-01
8.507727387889536530e-01
4.014063873425139373e-01
9.233305853256389417e-01
9.465811965811965489e-01
9.652605459057072013e-01
9.153502560191741910e-01
9.552790439817666623e-01
9.496840627194008677e-01
9.016465615919697640e-01
8.668363019508057432e-01
9.581826946252108845e-01
8.891383665450462992e-01
9.497784342688331272e-01
8.873692679002413986e-01
8.920047732696897436e-01
8.846615939126952766e-01
9.612611511670536846e-01
9.361807797367767137e-01
9.147303095110015381e-01
9.645074741280184050e-01
6.115933044017358711e-01
9.717843938509437285e-01
9.469582582436315565e-01
7.496695744118424543e-01
9.329617430960223112e-01
7.851126112671007462e-01
8.589868667917448519e-01
6.975780427324297372e-01
9.283018867924528461e-01
8.187241564344559519e-01
8.847613025608599413e-01
6.402814423922603693e-01
8.898096304591265326e-01
9.183760683760683330e-01
8.511680811969550842e-01
7.821112118886486275e-01
7.705581593523647133e-01
5.446906035141328983e-01
6.169560776302349669e-01
8.550959094060549548e-01
5.295563869588455486e-01
7.221153846153846034e-01
9.532157782081337460e-01
6.998581194376370940e-01
9.121369817021991455e-01
8.955516014234875533e-01
9.521653616358035643e-01
9.383886255924170916e-01
8.034482758620690168e-01
5.456953642384105851e-01
7.355265576180849418e-01
5.128060793695468078e-01
8.402655078554033263e-01
6.403294691885296208e-01
6.935100237852531713e-01
8.989742869186454488e-01
9.249382073630805223e-01
7.710248934738730409e-01
7.110044566335276262e-01
2.858558335397572425e-01
8.759489227258765442e-01
7.433990119811481057e-01
8.340220775544863185e-01
9.602006688963210523e-01
9.198666236420350861e-01
8.235294117647058432e-01
8.224410623694419220e-01
8.625553801497173323e-01
8.949125735875581578e-01
9.482758620689655249e-01
9.405052362899291030e-01
7.678199249687369665e-01
9.588462891311994030e-01
6.595471782288645501e-01
5.163103876577106455e-01
8.337688442211055317e-01
6.544066620402497758e-01
8.905493967048447868e-01
9.239130434782608647e-01
8.725798760133524068e-01
5.571951625429935051e-01
7.593435680254102538e-01
9.104082751388326011e-01
9.246370467644269286e-01
9.635539437896645243e-01
8.927429099438481952e-01
8.707880813143971110e-01
9.090015562290113538e-01
9.415524172765694644e-01
9.469440986424803031e-01
9.735629881834568788e-01
9.265133050649394519e-01
9.346428037289994384e-01
9.617182564750473839e-01
8.666251616301900995e-01
8.754714933109006836e-01
8.191400475608971998e-01
