9.173336439422933308e-01
9.937230810323528507e-01
9.872967736500716240e-01
9.383897162770818978e-01
9.884111679909550752e-01
9.894517433046993160e-01
9.339145204339838191e-01
9.977355746186012952e-01
9.144200262454111883e-01
9.999843439324910266e-01
9.948837986958702917e-01
8.978792409915127282e-01
9.877349125965307897e-01
9.978034947382224962e-01
9.853386553186201935e-01
9.722060629564992507e-01
9.784448933932179404e-01
9.974425359939378399e-01
9.970602645761881266e-01
9.784819504310344751e-01
9.963634543847065261e-01
9.214171743545112037e-01
9.766618950348221473e-01
9.945674815444349726e-01
9.838415725583362637e-01
9.995029565515468617e-01
9.806596013314458071e-01
1.000000000000000000e+00
1.000000000000000000e+00
9.939875872769589060e-01
9.378007637901802918e-01
9.741427577665043858e-01
9.848252729354469714e-01
9.723200715243629499e-01
9.946286378414034290e-01
9.895322552599548072e-01
9.779790214346211208e-01
9.263886930776822348e-01
1.000000000000000000e+00
9.606531542859059192e-01
9.997605118204523356e-01
9.724253901913406661e-01
9.810332827132371980e-01
1.000000000000000000e+00
9.934623611398606391e-01
9.990279425332806440e-01
9.575111306546474355e-01
9.921986171797834153e-01
9.371686108165429019e-01
9.416558809254166329e-01
9.562363238512034957e-01
9.646367840751226552e-01
9.429126503773443968e-01
9.530436063099380073e-01
9.931435501173836444e-01
9.962681858335286078e-01
1.000000000000000000e+00
1.000000000000000000e+00
9.818846857252863103e-01
9.997596500504735140e-01
9.860258267202512972e-01
9.950156412930135641e-01
9.605904886480426397e-01
9.634814715101632787e-01
9.892069302868684577e-01
9.997925397286420157e-01
1.000000000000000000e+00
1.000000000000000000e+00
8.578589098905363697e-01
9.660352339458230242e-01
9.878674679226896460e-01
9.983939875884866311e-01
9.956496079588567083e-01
9.920383951198725736e-01
9.936893282032294161e-01
9.949143084894380706e-01
9.769143355282616792e-01
9.960880833238252574e-01
9.877509356924123463e-01
1.000000000000000000e+00
9.917893936251123144e-01
9.882071225378992185e-01
1.000000000000000000e+00
1.000000000000000000e+00
9.954182654168083344e-01
9.965359415655663522e-01
9.983555722608532523e-01
9.979479137122740928e-01
9.747101422085475697e-01
9.972462777271345891e-01
9.979017310718657496e-01
9.959355470946390509e-01
9.876503850864976064e-01
9.971391165203898899e-01
9.988214496169711687e-01
9.986739262703006048e-01
9.999690479138293453e-01
9.982252367815284133e-01
9.982314458321595030e-01
9.970530297060908875e-01
9.684970162372207314e-01
9.987224086445217752e-01
9.977240264326860952e-01
9.974512958567628429e-01
9.979894528675016252e-01
9.947742542763478024e-01
9.997156847259516255e-01
9.815115201271186196e-01
9.983159600093794994e-01
9.960780880679330762e-01
9.982653805625354426e-01
9.981580604534004975e-01
9.949278808051988943e-01
9.989959681847419004e-01
9.966014636877981170e-01
9.960668313613314506e-01
9.983149871655564445e-01
9.881074012015202968e-01
9.964570866742384903e-01
9.629226596013121808e-01
9.975584838357777206e-01
9.865517738678972748e-01
9.984073034169088645e-01
9.995093941926809222e-01
9.766974192524122689e-01
9.744667967435914901e-01
9.677116380030055254e-01
9.986263307420936153e-01
9.934230067467221259e-01
9.828574309675467413e-01
9.999837851861460569e-01
9.982368256269980034e-01
9.939892089735903324e-01
9.919761808639483425e-01
9.134779800129193550e-01
1.000000000000000000e+00
9.816114650664116148e-01
9.932833973009780326e-01
9.939316562637916519e-01
1.000000000000000000e+00
9.923648784408277690e-01
9.956974712340509459e-01
9.989431968295905406e-01
9.578309744306598983e-01
9.964360744297718897e-01
9.806045580242204185e-01
9.998394812032489476e-01
9.874072001185204561e-01
9.944539318532975569e-01
9.773510663413866872e-01
1.000000000000000000e+00
9.460302273250765781e-01
9.972895746591557975e-01
9.997245089777662130e-01
9.985900656348756232e-01
9.938173696306606963e-01
9.960820392430562720e-01
9.973990160132869542e-01
1.000000000000000000e+00
9.994124225250667903e-01
9.975642810050545650e-01
9.943136560757589448e-01
9.981826136707838693e-01
9.970836354049956718e-01
9.962438423645320063e-01
9.995911242510496786e-01
9.995220061036144132e-01
9.642935178441369715e-01
9.861533912014890380e-01
9.730727018128145778e-01
9.972600180589719088e-01
9.956326184733720330e-01
9.961353816610657441e-01
9.993360873413986711e-01
9.998244101778246407e-01
9.767449228527073091e-01
9.696631528345294182e-01
9.814307820497559787e-01
9.840435276444509105e-01
9.781220325097287338e-01
9.952303920751129906e-01
9.288325933664142164e-01
9.757578085981021276e-01
9.997288460004785104e-01
9.763466675683900586e-01
9.936323232323232002e-01
9.827899911529537347e-01
9.914482215255322473e-01
9.954841770483737751e-01
9.964493628679055304e-01
9.812129267760429929e-01
9.999088522677556101e-01
9.990729295426452605e-01
9.513206143380985580e-01
9.306807326494164201e-01
9.336249901021458353e-01
