9.681854248046875000e-01
9.924011230468750000e-01
9.671478271484375000e-01
8.476562500000000000e-01
8.857574462890625000e-01
9.646148681640625000e-01
9.503631591796875000e-01
9.790649414062500000e-01
9.359283447265625000e-01
9.674987792968750000e-01
8.592681884765625000e-01
9.500274658203125000e-01
9.629058837890625000e-01
9.784393310546875000e-01
5.443878173828125000e-01
9.887390136718750000e-01
7.281799316406250000e-01
9.776153564453125000e-01
9.587707519531250000e-01
9.239959716796875000e-01
7.878265380859375000e-01
9.472045898437500000e-01
7.862854003906250000e-01
8.117523193359375000e-01
7.687835693359375000e-01
9.597015380859375000e-01
9.798889160156250000e-01
9.878692626953125000e-01
6.900329589843750000e-01
9.923858642578125000e-01
9.202728271484375000e-01
8.324737548828125000e-01
9.452972412109375000e-01
8.505554199218750000e-01
9.102020263671875000e-01
7.025451660156250000e-01
7.319488525390625000e-01
5.767822265625000000e-01
9.114227294921875000e-01
9.836883544921875000e-01
9.848632812500000000e-01
9.568481445312500000e-01
3.678283691406250000e-01
8.921813964843750000e-01
9.626464843750000000e-01
9.895629882812500000e-01
9.233856201171875000e-01
9.864196777343750000e-01
9.859466552734375000e-01
9.735565185546875000e-01
7.907867431640625000e-01
9.916687011718750000e-01
9.872283935546875000e-01
9.945983886718750000e-01
9.815216064453125000e-01
9.950408935546875000e-01
9.720001220703125000e-01
9.511871337890625000e-01
9.558105468750000000e-01
9.913787841796875000e-01
9.969024658203125000e-01
9.926300048828125000e-01
6.842498779296875000e-01
9.980773925781250000e-01
9.833831787109375000e-01
9.947967529296875000e-01
9.704437255859375000e-01
9.783477783203125000e-01
9.912567138671875000e-01
9.782257080078125000e-01
9.350891113281250000e-01
9.447784423828125000e-01
9.895172119140625000e-01
9.937286376953125000e-01
9.784240722656250000e-01
9.851226806640625000e-01
9.820251464843750000e-01
9.927825927734375000e-01
9.966430664062500000e-01
9.427947998046875000e-01
9.939270019531250000e-01
9.461517333984375000e-01
9.856567382812500000e-01
9.893035888671875000e-01
9.904632568359375000e-01
9.827270507812500000e-01
8.971557617187500000e-01
9.747009277343750000e-01
9.642028808593750000e-01
8.475189208984375000e-01
9.775085449218750000e-01
9.614868164062500000e-01
9.580230712890625000e-01
9.120941162109375000e-01
9.719085693359375000e-01
9.326019287109375000e-01
9.685668945312500000e-01
9.426574707031250000e-01
9.937438964843750000e-01
3.623657226562500000e-01
6.905670166015625000e-01
9.779815673828125000e-01
9.543609619140625000e-01
9.783935546875000000e-01
9.670867919921875000e-01
9.220733642578125000e-01
7.208404541015625000e-01
9.799957275390625000e-01
9.053497314453125000e-01
9.608154296875000000e-01
9.600067138671875000e-01
8.555908203125000000e-01
8.338470458984375000e-01
5.470275878906250000e-01
8.906860351562500000e-01
9.090576171875000000e-01
9.471893310546875000e-01
9.698944091796875000e-01
9.825897216796875000e-01
9.645233154296875000e-01
9.831237792968750000e-01
9.430084228515625000e-01
9.492187500000000000e-01
9.277801513671875000e-01
8.919982910156250000e-01
7.448883056640625000e-01
6.677551269531250000e-01
8.179321289062500000e-01
9.724731445312500000e-01
9.772491455078125000e-01
9.125823974609375000e-01
9.234008789062500000e-01
8.759613037109375000e-01
9.450988769531250000e-01
9.577789306640625000e-01
9.699096679687500000e-01
9.267730712890625000e-01
8.965911865234375000e-01
9.031982421875000000e-01
8.693847656250000000e-01
9.715881347656250000e-01
7.980194091796875000e-01
5.798034667968750000e-01
9.796752929687500000e-01
9.821624755859375000e-01
9.391784667968750000e-01
9.743652343750000000e-01
9.729309082031250000e-01
8.603363037109375000e-01
5.097961425781250000e-01
8.877868652343750000e-01
9.783935546875000000e-01
7.942199707031250000e-01
8.242797851562500000e-01
9.431762695312500000e-01
9.792480468750000000e-01
9.846496582031250000e-01
9.193572998046875000e-01
7.106170654296875000e-01
8.655700683593750000e-01
9.735870361328125000e-01
9.518127441406250000e-01
7.667083740234375000e-01
9.613647460937500000e-01
9.572753906250000000e-01
9.852752685546875000e-01
8.710021972656250000e-01
9.941406250000000000e-01
9.946136474609375000e-01
9.553833007812500000e-01
8.726806640625000000e-01
9.852600097656250000e-01
9.478149414062500000e-01
9.957885742187500000e-01
9.949645996093750000e-01
8.590698242187500000e-01
8.178863525390625000e-01
9.788055419921875000e-01
8.876953125000000000e-01
9.796295166015625000e-01
9.791564941406250000e-01
7.399597167968750000e-01
9.492340087890625000e-01
9.595489501953125000e-01
8.833007812500000000e-01
9.645233154296875000e-01
9.975433349609375000e-01
9.737548828125000000e-01
9.866943359375000000e-01
9.732971191406250000e-01
9.886474609375000000e-01
9.615936279296875000e-01
9.930114746093750000e-01
9.021606445312500000e-01
8.691864013671875000e-01
9.967651367187500000e-01
