9.783156833081190218e-01
8.359486447931526731e-01
7.801316000641951298e-01
5.236549386546999196e-01
6.335185726820707908e-01
4.546424759871931509e-01
9.984579799537394162e-01
7.882915173237753370e-01
9.926613425426289439e-01
7.971814892401447583e-01
1.000000000000000000e+00
7.780794865465316956e-01
6.646676661669165265e-01
5.249810749432248791e-01
9.946136088820489718e-01
8.587741785131670635e-01
1.000000000000000000e+00
6.356042808666144683e-01
9.504000000000000226e-01
5.916566385880465129e-01
1.000000000000000000e+00
0.000000000000000000e+00
1.667057994834468190e-02
2.053604098060739236e-01
2.726155358898721959e-01
7.103109656301145325e-01
9.915359207266721819e-01
9.704861111111111605e-01
1.000000000000000000e+00
9.961464354527937992e-01
9.833068362480127389e-01
9.995997598559135389e-01
5.682583219049993639e-01
1.563264592799720465e-01
1.000000000000000000e+00
1.000000000000000000e+00
0.000000000000000000e+00
7.454513949055623367e-01
8.190743338008414920e-01
4.608695652173913082e-01
6.668260038240917398e-01
8.596975865077057799e-01
1.000000000000000000e+00
9.928362960997612063e-01
1.000000000000000000e+00
1.000000000000000000e+00
1.064856172949794483e-01
9.827746260959256963e-01
7.985564304461941765e-01
8.243102550754815017e-01
1.000000000000000000e+00
9.635869565217390909e-01
9.889607917776931378e-01
1.000000000000000000e+00
9.996632429701970413e-01
9.978183801472593206e-01
9.933333333333332904e-01
9.749478079331941327e-01
8.793478260869564966e-01
9.841196244349136313e-01
9.549330085261875656e-01
9.053339740509370737e-01
1.000000000000000000e+00
8.017543859649123306e-01
4.039408866995073955e-01
9.978252990213845042e-01
7.654448105436573169e-01
6.533945890760591846e-01
7.457322551662174392e-01
1.000000000000000000e+00
9.174765100671140594e-01
1.000000000000000000e+00
8.647104648143338901e-01
9.578373015873016261e-01
7.105478331970563888e-01
8.499721137757947353e-01
9.944723252600189412e-01
9.922654690618762929e-01
9.429975429975430146e-01
9.888231426692964954e-01
9.834988540870893692e-01
4.152444076222038261e-01
8.030538302277432372e-01
9.950515463917525283e-01
1.000000000000000000e+00
9.106438896189225085e-01
9.133467679429545516e-01
8.769074262461851177e-01
9.630177514792899185e-01
9.885950975941897312e-01
0.000000000000000000e+00
9.954896206934028546e-01
1.000000000000000000e+00
8.304269392663859994e-01
6.816276632902549260e-01
9.763474214811942442e-01
6.624036727332349717e-01
9.938189845474613149e-01
7.615317667536988244e-01
1.000000000000000000e+00
1.000000000000000000e+00
9.635036496350365409e-01
5.493934142114385022e-01
9.848632812500000000e-01
6.561102164966898798e-01
5.424691833590138401e-01
1.000000000000000000e+00
8.244979193052288657e-01
7.302792748652621180e-01
6.428869420108468402e-01
9.689337958075705526e-01
7.476340694006309295e-01
4.426758112396355638e-01
1.000000000000000000e+00
3.169536609267814553e-01
8.940427467030468422e-01
7.880851063829786840e-01
8.856518572469045392e-01
9.517426273458444719e-01
7.356092698729130852e-01
8.193236714975845603e-01
9.103730664240218262e-01
6.803046140062715130e-01
8.851707151350433067e-01
0.000000000000000000e+00
1.000000000000000000e+00
7.025862068965517127e-01
1.293532338308457652e-01
8.277366472765732563e-01
7.402892561983470676e-01
9.757232819202336094e-01
8.063070825435120215e-01
6.431442608307279540e-01
9.467304823470910069e-01
9.869704570791527631e-01
9.897335332795016427e-01
8.401366211262912831e-01
9.340708359354090717e-01
1.000000000000000000e+00
9.988968560397132324e-01
9.716009939652112681e-01
5.348649085908429024e-01
4.489578902594640319e-01
6.974110032362459410e-01
9.995471014492753881e-01
9.844348047971421822e-01
7.243296921549156053e-01
8.846726929571868681e-01
2.469745616201531324e-01
9.489831092726646045e-01
7.488043558237068575e-01
9.939238887112248344e-01
6.762123872373917433e-01
5.248493119526896900e-01
7.380417602528908105e-01
9.580347247875877770e-01
5.397779833487511558e-01
8.528325833621783758e-01
7.804032083243008788e-01
0.000000000000000000e+00
6.608837083220384656e-01
9.632041424760708903e-01
1.000000000000000000e+00
5.829983922829582443e-01
9.971487632760710484e-01
9.326734293193716940e-01
9.897717731470879743e-01
8.823347745521926688e-01
8.320493066255778558e-01
7.769700233351283236e-01
9.881311228334589414e-01
9.604919865821841540e-01
9.950354609929078498e-01
8.748079877112134861e-01
9.925695110258868636e-01
6.236806835315797937e-01
1.237623762376237639e-03
1.000000000000000000e+00
1.000000000000000000e+00
9.812071330589848817e-01
9.989597265566948492e-01
9.359817351598173074e-01
9.048102121903796036e-01
6.411268616544051335e-01
6.293649172963038385e-01
9.560023742395014068e-01
9.542414642731432695e-01
9.805946791862284462e-01
9.500136574706364856e-01
9.907621247113164165e-01
9.993496639930631309e-01
7.161739130434782163e-01
9.750323286581119575e-01
9.407759931257849706e-01
9.168539325842696153e-01
9.619940769990128482e-01
