6.312419974391805244e-01
5.777239709443099391e-01
6.796155928532755519e-01
5.299258977769333301e-01
2.089028094153378978e-01
2.573184538250040676e-01
2.543273013375295100e-01
6.345603662025557368e-01
4.417008294403660940e-01
8.001333079413445182e-01
3.141076115485564313e-01
4.311241498866515420e-01
3.469104373987502710e-01
5.622369212266987715e-01
2.360254936788214464e-01
8.169257340241796728e-01
1.757333700592204895e-01
6.127486220944164952e-01
5.063111615373705465e-01
1.910687128439098603e-01
1.007287259050305556e-01
1.946175637393767754e-01
8.584144645340750779e-02
1.611874226938350418e-01
2.977813293221773239e-01
5.999729802756011976e-01
7.006083429895713088e-01
2.362592288761279635e-01
9.570927408473509090e-02
9.149487572152197323e-01
6.284829721362229504e-01
4.401479785078833973e-01
5.454245853015489143e-01
2.594839440265307995e-01
5.285049447353111773e-01
4.675471393603571890e-01
0.000000000000000000e+00
1.186865482233502578e-01
7.696189755235932628e-02
2.290036515388628180e-01
5.846774193548387455e-01
6.503533947312057917e-01
2.001822017644802609e-02
3.251618472162278728e-01
3.489259184902629984e-01
5.948428117273047988e-01
1.827036599763872393e-01
9.056245850327231395e-01
8.048993875765528827e-01
7.843067426400759379e-01
4.603455414612112606e-01
9.607239122063919723e-01
4.613628380751668145e-01
8.963815789473684736e-01
8.206972883231875571e-01
9.036233670199654844e-01
3.448160535117056891e-01
2.598030105928266220e-01
1.869682042095835162e-01
9.078051892811569434e-01
8.079218665219750628e-01
7.924679487179486781e-01
3.309338615392047600e-02
7.721311475409835534e-01
4.221736755871108859e-01
8.593358395989975085e-01
6.114660390047074179e-01
6.127828898284009007e-01
7.343336275375110800e-01
7.570604761200651067e-01
7.535775239595641217e-01
6.502702702702702897e-01
8.282656288007783640e-01
8.035714285714286031e-01
5.171460176991150570e-01
4.865355521936459704e-01
9.024823862513992045e-01
8.671328671328670801e-01
8.505385996409335903e-01
9.068839676315252341e-01
9.322349570200573199e-01
4.009086636377878765e-01
7.747332686711929650e-01
8.551724137931034919e-01
7.549157303370787053e-01
8.300513698630136439e-01
6.279299927075736587e-01
8.400991633095754585e-01
5.535162468395917745e-01
6.209959335093101496e-01
3.868471953578336581e-03
8.446110676664060346e-01
4.688461200456982003e-01
1.738527483610690927e-01
7.564873689637394705e-01
7.790815205449351799e-01
7.089869281045751981e-01
4.988437396762471221e-01
5.065939063210550541e-01
8.279301745635909981e-02
2.141393442622950838e-01
4.215237716331808326e-01
5.499243570347958077e-01
7.584571214579952647e-01
6.427378964941569128e-01
5.036206287530907710e-01
1.470356768100734568e-01
7.719432147763700680e-01
2.697661966803497902e-01
6.533166458072591221e-01
8.168933881683011489e-01
5.452664024658741004e-01
5.196693708862697436e-01
1.049856733524355268e-01
2.595818815331010221e-01
4.621874520631998884e-01
3.800468513159707684e-01
8.072278133577309722e-01
4.829319925906324640e-01
7.305867376461058216e-01
7.235163054486529743e-01
5.893302066539645168e-01
5.768943170488534111e-01
4.750312109862671606e-01
4.573170731707316798e-03
2.075681961335336112e-01
7.297521021217269477e-02
5.199828104856037830e-02
7.634961439588688892e-01
6.848972296693476292e-01
5.582341729768711680e-01
4.423200073186350778e-01
3.360230187026959636e-01
7.467959819882230565e-01
8.077644517705905303e-01
7.874130991584339379e-01
6.362922230950510682e-01
5.927740355174525577e-01
1.138979878334113183e-01
3.525636870421987590e-01
7.001385914073326999e-01
1.785238339313172662e-01
8.073091937003634699e-02
5.003756574004507574e-01
5.990233315246880075e-01
6.459369817578772821e-01
7.444444444444444642e-01
8.271092669432917877e-01
2.471603481339430530e-01
2.067443502824858892e-01
5.822685054883197653e-01
5.578947368421052211e-01
4.349730321586439130e-01
4.422548334498019873e-01
7.322721786360892882e-01
8.883310719131615185e-01
5.911286780851998657e-01
6.930195786634423261e-01
1.532728309000833122e-01
0.000000000000000000e+00
5.935604293047129776e-01
7.487434142796584036e-01
2.334626622599032530e-01
4.791767165139089735e-01
7.982546201232032512e-01
9.166206515737161942e-01
5.931479462013813375e-01
9.057815845824410683e-01
8.136986301369862895e-01
7.560310641110377095e-01
5.445982809202738473e-01
8.302346170872066944e-01
7.334381185236931167e-01
7.388316151202749538e-01
9.007832898172323244e-01
6.155017073271074057e-01
6.779661016949152519e-02
4.553332282968331479e-01
2.245620573984346002e-01
8.023437500000000222e-01
8.281346319812600276e-01
3.996689633935101571e-01
7.325431764307483995e-01
5.858461538461537943e-01
5.744441179351552629e-01
8.028636391568856334e-01
9.304466416638254023e-01
7.741734248284466435e-01
6.682926829268293067e-01
6.612979073595108837e-01
8.408386508659981828e-01
6.867911559170580826e-01
9.277679650460165517e-01
6.669780912785537863e-01
4.834171391890446090e-01
9.325581395348837566e-01
