7.867136386512330049e-01
8.466692944422545830e-01
8.461338193178860045e-01
6.365293236997981996e-01
4.049995504001438484e-01
0.000000000000000000e+00
6.548856548856548665e-01
6.898879852692957337e-01
8.740791896869244404e-01
9.166021971220795761e-01
3.227699940603053763e-01
0.000000000000000000e+00
4.401335002085940973e-01
5.678351618945678414e-01
2.831662827616260869e-01
8.923040548528194948e-01
5.670925280681378133e-01
8.145564821834723190e-01
4.888308295231874601e-01
0.000000000000000000e+00
1.750319121776870157e-01
4.488454869033494665e-01
6.455328310010763904e-01
5.616470867449863125e-01
6.245666561613615331e-01
8.659064665127020888e-01
9.084825821688643499e-01
0.000000000000000000e+00
1.004674000283272695e-01
9.546879803258531139e-01
5.346381937611360824e-01
7.851951335124032205e-01
4.597215554488718325e-01
7.844220411545366201e-01
7.547499272440028051e-01
6.123333274619977562e-01
4.765228426395939354e-01
3.039718129404228031e-01
4.144505478536344295e-02
4.092339979013641105e-01
7.208263539921830887e-01
7.303227304388205665e-01
3.130154445943919561e-02
8.931364031277150284e-01
7.878513145965548858e-01
8.714100905562742749e-01
5.190951106786669822e-01
9.057804820968874404e-01
8.489425981873112148e-01
8.976744186046511365e-01
8.144246664872554220e-01
9.796094762896319086e-01
8.587047939444911737e-01
9.367701509541440652e-01
9.090769584899869304e-01
9.742632350980130473e-01
6.168446026097271773e-01
9.636617749825296952e-01
3.873476795436868181e-01
9.716214669870694154e-01
9.350947731188972156e-01
8.658291457286432236e-01
5.099002530891767054e-02
9.218031278748850532e-01
7.983138780804150958e-01
9.259447551262497411e-01
7.654036623286882834e-01
9.323308270676691212e-01
8.574500107503763013e-01
8.678701584880074149e-01
7.752179859805095052e-01
8.620124884839799329e-01
9.346303501945525394e-01
9.109048723897912314e-01
7.318766591790892839e-01
8.991473096148191457e-01
9.601034097261039735e-01
9.161381254404510344e-01
9.351376574895007288e-01
9.468453894152992767e-01
9.697568389057751315e-01
4.029931158335827712e-01
8.784866059099696312e-01
9.088679245283018959e-01
8.811475409836065920e-01
9.047192353643966900e-01
7.471073416688525093e-01
8.863732161136870236e-01
8.531289910600254878e-01
7.058091952178447981e-01
0.000000000000000000e+00
9.186495015779191364e-01
3.067325935721267327e-01
6.675358539765319232e-01
7.305176809666333870e-01
8.878159333891708638e-01
8.222243657760200941e-01
4.915673240674613975e-01
7.775445960125918488e-01
1.467058634020618479e-01
4.178297730554218492e-01
9.280837505689576439e-01
6.442379579194702499e-01
9.061309834963782173e-01
7.856763362023164721e-01
7.165638174375267289e-01
2.484177215189873333e-01
7.994230967343154415e-01
2.670854189158242686e-01
7.909205548549811393e-01
6.970492951580421481e-01
2.850960238030835758e-01
5.625367863449087791e-01
2.128685548293391405e-01
6.207170260616483581e-01
7.038019451812554950e-01
7.370766488413547091e-01
8.517781937295273442e-01
7.554220887554220498e-01
8.093475578779302237e-01
7.815658267079907962e-01
0.000000000000000000e+00
7.361869031377898942e-01
7.787910922587486517e-01
0.000000000000000000e+00
2.986822840409956159e-01
2.657654418638095706e-01
4.244322631166796977e-01
8.705117331071529074e-01
9.101694915254237017e-01
6.717078568793802829e-01
7.384427294261480812e-01
0.000000000000000000e+00
6.833940655908381512e-01
9.201677960632461684e-01
8.979485847831731871e-01
7.251492537313433129e-01
5.981491625104505827e-01
0.000000000000000000e+00
5.814032697547684148e-01
9.342359767891682543e-01
3.734291928467858845e-01
1.649226569608735204e-01
6.644364384971693793e-01
8.406740712370739388e-01
8.153244722439405567e-01
5.763913013270339780e-01
8.555009117533293184e-01
3.786705819540843732e-01
3.090450765169409086e-01
6.635412910205553683e-01
7.435109289617486406e-01
7.396918894426823821e-01
7.091946089294147715e-01
8.265654357912496364e-01
9.286770013405286628e-01
7.998945425784339536e-01
8.661704149509027451e-01
2.227717923604309591e-01
8.347457627118644308e-02
7.671554252199414003e-01
8.698850896860986781e-01
8.911782356471293909e-01
7.114664001998500797e-01
8.994063853682014997e-01
9.164759725400457580e-01
8.476567571076204510e-01
9.246097641979408310e-01
8.508254716981131782e-01
8.153731621068304181e-01
6.586370839936608323e-01
9.157802527843824647e-01
8.298999411418481742e-01
8.910569105691057423e-01
9.615829669058088003e-01
9.068691629571441482e-01
4.662512486324501548e-01
8.956252152945229014e-03
6.609131403118040371e-01
8.986756621689155899e-01
9.086359640224521694e-01
3.654446242928897082e-01
7.695093558678968160e-01
7.053428601898261707e-01
8.439076187947969210e-01
8.501749125437281229e-01
9.748017621145373957e-01
8.163477808147858727e-01
7.578880608847312628e-01
8.973274695534506629e-01
9.405504962652204703e-01
8.633215732392526265e-01
9.734487021013596975e-01
5.547447931944852195e-01
5.111148333373214392e-01
9.147598019536999914e-01
