9.590454101562500000e-01
9.928894042968750000e-01
9.647674560546875000e-01
9.074096679687500000e-01
9.681396484375000000e-01
9.878997802734375000e-01
9.667816162109375000e-01
9.784545898437500000e-01
9.808502197265625000e-01
9.736785888671875000e-01
9.758148193359375000e-01
9.569091796875000000e-01
9.838867187500000000e-01
9.902496337890625000e-01
9.671783447265625000e-01
9.883422851562500000e-01
9.683685302734375000e-01
9.822387695312500000e-01
9.897003173828125000e-01
9.830932617187500000e-01
9.663391113281250000e-01
9.599151611328125000e-01
9.663696289062500000e-01
9.292144775390625000e-01
9.093627929687500000e-01
9.690856933593750000e-01
9.913787841796875000e-01
9.974975585937500000e-01
9.626007080078125000e-01
9.793853759765625000e-01
9.358062744140625000e-01
9.470520019531250000e-01
9.572906494140625000e-01
9.567260742187500000e-01
9.489440917968750000e-01
9.400482177734375000e-01
9.031677246093750000e-01
9.552612304687500000e-01
9.641876220703125000e-01
9.923706054687500000e-01
9.920349121093750000e-01
9.575805664062500000e-01
9.942321777343750000e-01
9.766082763671875000e-01
9.933929443359375000e-01
9.979248046875000000e-01
9.742736816406250000e-01
9.878692626953125000e-01
9.832000732421875000e-01
9.785003662109375000e-01
9.373016357421875000e-01
9.915313720703125000e-01
9.857482910156250000e-01
9.935760498046875000e-01
9.850463867187500000e-01
9.971618652343750000e-01
9.980926513671875000e-01
9.976501464843750000e-01
9.546813964843750000e-01
9.887237548828125000e-01
9.960327148437500000e-01
9.926605224609375000e-01
9.733581542968750000e-01
9.984130859375000000e-01
9.949645996093750000e-01
9.970397949218750000e-01
9.877471923828125000e-01
9.961853027343750000e-01
9.928131103515625000e-01
9.839019775390625000e-01
9.478912353515625000e-01
9.662628173828125000e-01
9.936065673828125000e-01
9.969635009765625000e-01
9.931335449218750000e-01
9.726715087890625000e-01
9.790496826171875000e-01
9.950103759765625000e-01
9.960632324218750000e-01
9.298248291015625000e-01
9.941101074218750000e-01
9.888000488281250000e-01
9.874572753906250000e-01
9.910430908203125000e-01
9.945526123046875000e-01
9.776763916015625000e-01
9.454650878906250000e-01
8.993835449218750000e-01
9.755096435546875000e-01
9.468383789062500000e-01
9.661102294921875000e-01
9.273681640625000000e-01
9.752349853515625000e-01
9.636535644531250000e-01
9.826354980468750000e-01
9.217071533203125000e-01
9.695281982421875000e-01
9.795837402343750000e-01
9.893341064453125000e-01
9.240112304687500000e-01
9.827880859375000000e-01
9.962615966796875000e-01
9.504241943359375000e-01
8.784790039062500000e-01
9.593505859375000000e-01
8.696746826171875000e-01
9.219970703125000000e-01
9.659423828125000000e-01
9.583892822265625000e-01
9.571838378906250000e-01
9.708709716796875000e-01
7.783966064453125000e-01
9.422149658203125000e-01
9.843139648437500000e-01
9.801483154296875000e-01
9.678955078125000000e-01
9.749603271484375000e-01
9.683837890625000000e-01
9.938964843750000000e-01
9.612731933593750000e-01
8.760681152343750000e-01
9.783477783203125000e-01
9.736175537109375000e-01
9.718475341796875000e-01
9.819183349609375000e-01
9.813537597656250000e-01
9.453887939453125000e-01
9.724578857421875000e-01
9.803161621093750000e-01
9.577941894531250000e-01
9.608001708984375000e-01
9.571380615234375000e-01
9.204864501953125000e-01
9.466247558593750000e-01
9.796447753906250000e-01
9.783630371093750000e-01
9.527130126953125000e-01
9.488372802734375000e-01
9.878234863281250000e-01
8.923950195312500000e-01
9.725341796875000000e-01
9.818115234375000000e-01
9.672393798828125000e-01
9.834594726562500000e-01
9.870300292968750000e-01
9.725952148437500000e-01
9.776306152343750000e-01
9.807586669921875000e-01
9.254608154296875000e-01
8.958740234375000000e-01
9.768676757812500000e-01
9.840087890625000000e-01
8.958435058593750000e-01
9.634246826171875000e-01
9.798736572265625000e-01
9.818878173828125000e-01
9.883270263671875000e-01
8.957824707031250000e-01
9.610595703125000000e-01
9.532928466796875000e-01
9.042968750000000000e-01
9.492340087890625000e-01
9.949035644531250000e-01
9.692687988281250000e-01
9.638824462890625000e-01
9.676208496093750000e-01
9.767456054687500000e-01
9.953002929687500000e-01
9.944915771484375000e-01
9.677886962890625000e-01
8.502349853515625000e-01
9.844207763671875000e-01
9.859771728515625000e-01
9.800109863281250000e-01
9.900360107421875000e-01
8.714599609375000000e-01
9.187316894531250000e-01
9.868316650390625000e-01
9.804229736328125000e-01
9.665069580078125000e-01
9.813537597656250000e-01
9.766540527343750000e-01
8.280029296875000000e-01
9.659576416015625000e-01
9.399871826171875000e-01
9.367523193359375000e-01
9.972381591796875000e-01
9.881286621093750000e-01
9.858398437500000000e-01
9.735717773437500000e-01
9.903259277343750000e-01
9.749908447265625000e-01
9.920806884765625000e-01
9.585571289062500000e-01
9.879302978515625000e-01
9.971160888671875000e-01
