8.501502790897380590e-01
8.240064882400648383e-01
8.753052722310012967e-01
8.533490074541131287e-01
8.957296305999475905e-01
7.321911632100991385e-01
6.373464373464373667e-01
9.145496535796766580e-01
8.906752411575562522e-01
9.088264325419502798e-01
6.900792566274938089e-01
4.922216395735011241e-01
7.589071038251365975e-01
8.805611222444890140e-01
9.032868787799106514e-01
9.103397522384398810e-01
7.813863305865245135e-01
8.029995313232307641e-01
9.134498171475010642e-01
7.736794171220400251e-01
5.929018789144050450e-01
4.444903866032665074e-01
9.206451612903225890e-01
7.741341382309305796e-01
8.404815856288733178e-01
8.952113508720070945e-01
9.615267485534463310e-01
8.350419384902143527e-01
9.342891278375149433e-01
9.515763697581879343e-01
8.534187849131771308e-01
8.768086174631429808e-01
7.769956567320652763e-01
8.735346188812861401e-01
8.621327891414740652e-01
9.017208612116320854e-01
7.277003053057182758e-01
6.550017267180845426e-01
4.436838830118232657e-01
7.778393351800554356e-01
8.849644346333087608e-01
8.498249254312021383e-01
6.875489428347689724e-01
8.095758901446105105e-01
9.281159420289855078e-01
9.423312883435582821e-01
8.681610942249240459e-01
9.670742225153468041e-01
9.289799313715295659e-01
9.065470611862364025e-01
8.428439843852800761e-01
9.803095878660271767e-01
8.136700043535045612e-01
9.500288850375505634e-01
9.296391954292869686e-01
9.811625403659849365e-01
9.579908675799087003e-01
9.715265866209262802e-01
4.271123491179201759e-01
9.639425928122405951e-01
9.372146118721461638e-01
8.718843469591226469e-01
5.480000000000000426e-01
8.950914340712223805e-01
9.289368959636157275e-01
9.713969367041889180e-01
9.208359721342621595e-01
9.703097005374967665e-01
8.711967545638945598e-01
9.105459719011204101e-01
9.005360680573359922e-01
8.480651731160896434e-01
9.346664840432817867e-01
9.537724550898203368e-01
9.055869184348841472e-01
8.173913043478261420e-01
9.511764926633392569e-01
9.644873886309449640e-01
9.395939086294415876e-01
9.609452644752825012e-01
9.717255081766773550e-01
9.570698466780238611e-01
8.425149700598801861e-01
9.512852404643449278e-01
9.315424610051993293e-01
8.515364679748241850e-01
8.544616131380956547e-01
7.233947813696678386e-01
8.904109589041095951e-01
9.147243545010467214e-01
6.861560763469437552e-01
8.974270830578839897e-01
8.944141117177656364e-01
6.380198019801980314e-01
8.777821163607966160e-01
8.845927090498182377e-01
8.283931357254290528e-01
7.967652127800609607e-01
8.512911843276936841e-01
1.525553012967200686e-03
9.202393638822854438e-01
9.281013892273946020e-01
8.257350957647693335e-01
6.860504581966285764e-01
8.169631565635275816e-01
7.146820315834400139e-01
6.114318706697459138e-01
8.792007266121707465e-01
8.077304261645192884e-01
7.568502031290518239e-01
9.398490677715299890e-01
1.316678282313837045e-01
8.933742167710971849e-01
8.899889988998900270e-01
9.344362329649468224e-01
8.611788326401835780e-01
8.045448397132423102e-01
9.233541098558628590e-01
8.907059144180975441e-01
8.582634568569109668e-01
5.335739141641964167e-01
9.157400249747279508e-01
9.042188372278491260e-01
8.817427385892115943e-01
8.859929769801014876e-01
7.508383146231228933e-01
5.917612549419717372e-01
7.134757959005669781e-01
9.093531108364235616e-01
6.848964988499872675e-01
8.998539346357494750e-01
8.486403283735248770e-01
8.202092511013215903e-01
9.150551496920211747e-01
9.618112384069831267e-01
9.220203331170235828e-01
8.563829787234042978e-01
8.875150408696734772e-01
8.125257519571487119e-01
5.146950228917441805e-01
9.008498583569405360e-01
9.211854746783911807e-01
6.815734989648033482e-01
6.972849530575996324e-01
8.567536006228104739e-01
9.037661737523104977e-01
7.940119760479041888e-01
9.343512984077553263e-01
7.182840701020141161e-01
2.812283993285277228e-01
9.315174196535359608e-01
6.995217300894156498e-01
8.496924451921560317e-01
9.221793375819046235e-01
9.287370401154906308e-01
9.662341492185195779e-01
8.144722524483133386e-01
7.602936036350925741e-01
5.369489375198224224e-01
6.188605108055009740e-01
5.575455301141086784e-01
9.024068703152661186e-01
9.729729729729730270e-01
7.457040425268883777e-01
9.338682805752949179e-01
9.067860467177872863e-01
9.524344990441920844e-01
9.311594202898550998e-01
8.825360883102179033e-01
8.830950378469302198e-01
6.754547312487226840e-01
9.562109025915996874e-01
9.693364947956436550e-01
8.183846497099509509e-01
9.478050466643622718e-01
7.790756988369720304e-01
6.406661873951593478e-01
8.032244729226952762e-01
8.795064584538269115e-01
8.814323122830521884e-01
9.228973566769653747e-01
9.127693886526901945e-01
0.000000000000000000e+00
7.461513961142371976e-01
9.111482454046311297e-01
8.894078398665554719e-01
9.722371484864767988e-01
9.490516920788397703e-01
8.985583917471233750e-01
8.996029495178672342e-01
9.460337420098501315e-01
9.220350366597638292e-01
9.730549517213488153e-01
9.072861668426610571e-01
9.652443384982121177e-01
9.574140584915341590e-01
