7.393577296489918238e-01
7.006896551724137723e-01
7.782603142163749821e-01
7.442098886248194045e-01
8.111506524317911859e-01
5.775248933143669605e-01
4.677244861161197198e-01
8.425531914893616969e-01
8.028985507246376718e-01
8.328889735288516061e-01
5.268099311495931802e-01
3.264549037792719433e-01
6.114829165199013872e-01
7.866093805943430439e-01
8.236309580895750937e-01
8.354344889689329090e-01
6.412092283214001487e-01
6.708431219002871648e-01
8.406881077038145245e-01
6.308949127367248222e-01
4.213649851632047527e-01
2.857522594364699797e-01
8.529587567244470980e-01
6.314998748017695007e-01
7.248540214729704001e-01
8.103010033444816296e-01
9.259042033235581615e-01
7.167999999999999927e-01
8.766816143497757619e-01
9.076258320682003555e-01
7.443160359543772309e-01
7.806404421326398335e-01
6.353171687484692187e-01
7.754651261575057353e-01
7.576743410076743901e-01
8.210306736832124752e-01
5.719566768272910107e-01
4.869907565902088509e-01
2.850859656137544884e-01
6.364460562103354535e-01
7.936647602287725256e-01
7.388657120306686421e-01
5.238663484486874022e-01
6.800734993875050538e-01
8.658734451054623804e-01
8.909512761020881300e-01
7.670359180933199461e-01
9.362475442043222129e-01
8.673786407766990170e-01
8.290682012979062598e-01
7.283754074747934570e-01
9.613796267971856935e-01
6.858715596330274833e-01
9.048143053645116840e-01
8.685288095934483588e-01
9.630216587427363750e-01
9.193689745836984839e-01
9.446297531687791738e-01
2.715466351829988190e-01
9.303949627933600919e-01
8.818474758324382767e-01
7.728678745028723096e-01
3.774104683195592114e-01
8.101045296167247445e-01
8.673036093418259318e-01
9.443846429852887914e-01
8.532863849765258690e-01
9.423315933383047405e-01
7.717879604672057692e-01
8.357819131570355387e-01
8.190683131061529121e-01
7.362093352192362605e-01
8.773463615325276521e-01
9.116300366300366109e-01
8.274635361081466023e-01
6.911764705882352811e-01
9.068985258336911270e-01
9.314105671352399529e-01
8.860698898994734396e-01
9.248264134901515998e-01
9.450059453032104706e-01
9.176739627572688685e-01
7.278841179513709791e-01
9.070962640838110547e-01
8.718572587185725586e-01
7.414571244358478808e-01
7.459039548022599053e-01
5.666550401116149382e-01
8.024691358024691468e-01
8.428497942386831143e-01
5.222508275101139796e-01
8.139389869531850064e-01
8.089955933748670391e-01
4.684501308519918306e-01
7.821851078636047339e-01
7.930669955512487102e-01
7.070572569906791172e-01
6.621859850154252491e-01
7.410852713178294193e-01
7.633587786259541904e-04
8.522623747342848999e-01
8.658481127785356835e-01
7.031932000918906800e-01
5.221284656449113326e-01
6.905644241733180921e-01
5.560351984061099317e-01
4.403326403326403571e-01
7.844408427876823353e-01
6.774729842061513185e-01
6.088165762759004673e-01
8.865238327866564738e-01
7.047345767575323439e-02
8.072956823438705021e-01
8.017839444995044085e-01
8.769406973784678039e-01
7.562019896738445546e-01
6.730029418420456766e-01
8.576209859791948942e-01
8.029484029484029728e-01
7.517176024638710929e-01
3.638600808577957535e-01
8.445760666886037438e-01
8.251819505094614149e-01
7.884972170686456172e-01
7.953208181563463652e-01
6.010737628384686948e-01
4.202137293968484233e-01
5.545762711864407057e-01
8.337740838685303579e-01
5.207928488146132961e-01
8.179404198821674798e-01
7.370766488413547091e-01
6.952158693115518817e-01
8.434116715077898396e-01
9.264319495533368531e-01
8.553225644627270308e-01
7.488372093023255571e-01
7.977771147247501027e-01
6.842470506592643886e-01
3.465248085910311304e-01
8.195876288659793563e-01
8.538867924528301678e-01
5.169597989949749062e-01
5.352551616673159041e-01
7.494041538985358741e-01
8.244282853830751101e-01
6.583912611717974706e-01
8.767911010558069318e-01
5.604081632653060696e-01
1.636217396300126414e-01
8.718133891817722025e-01
5.378957467220978339e-01
7.386654478976234506e-01
8.555962691538974152e-01
8.669552433845149064e-01
9.346740835829411287e-01
6.870123910050481841e-01
6.132852148415472993e-01
3.670062865814003872e-01
4.480796586059743736e-01
3.865255658005029571e-01
8.221688400823610188e-01
9.473684210526315264e-01
5.945200078848806857e-01
8.759408087766297202e-01
8.294680506000648990e-01
9.091884929154143702e-01
8.711864406779661341e-01
7.897669706180344695e-01
7.906626506024095891e-01
5.099521678753279330e-01
9.160958904109589573e-01
9.404975434765655562e-01
6.925981873111782816e-01
9.007884362680683710e-01
6.381031961562565469e-01
4.713089466725429721e-01
6.711571675302244744e-01
7.849277357192016025e-01
7.880008710801393867e-01
8.568332483426822632e-01
8.395361380798274098e-01
0.000000000000000000e+00
5.950889077053345133e-01
8.367973340349030842e-01
8.008410934214479360e-01
9.459742070407807235e-01
9.030431705590941105e-01
8.158021133525455992e-01
8.175257731958762708e-01
8.975939550606482076e-01
8.553478712357217573e-01
9.475238751599881493e-01
8.303053730189408066e-01
9.328234426833763582e-01
9.183070866141732624e-01
