9.592009095338639435e-01
9.994386752736458268e-01
9.769328049911474299e-01
1.000000000000000000e+00
8.870357551072974855e-01
8.568672777999203349e-01
9.211226824826039827e-01
9.763492037619598829e-01
9.750258607950347267e-01
9.995457353635933684e-01
6.580355232184892378e-01
8.480930308205253398e-01
9.766270559534114826e-01
9.965815499093713115e-01
3.661298038590336534e-01
6.682178136990775119e-01
4.821741103260517303e-01
9.943440563973745538e-01
9.602822645906839982e-01
1.000000000000000000e+00
7.429726426624048141e-01
4.969714543462852019e-01
3.403021285467882073e-01
9.868507801626253961e-01
8.336578458270643699e-01
9.642917241611416168e-01
9.706056811441375887e-01
9.998614532019703960e-01
3.330494574817057796e-01
9.931776073141590500e-01
7.556244591866166926e-01
9.781786755968456815e-01
9.766843432148135662e-01
5.241810249205057781e-01
9.150945067403588595e-01
6.044150018690036541e-01
6.501306516747169528e-01
3.672885468083326166e-01
6.938586612776329599e-01
9.567908877058314276e-01
9.964850892125338699e-01
3.842783593030788536e-01
3.657285049690113254e-01
9.871452393672996983e-01
9.900467099282108663e-01
9.949101046169266382e-01
9.967967433557449741e-01
9.617306280331655577e-01
9.756249589921921483e-01
9.441851621378690718e-01
9.169074331169562164e-01
9.952332117897295660e-01
9.927991225420845778e-01
9.905537616270663204e-01
9.777002198097219932e-01
9.946176598942927383e-01
9.600688521539558762e-01
9.655532847626328019e-01
9.482790640089141521e-01
9.942715563443391691e-01
9.967602591792656952e-01
9.934126546371444544e-01
6.781853787913832976e-01
9.987378013114551756e-01
9.996860726114049633e-01
9.921786641604408707e-01
9.925510876730389009e-01
9.921451523905352454e-01
9.956404991312588493e-01
9.755197298728813804e-01
9.942870542090341823e-01
9.799177098835681887e-01
9.957850368809273434e-01
9.938129722921914544e-01
9.899191631003328995e-01
9.969722165571121009e-01
9.718848359626933719e-01
9.870302951501754851e-01
9.937953733012078184e-01
8.657484980996362767e-01
9.943889745893441656e-01
4.423623132384329470e-01
9.955733558178752052e-01
9.827802128991859343e-01
9.891143154639825408e-01
9.859204683084376031e-01
7.616179655735836329e-01
9.884457302122104938e-01
9.586725425553387359e-01
4.053264317916179804e-01
8.151634354219350342e-01
8.567064115076166164e-01
5.866513845284961892e-01
9.363111173735381154e-01
9.999665607757900476e-01
9.373459975149001089e-01
9.969884078940727257e-01
9.676917024554961833e-01
9.985245468805814539e-01
1.626430095016482558e-01
7.615915048503163476e-01
8.869348320282899323e-01
9.980739664464680638e-01
9.800814924568965747e-01
8.730545315028275244e-01
7.549680881926312814e-01
6.831743682949190655e-01
8.360079321435117672e-01
6.269242034692615873e-01
9.998457451366870030e-01
9.367563224547575951e-01
8.832065370526909209e-01
1.000000000000000000e+00
6.487264028963020124e-01
9.490349870703680413e-01
9.433312407743599248e-01
9.711019012755801594e-01
9.816540008940545237e-01
9.932308272211839428e-01
9.958789775691183621e-01
9.696397159424067214e-01
1.000000000000000000e+00
9.468719726711875007e-01
9.992288219416922690e-01
8.928119333538608871e-01
7.792235355580225953e-01
8.578682611996962804e-01
6.373825964590764670e-01
9.904781618712481528e-01
9.976110452089099745e-01
9.544696678209567686e-01
6.803441983493211387e-01
1.741958289148108907e-01
9.595736935770911025e-01
8.851984995311035220e-01
9.507623050275203491e-01
9.718112530822685668e-01
8.694939900970051205e-01
9.988494846001958472e-01
7.286387007670932503e-01
9.692998564321725352e-01
4.605172268553617831e-01
5.946017029950356747e-01
9.874689865268050371e-01
9.719871147043961379e-01
9.310028077229712817e-01
9.954711492372027015e-01
9.895256810110151235e-01
8.651032984322613029e-01
4.149173895448067251e-01
8.839541823082106564e-01
9.878543158839270255e-01
8.293926844692873779e-01
8.855891553701772390e-01
9.904699616929832917e-01
9.817888117536200943e-01
8.940259412377316028e-01
8.867059458113770720e-01
5.796989642663690212e-01
7.687344829333377927e-01
9.917538441638236169e-01
9.354423186209509522e-01
8.340147044278131139e-01
9.973910171730515639e-01
9.433086764905741495e-01
9.996060924369747358e-01
6.358920568322685707e-01
9.999839481203248726e-01
9.973894856028557854e-01
7.298047578777071553e-01
8.265841223597960585e-01
9.779950249621653935e-01
9.787684971426409142e-01
9.993461406731637409e-01
9.918356039371618582e-01
6.169227076332213233e-01
8.064879020359988493e-01
9.909331800913067090e-01
4.665114216012419823e-01
9.583319026199224044e-01
9.740677130273607265e-01
2.133697285018136547e-01
8.631649505651032284e-01
9.902773376915764425e-01
1.918255419169495879e-01
7.067693726228437834e-01
9.981338224738814935e-01
9.521184864572413975e-01
9.875555555555555198e-01
9.726409267698266081e-01
9.829620996996207838e-01
9.946231835673243760e-01
9.963231980967143242e-01
5.042950383875255405e-01
4.611710660638763115e-01
1.000000000000000000e+00
