5.309058215329287567e-01
8.375860091743119185e-01
7.556134070940448977e-01
6.881748948584851533e-01
6.569424396667425947e-01
5.575069127867872398e-02
2.912850812407680734e-01
8.570308416100366200e-01
7.128597571119613674e-01
8.523804335984311864e-01
3.105053690771194530e-01
5.182282793867121207e-01
5.833171928465362699e-01
4.971084528242097900e-01
4.159628051142967853e-01
4.540369196345329095e-01
2.964379835076085823e-01
7.111409095988379114e-01
6.988548136645962305e-01
9.519363762102350801e-01
4.539235657170654498e-02
5.221673003802281832e-01
6.411918292121026042e-01
6.533123028391166764e-01
5.146612248864271821e-01
9.101396478445659133e-01
7.975449515905947973e-01
5.779015784586815085e-01
5.562990980506254957e-01
7.558245774326176614e-01
3.094108198875666349e-01
7.813510600071864598e-01
4.301865245527217163e-01
9.373312491118374057e-01
4.768671603858661290e-01
9.203020134228188098e-01
5.445988961916321536e-01
3.235527584056245298e-01
3.970485300979934573e-01
2.398485167262781326e-01
3.362266269378589856e-01
5.147430497051389553e-01
7.309627201966407695e-01
3.856403622250970109e-01
8.548664944013780742e-01
6.929663257096885243e-01
9.357923497267759405e-01
8.401797175866495548e-01
9.558303886925795245e-01
3.634385201305767032e-01
8.887147335423197791e-01
7.769585253456221530e-01
9.312335299284728585e-01
8.621771663046101652e-01
4.259686809877534786e-01
6.478569226025284733e-01
7.881597717546362514e-01
1.535264430213325454e-02
5.874739237625640209e-01
7.391097734832884347e-01
9.012451696006870128e-01
7.391947585332346859e-01
8.403515195898938472e-01
7.257232212666145932e-01
7.281135325395042823e-01
6.643154641945452354e-01
5.576522825031219321e-01
6.107809847198641950e-01
8.719012899607403444e-01
3.258665409101627053e-01
9.429158110882956967e-01
8.979820627802690414e-01
3.531405058695389343e-01
5.254774228092093935e-01
9.231169913532659699e-01
9.103703703703703853e-01
3.178145087235996202e-01
8.882833787465940212e-01
6.879956052355020724e-01
7.130713142450648689e-01
8.583168967784352565e-01
3.243491980015776877e-01
6.938070709435729677e-01
9.451801663073606807e-01
7.504553734061930603e-01
9.525222551928783643e-01
5.198915009041591428e-01
8.262313226342002936e-01
7.017543859649122417e-01
8.834459459459459429e-01
8.389003218827502106e-01
4.788033154895527388e-01
7.713156408808582443e-01
9.034195933456562466e-01
5.541395801712534902e-02
6.912065439672802070e-01
8.474548751116283141e-01
9.119284190813088387e-01
7.481840193704600850e-01
1.059969690409179460e-01
9.264892268694550070e-01
6.816608996539792464e-01
8.160722232818361510e-01
8.683001531393568229e-01
7.502985906521220105e-01
9.312762973352033402e-01
9.222103004291845041e-01
5.939928741531134149e-01
2.833707584830339465e-01
9.091710758377424817e-01
9.551851851851851372e-01
1.695918798900401814e-01
7.625494189529171685e-01
5.497641238062362934e-01
3.685851318944843857e-01
4.924812030075187974e-01
7.818763919821826169e-01
8.436523787576176714e-01
7.099100786811539665e-01
5.879368658399097836e-01
9.290617848970251780e-01
7.702503681885125575e-01
7.009697844033020431e-01
9.298245614035087758e-01
8.700564971751412191e-01
6.863782354052522239e-01
5.732244780001445328e-01
9.246658566221142017e-01
7.790886133202669095e-01
9.252532308767027480e-01
5.265760197775031237e-01
6.832750097206020667e-01
8.487466643335228600e-01
8.090087100788054819e-01
9.511019283746556807e-01
4.845722300140252181e-01
5.184678522571819492e-01
8.359025360517156056e-01
4.891246115932711969e-01
9.028108623153883183e-01
9.434081568131520434e-01
1.505409189257986557e-01
6.136191198786039580e-01
5.915703893881043562e-01
7.163833395375771018e-02
4.768472906403941058e-01
6.436285097192224747e-01
6.643905630289896891e-01
6.250423011844331578e-01
1.792103639728562514e-01
3.347976878612716756e-01
9.444654325651681281e-01
4.562682852277193390e-01
7.387140902872777470e-01
6.206102902962358225e-01
9.435381459411936733e-01
9.238205723124516267e-01
6.392396650272497149e-01
4.298948097484957542e-01
8.476683937823834558e-01
6.044992743105950250e-01
6.783953820210143482e-01
6.797518330513254714e-01
5.557938144329896968e-01
7.251866490996925485e-01
3.385150559843461138e-01
7.018211920529801029e-01
6.774005305039787483e-01
6.667213922180266206e-01
9.180398959236774070e-01
7.289829512051734239e-01
2.771203155818540709e-01
3.497631734754292343e-01
6.459142080745341463e-01
6.227648292021210619e-01
7.288047897109911633e-01
7.829993465475930670e-01
8.504712678625722111e-01
9.260978222063548371e-01
1.474939845389852955e-01
1.611234294161123515e-01
7.439024390243902385e-01
5.870901999367511559e-01
7.273933230156975904e-02
9.041294373339773260e-01
8.827414568775725501e-01
8.586030664395229994e-01
4.397791234294555207e-01
8.419313989979628765e-01
7.229177312212570206e-01
6.383637301611385650e-01
5.058887479615872262e-01
6.710436667698977953e-01
5.738598810310641118e-01
8.738780325178232555e-01
3.651100895233486687e-01
4.528755955012032652e-01
9.492469879518071751e-01
8.943661971830986213e-01
8.894324853228963157e-01
8.301448483192128691e-01
8.973900607794065287e-01
7.781818181818181968e-01
8.007604562737642429e-01
9.060568603213844385e-01
5.658059378910249571e-01
7.271909982019604257e-01
8.865008096569998441e-01
8.985668396342970654e-01
8.756629345904537454e-01
7.400616254988129361e-01
7.853523281384453547e-01
9.189350882440920909e-01
5.527568866539094294e-01
8.269375470278405027e-01
8.787878787878787845e-01
9.424661174594738400e-01
9.444748858447488127e-01
8.999151823579304432e-01
8.555204308628966414e-01
6.345588864485581793e-01
9.147231363571326490e-01
1.784331939928781585e-01
8.605113876894420200e-01
8.625002895462231534e-01
8.404883361036281642e-01
6.031633825218697398e-01
9.045801526717557328e-01
1.682483194938710902e-01
6.019064071320603393e-01
8.938135239244442420e-01
2.578264918690450491e-01
9.311317922545782055e-01
8.059638917275895320e-01
9.755890643386880834e-01
7.519328228461510388e-01
9.646084533451392273e-01
9.394871385205304515e-01
9.443191021636005988e-01
9.412271135854904935e-01
8.363248080541008100e-01
5.261776946739851191e-01
8.107337308789214214e-01
7.482542350963403699e-01
9.386803099841998232e-01
9.197324414715719598e-01
7.218376048782724208e-01
3.550975238622215979e-01
8.125666923096012129e-01
2.837269214255045205e-02
8.536887786732796357e-01
9.149099692577953302e-01
8.609140870872281637e-01
9.692038877361581761e-01
9.193950551115046554e-01
9.025255687747860689e-01
8.146475693219501490e-01
9.639755548407847874e-01
7.547160890738026096e-01
8.758711500786845461e-01
3.905050646665030878e-01
7.766852436903198820e-01
8.202509159542578088e-01
9.518754423213021676e-01
9.088868940754039061e-01
7.855918306499701798e-01
6.569094622191967714e-01
8.393945993031358688e-01
9.054509943181817677e-01
2.049610959632905405e-01
6.402533896421427340e-01
9.087754090233018944e-01
9.324858636962713998e-01
9.291356524380981474e-01
7.557117750439367176e-01
8.866064595132404635e-01
7.168857431749241504e-01
9.460637767812655197e-01
9.124663583392124133e-01
9.183133654893418374e-01
5.303814002089863866e-01
7.131794489947878013e-01
8.519192838719465977e-01
9.330655957161980707e-01
9.211707499532447718e-01
8.009280742459397029e-01
8.947316882099490831e-01
8.943159448818898127e-01
9.811959138525603308e-01
8.546409807355516142e-01
8.551415925400713824e-01
6.077012418475833400e-01
8.832429706216113896e-01
7.946191906697296359e-01
9.170039604822213253e-01
6.285197623353139251e-01
8.943448275862069252e-01
9.162560318635586398e-01
6.481366965012205217e-01
8.914767370931070412e-01
9.309501204995253021e-01
7.927564555698781712e-01
9.249273719265924676e-01
7.210523708071149285e-01
8.720288385715895263e-01
9.809766620906059664e-01
9.248899616640635646e-01
6.821820219322820567e-01
9.216631838396828202e-01
9.286110597373774533e-01
6.783650019035752932e-01
9.245414847161571581e-01
7.336760159421908956e-01
4.717118239385446055e-01
8.325195639087686894e-01
6.793741442073272241e-01
8.109570382701802860e-01
7.782979467355620740e-01
5.859789659917437055e-01
3.371813215400624175e-01
9.587359623922695473e-01
7.391497687655638194e-01
9.031174219183685237e-01
6.904541451186739787e-01
9.285972131976030219e-01
7.359713838587077506e-01
9.114263803680981990e-01
8.029056806826043724e-01
9.362256993835941232e-01
9.689795918367346550e-01
8.741788782213238962e-01
9.324911277080353278e-01
5.308994493167448203e-01
9.060904104407035975e-01
9.477136793362916922e-01
8.774714129683703900e-01
8.215997981327277655e-01
9.377230151650312040e-01
6.887311769255265448e-01
5.717949958863669524e-01
9.158093029995653112e-01
5.254406990503353025e-01
4.587357722369164170e-01
8.425698084947041977e-01
9.557589970235410570e-01
2.281332828474062768e-01
9.119193997054629852e-01
8.623688281282662071e-01
9.656010327283772732e-01
8.251223698429851483e-01
9.579285427539140363e-01
9.337354741417546178e-01
7.129109863672814518e-01
7.998854524627720952e-01
9.439188117765209274e-01
9.558556219163854006e-01
9.247101340159614713e-01
7.993359618178045300e-01
9.683332318372814829e-01
8.657643066481567340e-01
8.278827242372959194e-01
6.256738887193571408e-01
9.611876026970366249e-01
7.557570907797634963e-01
7.124489417007054959e-01
8.876736510860387952e-01
9.549575185983170122e-01
7.559946037686583464e-01
8.263446505658615937e-01
6.435938495445701069e-01
9.092866858092791826e-01
8.688304341677273168e-01
9.438730055884020365e-01
8.149661669099110828e-01
8.518015395562456016e-01
8.616844760071680209e-01
9.580281132449020021e-01
6.297872340425532123e-01
9.752114965458642537e-01
9.244208983824606651e-01
7.722762148337596333e-01
8.652152641878668726e-01
8.420040220337501324e-01
6.025454727664478760e-01
9.147785471381161271e-01
8.308808707921789827e-01
7.781201848998459125e-01
7.889439346893207805e-01
6.778804253093951848e-01
7.846609257265877435e-01
9.093184979137691748e-01
5.534029181111996820e-01
8.451178451178451567e-01
6.234448305125454004e-01
4.104306388986939669e-01
4.688233115199407219e-01
9.388856757277810328e-01
9.315542794409491512e-01
3.022367887552371846e-01
9.609577041795278607e-01
2.749596495273230398e-02
7.143940625169293845e-01
9.644277193978982865e-01
8.827234113782352898e-01
9.093778178539224655e-01
7.529262256705236966e-01
9.493627282121942512e-01
5.843254488557891868e-01
8.533117932148627238e-01
6.392459297343615621e-01
8.842300424287802274e-01
7.307932055477637245e-01
7.434437086092715585e-01
8.491692627206646193e-01
8.452877397831526363e-01
8.745061498322772575e-01
8.710233255687801490e-01
9.548053248758502365e-01
6.700245545551848370e-01
3.920766558332399176e-01
8.899694055944056270e-01
1.031507698174364829e-01
8.789125642909625391e-01
4.950240219629375438e-01
7.861431430477461291e-01
0.000000000000000000e+00
8.854053318824809393e-01
9.552618453865336923e-01
6.224937343358395436e-01
8.137100509495136524e-01
9.116686161416528433e-01
5.451761417355202033e-01
9.357014127085634403e-01
6.343277613372790835e-01
7.443372903628142634e-01
8.408771436603880156e-01
7.708778545987848840e-01
8.083793262825915704e-01
5.311625540574916871e-01
6.554824931152700707e-01
2.039428201868825341e-01
7.402682368334968510e-01
6.414671947649388528e-01
2.735374889890667682e-01
5.553455723542116695e-01
7.509423979895509804e-01
7.596211199389211188e-01
8.796018031555221661e-01
8.715143715143714997e-01
7.832633053221288444e-01
9.141621621621621729e-01
9.639882410583047179e-01
8.440070505287896596e-01
9.121937402634188174e-01
4.234074823053589620e-01
9.014852159694781708e-01
7.825060742797639302e-01
9.228257643217572248e-01
8.495714707910551056e-01
8.264995523724261162e-01
9.290953545232273347e-01
8.468369036271509165e-01
7.655838454784898994e-01
6.549551732493336109e-02
2.365163572060123842e-01
8.632333799945971498e-01
9.614221159950704365e-01
9.427666041518463214e-01
7.005323868677906241e-01
8.865302171207302129e-01
9.791353383458646364e-01
9.011010237589337502e-01
8.840270366417645187e-01
8.651262761955937908e-01
5.021749637506041086e-01
8.621281464530892169e-01
5.431861804222648527e-01
9.685534591194968623e-01
8.356940509915014026e-01
6.304062909567497153e-01
9.010989010989011172e-01
8.916827852998066017e-01
8.706270627062706602e-01
2.608417004913480275e-01
7.256852343059239097e-01
9.527162977867202898e-01
8.944499504459860750e-01
0.000000000000000000e+00
7.988464311463590040e-01
6.237211721865788538e-01
9.120054570259208404e-01
8.034486776185483237e-01
7.348940622547737167e-01
9.243341404358353941e-01
6.822893195132943012e-01
9.467014200970699234e-01
7.859066427289048695e-01
9.536791953414505141e-01
9.172560113154172301e-01
9.130626654898499339e-01
7.348124669836239020e-01
8.876513317191283559e-01
3.180473372781065233e-01
7.780160486995019165e-01
6.331712587790383484e-01
3.522096805050698443e-01
9.258936355710549737e-01
8.864415959559487357e-01
9.193149611047458647e-01
8.565809995253271802e-01
7.837216934689859027e-01
7.814977973568282277e-01
6.494974874371859386e-01
9.127497889107796247e-01
9.247486214725916254e-01
9.630071599045345598e-01
9.109437306158617575e-01
8.339774923269296369e-01
4.748191027496381778e-01
9.037844772289929107e-01
8.380916604057100372e-01
7.884777123633305296e-01
6.086547507055503070e-01
7.906976744186046124e-01
9.148052974896224709e-01
7.688395746648173379e-01
8.903971845148315190e-01
9.492110453648915369e-01
9.105211406096361815e-01
6.870985501926959449e-01
8.821666138739309160e-01
9.602459016393443125e-01
7.918725974739154738e-01
8.483033932135728428e-01
8.988816402609506317e-01
5.227925134917901229e-01
9.206579583938074851e-01
8.915902750099641283e-01
8.414867450122984760e-01
6.814055636896046986e-01
7.680140597539543146e-01
8.598943771357564492e-01
5.404415308975224486e-01
8.554708764289602474e-01
8.622174381054897863e-01
7.986516853932584814e-01
7.885738115095912715e-01
9.667420083952211751e-01
7.614058065924470542e-01
7.993762040179800410e-01
9.152777777777777457e-01
9.247197010144153628e-01
5.963460875560151475e-01
9.358588032716315119e-01
7.034710743801653177e-01
4.481529488010369544e-01
6.815070813851054066e-01
8.510498687664042050e-01
7.305605786618445396e-01
8.937784522003034970e-01
4.811865729898516797e-01
7.365378262305913859e-01
8.524320771253286466e-01
8.935459377372817480e-01
3.407392843098702162e-01
5.121387934433616618e-01
0.000000000000000000e+00
8.877444740192107497e-01
8.675958188153309880e-01
8.011695906432748648e-01
9.077836824007502470e-01
8.462887200467562598e-01
7.520344662517951528e-01
6.585430463576158466e-01
8.965256797583081028e-01
9.134648667358947760e-01
9.367088607594936667e-01
9.343009931245225275e-01
8.959700093720712744e-01
9.377682403433476033e-01
6.840693874130562291e-01
8.500914076782449813e-01
8.707493007507728366e-01
9.058103975535167773e-01
7.934893184130213939e-01
9.481865284974093644e-01
5.612396518785820604e-02
8.683760683760683996e-01
6.275551921504497477e-01
7.046568627450980893e-01
7.855455833726971981e-01
9.093717816683830613e-01
8.095644748078565378e-01
8.686730506155950771e-01
7.103668798384382699e-01
5.202146690518784089e-01
9.210706932052161733e-01
5.528756957328385679e-01
8.768328445747800570e-01
7.057697968795996202e-01
