9.931562229280970211e-01
9.995732696082615387e-01
1.000000000000000000e+00
9.929906542056075036e-01
7.130303859841226055e-01
4.011659136149641203e-01
1.000000000000000000e+00
9.997245937758193479e-01
9.787237540900047827e-01
9.766228815027899746e-01
6.793210631090000895e-01
9.981902552204175993e-01
9.634242593412516431e-01
9.918976087190334301e-01
1.000000000000000000e+00
6.816742962890814939e-01
8.666215410401456598e-01
9.636260069981283927e-01
9.904953193931350652e-01
9.917260116082822208e-01
8.218988393464085052e-01
8.805601687687957257e-01
9.986374371707139597e-01
9.776060245739199850e-01
7.257757131796795935e-01
9.968414299110006649e-01
9.809078223754411630e-01
8.308343090229255434e-01
9.764658038050781919e-01
9.828367563397936157e-01
9.970632622262103339e-01
9.571765368239557592e-01
1.000000000000000000e+00
9.928041681516555084e-01
7.192594433399602805e-01
9.985722267055683332e-01
8.762671795488239379e-01
5.591338248064593452e-01
8.719750617150476835e-01
9.438940306851357764e-01
7.338354978354978408e-01
1.000000000000000000e+00
9.397916666666666918e-01
1.000000000000000000e+00
9.973336699114904169e-01
9.999792250960839457e-01
9.983135530442731609e-01
9.966196744294727461e-01
9.998163207373887973e-01
1.000000000000000000e+00
9.965568446990095142e-01
9.963054567939403361e-01
9.989934924078091028e-01
1.000000000000000000e+00
8.905462923191065361e-01
9.999357914506316058e-01
9.954831199068684411e-01
1.000000000000000000e+00
9.989436065721156721e-01
9.974232012934518554e-01
9.999841792178205679e-01
9.581361174239187983e-01
9.938915351869728187e-01
9.986491278431637308e-01
9.423384943940202874e-01
9.168914393294835818e-01
9.995893866218250601e-01
1.000000000000000000e+00
9.993645974901600448e-01
1.000000000000000000e+00
9.995406304451132096e-01
9.997614314115308431e-01
1.000000000000000000e+00
7.062674759598990271e-01
9.895450042456835904e-01
9.985221138439041022e-01
7.465110724400313424e-01
9.993522916538153389e-01
9.934102833158446888e-01
9.996527221242720307e-01
9.995201842492482669e-01
1.000000000000000000e+00
9.999174508832755492e-01
9.986852864311940303e-01
9.999843480982939514e-01
9.985774574422684458e-01
1.000000000000000000e+00
9.999372381654715314e-01
1.000000000000000000e+00
1.000000000000000000e+00
9.963640252379424300e-01
9.973637133979851299e-01
1.000000000000000000e+00
9.999509892012873324e-01
1.000000000000000000e+00
1.000000000000000000e+00
9.811547439242070956e-01
9.813947574749422031e-01
1.000000000000000000e+00
1.000000000000000000e+00
9.985168532309181000e-01
1.000000000000000000e+00
1.000000000000000000e+00
9.992612987710697281e-01
9.991512956885820751e-01
9.989093175444063721e-01
9.978850159027430333e-01
9.538474448267181272e-01
8.137688425690003946e-01
9.994568338066638358e-01
9.986649713922440830e-01
8.771507226428080228e-01
9.727178405592502575e-01
9.969483856258439802e-01
1.000000000000000000e+00
9.768850629682767073e-01
9.988360150633345258e-01
9.999565321336202350e-01
1.000000000000000000e+00
9.984184895792556080e-01
9.991265543362607415e-01
1.000000000000000000e+00
7.745836637589215146e-01
9.983828262489495842e-01
9.999846168046025996e-01
9.886274123670736325e-01
1.000000000000000000e+00
9.998414636079712148e-01
1.000000000000000000e+00
9.968824062733621094e-01
1.000000000000000000e+00
9.982084305175269456e-01
9.297677691766361718e-01
8.029609279609279948e-01
9.982467884351790000e-01
1.000000000000000000e+00
1.000000000000000000e+00
9.999527767283717949e-01
1.000000000000000000e+00
9.972646240430114162e-01
9.993110740835683403e-01
1.000000000000000000e+00
9.999798877737776648e-01
9.298555956678700163e-01
6.482195473638016070e-01
9.413878103401053243e-01
1.000000000000000000e+00
9.898077201098742783e-01
9.993452780173102123e-01
6.528620416776576008e-01
1.000000000000000000e+00
9.977471402960448321e-01
9.999296402270275719e-01
1.000000000000000000e+00
9.994049675611348382e-01
9.974207279679665472e-01
9.983822876356023279e-01
9.998371108111882011e-01
1.000000000000000000e+00
9.989472149787013144e-01
9.681290322580645702e-01
9.795342272406493134e-01
1.000000000000000000e+00
9.995882694215185715e-01
9.996831097496566843e-01
9.098946068023009426e-01
9.855552610654650936e-01
9.992508721987971576e-01
1.000000000000000000e+00
9.983106241217614141e-01
9.999686702069332522e-01
1.000000000000000000e+00
9.329122161029727023e-01
1.000000000000000000e+00
1.000000000000000000e+00
1.000000000000000000e+00
1.000000000000000000e+00
9.976831622802561084e-01
9.972658050773364202e-01
1.000000000000000000e+00
1.000000000000000000e+00
9.992621620292183593e-01
9.970687893293175286e-01
1.000000000000000000e+00
9.935752200932159717e-01
9.982603968469693223e-01
9.971594495644489076e-01
9.891733671886020485e-01
9.986087396445961772e-01
9.994977224310234165e-01
9.992026741083749330e-01
1.000000000000000000e+00
9.999190201437392345e-01
1.000000000000000000e+00
9.685800824727219815e-01
1.000000000000000000e+00
9.993805720859234576e-01
9.991178665942864745e-01
9.998261556696957930e-01
9.996959464865816658e-01
9.992736125017177562e-01
9.975513968168158163e-01
1.000000000000000000e+00
1.000000000000000000e+00
9.954620989390259300e-01
9.418257261410788450e-01
9.902107713401996358e-01
9.993365315913034230e-01
9.992867456465389653e-01
9.983423254359214960e-01
1.000000000000000000e+00
9.735218736190897060e-01
9.974659588458886228e-01
1.000000000000000000e+00
9.956297305000475495e-01
9.607695358984530420e-01
9.958114464242798780e-01
9.885562740681537175e-01
9.926960601375486304e-01
8.745539696699375920e-01
1.000000000000000000e+00
9.946653981413838830e-01
1.000000000000000000e+00
1.000000000000000000e+00
9.857633991537376739e-01
9.461868408625846438e-01
9.973327937605768190e-01
9.948223230398192118e-01
9.993318187892556992e-01
1.000000000000000000e+00
9.654120487216064639e-01
1.000000000000000000e+00
9.338704068621769272e-01
9.734352773826457916e-01
9.827481019522776862e-01
1.000000000000000000e+00
9.860828488372093137e-01
9.680195038003728270e-01
9.583410708758898222e-01
9.986301085535191913e-01
9.578591266940923443e-01
1.000000000000000000e+00
1.000000000000000000e+00
1.000000000000000000e+00
9.993687593251463497e-01
9.983615510649918035e-01
9.580309521727725652e-01
1.000000000000000000e+00
9.783695778578904712e-01
1.000000000000000000e+00
9.928140086996701807e-01
9.998405301486613661e-01
9.839226150767178547e-01
9.912674755447331565e-01
9.179177148421651111e-01
9.983050545058788083e-01
1.000000000000000000e+00
9.999359292659095733e-01
9.948447831446822764e-01
9.960908090577401675e-01
9.404061702363777364e-01
9.997591908813613371e-01
1.000000000000000000e+00
9.955446202952520363e-01
9.136322257624033272e-01
9.940415040065748720e-01
1.000000000000000000e+00
1.000000000000000000e+00
9.807823024161156367e-01
1.000000000000000000e+00
1.000000000000000000e+00
1.000000000000000000e+00
9.688018815716656906e-01
9.836404274900921729e-01
9.996957766642805554e-01
1.000000000000000000e+00
9.835870418682404193e-01
9.950328795221912159e-01
9.059644459212493617e-01
9.957380142178497984e-01
9.969275786393562155e-01
9.997313891020721544e-01
9.852645049588798498e-01
9.983124936464369270e-01
9.638669956116411308e-01
9.998645880939081021e-01
9.998915597325139792e-01
9.994602970107417939e-01
9.968802161990303334e-01
9.788324420677362303e-01
1.000000000000000000e+00
1.000000000000000000e+00
9.999479238994584129e-01
9.995805955543128896e-01
9.961846355507700812e-01
1.000000000000000000e+00
1.000000000000000000e+00
9.352699155848762658e-01
1.000000000000000000e+00
6.607926970187196769e-01
9.814767172626704950e-01
9.994699944590329510e-01
9.982341609589041598e-01
1.000000000000000000e+00
9.940313939280007727e-01
9.990612023831015875e-01
9.997778005674631263e-01
1.000000000000000000e+00
9.999573333333333647e-01
9.998835971797259692e-01
1.000000000000000000e+00
9.235644268072378260e-01
9.990445695398439963e-01
9.976724424576052241e-01
9.999802316846558847e-01
9.994693083318592075e-01
9.512909036325427614e-01
9.911860104357635981e-01
7.918645796805763304e-01
1.000000000000000000e+00
9.727656910314603778e-01
9.999815814193357966e-01
9.132781051280555173e-01
9.993417650101086291e-01
9.872027504536338149e-01
1.000000000000000000e+00
1.000000000000000000e+00
9.998477205672409163e-01
9.943150921943744169e-01
9.992649299890635772e-01
1.000000000000000000e+00
9.984902947519770366e-01
1.000000000000000000e+00
9.868035980393916606e-01
9.804582357704006990e-01
8.830464311648370535e-01
9.893466616220951693e-01
9.442322383498854554e-01
1.000000000000000000e+00
1.000000000000000000e+00
9.760537173367850317e-01
6.860771223385211393e-01
1.000000000000000000e+00
9.982976308696268619e-01
9.238684921949943396e-01
1.000000000000000000e+00
9.951025405570860238e-01
9.851377678819928096e-01
9.965176022835394720e-01
9.997189827174370880e-01
9.911677932554057158e-01
9.681124172409133477e-01
1.000000000000000000e+00
1.000000000000000000e+00
9.927381915754504016e-01
9.946684094661529807e-01
8.505916499218575400e-01
9.980229711918658930e-01
9.988204909198137305e-01
9.869663817379819015e-01
9.990163784426754345e-01
9.997602702408194819e-01
9.875440803448062299e-01
8.950487637505458727e-01
9.998636301650074554e-01
9.408260050999738278e-01
9.987557333853810393e-01
9.991078765113275972e-01
9.734334763948497837e-01
9.622033023735809820e-01
9.979054916985951040e-01
9.746079305178920738e-01
9.969821930646672881e-01
9.984226563900340246e-01
9.991021906548023246e-01
9.648059644427451342e-01
9.986848505593889369e-01
9.347026179273736357e-01
9.866116084023699440e-01
9.753673469387754702e-01
1.000000000000000000e+00
9.699823425544438216e-01
9.971798274717982302e-01
1.000000000000000000e+00
9.964386083922860404e-01
1.000000000000000000e+00
9.999071650049202731e-01
1.000000000000000000e+00
1.000000000000000000e+00
1.000000000000000000e+00
9.998547215496368379e-01
9.939149811450119776e-01
1.000000000000000000e+00
9.743994943109987039e-01
1.000000000000000000e+00
1.000000000000000000e+00
9.934981899393043880e-01
9.691335154911313587e-01
1.000000000000000000e+00
9.986199951513342610e-01
7.406815352218755200e-01
1.000000000000000000e+00
9.701571232732257855e-01
9.914506034868126871e-01
9.993948018384938292e-01
1.000000000000000000e+00
9.999521042212146105e-01
9.632497399745753031e-01
1.000000000000000000e+00
1.000000000000000000e+00
9.283361810662902336e-01
1.000000000000000000e+00
1.000000000000000000e+00
1.000000000000000000e+00
9.992498124531132841e-01
9.993029199907056404e-01
9.685066130448327648e-01
9.942126031328470948e-01
9.045250847087112911e-01
1.000000000000000000e+00
9.997340378375503267e-01
4.095180199739470450e-01
9.863627966343651021e-01
1.000000000000000000e+00
9.957532409476977930e-01
1.000000000000000000e+00
9.549840078242710639e-01
9.992535847574149921e-01
1.000000000000000000e+00
1.000000000000000000e+00
9.495432087256455711e-01
9.838568681158575968e-01
9.986157596793521218e-01
1.000000000000000000e+00
7.433542251999135653e-01
1.000000000000000000e+00
1.000000000000000000e+00
9.928184235058522544e-01
1.000000000000000000e+00
1.000000000000000000e+00
1.000000000000000000e+00
1.000000000000000000e+00
1.000000000000000000e+00
1.000000000000000000e+00
1.000000000000000000e+00
1.000000000000000000e+00
1.000000000000000000e+00
9.950587496488241257e-01
9.983344953133472810e-01
9.999331416727953448e-01
9.957503756574004328e-01
9.871789751168270621e-01
1.000000000000000000e+00
9.996751803603788344e-01
1.000000000000000000e+00
9.914419946585569798e-01
1.000000000000000000e+00
9.996783893739848992e-01
9.989399761494633934e-01
9.999080392120799354e-01
9.972157041291632718e-01
9.953509690937664134e-01
9.999180126260556190e-01
1.000000000000000000e+00
6.815309047627030603e-01
9.677507409140539973e-01
9.870629281585046044e-01
9.936104772298839372e-01
9.927000917952528702e-01
9.925376034824516802e-01
9.960164742421173667e-01
9.968026879098249582e-01
9.998724754116653513e-01
9.961047493899004568e-01
1.000000000000000000e+00
1.000000000000000000e+00
1.000000000000000000e+00
9.995322366882357645e-01
9.999845752803442345e-01
1.000000000000000000e+00
9.986581631042212859e-01
9.998749863266295224e-01
9.998438256469522889e-01
1.000000000000000000e+00
1.000000000000000000e+00
9.997831340231736474e-01
9.968924602925481881e-01
1.000000000000000000e+00
9.962726552672039881e-01
9.992810807195879885e-01
1.000000000000000000e+00
9.989673688558446951e-01
1.000000000000000000e+00
9.999301675977653181e-01
9.999368298036985792e-01
9.984768685886260542e-01
1.000000000000000000e+00
9.991263832265580014e-01
9.996570217011723214e-01
9.990210320217267626e-01
1.000000000000000000e+00
9.998897255742147383e-01
1.000000000000000000e+00
9.998629788400179574e-01
9.965443338705122223e-01
8.965759090745603066e-01
9.999378814467411170e-01
9.897065373385460774e-01
9.859220172399902893e-01
9.600400733417764343e-01
1.000000000000000000e+00
1.000000000000000000e+00
9.956797325849074953e-01
9.991456573602424118e-01
9.999519661841936857e-01
9.993340098947101069e-01
9.998689169261019138e-01
9.703286917098445929e-01
9.968204308571234629e-01
9.977853678316879193e-01
9.989037700776893791e-01
9.929098083604521729e-01
9.996152057847397243e-01
1.000000000000000000e+00
1.000000000000000000e+00
1.000000000000000000e+00
1.000000000000000000e+00
9.993233780743024930e-01
9.997365811330110041e-01
1.000000000000000000e+00
9.943728878403366167e-01
9.987969353511049198e-01
1.000000000000000000e+00
9.999535150378852100e-01
9.997791937417197516e-01
9.633811840550984273e-01
9.975638123978373129e-01
9.999206752125904263e-01
9.982576429781399030e-01
1.000000000000000000e+00
1.000000000000000000e+00
9.999839532719279056e-01
9.995107809385758157e-01
9.999191814699274206e-01
9.998452419641890021e-01
9.931137254901960532e-01
1.000000000000000000e+00
9.995837669094692624e-01
1.000000000000000000e+00
9.910931320973769276e-01
9.999531973977753285e-01
9.986196294960079101e-01
1.000000000000000000e+00
9.995572492528581598e-01
9.944637999331837896e-01
1.000000000000000000e+00
1.000000000000000000e+00
9.971182454008754581e-01
1.000000000000000000e+00
9.998598720164416642e-01
9.005756059234460986e-01
1.000000000000000000e+00
9.793395604014027978e-01
9.890443594389638493e-01
9.477744155783069946e-01
1.000000000000000000e+00
1.000000000000000000e+00
9.992623425891775657e-01
1.000000000000000000e+00
9.995421679138644100e-01
9.970250947651264628e-01
9.990920902274470494e-01
9.997321316021681170e-01
1.000000000000000000e+00
9.999221389974617402e-01
9.999680761065619095e-01
9.995671999381714468e-01
9.958053968358819841e-01
9.999534681722298535e-01
9.999685900053396637e-01
1.000000000000000000e+00
1.000000000000000000e+00
9.979952770085455116e-01
1.000000000000000000e+00
9.968651553523997233e-01
9.996329631048129771e-01
6.537670912885040764e-01
9.999378592512039310e-01
9.857658474086342659e-01
1.000000000000000000e+00
9.989603843427581342e-01
9.995510418924358209e-01
9.999223240640049415e-01
9.998302888175758518e-01
9.998490008892170211e-01
1.000000000000000000e+00
9.999843945068663809e-01
1.000000000000000000e+00
1.000000000000000000e+00
9.997276966540726839e-01
