5.563321037986151962e-01
8.528269313767803395e-01
7.884803123983078477e-01
6.941323819644754645e-01
8.864717644625249582e-01
1.000000000000000000e+00
3.521418020679468186e-01
8.991861380939879522e-01
9.245283018867924696e-01
9.989782886334610534e-01
1.000000000000000000e+00
5.244850634292729241e-01
7.073368165427920129e-01
5.051669633132321868e-01
4.613715614103061080e-01
6.924554520189635243e-01
1.000000000000000000e+00
7.130542565778353881e-01
7.824841416001636629e-01
9.749262536873156693e-01
1.105085796180811097e-01
6.576890075316998985e-01
6.470316825592125065e-01
8.958667736757623956e-01
6.644551542842837000e-01
9.549378816592967167e-01
9.982687729928586551e-01
9.905420441901128248e-01
6.835189309576837902e-01
1.000000000000000000e+00
3.234842390111899446e-01
9.983904345826626336e-01
4.667681766273315547e-01
9.962195675185241406e-01
6.634250474383301954e-01
9.927272727272726804e-01
5.922767934153133629e-01
9.842285113467098556e-01
7.080386492678553134e-01
1.000000000000000000e+00
1.000000000000000000e+00
5.726621735467565255e-01
7.225039515279241265e-01
4.178525226390685798e-01
9.637714816535067897e-01
7.473133727946669191e-01
9.842029679272379372e-01
9.671886651752423791e-01
9.562754469817666969e-01
6.822633297062024038e-01
9.396004700352525996e-01
9.952718676122931374e-01
9.462773353558336931e-01
8.713492638184889838e-01
6.097918703729571233e-01
7.406606977462180108e-01
9.891989198919891590e-01
1.995419653081131547e-02
6.166310287479210839e-01
8.108766233766233622e-01
9.205326460481099149e-01
9.995722230144018505e-01
9.957356076759061869e-01
8.300870942201108438e-01
7.973695026715988954e-01
9.720252549781447371e-01
5.738900854582088540e-01
6.239388794567062302e-01
8.937943462101588521e-01
4.847913228012261100e-01
9.758935993349958649e-01
9.270950770387073048e-01
3.944088103594335926e-01
6.557028445180889120e-01
9.915630550621669093e-01
9.832669322709163273e-01
1.000000000000000000e+00
9.552023121387283044e-01
6.857423701181942777e-01
7.291295993167745682e-01
9.080345285524568100e-01
4.232185117012884357e-01
7.673887587822013634e-01
9.794628751974723269e-01
8.159173754556500180e-01
9.907448215072719444e-01
5.694695599758891058e-01
8.929561841375485143e-01
7.298519736842105088e-01
8.944256756756756577e-01
8.537884031734199741e-01
4.946208571924344821e-01
7.797854319593450212e-01
9.174566473988439164e-01
7.288295770211060398e-02
7.182004089979550088e-01
8.776233380947148222e-01
9.683292450258925710e-01
8.177966101694915668e-01
1.355704697986577223e-01
9.939312204989885213e-01
7.174163783160323327e-01
8.180431050925043301e-01
8.756650529645784165e-01
7.937509988812530004e-01
9.889380530973451711e-01
9.816513761467889898e-01
6.052518696730636583e-01
9.821390601743568149e-01
9.636032757051865572e-01
9.892966360856269015e-01
1.000000000000000000e+00
9.860596173809876852e-01
6.097217330045791028e-01
4.689448441247002219e-01
8.788310762651461161e-01
8.247611017425520163e-01
8.528553137003841433e-01
7.319220681903334524e-01
8.392109982068141072e-01
9.548110634982469591e-01
8.608247422680412875e-01
7.543430335097002226e-01
9.805115712545675599e-01
9.339622641509434109e-01
8.382608695652173925e-01
5.844953399320858001e-01
9.361529076860511944e-01
8.162903772944857250e-01
9.932508436445444122e-01
5.663076108069927672e-01
6.858398464662197602e-01
8.751045883177676066e-01
7.504747050047470003e-01
9.971367215461703903e-01
5.152801358234295748e-01
6.128590971272229737e-01
8.974103585657370319e-01
5.110896817743491027e-01
9.927272727272726804e-01
9.679487179487179516e-01
1.514572992236222493e-01
6.464748656338918931e-01
8.524072612470402488e-01
1.000000000000000000e+00
9.948081915200461811e-01
6.707613390928726105e-01
7.258467171507031468e-01
7.951269732326698980e-01
9.459016393442623016e-01
3.752601156069363952e-01
9.976047904191617244e-01
4.762861385273823300e-01
8.577291381668946668e-01
6.791933323411222245e-01
9.587873984545274286e-01
9.698067632850241315e-01
6.821203793989893960e-01
4.473399419938530741e-01
8.861660079051383310e-01
9.773755656108596979e-01
7.253163295805519217e-01
7.384094754653129922e-01
6.339750475088821169e-01
7.639140706554584659e-01
4.562272396212673220e-01
8.465557275541795157e-01
7.242094073877225480e-01
8.038088983746510818e-01
9.936334697589813691e-01
7.757504414361389156e-01
3.327057557826788581e-01
9.592724396994859459e-01
6.651785714285713969e-01
6.830681958317917912e-01
7.344962672776997881e-01
8.017316488782399997e-01
8.598983528259138698e-01
9.855458349182198985e-01
2.624788818921824363e-01
1.898004434589800338e-01
8.238398944358917841e-01
6.099470899470899043e-01
9.276396828906224856e-02
1.000000000000000000e+00
9.067722925321225480e-01
9.335793357933579451e-01
4.699300699300699158e-01
8.863347516162899398e-01
7.571483523528657056e-01
6.511373644729249177e-01
5.731110708461677472e-01
7.191004274828077802e-01
6.025005507821106221e-01
9.001389872289093930e-01
3.893055891604161878e-01
5.031230020164264571e-01
9.640255009107467910e-01
9.579831932773109626e-01
9.481457170987857008e-01
8.303308445783957881e-01
9.742716609912978054e-01
9.000000000000000222e-01
8.714828897338402491e-01
9.945799457994579651e-01
9.716231555051078050e-01
7.484711046086320874e-01
9.126443588984305411e-01
9.205265118589345263e-01
9.616593337523570151e-01
7.585492751426984315e-01
9.408548153107911816e-01
9.814756671899529383e-01
5.902274042098705209e-01
9.756507136859782214e-01
9.956999206139189873e-01
9.836583356220818253e-01
9.568797684819784211e-01
9.237384911854971126e-01
9.632551240560949246e-01
6.377535012407655746e-01
9.220973782771535454e-01
2.733395262424523908e-01
8.626703920074506593e-01
8.737163928304705340e-01
9.942903752039151666e-01
6.341747225205871530e-01
9.442575684766938426e-01
1.968756179553094732e-01
6.014436869543757780e-01
9.620449651995393037e-01
2.825417293502399674e-01
9.979051179579734310e-01
8.443981184519991912e-01
9.829873445825932921e-01
7.600710243036289393e-01
9.564130892255892080e-01
9.904633302388387017e-01
9.736952988623367444e-01
9.418678343031630096e-01
9.041872060739984951e-01
5.276253091260028061e-01
8.049001814882033035e-01
7.516811069442648208e-01
9.421481369739025391e-01
9.285113540790580489e-01
6.776991233416155280e-01
3.634804260616959493e-01
8.344950803996074029e-01
4.606268784886217299e-02
9.848648648648649084e-01
9.155951203428948082e-01
8.930759505980745416e-01
9.880433567996423916e-01
9.521154316458791955e-01
9.113523769368609972e-01
8.156353630141819355e-01
9.600644122383252821e-01
7.744849672577792665e-01
8.872975937036320371e-01
3.967624944714728263e-01
7.789219515659399073e-01
8.206950149883424084e-01
9.966567607726597444e-01
9.990784623486045346e-01
8.057518796992481080e-01
6.683968686181075425e-01
8.416811846689895571e-01
9.248115767259571518e-01
2.319389949236328186e-01
6.446617766911165726e-01
9.276152702032721686e-01
9.829935041501263182e-01
9.917852785685238315e-01
7.687448218724108884e-01
8.859635695698759861e-01
7.211283822682786893e-01
9.576190777405275689e-01
9.839169323664682665e-01
9.509232264334305240e-01
5.265734631898628670e-01
7.324090638044126189e-01
9.255585127832889336e-01
9.360895358082074180e-01
9.970607611615061039e-01
8.090444478860151500e-01
8.983931020968057846e-01
8.856366555514387784e-01
9.888903497239022178e-01
8.539845326160053762e-01
8.558291435692493287e-01
6.147592245153220558e-01
8.878657921291625010e-01
7.911840127332213646e-01
9.212764092224072776e-01
5.363816412641005948e-01
8.958160919540230083e-01
9.595361791012800845e-01
6.554271765663141069e-01
9.991913411296342584e-01
9.515862896572414575e-01
7.932326133100262577e-01
9.290482954545454808e-01
6.579299410394886527e-01
8.741018572913371587e-01
9.795978710821998670e-01
9.241820768136557174e-01
6.831025374209557244e-01
9.201007448689780821e-01
9.259259259259259300e-01
6.792648738448758827e-01
9.988982970820611262e-01
7.393882879522566398e-01
4.989212092853986258e-01
8.240133779264213754e-01
6.435883305779603880e-01
8.087987435838505101e-01
7.740390232503797652e-01
6.752421927590950279e-01
3.407908428720083371e-01
9.761543270518888704e-01
7.465089388953126681e-01
9.785947398732962599e-01
7.015609822215194136e-01
9.651771489264850956e-01
7.216633132126090144e-01
9.171779141104294819e-01
8.050149988462426132e-01
9.419411436318685382e-01
9.040885336612357603e-01
8.721576553815058030e-01
9.306130024392830213e-01
5.439526820314093403e-01
9.712369143205610289e-01
9.828116336508896378e-01
8.580652818991097996e-01
8.489913168375008423e-01
9.773739742086752225e-01
7.033346981484008831e-01
5.759086289502975964e-01
8.887391581320135403e-01
9.611698886611643733e-01
4.659573835775208672e-01
8.452329941081949682e-01
9.928172386272945404e-01
2.156001514577811362e-01
9.138912977242364954e-01
8.444640642408189901e-01
9.776682581241337155e-01
8.298657504612839686e-01
9.460857953597062719e-01
9.946994794131566175e-01
7.191721670470667682e-01
8.107101947308132939e-01
9.552696738077295358e-01
9.903950216450216892e-01
9.941586889501865532e-01
8.082863082863083193e-01
9.648597445456211785e-01
8.784289031445551288e-01
8.221356553620531304e-01
6.378810238664699428e-01
9.934878263420358069e-01
9.499054278672550700e-01
7.180332435695050419e-01
9.798091198303287008e-01
9.550268861007006338e-01
7.661828167908983911e-01
8.188748934558196524e-01
6.270766994323687671e-01
9.127946638368832355e-01
9.573537452159650574e-01
9.510093549975381366e-01
8.119603623708190332e-01
8.631763332035811143e-01
9.836685316800242163e-01
9.624090138598065947e-01
6.627856701667695916e-01
9.708064941424643379e-01
9.904450895016932988e-01
7.810741687979539938e-01
8.713385242862439206e-01
8.519142148174406737e-01
6.048003206894824180e-01
9.211871393239901007e-01
8.351138883289659365e-01
7.856469983728697759e-01
7.824198443987021578e-01
6.911277671256754740e-01
7.220667384284176205e-01
9.001673173452314769e-01
5.640083166258260672e-01
8.552188552188552118e-01
5.712659526710703872e-01
4.419343452170843567e-01
4.789788862822570437e-01
9.725357035853390286e-01
9.837136465324384238e-01
3.125760237869982250e-01
9.667590027700830868e-01
1.000000000000000000e+00
7.184571211874966057e-01
9.646941287709845936e-01
8.872166246851385107e-01
9.163446237781314174e-01
7.555347468396762523e-01
9.441379310344827358e-01
5.527134644797215834e-01
8.607431340872374603e-01
6.473475111007244154e-01
9.858068620045322694e-01
7.324294841826398672e-01
7.513907284768212014e-01
8.548805815160955834e-01
8.485863874345549451e-01
8.769167630489124177e-01
9.049856088927118458e-01
9.666118629062855350e-01
1.000000000000000000e+00
3.982965370391123860e-01
9.072999890554886981e-01
5.465393794749403567e-01
9.931586851326548171e-01
5.060054907343857211e-01
8.144835545297172130e-01
5.096313473345806533e-02
9.417433676231726780e-01
9.512986202939048841e-01
6.322055137844611039e-01
8.157480314960630086e-01
9.987184019798479584e-01
5.511710110176323285e-01
9.450799579782888094e-01
6.422458609933615614e-01
8.735638269709323778e-01
8.421422547090244848e-01
7.744814582023884508e-01
8.051841522434582954e-01
5.451539048588145420e-01
6.623391221266790030e-01
2.194197274815458953e-01
7.448478900883218623e-01
6.540382297227483877e-01
2.553154740314697024e-01
5.642548596112311188e-01
7.517359962965411979e-01
7.447331376899768429e-01
9.247761194029850973e-01
8.853956834532373810e-01
7.733006306937630914e-01
9.140080195258019069e-01
9.712832415615200166e-01
8.495887191539365224e-01
9.122408406702641193e-01
4.100101112234580403e-01
9.235901397570054350e-01
8.012495661228740129e-01
9.250522544042998341e-01
8.568677792041078378e-01
8.317062248096730448e-01
9.457888493475682390e-01
8.824036511156186924e-01
7.780707536805098190e-01
1.034649866731281870e-01
1.000000000000000000e+00
8.803268825829739797e-01
9.787201644523964017e-01
9.638068819760914341e-01
6.990552989990388433e-01
8.923852820002841080e-01
9.843624129270719392e-01
9.197209393730961802e-01
9.222261862290402901e-01
9.981389578163771814e-01
5.403576607056549408e-01
8.832951945080091960e-01
5.959692898272552775e-01
9.857244825124911181e-01
8.695035460992908138e-01
7.287024901703800239e-01
9.694063926940639231e-01
9.066753078418664513e-01
8.963455149501661223e-01
5.795770134586626376e-01
7.555260831122899701e-01
9.775510204081632182e-01
9.917582417582417875e-01
2.727272727272727071e-01
9.694856146469049696e-01
6.652690426275331692e-01
9.201909959072305245e-01
8.448819817714419145e-01
7.500653936698927771e-01
9.298691860465115866e-01
8.618510158013543698e-01
9.679434936158652913e-01
7.991472172351885561e-01
9.763694951664876331e-01
9.367816091954023205e-01
9.514519056261343533e-01
7.575277337559429558e-01
8.974732750242954138e-01
4.080726965342350021e-01
8.062841719150114494e-01
7.262862488306829345e-01
5.908358509566968841e-01
9.466316710411198931e-01
9.989827060020345373e-01
9.782170737849408271e-01
9.997625267157445039e-01
7.896291434197570958e-01
7.977973568281938599e-01
8.647114474929044059e-01
9.517142857142857348e-01
9.357142857142857206e-01
9.826051779935275343e-01
9.349755881047492334e-01
9.265873015873016261e-01
5.478209132827607242e-01
9.936485532815808597e-01
9.039722329348245378e-01
9.756097560975609539e-01
6.568720379146919530e-01
8.089700996677741118e-01
9.223166633722079677e-01
8.035136384650948260e-01
9.049773755656108642e-01
9.763224181360201648e-01
9.320000000000000506e-01
7.223343732795007854e-01
9.935805991440799234e-01
9.890016920473773121e-01
8.066996155958264803e-01
8.678678678678678482e-01
9.638836772983114809e-01
6.229392520366925368e-01
9.937238493723848931e-01
9.089456869009584494e-01
8.983384961982540107e-01
7.117130307467056660e-01
7.792618629173989619e-01
8.753884400248601594e-01
6.353179972936400244e-01
8.743526846552194254e-01
9.586507072905331439e-01
9.983202687569988631e-01
8.736447039199333187e-01
9.726473461413220889e-01
7.753765553372625741e-01
8.559077809798271153e-01
9.394572025052192465e-01
9.753501400560223855e-01
6.759738021371940464e-01
9.564270152505446321e-01
8.722450504295853335e-01
4.930330524951393456e-01
6.947889137358541634e-01
9.701269604182225503e-01
9.023508137432187937e-01
9.679144385026737796e-01
9.110030047217055893e-01
7.854311199207135719e-01
9.978584026203073387e-01
9.934254888739042499e-01
9.823361823361823619e-01
5.248408719653016030e-01
1.728512527751347935e-02
9.395278520758227891e-01
8.885017421602787735e-01
8.350045578851412742e-01
9.903750414868901508e-01
9.080459770114942541e-01
8.556949806949807336e-01
6.852980132450331441e-01
9.226686884003032496e-01
9.210252857637686308e-01
9.714625445897741018e-01
9.793255720594138403e-01
9.050751879699248104e-01
9.414607948442534902e-01
7.419760328500796254e-01
9.067641681901279505e-01
9.087640449438202372e-01
9.113705865999444100e-01
1.000000000000000000e+00
9.630919220055710328e-01
1.000000000000000000e+00
9.005145797598628210e-01
1.000000000000000000e+00
7.683823529411765163e-01
8.746952705997074196e-01
9.458598726114649802e-01
8.756432246998284707e-01
9.124999999999999778e-01
7.724591269172425001e-01
5.503875968992247847e-01
9.292582417582417875e-01
6.301793444650587439e-01
8.993157380254154232e-01
7.674830333431690299e-01
