7.294700058241118112e-01
8.564235361818443026e-01
7.445493003579564117e-01
7.078715652041900341e-01
8.595807763910915389e-01
5.420017873100982930e-01
2.599704579025110540e-01
9.020740351798371970e-01
9.012083951664193737e-01
1.000000000000000000e+00
1.000000000000000000e+00
4.171099895421270243e-01
9.572448303775111800e-01
4.563663895013680971e-01
5.552499031383184569e-01
9.444580676802354358e-01
1.000000000000000000e+00
7.162093639078257468e-01
7.623286269695109807e-01
9.906194690265486269e-01
6.340008521516830031e-01
3.670035275050052559e-01
7.001230390649031410e-01
8.192215088282503999e-01
6.908055329536207934e-01
9.692566856180248047e-01
9.989179831205367011e-01
4.102686377364488934e-01
6.811804008908686203e-01
1.000000000000000000e+00
3.281649967088422493e-01
1.000000000000000000e+00
4.495241720593833312e-01
9.989414789051868082e-01
0.000000000000000000e+00
1.000000000000000000e+00
6.448902141501762220e-01
9.845789888723385230e-01
2.751270046817412274e-01
1.000000000000000000e+00
1.000000000000000000e+00
4.936815501263689954e-01
7.311314541622760954e-01
4.089262613195343010e-01
9.084997677659080173e-01
7.923682546980058694e-01
9.980852082336045816e-01
1.000000000000000000e+00
9.861922464152947931e-01
4.047878128400435038e-01
9.464159811985899395e-01
1.000000000000000000e+00
9.466565541650865390e-01
8.800386193579531335e-01
7.135074731107696744e-01
6.353812905217659512e-01
1.000000000000000000e+00
1.607362483565884931e-02
6.058446186742694195e-01
7.017857142857142350e-01
9.076460481099656308e-01
9.980037074005418951e-01
9.957356076759061869e-01
7.456848772763261524e-01
8.724208795725442167e-01
1.000000000000000000e+00
6.822761064406308584e-01
6.090831918505942300e-01
8.778015542290799056e-01
2.244753595850035310e-01
9.322527015793848904e-01
9.158211198797444608e-01
3.654241800798741502e-01
3.770229218447942454e-01
9.988898756660745670e-01
9.928286852589641720e-01
1.000000000000000000e+00
9.739884393063583667e-01
7.427297355613626806e-01
7.516546864991815458e-01
8.788180610889774202e-01
2.822771496187220786e-01
6.456674473067915976e-01
9.766192733017378114e-01
7.843256379100850273e-01
9.964742177170560211e-01
5.012055455093429313e-01
8.496949528563505494e-01
7.040844298245614308e-01
9.231418918918918859e-01
8.846706778126830484e-01
4.781363872982821173e-01
7.989836250705816267e-01
9.230057803468207922e-01
1.520662103725765359e-02
7.501022494887525927e-01
8.560048346335566993e-01
9.562823657672390176e-01
7.109564164648910500e-01
1.403334054990257596e-01
9.946055293324342905e-01
7.289504036908881490e-01
8.504672897196261516e-01
8.839093131380914015e-01
8.540834265622502253e-01
9.904129793510324520e-01
9.491242702251876384e-01
6.698744847908391087e-01
9.381246013183074384e-01
9.681528662420382236e-01
9.980886850152904666e-01
1.000000000000000000e+00
9.317811063324930032e-01
6.384877304215099691e-01
2.866906474820143935e-01
7.156094084105488751e-01
7.901911186059583647e-01
8.689884763124199329e-01
7.536998875983514923e-01
6.395696353855350180e-01
9.968835216205687022e-01
7.871870397643593309e-01
7.577160493827160836e-01
9.732034104750304504e-01
9.849056603773584939e-01
8.221739130434783105e-01
7.580377140380030188e-01
9.654331028873526233e-01
8.179488145942482857e-01
9.902512185976752868e-01
5.533580552121961649e-01
7.216087670013628941e-01
8.832681305262205518e-01
8.664214024142140591e-01
9.878310665712241034e-01
2.430427400900568302e-01
7.099863201094390730e-01
8.496015936254980305e-01
5.221257902067930612e-01
9.864935064935065334e-01
9.753205128205127972e-01
1.662975690467099477e-01
7.336705659184318273e-01
9.237371744277821373e-01
1.000000000000000000e+00
9.319296221517161527e-01
6.437634989200864410e-01
6.400099858533744301e-01
3.469457789979409901e-01
1.000000000000000000e+00
4.455491329479768781e-01
9.984031936127744089e-01
5.499170233208140468e-01
7.510259917920656392e-01
6.454085429379371464e-01
9.732514364969289122e-01
9.589371980676328899e-01
6.191826965694530172e-01
4.908878403532314638e-01
8.840579710144927938e-01
7.692307692307692735e-01
7.621135133339975720e-01
6.948674562887761086e-01
4.876476906552094648e-01
7.218834129992857118e-01
6.694100509832483503e-01
8.548761609907120640e-01
5.887855434493755036e-01
6.975866031850270765e-01
9.690768531150523168e-01
7.545615067686874955e-01
1.549220010758472210e-01
9.675761170423091695e-01
7.154017857142856984e-01
6.497718584289061683e-01
7.751496784684751562e-01
8.175778697451535626e-01
8.680423734002816749e-01
9.980981361734500013e-01
1.527159166538678003e-01
1.534368070953436858e-01
7.072795249615131397e-01
7.019753086419753263e-01
1.113988819051830309e-01
1.000000000000000000e+00
9.116027436962612640e-01
9.612546125461254309e-01
1.582033351264120480e-01
8.325689340774714564e-01
8.210026926529042646e-01
7.089318796124760569e-01
5.395905055263634509e-01
6.837866303203022911e-01
7.354593522802379546e-01
6.903207195867097079e-01
3.647874828615210729e-01
6.870604436138297855e-01
9.823922282938676309e-01
8.987173816895178691e-01
8.788972760091893210e-01
9.172546064798958732e-01
9.375709421112372599e-01
8.963636363636363624e-01
8.471482889733840116e-01
9.915311653116530843e-01
9.810821036700718700e-01
7.838771031455742389e-01
9.010956470239858129e-01
9.072395380603501813e-01
9.226901319924575295e-01
9.402939839369601760e-01
9.169735520589219480e-01
9.846153846153846700e-01
5.957011258955987598e-01
8.333333333333333703e-01
9.932521831172267390e-01
9.691018950837682056e-01
9.545645882662456838e-01
9.260580972093355179e-01
9.935275080906148526e-01
7.484240851136655381e-01
9.979026217228464946e-01
2.113330236878773749e-01
8.984844636355939773e-01
8.993418595967139773e-01
9.987765089722675516e-01
6.861797350519155403e-01
9.647605317956110538e-01
3.355942258255882882e-01
7.449177900484313941e-01
9.963446998147313938e-01
4.022852639873916725e-01
9.996132525460873497e-01
7.834616206970279606e-01
9.985845914742451646e-01
8.118225872082269756e-01
9.940288299663300187e-01
1.000000000000000000e+00
9.905796665262144307e-01
9.918188627066889529e-01
9.856082497591931446e-01
5.291030822124374033e-01
8.761991184858698434e-01
8.036661062976852010e-01
9.656056720470659327e-01
9.621530698065601239e-01
8.131358117294078536e-01
4.360769124360215909e-01
9.839704069050554391e-01
5.042851009016745545e-01
9.985585585585585733e-01
9.657105176393010471e-01
9.414081493727511907e-01
9.993854061906358721e-01
9.964783565663976050e-01
9.516180035838516238e-01
8.511253792422210918e-01
9.935587761674717910e-01
5.566655513598776084e-01
8.788142700470937818e-01
4.675984077841662812e-01
7.723883246928485713e-01
9.047407571888531619e-01
9.998142644873699858e-01
9.998354397051079090e-01
8.463533834586466353e-01
7.733151803948263847e-01
8.901350174216028366e-01
9.308109737714802545e-01
4.583139367338343040e-01
7.600948358894569212e-01
9.251363411006445769e-01
9.999548899314326666e-01
9.986986579910532846e-01
8.112054681027340841e-01
9.305066585029848625e-01
7.448474381116868548e-01
9.898791827440065472e-01
9.931153184165232295e-01
9.933592484612893125e-01
4.954183684155408773e-01
7.327817531305903520e-01
9.307202193725300221e-01
9.692373555134242702e-01
9.994932346830183167e-01
8.404831965308966479e-01
9.693317656280618921e-01
9.864147215017907699e-01
9.966473836444912360e-01
8.780262273032952702e-01
8.932577027201237252e-01
5.816135084427767055e-01
9.120837537840564835e-01
8.280130869219205492e-01
9.392039975453668754e-01
6.936192198398346553e-01
9.664367816091954388e-01
9.733276203738417953e-01
7.124491456468673434e-01
1.000000000000000000e+00
9.954623865596640142e-01
8.480875681524950860e-01
9.507457386363636909e-01
7.312094336818114604e-01
9.526639251660716790e-01
9.983244628424995382e-01
9.975817923186344194e-01
7.998479148323061061e-01
9.823696479288355210e-01
9.838888888888889239e-01
7.223895061087460823e-01
1.000000000000000000e+00
8.270421484520701361e-01
5.608931867217760159e-01
9.117725752508361037e-01
9.629110098024481479e-01
9.894277177660307787e-01
9.662733185340967035e-01
9.880586530863113559e-01
3.607245057232049690e-01
9.914560447738978155e-01
8.045005781375077492e-01
9.940487617584948810e-01
6.729843901777847748e-01
9.998482664441241674e-01
7.510991877189060473e-01
8.535276073619632031e-01
8.708560879932313314e-01
9.380732115798707804e-01
9.983604877548929446e-01
9.206670035371399274e-01
9.812811538869444794e-01
5.282480114215786227e-01
9.940034556357353335e-01
9.678915267906648134e-01
9.987418397626113276e-01
8.731474831886139043e-01
9.977432590855802585e-01
8.307629316227651550e-01
6.548419880946619864e-01
9.683196942225706927e-01
7.954910541184290196e-01
9.080804778745281691e-01
8.783877878950187013e-01
9.916435848082250093e-01
4.692919348731541263e-01
9.261021398270325999e-01
8.852872548401337083e-01
9.882180810103188273e-01
8.772666539415918674e-01
1.000000000000000000e+00
1.000000000000000000e+00
7.242921473073838934e-01
8.171248568155784486e-01
9.892884056410808924e-01
9.981060606060605522e-01
9.989569087411047654e-01
8.047520047520047015e-01
9.956609423699810391e-01
9.284505490180644527e-01
8.823098075160403786e-01
6.136583379980662389e-01
9.995893223819302120e-01
9.805697254542328212e-01
6.469031479245983540e-01
9.976670201484623135e-01
9.804057357014828167e-01
7.745085218604245147e-01
9.322615778009281096e-01
9.186799113941575001e-01
9.799135905404381397e-01
9.730531906584394264e-01
9.825209256523880219e-01
8.862145001461172455e-01
9.486830154405085924e-01
9.877513987600181622e-01
9.880346993718217563e-01
7.356701667696108338e-01
9.990206049647794018e-01
1.000000000000000000e+00
8.076726342710996986e-01
9.025254397890660751e-01
9.831619992910315409e-01
6.283008468206644492e-01
9.782769991755977390e-01
8.748236242693004927e-01
8.327481373640489570e-01
9.266127062763841460e-01
6.614955551682063506e-01
8.198600645855759206e-01
9.921918572225321142e-01
6.319707432984331685e-01
9.437229437229437412e-01
8.264445584557172930e-01
7.294387575008824953e-01
5.722002716384738674e-01
9.958054529112154718e-01
9.954809843400447278e-01
7.359440464927693437e-01
9.893393771510115009e-01
1.000000000000000000e+00
7.554038680318543308e-01
9.825700676145791013e-01
9.055835432409740093e-01
9.622641509433962348e-01
7.848973312821885262e-01
9.872413793103448354e-01
7.659054550568711317e-01
9.376413570274636511e-01
7.553166627716756398e-01
9.978928954796644213e-01
7.688951223313074124e-01
8.199999999999999512e-01
8.827881619937694158e-01
9.887958115183246299e-01
9.215759429914561762e-01
9.183511430178317170e-01
9.907676742127229375e-01
1.000000000000000000e+00
4.089992155104785199e-01
9.436357666630185159e-01
5.545785705313402980e-01
9.984982479559486590e-01
4.953671928620452802e-01
8.606462781304097254e-01
3.210097762786898179e-01
9.598267460747157420e-01
9.853047578653226779e-01
6.846804511278195005e-01
8.666049096804075980e-01
9.991161392964468257e-01
4.312379849928685283e-01
9.798062332204972025e-01
6.996720787011116993e-01
9.470800021178588102e-01
8.912004498172617639e-01
7.930442069976954000e-01
9.019768681814452904e-01
6.887560417196642026e-01
6.808857415837689109e-01
4.839321156976874039e-01
7.372774428711622585e-01
6.674702944721887521e-01
0.000000000000000000e+00
6.425035997120230880e-01
7.926393757026651832e-01
8.864314174599766671e-01
9.301492537313432729e-01
8.948201438848920608e-01
9.285213735108619471e-01
9.642172245467224290e-01
9.196276451270402053e-01
9.004112808460634776e-01
9.585345072422607471e-01
6.823495955510616717e-01
9.536484303673010698e-01
8.418604651162790997e-01
9.301283965362794337e-01
8.413646687074157748e-01
8.343931930138827058e-01
9.863582443653617915e-01
8.522312373225152671e-01
8.475060426279938941e-01
2.322025684516597910e-01
1.000000000000000000e+00
9.236689060463251222e-01
9.977159389394343325e-01
9.815732118089954827e-01
8.786656977425630899e-01
9.143344225031965200e-01
9.988153343126570105e-01
9.336739707182862835e-01
9.250802711380663457e-01
1.000000000000000000e+00
5.432576123731270856e-01
9.084668192219679250e-01
5.777351247600768236e-01
1.000000000000000000e+00
9.219858156028368779e-01
7.431192660550458573e-01
9.356164383561643705e-01
9.909267660401814837e-01
9.913621262458471861e-01
1.414227729117709942e-01
6.564986737400529959e-01
1.000000000000000000e+00
9.956043956043956200e-01
9.949494949494949170e-01
9.555361813426329620e-01
6.855345911949685123e-01
8.939290586630286306e-01
7.659499883150269195e-01
7.399947685064085512e-01
9.474321705426356210e-01
5.507900677200903150e-01
9.519152404237978260e-01
8.036355475763016232e-01
9.801288936627282622e-01
9.554597701149425415e-01
9.292196007259527768e-01
8.066561014263075036e-01
8.989310009718173289e-01
2.960693153000845124e-01
7.730638798532770695e-01
6.877455565949485150e-01
5.836858006042295877e-01
9.711286089238845287e-01
1.000000000000000000e+00
9.567489297406195359e-01
1.000000000000000000e+00
8.194945848375451147e-01
7.986784140969163115e-01
7.322611163670765810e-01
9.585714285714285188e-01
9.250000000000000444e-01
9.842233009708737379e-01
8.963604083444296489e-01
9.211309523809523281e-01
5.087014725568942547e-02
9.992942836979534782e-01
8.029309679907442598e-01
9.579657498702646157e-01
6.451816745655608587e-01
8.178294573643410947e-01
9.505831191935164570e-01
7.609801202034212064e-01
9.532428355957768273e-01
9.722921914357682827e-01
9.439999999999999503e-01
7.322444485226646815e-01
9.982168330955777380e-01
9.966159052453468226e-01
8.522789676002197057e-01
9.409409409409409397e-01
9.526266416510319468e-01
8.728590672910385706e-01
9.979079497907950014e-01
8.718051118210862205e-01
9.174880315404111419e-01
6.806734992679356333e-01
8.021089630931458325e-01
9.086389061528900024e-01
4.871447902571042210e-01
8.639956391387298984e-01
8.759521218715995428e-01
9.882418812989921530e-01
7.652210175145954807e-01
9.719960924780202127e-01
7.640253219820999364e-01
9.098943323727185506e-01
9.533750869867779754e-01
9.815126050420167614e-01
6.149603584970699810e-01
9.751633986928104347e-01
8.404930892790437591e-01
5.063188593648736413e-01
7.262316188927289140e-01
9.865571321882001810e-01
8.481012658227847778e-01
9.045072574484339656e-01
3.682930319072828529e-01
7.869177403369672641e-01
7.033257747543462113e-01
9.947741065407956773e-01
9.874643874643874719e-01
5.251506787585197289e-01
1.480071889206047153e-02
8.651005930922199827e-01
9.529616724738676492e-01
8.377392889699180056e-01
9.707932293395287182e-01
8.832425892316999594e-01
7.461389961389961467e-01
6.852980132450331441e-01
9.257012888551933161e-01
9.186006234845860430e-01
9.667063020214030633e-01
9.957848253713368347e-01
9.624060150375939315e-01
9.720730397422127078e-01
6.669739378194922130e-01
9.762340036563070811e-01
9.072659176029962413e-01
9.083680845148734972e-01
1.000000000000000000e+00
9.679665738161560284e-01
9.969742813918305302e-01
8.927958833619210610e-01
1.000000000000000000e+00
8.149509803921568540e-01
8.142369575816674754e-01
9.554140127388535131e-01
8.499142367066895298e-01
9.625000000000000222e-01
7.107702679925838041e-01
5.284436493738818852e-01
9.663461538461538547e-01
5.250463821892393801e-01
8.826979472140762395e-01
7.168781351431100513e-01
