6.828300572432383087e-01
8.555619430870939901e-01
7.445493003579564117e-01
7.064772727272726760e-01
6.032517964723814741e-01
5.166098807495741463e-01
2.599704579025110540e-01
8.945587086696172863e-01
7.876598110061144853e-01
8.094696578104000340e-01
2.169977171945107752e-01
4.135187522538766869e-01
6.812611291505185074e-01
4.534033624534825613e-01
5.395504687323519066e-01
5.646532766456531238e-01
3.521510805897798413e-01
7.112271540469974340e-01
7.045862884160756234e-01
9.451198919284025113e-01
3.440968718466195786e-01
2.191698929628786152e-01
6.953320706299260801e-01
6.474785918173168175e-01
5.616365162964659374e-01
8.887816180729870563e-01
8.008327550312283050e-01
4.081923137751067299e-01
5.838503388374535197e-01
6.809298498251388221e-01
3.271441417357279779e-01
7.422768390510325887e-01
4.495241720593833312e-01
9.017199017199016842e-01
0.000000000000000000e+00
8.527131782945736038e-01
5.355366826972270955e-01
3.978966750469176139e-01
2.652198962934511073e-01
1.649305555555555525e-01
1.715733803437637650e-01
4.936815501263689954e-01
7.277763209649927845e-01
4.089262613195343010e-01
8.556430446194225325e-01
7.850595000854068140e-01
9.069160504567203018e-01
7.425249169435216290e-01
9.739510489510490032e-01
4.047878128400435038e-01
8.829204121903091451e-01
7.513321492007104530e-01
9.350730428268198002e-01
8.800386193579531335e-01
4.540040885254644221e-01
6.345975948196114214e-01
7.873848334514528258e-01
1.607362483565884931e-02
6.011598849545004564e-01
7.001943634596695665e-01
9.064779064779064921e-01
7.356527223039730501e-01
7.173579109062979686e-01
3.534754541360156099e-01
7.717984146607519413e-01
3.293556849446541701e-01
6.727409741727752301e-01
6.090831918505942300e-01
8.749438706780422459e-01
2.244753595850035310e-01
9.234252778921366867e-01
9.093283582089551897e-01
3.654241800798741502e-01
3.755605072762784880e-01
8.993503248375812609e-01
9.182019159911569695e-01
4.017877873229626084e-01
9.145183175033920753e-01
7.346803263137924311e-01
7.506663349799210794e-01
8.733091388980533942e-01
2.822771496187220786e-01
6.454784899034240464e-01
9.438167938931297796e-01
7.810042347247428962e-01
9.596774193548387455e-01
5.012055455093429313e-01
7.569169960474307901e-01
7.040844298245614308e-01
9.208087615838247419e-01
8.704877665426730138e-01
4.781363872982821173e-01
7.989836250705816267e-01
9.210890632210428919e-01
1.520662103725765359e-02
7.501022494887525927e-01
8.544557170276939617e-01
8.145138824403379552e-01
7.109564164648910500e-01
1.403334054990257596e-01
9.133126934984520107e-01
7.281105990783409698e-01
8.504672897196261516e-01
8.838669478527607648e-01
8.257107540173053151e-01
8.829717291255753109e-01
9.174952969631819943e-01
6.591547227982602619e-01
3.743106812590141774e-01
9.390997352162400169e-01
9.291814946619216808e-01
1.791178112786152854e-01
7.622224918112338043e-01
6.111485727129691847e-01
2.866906474820143935e-01
4.130837276280600601e-01
7.853351955307262822e-01
8.689884763124199329e-01
7.536998875983514923e-01
5.980994969256567817e-01
9.110003559985759836e-01
7.871870397643593309e-01
6.930413566430746464e-01
9.276315789473684736e-01
8.699999999999999956e-01
5.875407798663974113e-01
7.579281947554721288e-01
9.553319919517102576e-01
8.178871593864244227e-01
9.381882770870337840e-01
5.533580552121961649e-01
7.192481494829641164e-01
8.668989701704545858e-01
8.321934538348803034e-01
9.527096996893338332e-01
2.430427400900568302e-01
7.090163934426229053e-01
8.470705064548162966e-01
5.221257902067930612e-01
8.840782122905027629e-01
9.438585607940446209e-01
1.662975690467099477e-01
7.321428571428570953e-01
6.224157415409160565e-01
6.551176337090551527e-02
5.414781297134237947e-01
6.437634989200864410e-01
6.373580840308278317e-01
2.941518766366016946e-01
1.533241171295714467e-01
2.573966472984705600e-01
9.211786372007366719e-01
5.496049932346908085e-01
7.510259917920656392e-01
6.429206819866567502e-01
9.468915662650602139e-01
9.172121678860223337e-01
6.189906508928175732e-01
4.908240997229916802e-01
8.615819209039548010e-01
7.640449438202246979e-01
7.522701196525160006e-01
6.948674562887761086e-01
4.868431906293821387e-01
7.218834129992857118e-01
4.212576771473095505e-01
6.749159792239535216e-01
5.887855434493755036e-01
6.377964575202641484e-01
9.102947458351131615e-01
7.536743092298647806e-01
1.549220010758472210e-01
5.866698633421242315e-01
7.138084632516703554e-01
6.493714567414345940e-01
7.749778303281111835e-01
8.175778697451535626e-01
8.664507059470692996e-01
8.946471189907944099e-01
1.527159166538678003e-01
1.534368070953436858e-01
7.069685645196746027e-01
6.494256624461558491e-01
1.113988819051830309e-01
8.604918409561020942e-01
9.002957733040740651e-01
9.084568439407149087e-01
1.582033351264120480e-01
8.299091159460203482e-01
8.141131595677050248e-01
7.082865552083017491e-01
4.729236144195648750e-01
6.837866303203022911e-01
7.354593522802379546e-01
6.777199938211214691e-01
3.647874828615210729e-01
6.030389363722696849e-01
9.571132800946465791e-01
8.943661971830986213e-01
8.780327868852458861e-01
8.981823059896706374e-01
8.713080168776371481e-01
8.947368421052631637e-01
8.471482889733840116e-01
8.693198693198692650e-01
3.061754634549533338e-01
7.833957187975201242e-01
8.947368421052631637e-01
9.003080714725816280e-01
8.732897085068411780e-01
8.983639785724627513e-01
8.358254501068049791e-01
9.291851851851852251e-01
5.846180722365375004e-01
7.946357085668535047e-01
8.781143993449526119e-01
9.600054414365392086e-01
9.461757112681565829e-01
9.193325539377191769e-01
8.392277464548094645e-01
7.467626718274184006e-01
8.837733846357966883e-01
2.113330236878773749e-01
8.982182910829912270e-01
8.909414593544807692e-01
7.909355151254171545e-01
6.650472802984297438e-01
8.891349276645998945e-01
3.350773969357131454e-01
7.346963612023853507e-01
8.839626832518880928e-01
4.022852639873916725e-01
9.039403124271392365e-01
7.630674718867138662e-01
9.445567427086341006e-01
8.108028226253370940e-01
9.700431255775746608e-01
9.004141494737641915e-01
9.311661857070107073e-01
9.723791233619520913e-01
8.006167441432319176e-01
5.291030822124374033e-01
8.761991184858698434e-01
8.035621929144038944e-01
9.425710499190104175e-01
9.064976228209191689e-01
7.733636525771356851e-01
4.360769124360215909e-01
9.301584280888719469e-01
4.869643094069258105e-01
8.440450807188547566e-01
9.580244221543828820e-01
8.682062780269058644e-01
9.301128386459363018e-01
9.395190112753348810e-01
9.362231670641916192e-01
8.501656212559024484e-01
9.827970691302962969e-01
5.566655513598776084e-01
8.766933745213502105e-01
4.580206907307605713e-01
7.723883246928485713e-01
9.024363233665558814e-01
9.125275470418715562e-01
8.911410970959225963e-01
8.319967478472966027e-01
7.732493831362204917e-01
8.900381056069678332e-01
9.129213483146066954e-01
4.581108329086437392e-01
7.573453417983168068e-01
9.246778989098116686e-01
9.093407720392172600e-01
8.775101836632601682e-01
8.061959654178674217e-01
9.112850032979552539e-01
7.294493516256342902e-01
9.486542192046556465e-01
8.943690603242364645e-01
9.205944160912639118e-01
4.921712442779858643e-01
7.312555786968164551e-01
8.492787753900500336e-01
9.577566930561430825e-01
8.947917611831956997e-01
8.347946469773881439e-01
9.554761444852231111e-01
9.537855266300453438e-01
9.669005102040816313e-01
8.730175313956161087e-01
8.930274519912360098e-01
5.816135084427767055e-01
9.015085400822839823e-01
8.249130070915737800e-01
9.305567619213063191e-01
6.886675501218313400e-01
9.594668614204856505e-01
9.139968817582859728e-01
7.122868671092020820e-01
8.705886600357419791e-01
9.246873584839934157e-01
8.454134340123635738e-01
9.367411917007801847e-01
7.312094336818114604e-01
9.345257885054414349e-01
9.543056340682117833e-01
9.138649986968986338e-01
7.998479148323061061e-01
9.681030840726658759e-01
9.737903225806451291e-01
7.223895061087460823e-01
8.363344390038435217e-01
7.371098035304677332e-01
5.608931867217760159e-01
9.100680998798237331e-01
9.296274203169587746e-01
9.718381398498786572e-01
9.422375816497038370e-01
7.810425005205562377e-01
3.607245057232049690e-01
9.395170390431053509e-01
8.045005781375077492e-01
9.150565504241281456e-01
6.724982505248425779e-01
8.877736611653755938e-01
7.510991877189060473e-01
8.535276073619632031e-01
8.698524892440073764e-01
9.356108813235761712e-01
9.817613865376864091e-01
9.192734611503531328e-01
9.555653094420489824e-01
5.282480114215786227e-01
9.075723830734966358e-01
9.422907056629699074e-01
8.373537138762837673e-01
8.400753768844221314e-01
9.147409716251074796e-01
6.069197022068598679e-01
6.548419880946619864e-01
9.490202670252617656e-01
7.950066430469442391e-01
8.399813068697253859e-01
8.754570932870678890e-01
9.623234624145785565e-01
4.692919348731541263e-01
9.214588871787696700e-01
8.789497850315147742e-01
9.478543467021197655e-01
8.749841350425180408e-01
9.296299169834743026e-01
8.927288858844902864e-01
7.242921473073838934e-01
8.171248568155784486e-01
9.505559865528834251e-01
9.414316702819957028e-01
9.095629049619045059e-01
8.032014228546020540e-01
9.742271123602224137e-01
8.825994238467581576e-01
8.196874866947673199e-01
6.135022385022385061e-01
9.415340406719716615e-01
6.700873447965218777e-01
6.469031479245983540e-01
8.329791755206119586e-01
9.539797050895829633e-01
7.725889207757196120e-01
8.765388125820885445e-01
8.948921105866486370e-01
9.527248609012859415e-01
8.446101694915254532e-01
9.242704955998147787e-01
8.850623507561687919e-01
9.227614059443427497e-01
8.222557905337362083e-01
9.625995725665436042e-01
6.943885730943011314e-01
9.426002274665908898e-01
8.921499865120042783e-01
8.076726342710996986e-01
8.702751017975965953e-01
8.316341829085457382e-01
6.283008468206644492e-01
9.585218093699515718e-01
8.748236242693004927e-01
8.306851187425251526e-01
9.231023217016544047e-01
6.614955551682063506e-01
8.197277081203250271e-01
9.710698689956331897e-01
6.310452851873135094e-01
9.437229437229437412e-01
8.238556450581766555e-01
7.277049036006690841e-01
5.721826095008797353e-01
9.357169669669669343e-01
8.779150061160873042e-01
6.835399340969715576e-01
9.645633848923806930e-01
2.635067948293006238e-02
7.554038680318543308e-01
9.763344028646895323e-01
9.013266478637835810e-01
9.523059617547806610e-01
7.848973312821885262e-01
9.714964370546318451e-01
7.635563812261207950e-01
9.352239767966483708e-01
7.553166627716756398e-01
8.888101983002832940e-01
7.688951223313074124e-01
8.184822845055526042e-01
8.827881619937694158e-01
9.669260700389105123e-01
9.195860169018279517e-01
8.872942304618827158e-01
9.649763908848285610e-01
6.519634871040862478e-01
4.089992155104785199e-01
9.346341463414634676e-01
1.052744527636034211e-01
8.661166594297293742e-01
4.953671928620452802e-01
8.431317128321085264e-01
3.210097762786898179e-01
9.182954623938117678e-01
9.680360819688205165e-01
6.846804511278195005e-01
8.665246387550944451e-01
8.916936183639662117e-01
4.309351180516824420e-01
9.646612652990863568e-01
6.986104456157163911e-01
7.697355681304731689e-01
8.912004498172617639e-01
7.930442069976954000e-01
8.912544241212546625e-01
6.887560417196642026e-01
6.808857415837689109e-01
4.823294065347855097e-01
7.371396533196280521e-01
6.674702944721887521e-01
0.000000000000000000e+00
6.425035997120230880e-01
7.926393757026651832e-01
7.383933540027028952e-01
8.891002472893284603e-01
8.898268707969666513e-01
9.130060292850991077e-01
9.352356795603466999e-01
9.180634983238019631e-01
8.959368605670856578e-01
9.427374301675978119e-01
6.808007566204287153e-01
9.023190909694995820e-01
8.388904261206419077e-01
9.060500290866783102e-01
8.413646687074157748e-01
8.331991771755656861e-01
9.601616628175519974e-01
7.310134841235319536e-01
8.421397379912664016e-01
2.321294479567860836e-01
2.291398979869953001e-01
8.953008066867528258e-01
9.557654438042447742e-01
9.593957781937899609e-01
8.757096465201037461e-01
8.904261206419479269e-01
9.707548473264864253e-01
9.192222114733481497e-01
9.152841510765972188e-01
8.003972194637537507e-01
5.432576123731270856e-01
9.074285714285714732e-01
5.777351247600768236e-01
8.778195488721804995e-01
9.090909090909090606e-01
7.431192660550458573e-01
8.734015345268542063e-01
9.368872549019607865e-01
9.371859296482412116e-01
1.414227729117709942e-01
6.564986737400529959e-01
9.360076408787010305e-01
8.632682229633158455e-01
4.987341772151898667e-01
8.650355169692186541e-01
6.644090755164240303e-01
8.939290586630286306e-01
7.656815792547599919e-01
7.399947685064085512e-01
9.452567975830815650e-01
5.500450856627592255e-01
9.412607449856733588e-01
8.036355475763016232e-01
9.663754302356367676e-01
9.320252277505255423e-01
9.167412712623097537e-01
8.066561014263075036e-01
8.984944147644488011e-01
2.960693153000845124e-01
7.730638798532770695e-01
6.530467223307869773e-01
3.584637268847795100e-01
9.343434343434343647e-01
8.534467789546796856e-01
9.257995735607675858e-01
8.371214631237161585e-01
8.194945848375451147e-01
7.986784140969163115e-01
5.986078886310904901e-01
9.285911984500415661e-01
9.243997404282933150e-01
9.647105471847740032e-01
8.961615265143110243e-01
8.664411524553832233e-01
5.075690115761353344e-02
8.203939745075318202e-01
7.986191024165707475e-01
8.514760147601475593e-01
5.729517396184062861e-01
8.178294573643410947e-01
9.485207100591716012e-01
7.609801202034212064e-01
9.518072289156626065e-01
9.559187716691431858e-01
9.318854886475814725e-01
7.322444485226646815e-01
8.342771982116244933e-01
9.217527386541470857e-01
8.522789676002197057e-01
9.206660137120470377e-01
9.244424214838415921e-01
6.639180287875091624e-01
8.784530386740331265e-01
8.666137356093688293e-01
8.632750397456280256e-01
6.806734992679356333e-01
8.015454864769933074e-01
9.083566324945635539e-01
4.865334491746307610e-01
8.581483486735246302e-01
8.637339055793991083e-01
8.396764985727878106e-01
7.652210175145954807e-01
9.663321463256717703e-01
7.640253219820999364e-01
8.384526865539523310e-01
9.494109494109493896e-01
9.279661016949152241e-01
6.149603584970699810e-01
9.364016736401673535e-01
7.367387033398821172e-01
5.063188593648736413e-01
7.262316188927289140e-01
8.381979695431471811e-01
8.420107719928187073e-01
8.875562218890554744e-01
3.682930319072828529e-01
7.851021753460777353e-01
6.700672107537205546e-01
8.881697772426249138e-01
1.519775497676050247e-01
5.251506787585197289e-01
1.480071889206047153e-02
8.618931757617889211e-01
9.471861471861471315e-01
8.275551553354344447e-01
8.893280632411066922e-01
8.538011695906432275e-01
7.443428021184400611e-01
6.852980132450331441e-01
9.194277108433734913e-01
9.160621761658030993e-01
9.323394495412844485e-01
9.300712410948631659e-01
9.446494464944649172e-01
9.591944886062533371e-01
6.669739378194922130e-01
9.434628975265018092e-01
8.904572856932804203e-01
9.083680845148734972e-01
8.236536430834213718e-01
9.452567154029242191e-01
1.173119715175789946e-01
8.889837745516652179e-01
2.623931623931624046e-01
8.119658119658119677e-01
7.495511669658886378e-01
9.240246406570842286e-01
8.384094754653130810e-01
9.264705882352941568e-01
7.101717750084203251e-01
5.284436493738818852e-01
9.591002044989774822e-01
5.250463821892393801e-01
8.826979472140762395e-01
7.168781351431100513e-01
