9.390412936760034190e-01
9.998805154903132042e-01
1.000000000000000000e+00
9.919003115264797277e-01
6.626060771968245167e-01
9.982621883787797801e-01
1.000000000000000000e+00
9.994815882838952170e-01
9.888192834476068338e-01
9.680622465601497195e-01
4.789054587364229842e-01
9.822737819025522121e-01
8.940266040387317981e-01
9.911805829419567671e-01
9.810955042037959872e-01
5.992500243498587453e-01
8.966139663814082228e-01
9.696476523720399809e-01
9.856353789318891279e-01
9.832050384884534200e-01
4.523779551348221517e-01
6.824363750617172819e-01
9.932174650275540362e-01
9.781675254326859248e-01
7.811625275445178707e-01
9.929261190715119589e-01
9.812361487318393971e-01
9.987914038599539079e-01
9.735306598769360997e-01
9.750747276058239210e-01
9.947791328465962479e-01
9.468665329533059172e-01
1.000000000000000000e+00
9.878994620097415469e-01
1.000000000000000000e+00
9.970513377614997896e-01
6.679889409784829368e-01
6.890785802708645491e-01
9.932428779934050489e-01
9.103671035468041683e-01
3.490216450216450106e-01
1.000000000000000000e+00
9.416666666666666519e-01
1.000000000000000000e+00
9.979016455516462880e-01
9.966344655655967610e-01
9.966901508345548111e-01
9.927564452060129163e-01
9.988144338504182373e-01
1.000000000000000000e+00
9.950066088999852676e-01
9.956716648631936950e-01
9.982993492407808978e-01
1.000000000000000000e+00
8.402124253192236880e-01
9.999357914506316058e-01
9.953434225844004501e-01
1.000000000000000000e+00
9.963138612303611419e-01
9.997642144974400180e-01
9.999525376534615928e-01
9.572646651743759172e-01
9.855992150780965577e-01
8.816804849631042496e-01
9.230209192835995280e-01
6.205173693452327166e-01
9.960111843263007581e-01
1.000000000000000000e+00
9.994881479781845268e-01
1.000000000000000000e+00
9.996356724219863654e-01
9.996978131212723717e-01
1.000000000000000000e+00
9.951919798131351191e-01
9.823627228983866644e-01
9.984132169692444547e-01
8.241716995939536439e-01
9.993060267719450218e-01
9.808184679958027452e-01
9.990115937383127198e-01
9.996961166911906282e-01
1.000000000000000000e+00
9.998968136040944366e-01
9.982363598467236532e-01
9.998904366880575489e-01
9.986248755275262123e-01
1.000000000000000000e+00
9.965324086423046346e-01
1.000000000000000000e+00
9.999050151975683587e-01
9.934552454282964407e-01
1.000000000000000000e+00
1.000000000000000000e+00
9.998529676038619973e-01
1.000000000000000000e+00
1.000000000000000000e+00
9.977344500892488810e-01
9.323387934139983901e-01
1.000000000000000000e+00
1.000000000000000000e+00
9.979392065945389412e-01
9.999845366404305214e-01
1.000000000000000000e+00
9.999776151142748537e-01
9.918901588020067051e-01
9.974291056403864486e-01
9.979980303201536618e-01
9.268272216161785870e-01
8.835500468495717241e-01
9.994723528407591928e-01
9.969167196439924217e-01
8.850184571106800568e-01
9.744867586277278226e-01
9.933180168014170697e-01
1.000000000000000000e+00
9.672405547584888019e-01
9.992468332762752814e-01
1.000000000000000000e+00
1.000000000000000000e+00
9.981836117939965058e-01
9.961568390795471073e-01
1.000000000000000000e+00
7.901962727993655511e-01
9.980815880012049446e-01
9.989231763221856353e-01
9.698536169095444137e-01
9.999613115388334972e-01
9.995878053807251140e-01
9.999487245224971677e-01
9.976458986145795294e-01
1.000000000000000000e+00
9.960112226616637532e-01
9.608257095941824533e-01
6.297313797313797146e-01
9.983583564438494040e-01
1.000000000000000000e+00
9.999845690918910401e-01
9.999055534567434789e-01
1.000000000000000000e+00
9.964943170206410628e-01
9.983337605742117482e-01
1.000000000000000000e+00
9.993362965346633819e-01
9.114259927797834226e-01
6.127828976239734216e-01
9.597222445987529937e-01
1.000000000000000000e+00
9.975904775673462010e-01
9.916483025134936735e-01
5.557240833553152015e-01
8.888478711809584265e-01
9.966683060716156062e-01
9.996951076504526634e-01
1.000000000000000000e+00
9.990018810702906427e-01
9.949316402727174102e-01
9.982078284590496509e-01
9.998371108111882011e-01
9.999293036408625213e-01
9.983965274290990122e-01
9.996129032258064262e-01
9.888779110797459859e-01
1.000000000000000000e+00
9.996256994741077317e-01
1.000000000000000000e+00
8.438790873643979840e-01
9.771733368672144149e-01
1.000000000000000000e+00
9.903944822945579540e-01
9.977580245354216171e-01
9.999686702069332522e-01
1.000000000000000000e+00
9.739394035583347486e-01
9.989761396011396233e-01
9.999129329409510714e-01
9.999423154575345363e-01
1.000000000000000000e+00
9.993903058632253034e-01
9.951674694390131304e-01
1.000000000000000000e+00
1.000000000000000000e+00
9.999672072012986135e-01
9.383101167105900586e-01
1.000000000000000000e+00
9.901767219057483471e-01
9.976442873969375569e-01
9.980116146951142353e-01
1.000000000000000000e+00
9.987773772634330749e-01
9.988568855326740437e-01
9.990800085865865210e-01
9.870370061815818552e-01
1.000000000000000000e+00
1.000000000000000000e+00
9.741269204101740131e-01
1.000000000000000000e+00
9.373271685507599260e-01
9.970482459116509766e-01
9.998261556696957930e-01
9.999519915505128420e-01
9.939140506900681071e-01
9.968040958453245892e-01
9.999846120702921004e-01
1.000000000000000000e+00
9.933689121820273860e-01
8.066058091286306686e-01
9.993303784955837044e-01
9.991834234969888540e-01
9.989214202459857361e-01
9.985925404644616643e-01
9.797984214783882484e-01
9.846221829429959715e-01
9.969527353210052567e-01
9.901079763148729063e-01
9.981632200652373887e-01
9.606902023006743674e-01
9.988155319806365506e-01
9.877570297173581260e-01
9.945353734605747453e-01
8.479594112399643224e-01
9.974406929815926581e-01
9.853553286556463453e-01
1.000000000000000000e+00
9.998329913632676424e-01
9.821932299012694489e-01
9.239335746891232937e-01
9.934699433448606065e-01
9.910444740525863327e-01
9.947881865561940540e-01
9.863824390833056954e-01
9.442774059036541656e-01
1.000000000000000000e+00
9.048336617595920117e-01
9.644381223328591934e-01
9.301450650759218730e-01
9.991169519258239484e-01
9.658430232558139483e-01
9.373536019886228310e-01
9.343856391210151324e-01
9.927976919404719602e-01
9.148411886315701569e-01
1.000000000000000000e+00
1.000000000000000000e+00
9.998844064270026033e-01
9.938023642832548576e-01
9.829133182492002518e-01
9.040832386115239538e-01
1.000000000000000000e+00
9.108811102066132204e-01
7.167282177540692523e-01
9.919058013734644019e-01
9.987065223169196981e-01
9.614409606404269448e-01
9.720181367815609041e-01
8.994157266899294179e-01
9.972167210833378093e-01
9.996884917158265216e-01
9.994553987602312617e-01
1.000000000000000000e+00
9.978282272543000930e-01
8.688269892353789325e-01
1.000000000000000000e+00
9.995931291903270566e-01
9.914383561643835829e-01
8.945721438324988339e-01
9.882114238750770996e-01
9.999814071099211166e-01
9.999822544009085989e-01
9.799171970586417757e-01
9.990208078335373054e-01
9.974573192880493711e-01
9.999842566791038445e-01
9.490638258623870227e-01
9.681072857384346309e-01
9.989262705798138686e-01
9.790392747406528873e-01
9.860692484992781282e-01
9.861845677398596299e-01
8.699784017278617831e-01
9.917792527205956388e-01
9.907827359180687576e-01
9.994627782041443087e-01
9.776238779005212987e-01
9.960150452373691676e-01
9.495884549047005629e-01
9.992552345164948946e-01
9.973251400686787838e-01
9.951774926443704983e-01
9.907002623002940656e-01
9.847927807486630547e-01
9.998580385661894887e-01
1.000000000000000000e+00
9.983856408832106899e-01
9.980194790064774724e-01
9.950376855016150879e-01
9.960529425667691283e-01
9.985547282340242470e-01
9.140242604809534210e-01
9.997989141363362586e-01
5.857984746937832110e-01
9.474916387959866348e-01
9.981690717675685276e-01
9.887360873287671659e-01
1.000000000000000000e+00
9.596296644421468125e-01
9.915508214479147320e-01
9.889925819574060251e-01
1.000000000000000000e+00
9.941333333333333133e-01
9.990687774378076424e-01
1.000000000000000000e+00
8.158853318328546100e-01
9.155347828332386362e-01
1.000000000000000000e+00
9.994464871703633291e-01
6.207323545020343447e-01
9.290753527469228779e-01
9.076293893668030410e-01
7.113073416430233387e-01
1.000000000000000000e+00
9.418688370637032792e-01
1.000000000000000000e+00
9.212998074791435288e-01
9.984954628802482635e-01
9.682169802311144657e-01
1.000000000000000000e+00
1.000000000000000000e+00
9.997144760635766625e-01
9.983686786296900317e-01
9.970417914194023012e-01
9.999527982755637145e-01
9.635154565061107013e-01
1.000000000000000000e+00
9.831768317862721318e-01
9.882049149834781776e-01
6.531972149844090803e-01
9.879925924450905228e-01
9.014514896867837912e-01
8.138675238204569062e-01
1.000000000000000000e+00
9.664266645093438912e-01
9.997683381420718884e-01
9.144478941261329208e-01
9.955667470563200894e-01
9.434028080579053288e-01
1.000000000000000000e+00
9.905986269622633067e-01
9.809073197884775608e-01
9.894766888677449801e-01
9.991770208153515354e-01
9.830638234305560941e-01
9.428230419312705335e-01
1.000000000000000000e+00
1.000000000000000000e+00
9.838792112100174236e-01
9.923465877820583092e-01
8.106720250055815535e-01
9.979602083725600536e-01
9.926789091574644841e-01
9.671044433922296735e-01
9.618675084637203776e-01
9.998910319276451686e-01
9.783258749046215286e-01
8.318950279689741878e-01
1.000000000000000000e+00
8.889206644264913137e-01
9.834097784717478197e-01
9.986618147669914514e-01
8.847639484978541136e-01
8.018575851393189291e-01
9.807662835249042477e-01
9.630781484080177535e-01
9.856044985941893044e-01
9.982434127979924465e-01
9.913610789673197310e-01
9.491110686293251497e-01
9.952258273731241500e-01
9.419411267945470012e-01
9.592449152325014383e-01
9.592040816326530273e-01
1.000000000000000000e+00
8.941141848145968130e-01
9.621027796210277483e-01
1.000000000000000000e+00
9.878864231030138887e-01
1.000000000000000000e+00
9.994615570285374506e-01
9.734470158343483392e-01
1.000000000000000000e+00
9.999361104012266521e-01
9.987409200968523360e-01
9.932293452176893522e-01
1.000000000000000000e+00
9.380530973451327581e-01
9.987404366486284379e-01
9.999698249849124920e-01
9.884192136592042655e-01
9.306951326818876380e-01
9.368670005564829761e-01
9.942934934636257216e-01
7.290920549040101895e-01
1.000000000000000000e+00
9.622482336813245052e-01
9.874273580688421870e-01
9.992475914748842891e-01
1.000000000000000000e+00
9.992496327990293414e-01
9.797758003004738425e-01
9.998718790538267953e-01
1.000000000000000000e+00
9.235569422776911397e-01
1.000000000000000000e+00
9.997585624116166469e-01
1.000000000000000000e+00
9.961418926160111598e-01
9.985025688689231904e-01
9.700359681667563017e-01
9.848379768025827818e-01
8.965096367544722611e-01
1.000000000000000000e+00
9.984396886469618648e-01
4.098653929656969064e-01
9.846161597500965312e-01
1.000000000000000000e+00
9.903442109968707552e-01
1.000000000000000000e+00
9.668790145647748746e-01
9.719112158711451510e-01
1.000000000000000000e+00
9.999817321568842399e-01
9.364687237811131215e-01
9.980185325485168013e-01
9.944423784141150913e-01
9.996417325061753845e-01
6.865139399178733504e-01
1.000000000000000000e+00
1.000000000000000000e+00
9.848082035700721493e-01
1.000000000000000000e+00
1.000000000000000000e+00
9.928001932834017440e-01
9.999093730883386044e-01
1.000000000000000000e+00
1.000000000000000000e+00
1.000000000000000000e+00
1.000000000000000000e+00
6.442873470770011934e-01
9.961659863495893052e-01
9.984894259818730688e-01
9.983786855652871939e-01
9.833067242674681241e-01
9.972440787634301307e-01
9.994210598011170621e-01
9.979826990802475040e-01
9.978753541076487155e-01
9.842096029007544322e-01
9.990025620465079470e-01
9.985688327142329124e-01
1.000000000000000000e+00
9.997057254786558822e-01
9.959724021994186272e-01
9.286275536930329588e-01
9.995244732311223679e-01
9.994642709964559613e-01
6.681027979413588502e-01
9.507097176727499210e-01
9.706369215881019974e-01
9.930548665542215936e-01
9.937054683743498096e-01
9.926542034280384508e-01
9.862714649022122915e-01
9.971097743817626258e-01
9.995217827937449284e-01
9.937112821475502233e-01
1.000000000000000000e+00
9.999686461403398674e-01
1.000000000000000000e+00
9.969595384735323584e-01
9.998457528034427888e-01
1.000000000000000000e+00
9.975373346383354933e-01
9.986092228837528673e-01
9.986412831284846581e-01
1.000000000000000000e+00
1.000000000000000000e+00
9.989621413966168761e-01
9.956211940485906187e-01
9.969849092411766645e-01
9.981363276336020496e-01
9.969571323480238556e-01
1.000000000000000000e+00
9.998760842627013590e-01
1.000000000000000000e+00
9.996682960893854553e-01
9.999526223527739344e-01
9.977061273925090790e-01
1.000000000000000000e+00
9.991425613149550466e-01
9.994543527064105870e-01
9.995263058169645554e-01
1.000000000000000000e+00
9.999842465106021372e-01
1.000000000000000000e+00
1.000000000000000000e+00
9.952816866308916710e-01
8.877998777110384099e-01
9.993011662758374269e-01
9.860774319130334309e-01
9.893055667445420642e-01
9.535376065629548314e-01
1.000000000000000000e+00
1.000000000000000000e+00
9.925577875185267462e-01
9.981784770133470541e-01
9.999679774561290868e-01
9.992071546365597356e-01
9.999836146157627947e-01
9.793960492227978820e-01
9.997449543468280853e-01
9.951808356337434880e-01
9.997775765375022106e-01
9.962112279708845719e-01
9.936027961712975420e-01
1.000000000000000000e+00
9.998181126709327904e-01
1.000000000000000000e+00
9.999527908477190419e-01
9.994649966168903665e-01
9.997985620428907483e-01
1.000000000000000000e+00
9.912166039660779138e-01
9.969606787817387739e-01
1.000000000000000000e+00
9.996591102778251692e-01
9.989748280865560215e-01
9.017758824353815372e-01
9.959134917641141449e-01
9.997620256377712789e-01
9.964023554085665868e-01
1.000000000000000000e+00
9.999680974940581279e-01
9.999839532719279056e-01
9.997644500815364710e-01
9.995959073496371028e-01
9.997988145534456583e-01
9.950431372549020104e-01
1.000000000000000000e+00
9.997118386296326431e-01
1.000000000000000000e+00
9.839095889416972218e-01
9.999063947955506571e-01
9.983843390691911068e-01
1.000000000000000000e+00
9.984978099650543282e-01
9.940024499276157721e-01
1.000000000000000000e+00
1.000000000000000000e+00
9.963082387027430986e-01
9.999384454395765509e-01
9.996107556012269191e-01
1.000000000000000000e+00
9.997646346793988004e-01
9.931594847043300200e-01
9.880544929870478388e-01
8.487323811166335163e-01
1.000000000000000000e+00
1.000000000000000000e+00
9.994379753060400606e-01
9.998912840902031141e-01
9.995737425404944698e-01
9.955856244901876151e-01
9.991077438442151903e-01
9.999212151771083024e-01
1.000000000000000000e+00
9.998598501954311102e-01
9.998723044262478599e-01
9.995208285029755224e-01
9.941870066387026306e-01
9.996897878148653938e-01
9.996073750667462399e-01
1.000000000000000000e+00
9.997076428318638630e-01
9.978593635853960642e-01
1.000000000000000000e+00
9.974210883933535277e-01
9.988988893144389314e-01
8.456255645186407932e-01
9.999223240640049415e-01
9.325791784503366655e-01
9.999536464771322519e-01
9.972119398283059155e-01
9.995045979502740208e-01
9.997514370048159460e-01
9.995680078992841278e-01
9.999161116051205056e-01
1.000000000000000000e+00
9.998283395755306335e-01
1.000000000000000000e+00
1.000000000000000000e+00
1.000000000000000000e+00
