7.297288552384649796e-01
8.716731405553157508e-01
7.692808330621542234e-01
7.079854258387733301e-01
8.416189753844032229e-01
6.041108132260947228e-01
3.019202363367798903e-01
9.367288002100289113e-01
9.209243163027347467e-01
9.998722860791826594e-01
1.000000000000000000e+00
4.120174601009412019e-01
9.727720950769004338e-01
4.857742475360624645e-01
5.732274312282060746e-01
9.210805950629393779e-01
1.000000000000000000e+00
7.097864668432024571e-01
7.894413750767341753e-01
9.946902654867256777e-01
6.061122516171515429e-01
4.495185432357707844e-01
6.966471854813903741e-01
8.657704654895665985e-01
6.898353883707829537e-01
9.728363866077068822e-01
9.989179831205367011e-01
5.375933873787951400e-01
7.257238307349666018e-01
1.000000000000000000e+00
3.419147224456958734e-01
1.000000000000000000e+00
4.803958888465930666e-01
9.983366097081506352e-01
0.000000000000000000e+00
1.000000000000000000e+00
6.500899480026615107e-01
9.288530622973801831e-01
3.866919015838231055e-01
1.000000000000000000e+00
1.000000000000000000e+00
5.383319292333613726e-01
7.271634615384615641e-01
4.420439844760672976e-01
9.475150952159776541e-01
8.455261191885523608e-01
9.976065102920057548e-01
1.000000000000000000e+00
9.869003363427155673e-01
6.028291621327529493e-01
9.513513513513514042e-01
1.000000000000000000e+00
9.547465554291493239e-01
8.901762008206614007e-01
7.315965917027518195e-01
7.196665637542450922e-01
1.000000000000000000e+00
1.972093812290597395e-02
6.237586124970301293e-01
7.743506493506493449e-01
9.252577319587629301e-01
9.995722230144018505e-01
9.991471215351812596e-01
8.064924782264449865e-01
8.758323057953144586e-01
1.000000000000000000e+00
6.995067046480928363e-01
6.230899830220713032e-01
8.975109809663250893e-01
3.475595378448478878e-01
9.459684123025768887e-01
9.364900413378429711e-01
3.974343458792206074e-01
4.015465341066004057e-01
9.997779751332148690e-01
9.952191235059760777e-01
1.000000000000000000e+00
9.898843930635837784e-01
7.526072259116299845e-01
7.705501387801579893e-01
9.206507304116865464e-01
3.589271627662372066e-01
6.830796252927400225e-01
9.848341232227487696e-01
8.456865127582017250e-01
9.960334949316880238e-01
5.528933092224231904e-01
9.156960621186910343e-01
7.312225877192982670e-01
9.379222972972972583e-01
8.957989457430381997e-01
4.888079125455491725e-01
8.207227555053642210e-01
9.394219653179191054e-01
2.654715198029725803e-02
7.873210633946829962e-01
8.716899241841555845e-01
9.585718179340420031e-01
7.545399515738498986e-01
1.621996103052608662e-01
9.979770734996628034e-01
7.566320645905421083e-01
8.641363087290990785e-01
8.968988160858937242e-01
9.013105322039316469e-01
9.985250737463127191e-01
9.719210453155406881e-01
6.744810608179936384e-01
9.683180948330852855e-01
9.863512283894450006e-01
1.000000000000000000e+00
1.000000000000000000e+00
9.710811211626871886e-01
7.104614300810144778e-01
3.935251798561151260e-01
8.342836778332145542e-01
8.270095559302979016e-01
8.825096030729833174e-01
7.841888347695765704e-01
8.559473998804543182e-01
9.996104402025710600e-01
8.748159057437407959e-01
7.430555555555555802e-01
9.853836784409256699e-01
9.943396226415094352e-01
8.723913043478260798e-01
8.267466223538761927e-01
9.739731598210654706e-01
8.563567147864762363e-01
9.898762654668166183e-01
5.913826593678261911e-01
7.276444246655355830e-01
8.852807489654236361e-01
8.264614132646140865e-01
9.949892627057981276e-01
3.019118624049604849e-01
8.221614227086183613e-01
9.038844621513943967e-01
5.561984356584164235e-01
9.927272727272726804e-01
9.855769230769231282e-01
1.712358406516482079e-01
7.752766361049636679e-01
9.265982636148382134e-01
1.000000000000000000e+00
9.555811941159504386e-01
6.717062634989200420e-01
6.847798951485395413e-01
5.847632120796156796e-01
1.000000000000000000e+00
4.960693641618497129e-01
9.972055888223553266e-01
5.842868372783649455e-01
8.522571819425444062e-01
6.880488167882125028e-01
9.765207053695263983e-01
9.649758454106279748e-01
6.489229678220016506e-01
5.139171464438768711e-01
9.146245059288538037e-01
9.032805429864253499e-01
7.866560393211783353e-01
7.526226734348562264e-01
5.376352970337933135e-01
7.596835338717652375e-01
6.881281864530225389e-01
8.883513931888544768e-01
6.097794313048099379e-01
8.077491380725660974e-01
9.877216916780354738e-01
8.016480282519128364e-01
2.016317016317016320e-01
9.766706207987346788e-01
7.456812888198758316e-01
7.198174867431249568e-01
7.963633675807524348e-01
8.491069483772598625e-01
8.799828546935276607e-01
9.980981361734500013e-01
1.768801515384221534e-01
1.796008869179600842e-01
7.739168682647900033e-01
7.088536155202821432e-01
1.317709484855184576e-01
1.000000000000000000e+00
9.294754130035745021e-01
9.746309963099630824e-01
1.945400753093060875e-01
8.704757694645521848e-01
8.517758687011155461e-01
7.100252072767030409e-01
6.138793259648487322e-01
7.419614645932718355e-01
7.755562899317030023e-01
7.115621640049301089e-01
3.889829824985885920e-01
6.966507647666355663e-01
9.866423800850030457e-01
9.504643962848297045e-01
9.330489005579257755e-01
9.504075621617918967e-01
9.523269012485811036e-01
9.781818181818181523e-01
9.254752851711026684e-01
9.922086720867209220e-01
9.979190314037078569e-01
7.985369422092172265e-01
9.160497482973053440e-01
9.182913200049670488e-01
9.402891263356379925e-01
9.545385664494620004e-01
9.424171409440910141e-01
9.924646781789638883e-01
6.319700947888389209e-01
8.740554156171285172e-01
9.951706800740937053e-01
9.787146388354847071e-01
9.604840831360168529e-01
9.481121975590607320e-01
9.882011866235167474e-01
7.472831512593057779e-01
9.959550561797753110e-01
2.794550239975228112e-01
9.066548133096266060e-01
9.124113144137415699e-01
9.986405655247416746e-01
6.995166487647690445e-01
9.601153291686689295e-01
3.379869487838639275e-01
7.447943980010488518e-01
9.930899804716839530e-01
4.167203954437996849e-01
9.978084310944952406e-01
7.959963651913619653e-01
9.968083925399644496e-01
8.244737912921243916e-01
9.912405303030302761e-01
9.997890117309478075e-01
9.894058869559982927e-01
9.925678400645272514e-01
9.830585302283415539e-01
5.319379938476386238e-01
8.876069484054964764e-01
8.121039699987068206e-01
9.638708704178609032e-01
9.626436781609195581e-01
8.057756317097182208e-01
4.736754737861391673e-01
9.587558821309041246e-01
4.950450837269214088e-01
9.967567567567567899e-01
9.634025717111770470e-01
9.431586113002041749e-01
9.987149402167839751e-01
9.889459525556371089e-01
9.500368925898597938e-01
8.538770902420094178e-01
9.906602254428341636e-01
5.705750203145165678e-01
8.885878330430294625e-01
5.006280406899601410e-01
7.826858887863077374e-01
9.209503719329410476e-01
9.992570579494799432e-01
9.996050552922590704e-01
8.554887218045112984e-01
7.920353982300885054e-01
8.953614982578397274e-01
9.343985529092553310e-01
4.658287335683092834e-01
7.691338816033193027e-01
9.469509172037680056e-01
9.936394803320101055e-01
9.969093127287514955e-01
8.353355426677713247e-01
9.318842798101943936e-01
7.544809057762426052e-01
9.851350496552596647e-01
9.914223639287830236e-01
9.886621315192744008e-01
4.956539951827416690e-01
7.457513416815741980e-01
9.461246874747963886e-01
9.697877805638799309e-01
9.991384989611310496e-01
8.423416447266532936e-01
9.681559866745051979e-01
9.875262442880079483e-01
9.945437812253483667e-01
8.720578345662407527e-01
8.946757767178032950e-01
6.002858929688198453e-01
9.149848637739657065e-01
8.363692634185162511e-01
9.394669939510826850e-01
7.049857917850684830e-01
9.646896551724137847e-01
9.703283166407797866e-01
7.253702196908055067e-01
9.998963257858505260e-01
9.944123603090077035e-01
8.568277354642693799e-01
9.529119318181817899e-01
7.374027647029678390e-01
9.563468751412174118e-01
9.961561206386753131e-01
9.963015647226173277e-01
8.102137196830224708e-01
9.814586570923315989e-01
9.774074074074073915e-01
7.307306267954175594e-01
9.998426138688658593e-01
8.376725102573666648e-01
5.612051262055161027e-01
9.228762541806020403e-01
9.324516139805955062e-01
9.672297556117367412e-01
9.498383767574093417e-01
9.790441068867621333e-01
3.665777835587929467e-01
9.910690363490221033e-01
8.289602419283109702e-01
9.904652204517822023e-01
6.846635191000067788e-01
9.996206661103103075e-01
7.548997689842760206e-01
8.293711656441717928e-01
8.820090762249057637e-01
9.430177845123215441e-01
9.962086279331898719e-01
9.252147549267306648e-01
9.815993212429737769e-01
5.559861309402406304e-01
9.949181827421486046e-01
9.683955844548616243e-01
9.962967359050445282e-01
8.795456029248547303e-01
9.973915592028136379e-01
8.587871343432964544e-01
6.641339592508348488e-01
9.595236928504924379e-01
8.244059159142524962e-01
9.021367648369936765e-01
8.772362078200320878e-01
9.892728040937045497e-01
5.075350246118894848e-01
9.259380786087608728e-01
8.823442853839523758e-01
9.880640689973817503e-01
8.848380734236813705e-01
9.995827073944250074e-01
9.997160435399905509e-01
7.312010363333538709e-01
8.304123711340206659e-01
9.869200129185057291e-01
9.945887445887445777e-01
9.980528963167288881e-01
8.147312147312146813e-01
9.916885656664425897e-01
9.304577118343894115e-01
8.869385884509624063e-01
6.325377843366749575e-01
9.988266353769433836e-01
9.779904854702814454e-01
6.566069272912991028e-01
9.958006362672322531e-01
9.810167834446797963e-01
7.947343184691164630e-01
9.258926034662373628e-01
8.988647376436383896e-01
9.782460395664367425e-01
9.712567367023353659e-01
9.765304447726900205e-01
8.940251321697085807e-01
9.564681458414427961e-01
9.893391804022380054e-01
9.850433742147771676e-01
7.390055589870290209e-01
9.984179003277205977e-01
1.000000000000000000e+00
8.224040920716112479e-01
9.034317966464796568e-01
9.785537043601559848e-01
6.339630204940622793e-01
9.768755152514426721e-01
8.849022374521265943e-01
8.430247495075789965e-01
9.196874018769842785e-01
6.705595258846086537e-01
8.247578040904197660e-01
9.882877858337980603e-01
6.431276453553129713e-01
9.490139490139489764e-01
8.246007824023600108e-01
7.417049064595835350e-01
5.870169156686010359e-01
9.919105163287725846e-01
9.903355704697986983e-01
6.793823489660765214e-01
9.883320742046504126e-01
1.000000000000000000e+00
7.643967712227097699e-01
9.783062458744402612e-01
9.045759865659109833e-01
9.624914753353034369e-01
7.887097852986422186e-01
9.834482758620689546e-01
7.544960708823373885e-01
9.479806138933764004e-01
7.983173638700631347e-01
9.958653043374547931e-01
7.712326632382733305e-01
8.319205298013244709e-01
8.865524402907580814e-01
9.904712041884816687e-01
9.277319703018318542e-01
9.217256095543718830e-01
9.889970911850258783e-01
1.000000000000000000e+00
4.176286002465538494e-01
9.642114479588486109e-01
5.582213289787715249e-01
9.941598531620223778e-01
5.065202470830473258e-01
9.004616272360069784e-01
3.022741047194919539e-01
9.622089875473741616e-01
9.796661759936129421e-01
7.185150375939849399e-01
8.665122742010189505e-01
9.991161392964468257e-01
4.472166525414970062e-01
9.816738648301622794e-01
7.271054946812764985e-01
9.483242441891247543e-01
8.927466966544841398e-01
8.041483343808925044e-01
9.046017553933229927e-01
6.975960315441362969e-01
6.873489574551789882e-01
4.958185589081420819e-01
7.448011589326604120e-01
6.760805923884966040e-01
6.027946180285679786e-03
6.333693304535636948e-01
7.967065670259902976e-01
8.683701954047670091e-01
9.217910447761193948e-01
9.094244604316547020e-01
9.367554309740714347e-01
9.702754532775452745e-01
9.140225684584805110e-01
9.015863689776733025e-01
9.494461800624822700e-01
6.697105662285136596e-01
9.355994100709319472e-01
8.513710517181534154e-01
9.235592714243057166e-01
8.464007109706724874e-01
8.406627854903716557e-01
9.850533807829181532e-01
8.712474645030425791e-01
8.686003076246978649e-01
2.750666343590986163e-01
1.000000000000000000e+00
9.244710718941141492e-01
9.972591267273211990e-01
9.789313783765933863e-01
8.409245411284840266e-01
9.055263531751669426e-01
9.982940814102260196e-01
9.371130981625233058e-01
9.650374598644310131e-01
1.000000000000000000e+00
5.809569840502658566e-01
9.410755148741418719e-01
6.458733205374280750e-01
1.000000000000000000e+00
9.304964539007092306e-01
8.256880733944954587e-01
9.584474885844749270e-01
9.909267660401814837e-01
9.960132890365448466e-01
1.647083956419568562e-01
6.865605658709107439e-01
9.979591836734693633e-01
9.956043956043956200e-01
1.000000000000000000e+00
9.677419354838709964e-01
7.297344514325646569e-01
8.987039563437926315e-01
8.035756017761158665e-01
7.518964164268898687e-01
9.577277131782945263e-01
7.367945823927765092e-01
9.623290772435026952e-01
8.218132854578097390e-01
9.871106337271751130e-01
9.647988505747125965e-01
9.487295825771324687e-01
8.372952984680401833e-01
9.086491739552964297e-01
3.858833474218089643e-01
7.955567859367430605e-01
7.625818521983162013e-01
6.212487411883181876e-01
9.763779527559055538e-01
1.000000000000000000e+00
9.799168975069252330e-01
9.999208422385814643e-01
8.276993764358385741e-01
8.132158590308370405e-01
8.552507095553453231e-01
9.771428571428570908e-01
9.389610389610389962e-01
9.902912621359223344e-01
9.172214824678206480e-01
9.332837301587301182e-01
8.909712925777182879e-02
9.978828510938603236e-01
8.499807173158503426e-01
9.657498702646600819e-01
6.897314375987362300e-01
8.361018826135104831e-01
9.584898201225539038e-01
7.868700878409615740e-01
9.632981397687280234e-01
9.823677581863979880e-01
9.519999999999999574e-01
7.739034685263350699e-01
9.992867332382311396e-01
9.957698815566835560e-01
8.824821526633718216e-01
9.499499499499499677e-01
9.840525328330206323e-01
8.902431201488228973e-01
9.979079497907950014e-01
8.905750798722045225e-01
9.380456209518445165e-01
7.093704245973645461e-01
8.196836555360280663e-01
9.322560596643878483e-01
5.375990721051614463e-01
8.798037612428454279e-01
9.553862894450489973e-01
9.932810750279955636e-01
8.748957464553794861e-01
9.697167046564636461e-01
7.799607072691552290e-01
9.477425552353506699e-01
9.777313848295059451e-01
9.871148459383753959e-01
7.004481213374698090e-01
9.838779956427015083e-01
9.137093761673514836e-01
5.536292935839274287e-01
7.494070610557701517e-01
9.880507841672889757e-01
9.674502712477396349e-01
9.556913674560733041e-01
5.246816425811989815e-01
8.402708952758506378e-01
7.577475434618291539e-01
9.962913014160486025e-01
9.920227920227919771e-01
5.374302934715259328e-01
3.605032244423300725e-02
9.025468077683451718e-01
9.651567944250870612e-01
8.655423883318140721e-01
9.903750414868901508e-01
9.068360556563823671e-01
8.083976833976833642e-01
7.120529801324503305e-01
9.522365428354814254e-01
9.300311742293038142e-01
9.762187871581450294e-01
9.967884383781613344e-01
9.727443609022556892e-01
9.742212674543501150e-01
7.134836168608061913e-01
9.945155393053016768e-01
9.346816479400749111e-01
9.158187378370864495e-01
1.000000000000000000e+00
9.749303621169916889e-01
1.000000000000000000e+00
9.253859348198970602e-01
1.000000000000000000e+00
8.664215686274510109e-01
8.751828376401755705e-01
9.649681528662420460e-01
9.099485420240137623e-01
9.791666666666666297e-01
7.724591269172425001e-01
5.611210494931425652e-01
9.725274725274725141e-01
5.763760049474335734e-01
9.061583577712609694e-01
7.829743287105340732e-01
