9.470401386081431783e-01
9.998975847059827782e-01
9.998559147015032567e-01
9.935358255451713916e-01
6.620859567478784014e-01
9.860027173054440874e-01
1.000000000000000000e+00
9.983799633871724977e-01
9.767671286933359287e-01
9.546494298686445390e-01
4.848950511647399653e-01
9.815313225058004409e-01
8.861531946021906636e-01
9.894597210769726647e-01
9.803403312691939542e-01
6.141764877763709052e-01
8.717465229093136481e-01
9.804703393278542123e-01
9.788207022703633298e-01
9.802206396904458163e-01
4.801983937158538773e-01
6.533731316486377505e-01
9.877369345364258590e-01
9.722387369533623813e-01
7.750282889643260731e-01
9.878098935627683819e-01
9.738488057128785735e-01
9.909921818937190707e-01
9.706308791286512028e-01
9.690483077813132340e-01
9.960843496349471859e-01
9.448784264048699644e-01
1.000000000000000000e+00
9.843864025932148598e-01
1.000000000000000000e+00
9.963529703892234357e-01
7.051328284649597267e-01
6.782883432182251759e-01
9.821972358866245534e-01
9.044971737374992715e-01
3.945281385281385056e-01
1.000000000000000000e+00
9.520833333333332815e-01
1.000000000000000000e+00
9.945411230140573933e-01
9.913160901630829747e-01
9.953819723548789078e-01
9.908404081314744483e-01
9.979127356521448888e-01
9.998142903570267359e-01
9.942886049509636059e-01
9.937239140516308522e-01
9.961648590021692229e-01
9.998859804863746703e-01
8.368932797063531881e-01
9.991813409955535574e-01
9.931237873496313595e-01
1.000000000000000000e+00
9.974152075700704057e-01
9.988042306655887659e-01
9.998576129603847784e-01
9.521897373682142174e-01
9.698849519710085465e-01
8.907819861197885380e-01
9.185312818521574885e-01
6.245723285241034928e-01
9.941340945975011278e-01
1.000000000000000000e+00
9.987821451894735025e-01
1.000000000000000000e+00
9.987169333122128956e-01
9.982982107355864443e-01
1.000000000000000000e+00
9.527040851121871823e-01
9.762241720917067545e-01
9.969508875095284273e-01
8.180298222267717856e-01
9.987816914440811322e-01
9.802308499475340664e-01
9.994122989795373169e-01
9.990723562152133974e-01
1.000000000000000000e+00
9.994840680204721828e-01
9.970819772009427151e-01
9.990921897010486274e-01
9.978345741065642871e-01
1.000000000000000000e+00
9.937081260885255451e-01
1.000000000000000000e+00
9.993825987841945535e-01
9.923644529996791253e-01
1.000000000000000000e+00
9.999677388134335931e-01
9.990197840257469819e-01
1.000000000000000000e+00
9.999682997574931287e-01
9.950913085267060199e-01
9.240533152507893755e-01
1.000000000000000000e+00
1.000000000000000000e+00
9.961282063291336808e-01
9.999690732808610427e-01
1.000000000000000000e+00
9.996642267141225835e-01
9.764626004300102080e-01
9.941570582736054540e-01
9.950919453010219629e-01
9.305194260300411191e-01
8.511498693143524363e-01
9.979825255676086915e-01
9.949777495232040581e-01
8.713789651504724176e-01
9.599101933903696482e-01
9.910556130412669917e-01
1.000000000000000000e+00
9.458472820022317817e-01
9.969188634029442220e-01
9.999347982004302970e-01
1.000000000000000000e+00
9.928127397710724278e-01
9.920754657053471037e-01
9.997974383745208415e-01
7.934674861221252540e-01
9.959095016885196605e-01
9.983078485062917284e-01
9.679171589864775660e-01
9.836541251571718769e-01
9.989219525342042383e-01
9.984873734136648915e-01
9.971687159013186141e-01
1.000000000000000000e+00
9.927661156745427595e-01
9.651419188365001345e-01
7.217643467643467536e-01
9.956010328009945454e-01
1.000000000000000000e+00
9.998919836432373920e-01
9.990397934768920907e-01
1.000000000000000000e+00
9.928943107324205153e-01
9.969398872084080931e-01
1.000000000000000000e+00
9.972848494599867442e-01
9.025451263537905833e-01
5.965926901134724902e-01
9.424833652870192591e-01
1.000000000000000000e+00
9.956146691725700215e-01
9.861390565615917314e-01
5.610327090477446044e-01
8.697570579756003228e-01
9.960654281226698492e-01
9.993902153009053269e-01
9.998148291026927037e-01
9.978693999769664424e-01
9.919735940261895646e-01
9.963839370678170271e-01
9.992553637082887130e-01
9.999764345469541738e-01
9.964043342349492294e-01
9.834677419354839190e-01
9.826111503175722905e-01
9.989941945615923302e-01
9.995508393689293003e-01
9.999366219499313813e-01
8.414662394317260485e-01
9.706467002385369414e-01
1.000000000000000000e+00
9.839179073092775285e-01
9.959107630610859463e-01
9.996867020693328554e-01
1.000000000000000000e+00
9.360071103210754195e-01
9.965945512820513219e-01
9.995124244693263105e-01
9.999807718191782158e-01
9.995760196726871660e-01
9.985164109338481309e-01
9.929260654617133586e-01
1.000000000000000000e+00
1.000000000000000000e+00
9.993441440259719366e-01
9.248104125208411741e-01
1.000000000000000000e+00
9.850304246504402172e-01
9.967563649542448001e-01
9.899002651180406342e-01
1.000000000000000000e+00
9.962899723855899170e-01
9.977484108976912847e-01
9.994173387715048484e-01
9.649432660746122270e-01
9.998785302156089072e-01
9.904601097509497798e-01
9.734700580228442535e-01
1.000000000000000000e+00
9.481229121960931261e-01
9.936893533283571722e-01
9.993046226787830610e-01
9.994879098721375366e-01
9.884759605002257921e-01
9.905394877013340427e-01
9.945988366725140306e-01
9.997975740022734259e-01
9.872171801099322019e-01
7.836514522821577122e-01
9.952807627307802552e-01
9.976863665748018084e-01
9.962771602038863472e-01
9.976229572288685121e-01
9.804105905244976382e-01
9.779761378700839725e-01
9.938733941717053932e-01
9.896667827702310127e-01
9.948538493207080835e-01
9.471638238794128917e-01
9.960861056751467713e-01
9.879023468720482537e-01
9.916297915444900468e-01
8.304805976806423073e-01
9.984906650917084736e-01
9.834355515536603587e-01
1.000000000000000000e+00
9.997375578565634857e-01
9.773448519040902616e-01
9.105737446875491470e-01
9.910602604664852100e-01
9.877557215860219841e-01
9.949218227983429585e-01
9.878015640568857947e-01
9.356084714144629055e-01
1.000000000000000000e+00
9.034137011707430442e-01
9.679231863442390171e-01
9.288571041214750412e-01
9.984157078669194663e-01
9.609375000000000000e-01
9.343180840384339714e-01
9.335190343546889702e-01
9.896012785653500732e-01
9.118549919602397802e-01
1.000000000000000000e+00
9.997405831690360234e-01
1.000000000000000000e+00
9.918703852480966754e-01
9.763400171647030890e-01
8.827926903908367429e-01
9.998639039161648645e-01
8.952979028569213460e-01
8.522773902338941499e-01
9.887191090008126126e-01
9.973421691443556947e-01
9.514342895263508959e-01
9.669801419035224388e-01
9.112634910330276172e-01
9.947010651394315728e-01
9.988513132021105134e-01
9.986705322676234786e-01
1.000000000000000000e+00
9.968436902762495277e-01
8.924647652868715753e-01
1.000000000000000000e+00
9.985671071485432426e-01
9.906403777098018448e-01
8.904756486117433312e-01
9.769878775426340534e-01
1.000000000000000000e+00
9.998935264054514827e-01
9.718531792621887266e-01
9.988739290085679734e-01
9.943957241450884776e-01
9.997795935074544893e-01
9.502167496771812827e-01
9.652523431190248582e-01
9.980493915533286131e-01
9.769705819719509687e-01
9.748233327423317940e-01
9.835702938041708254e-01
8.668217311845821671e-01
9.889996967757150870e-01
9.873811265544989446e-01
9.974673829623944554e-01
9.681766001091518525e-01
9.942462132764053884e-01
9.414667161539637119e-01
9.979011154555764707e-01
9.963672510392191928e-01
9.919740942565156150e-01
9.896868293458389587e-01
9.787210338680927268e-01
9.991245711581686617e-01
1.000000000000000000e+00
9.975871406749062809e-01
9.974136725849294116e-01
9.911286924769440176e-01
9.790120538879697465e-01
9.975302317923199213e-01
9.054408739448109866e-01
9.995978282726724062e-01
6.095447192049918694e-01
9.399794185747363251e-01
9.949649473608133121e-01
9.861675941780821963e-01
1.000000000000000000e+00
9.685590751010433319e-01
9.905759162303664489e-01
9.864287423512118069e-01
1.000000000000000000e+00
9.915519999999999889e-01
9.982872156445390388e-01
1.000000000000000000e+00
8.138715313767880266e-01
9.077364044827764822e-01
1.000000000000000000e+00
9.967579962835567686e-01
6.906067574739076509e-01
9.254728309816872001e-01
9.024115075447750600e-01
6.990340782300997757e-01
1.000000000000000000e+00
9.307872906558146697e-01
1.000000000000000000e+00
9.136864827022928015e-01
1.000000000000000000e+00
9.546748161589151405e-01
1.000000000000000000e+00
9.998410882278159217e-01
9.988388693252117090e-01
9.969598101735133167e-01
9.964860067769869545e-01
9.996695879289456688e-01
9.609273903666426531e-01
1.000000000000000000e+00
9.798193798588793468e-01
9.860165875221568177e-01
6.484558540856861786e-01
9.852247157450367832e-01
8.913610898905016677e-01
8.261278842842383341e-01
1.000000000000000000e+00
9.616131380956233210e-01
9.918497146347113880e-01
9.209082071063442454e-01
9.976237764221875803e-01
9.461498212261271190e-01
1.000000000000000000e+00
9.917355371900826722e-01
9.787364319510158950e-01
9.855946717411988578e-01
9.980128063590196774e-01
9.822608955446838763e-01
9.403233797234608060e-01
1.000000000000000000e+00
1.000000000000000000e+00
9.820903786362281673e-01
9.906783159053385024e-01
8.160303639205179760e-01
9.979602083725600536e-01
9.909503182640879704e-01
9.583322949634909271e-01
9.570637752767865436e-01
9.999128255421161349e-01
9.780165391515951434e-01
8.300858824263345204e-01
9.999318150825037277e-01
8.778151140344605530e-01
9.817019615497218910e-01
9.919004578002112993e-01
8.724034334763948184e-01
8.224974200206398578e-01
9.697062579821200679e-01
9.568960612898943507e-01
9.819681349578256446e-01
9.989603871661587586e-01
9.826024500219464608e-01
9.312177403938061149e-01
9.932440953393265604e-01
9.313246471226926948e-01
9.561414758008669468e-01
9.547142857142857375e-01
1.000000000000000000e+00
8.986462625073572408e-01
9.578633045786330014e-01
1.000000000000000000e+00
9.837678069580385598e-01
9.999834915394139045e-01
9.985146400787240362e-01
9.805115712545675599e-01
1.000000000000000000e+00
9.991694352159468107e-01
9.984342211460855987e-01
9.912581419266369709e-01
9.996375498368974544e-01
9.481668773704171604e-01
9.970143683523045031e-01
9.999698249849124920e-01
9.862759577112187870e-01
9.298846848515722741e-01
9.283249860879243531e-01
9.923913246181675918e-01
7.194853901842942490e-01
1.000000000000000000e+00
9.719498049140566920e-01
9.849687080911935233e-01
9.981189786872106673e-01
1.000000000000000000e+00
9.988505013091513174e-01
9.862475442043221463e-01
9.992472894412325335e-01
1.000000000000000000e+00
9.154594755218780078e-01
1.000000000000000000e+00
9.987583209740281687e-01
9.999135426753354983e-01
9.938913299753510122e-01
9.929517465726899195e-01
9.654195814098388562e-01
9.796245366495276441e-01
8.815353226217801375e-01
1.000000000000000000e+00
9.928367524246883846e-01
4.095701259227095270e-01
9.829870849638077113e-01
1.000000000000000000e+00
9.793026374608850837e-01
1.000000000000000000e+00
9.603235441833416486e-01
9.636613631899429988e-01
1.000000000000000000e+00
9.998538572550739190e-01
9.287079332525403075e-01
9.951628882802028286e-01
9.913846535267137883e-01
9.996794448739464434e-01
6.940061955190548471e-01
1.000000000000000000e+00
1.000000000000000000e+00
9.874322411352415285e-01
1.000000000000000000e+00
1.000000000000000000e+00
9.927518724329548183e-01
9.997054625371003533e-01
1.000000000000000000e+00
9.954182484618405713e-01
1.000000000000000000e+00
1.000000000000000000e+00
7.179867078694492921e-01
9.944638164961742133e-01
9.976760399721125161e-01
9.958380691315102951e-01
9.741031179564237918e-01
9.935695171146703419e-01
9.986718430731508223e-01
9.966150374397374501e-01
9.996458923512747674e-01
9.811489950679377348e-01
9.897322563611116175e-01
9.939537202309164377e-01
1.000000000000000000e+00
9.995769803755678584e-01
9.941512275417644373e-01
9.373144752924742473e-01
9.988849717143559737e-01
9.987224923761641726e-01
6.652025950948013966e-01
9.516066136328186209e-01
9.633025186543408003e-01
9.906339914674074931e-01
9.954539493814748008e-01
9.902056045707178233e-01
9.849211171876758319e-01
9.937860149207897731e-01
9.975451516745572622e-01
9.932106876916337868e-01
1.000000000000000000e+00
9.997805229823791828e-01
1.000000000000000000e+00
9.964294067201995286e-01
9.996298067282627375e-01
9.999228073425655561e-01
9.932908155211063184e-01
9.967183910740237129e-01
9.967515734566069208e-01
1.000000000000000000e+00
1.000000000000000000e+00
9.984974285891319301e-01
9.940988134848389723e-01
9.941228687746793691e-01
9.961328798397242057e-01
9.914231257941550357e-01
9.999041594786275411e-01
9.998347790169351823e-01
1.000000000000000000e+00
9.991969273743016577e-01
9.996841490184931178e-01
9.949901822252399386e-01
1.000000000000000000e+00
9.982365883647188465e-01
9.990801945622349578e-01
9.987210257058043439e-01
1.000000000000000000e+00
9.998424651060210389e-01
1.000000000000000000e+00
1.000000000000000000e+00
9.922745925470585204e-01
8.811099521634355725e-01
9.989595142329135147e-01
9.830091882351000843e-01
9.860428582937242892e-01
9.463735515944274868e-01
1.000000000000000000e+00
1.000000000000000000e+00
9.761281574217148815e-01
9.960023212328324993e-01
9.999359549122582846e-01
9.984618799949257495e-01
9.992298869408487993e-01
9.689321567357512821e-01
9.951541325897335089e-01
9.944946115815904708e-01
9.987290087857267906e-01
9.936015343740665084e-01
9.900434496801397977e-01
9.999843088027616789e-01
9.994543380127982601e-01
9.999368816372903312e-01
9.998268997749697462e-01
9.988041100848137344e-01
9.995351431759018634e-01
9.999334298600363047e-01
9.875661544347382748e-01
9.962483378712088111e-01
9.999529153260613423e-01
9.991942606566776020e-01
9.408239227808971039e-01
8.947884757843314052e-01
9.954105369043128038e-01
9.993019418707957957e-01
9.941114785835282186e-01
1.000000000000000000e+00
9.999680974940581279e-01
9.996148785262685132e-01
9.987860119586882135e-01
9.994019428774629787e-01
9.985917018741198303e-01
9.897725490196078724e-01
9.950742817320789024e-01
9.994877131193468101e-01
1.000000000000000000e+00
9.701229909661502893e-01
9.993759653036708990e-01
9.974118053050148314e-01
9.999042069130678057e-01
9.933429262661880310e-01
9.893571326301723312e-01
1.000000000000000000e+00
1.000000000000000000e+00
9.945947629951555902e-01
9.986611883107889831e-01
9.982873246453983773e-01
9.999145985276786108e-01
9.989240442486803095e-01
9.862147991249695655e-01
9.834239312797798949e-01
8.333516250921120250e-01
1.000000000000000000e+00
1.000000000000000000e+00
9.978748441259638335e-01
9.995806672050692177e-01
9.986896529948533496e-01
9.923228252003263306e-01
9.981685268381259579e-01
9.992121517710828016e-01
1.000000000000000000e+00
9.993459675786785512e-01
9.995690274385864438e-01
9.990107427158203546e-01
9.925521022558377870e-01
9.989918103983124187e-01
9.994660300907748374e-01
1.000000000000000000e+00
9.990306051793380604e-01
9.964832401760078673e-01
1.000000000000000000e+00
9.951355858916548502e-01
9.977020298736116732e-01
8.299747718566045096e-01
9.996737610688208875e-01
9.044233683848690308e-01
9.999381953028430026e-01
9.935732850279593853e-01
9.990401585286559083e-01
9.988037905856765875e-01
9.986885954085410466e-01
9.995637803466268512e-01
1.000000000000000000e+00
9.995630461922596632e-01
1.000000000000000000e+00
9.998267443691919443e-01
9.988767486980496546e-01
