6.050915864638310993e-01
7.188311688311688208e-01
5.356362914433194788e-01
6.535622390011388561e-01
2.471623405191377132e-01
1.770931770931770954e-01
1.464495270027541540e-01
7.233763393833370081e-01
5.678929765886288061e-01
9.413260501035977112e-01
6.513523527232307764e-01
2.679587246990342564e-01
1.965039772169301646e-01
4.502387073081160485e-01
2.176315789473684259e-01
1.849568965517241481e-01
1.408003577017661601e-01
4.664790800097871060e-01
5.418413065471888723e-01
5.049198763002530344e-01
2.488385598141695798e-01
9.961597320474692430e-02
4.917616261164151625e-01
1.319337908760597478e-01
5.077255204317656645e-01
7.154090044388078384e-01
7.294437726723095317e-01
6.272352132049519025e-01
9.648168298875589577e-02
8.783707548234231943e-01
6.927273983009876179e-01
7.529004994237418202e-01
3.415637860082304522e-01
4.358456792474387775e-01
6.388888888888888395e-01
4.654812275721707526e-01
8.644898408677936796e-03
1.316798247615570683e-01
1.443581544084056589e-01
2.498750624687656186e-01
5.385841836734693855e-01
1.909610358032946265e-01
1.867674689093674553e-02
8.563666430427592235e-01
6.593886462882095900e-01
7.208904109589041598e-01
3.678756476683937571e-01
8.501282845262320143e-01
3.223350253807106824e-01
8.732938760719893834e-01
6.454976858632608394e-01
9.462444771723121928e-01
2.817158176943699854e-01
8.420378904249872232e-01
7.686035977740390823e-01
8.654708520179371645e-01
7.394366197183098732e-01
8.613801452784504153e-01
9.960906958561376034e-02
9.220346273792880964e-01
7.932551319648093457e-01
7.381121362668559005e-01
4.590537461466291658e-02
7.892307692307691802e-01
6.075533661740558505e-02
6.753977968176254620e-01
8.111310592459605173e-01
8.336937716262975417e-01
7.987012987012986898e-01
7.681920480120030259e-01
7.796369304116622656e-01
8.078961038961038899e-01
8.855480116391852841e-01
8.207431604736626918e-01
5.875000000000000222e-01
4.399437412095639766e-01
8.991233808713855469e-01
7.753917585606500129e-01
8.332648870636549798e-01
7.267399971180171780e-01
9.335347432024169168e-01
1.499863309888908314e-01
8.172304697006570473e-01
8.611259101402948257e-01
7.645803698435277296e-01
7.598654022636891492e-01
4.814676570490090124e-01
6.817447495961227455e-01
6.242661448140900404e-01
7.579828839606147506e-01
6.339055312464939029e-03
8.646211942412084239e-01
2.285579641847313992e-01
2.457249070631970234e-01
8.320453374549201531e-01
8.027150129498973330e-01
6.624335881819359839e-01
7.455994686150780870e-01
6.426444312090530131e-01
4.737732656514382495e-02
5.366619115549214891e-01
1.368631368631368639e-01
5.372800477184610513e-01
8.140803832845355803e-01
7.293826396410335589e-01
5.744712430426716088e-01
1.523856993973446983e-01
2.107179821366964301e-01
2.397012625214865744e-01
6.878453038674032793e-01
7.617461229178632554e-01
6.205068476645648756e-01
5.573216268039156152e-01
1.382059010152284217e-01
6.466476593396486283e-01
5.172527111403220079e-01
1.622236671001300312e-01
6.939453733513345490e-01
2.888785625774473176e-01
6.169404265751409211e-01
6.958471436927275988e-01
0.000000000000000000e+00
5.507435691318327553e-01
7.229740487183569098e-01
3.707900868460072275e-01
2.531993258006117742e-01
1.444946825447366856e-01
1.586197001219599723e-01
8.177096215681424196e-01
7.375851187510380491e-01
3.114931405476176751e-01
5.316137442964894433e-01
2.435482555135561333e-01
5.705139101365516163e-01
7.440124416796267681e-01
7.880553532410778939e-01
6.436062928600242428e-01
5.713444168084828023e-01
9.311400153022188209e-02
2.122950819672131118e-01
7.239048485636292440e-01
2.145286686103012597e-01
9.289332149757192902e-02
5.341123256690538668e-01
5.446472619634928902e-01
6.412732182309139883e-01
4.051366225741044880e-01
7.699420021854248564e-01
1.472846765824974147e-01
2.613450963804459515e-01
6.963673269405753485e-01
7.403891789273848723e-01
6.262260388262586019e-01
6.222191259114764339e-01
8.391288298265042744e-01
8.162099763047572232e-01
7.565591397849462663e-01
6.437649307214524663e-01
2.775604809503114390e-01
3.212718179034398380e-01
6.908831908831908342e-01
6.112666371985658875e-01
7.807144001281435264e-01
5.705837466615795162e-01
7.562503374912252774e-01
8.694531690424418535e-01
5.340538336052201851e-01
9.281850961538461453e-01
2.648663393344244388e-01
4.735247439041985196e-01
6.700290979631425836e-01
8.901926057117556246e-01
5.559638646455367095e-01
7.654569892473118697e-01
8.092743500194023998e-01
6.818366517675741312e-01
3.698694248139654528e-01
3.100858369098712375e-01
7.941476916993442381e-02
6.989831177806298257e-01
8.006901475487863129e-01
2.094210798095128834e-01
5.332461795068295096e-01
6.290347490347489856e-01
6.984714747039827420e-01
7.192100538599640602e-01
8.749615029257776788e-01
5.963765409039970544e-01
5.698655829946858153e-01
4.744605529332434068e-01
7.846572546351420208e-01
8.584936419954353193e-01
9.411099594836521698e-01
8.459921604271999351e-01
3.439945888491641734e-01
3.970443349753694506e-01
