9.908072113042065698e-01
9.985810958306047258e-01
9.891071579124862678e-01
9.999102917759985498e-01
9.026192507687106348e-01
9.985173375846950750e-01
9.860365198711062984e-01
9.980766409675474460e-01
9.877838530121668681e-01
1.000000000000000000e+00
8.830433422772391294e-01
9.369602342034643039e-01
9.320059809553788988e-01
9.749101663115719019e-01
1.540069809883236884e-01
9.827577761449913796e-01
6.703668892201983809e-01
9.977797585284823301e-01
9.213737739941086913e-01
9.076503338990847825e-01
8.979505499670960011e-01
7.116921193375861376e-01
5.870846680187266076e-01
8.464581349351696371e-01
8.220860253119744998e-01
9.836098677346616359e-01
9.002998747775654564e-01
1.000000000000000000e+00
5.993250063083522816e-01
9.929525029869612496e-01
8.190798961638303677e-01
9.071153361420186689e-01
1.000000000000000000e+00
9.672040227760112518e-01
9.246248959274414592e-01
5.979565560493417253e-01
5.330786285533296587e-01
5.690454279260436232e-01
5.985375561143421175e-01
9.830073046923362146e-01
9.944675619443918979e-01
9.312284769340924973e-01
4.286177957064032928e-01
9.901241763401168461e-01
9.813630521332956658e-01
9.873613982334147332e-01
9.684345751514039646e-01
9.656703855589978680e-01
1.000000000000000000e+00
9.848579132959967009e-01
8.750891148549773124e-01
9.975691279246429177e-01
9.978381471649525603e-01
9.936221825951451203e-01
9.836568954813161847e-01
9.973654010893985289e-01
9.585956641751698371e-01
9.916379350691898464e-01
9.587718212207503310e-01
9.911613277337503192e-01
9.982940495195167241e-01
9.914585139074935105e-01
6.815931905444788663e-01
9.995690053258627916e-01
9.997802508279834965e-01
9.867467384551666942e-01
9.896341463414634054e-01
9.998214807361485157e-01
9.984678565787394877e-01
9.732521186440677985e-01
9.750804715311973681e-01
9.664536461524992905e-01
9.973899651454972703e-01
9.952613350125945058e-01
9.929465842447297019e-01
9.925011373797907321e-01
9.602602969857300108e-01
9.849174359641138521e-01
9.961575408261287290e-01
8.360783031590992564e-01
9.935583394077062147e-01
9.218836658207425483e-01
9.951355558438189641e-01
9.853013874699271257e-01
9.880415233647809048e-01
9.863241824788050449e-01
7.976783067978873154e-01
9.897158178835400166e-01
9.864092040637825187e-01
9.461304057438637560e-01
8.656613905279261223e-01
9.509271438876395477e-01
8.324612547964319598e-01
9.895417469040126424e-01
1.000000000000000000e+00
9.228144809721373631e-01
9.971566532631189750e-01
7.402222732190276711e-01
9.994564120086353309e-01
3.104679723353370724e-01
8.146527974888551071e-01
7.745800707249305139e-01
9.976515906671847844e-01
9.845433728448276245e-01
9.954126144761206163e-01
1.000000000000000000e+00
5.213677963102955060e-01
8.650369111299971436e-01
8.817652227682494237e-01
9.999657211414859637e-01
9.422657535294792774e-01
9.985911524373062287e-01
1.000000000000000000e+00
6.189229376777863889e-01
8.712859418080934892e-01
9.937392897741732511e-01
9.999838738288368001e-01
9.859454626732230276e-01
9.879694052237282254e-01
9.949226221526691338e-01
9.684344256954851016e-01
7.268257436909628666e-01
9.819847380139022919e-01
9.356736910928934448e-01
9.317971877245201373e-01
7.971984588258342885e-01
8.208997722095672245e-01
9.632817357724907659e-01
9.914441454495273032e-01
9.983524449716620897e-01
4.866340533904982002e-01
9.275442385281167379e-01
7.192824319547542755e-01
5.159763792266623961e-01
9.806189434198187005e-01
9.543672076951483785e-01
8.179406710005230341e-01
8.637693964327129992e-01
8.927844027425799744e-01
8.786461886616636630e-01
9.731394611198290745e-01
7.584870693286159815e-01
5.939934904822961048e-01
9.883012468201375356e-01
9.798509348155634013e-01
9.436202294706922400e-01
9.927769788929108330e-01
9.836665524887775458e-01
9.643746839236546631e-01
7.720338535709886374e-01
9.989411877947829144e-01
9.941835312214584164e-01
8.390828046267774232e-01
8.989155370177267512e-01
9.831822853405587370e-01
9.759812311301705456e-01
9.988007700318742854e-01
8.123106925023857450e-01
4.266533164814602097e-01
4.313702308770626104e-01
9.911717625753876382e-01
9.574730062511839224e-01
9.883287725429428239e-01
9.951618229854689579e-01
9.466674432601394074e-01
9.992872148859544001e-01
8.302660436731190696e-01
9.999678962406497451e-01
9.995753982607055166e-01
9.813398536603301636e-01
8.926074289876183565e-01
9.905195957346878410e-01
9.198236384967641843e-01
9.995018214652676702e-01
9.941333680985594556e-01
9.314450312049927794e-01
9.297912363529065027e-01
9.951473358235162214e-01
9.666223109336882224e-01
9.625038629262094858e-01
9.816178346115258524e-01
7.760597955519730196e-01
8.936823877706816521e-01
9.897937061187732644e-01
8.460868808217985038e-01
9.719927772868723892e-01
9.994417417656910052e-01
9.501234233929597428e-01
9.854060606060606187e-01
9.859782663127848457e-01
9.822234624033616690e-01
9.993498620653300524e-01
9.949714326910945594e-01
7.894736842105263275e-01
7.195931165232608562e-01
9.967471212022640525e-01
