8.871700429711479874e-01
8.354134165366614573e-01
8.292475314947225229e-01
7.740066709579261905e-01
3.903434206052363020e-01
9.068322981366460089e-01
7.075110456553755922e-01
6.897076735688185689e-01
9.057794057794057441e-01
8.952821753537053562e-01
5.736731634182908879e-01
6.692966258183649098e-01
4.319027536591416583e-01
6.289798570500324537e-01
2.759133164495534141e-01
8.849963507454905454e-01
2.734578704861235221e-01
8.411214953271027861e-01
6.061047688446279391e-01
4.137733689431514761e-01
3.448345236897696342e-01
2.788411169762662900e-01
5.368414368266197778e-01
5.817914831130690523e-01
6.864904891933170106e-01
8.453137734311328977e-01
6.155410127708240697e-01
0.000000000000000000e+00
1.434832445553232971e-01
9.719520612411369775e-01
6.627636218481803843e-01
7.854766961888349774e-01
5.534715960324616546e-01
6.234117892105811576e-01
8.016528925619834656e-01
6.423028600990318138e-01
5.315507207789738064e-01
3.093629343629343831e-01
5.194899817850637258e-02
3.830128205128205399e-01
7.968480669785766857e-01
7.194742709616851473e-01
4.322058024275990396e-02
9.162232396980571902e-01
7.448542024013722340e-01
8.067065868263473272e-01
3.134782119130728462e-01
9.088004510642296863e-01
8.642404670227300523e-01
9.137055837563451410e-01
7.860952258561973993e-01
9.826770421929378330e-01
8.341772151898734222e-01
9.429308861485518056e-01
9.237116612174995911e-01
9.760727175511295650e-01
4.402515723270440384e-01
8.390703147984701626e-01
4.067570571238052768e-01
9.686529229031347610e-01
9.267545203800183762e-01
8.735237277217092755e-01
6.221899268813297496e-02
8.976958525345621887e-01
9.610609480812640770e-01
8.689763779527559517e-01
7.747123869094157955e-01
9.063326374391093010e-01
8.742427913738792800e-01
8.636977058029690069e-01
9.235663594094134510e-01
8.978569143831964805e-01
9.531637312459230182e-01
9.008538899430740265e-01
7.655849701110162275e-01
8.338896020539152687e-01
9.303694681282987933e-01
8.959964213822411150e-01
9.345488546049556255e-01
9.529163085642610165e-01
9.661864596551467121e-01
5.426642111724984119e-01
8.655496526358806841e-01
9.128088611190002810e-01
8.501383946223803889e-01
8.952213239414071877e-01
7.058467963512473631e-01
9.167767503302509668e-01
8.946271050521250601e-01
9.007072905331882096e-01
6.692875635247866328e-02
9.381279475087144215e-01
5.140682212372326143e-01
7.444115270670617068e-01
8.100581878636741173e-01
8.951237504133492395e-01
8.849951080672417980e-01
3.634757468679730152e-01
8.040404040404039998e-01
1.461530765382691444e-01
5.041318622414794337e-01
2.341463414634146478e-01
7.083540774668923845e-01
9.268292682926829729e-01
8.259084993492842308e-01
3.510917030567685670e-01
1.843547856594671686e-01
5.743133664661260740e-01
4.918599242474582800e-01
8.065372490459598032e-01
8.975791433891993076e-01
5.730931253921305313e-01
6.152101495499326944e-01
2.371060635475312206e-01
4.075824235511378846e-01
8.184208294461877697e-01
6.911655530809205361e-01
9.106815443449106651e-01
8.215005599104143741e-01
8.839393532805581710e-01
7.864630128781072704e-01
5.205237515225334954e-01
7.801541122818053120e-01
7.248049308242082711e-01
5.996329810795418824e-01
3.858937198067632912e-01
2.842409759778644074e-01
5.810983397190293553e-01
8.878156478542845731e-01
8.943598925693823087e-01
4.388680832315302593e-01
6.963906581740976209e-01
5.297146916064875422e-01
5.734450187132418275e-01
9.148898553799370559e-01
8.660592943071424576e-01
6.704159916862793001e-01
7.438830954068373913e-01
2.608788853161843613e-01
5.896427582387150368e-01
8.602675059008654257e-01
4.486369995084880102e-01
2.751459329441788282e-01
6.739795918367347261e-01
7.758257203092059351e-01
8.252925912196155123e-01
7.628306579244856778e-01
8.880218889339278610e-01
6.706093868281605141e-01
4.285144204607291840e-01
8.264029241023436168e-01
7.689594356261022501e-01
7.496477700642979469e-01
8.052937103903712313e-01
9.354041361127132248e-01
9.404429155020426201e-01
7.037358818418766315e-01
7.697724305166946390e-01
2.014054717882240442e-01
2.664759551828013162e-01
7.717517401392111065e-01
9.045270196207387814e-01
9.236405707674508747e-01
7.277556440903054646e-01
9.095163806552262198e-01
8.992818671454219093e-01
7.447725003565824897e-01
9.356110381077529237e-01
9.135938359933957198e-01
8.665858661197091140e-01
7.714625799732183209e-01
9.475231155471189881e-01
8.558585960999020026e-01
8.901830282861896704e-01
9.557603686635944840e-01
8.644974938407952170e-01
6.963569734856650539e-01
9.093392521768823844e-01
6.914831981460023425e-01
8.619136284461529351e-01
9.249088030834882179e-01
6.293656661245009554e-01
8.048788797655956895e-01
7.154724818276220200e-01
8.365191585929999674e-01
9.202631388708161220e-01
9.788744896147700825e-01
8.085214950886592256e-01
8.554231974921630011e-01
9.009514101257221075e-01
8.949461635464157627e-01
8.893447877933068346e-01
9.677290438605254952e-01
7.402549734504612067e-01
5.810034573816459380e-01
9.687121028377395637e-01
