8.773345947265625000e-01
9.734191894531250000e-01
9.876098632812500000e-01
9.631805419921875000e-01
9.815216064453125000e-01
9.894409179687500000e-01
9.367370605468750000e-01
9.760284423828125000e-01
9.638977050781250000e-01
9.891052246093750000e-01
9.770965576171875000e-01
9.419555664062500000e-01
9.577484130859375000e-01
9.062805175781250000e-01
9.743347167968750000e-01
8.650512695312500000e-01
9.603881835937500000e-01
9.947662353515625000e-01
9.536895751953125000e-01
9.394989013671875000e-01
9.684753417968750000e-01
8.311004638671875000e-01
7.409820556640625000e-01
9.777984619140625000e-01
9.643249511718750000e-01
9.607696533203125000e-01
9.755401611328125000e-01
8.547363281250000000e-01
9.169311523437500000e-01
9.575958251953125000e-01
9.741516113281250000e-01
9.540405273437500000e-01
9.808807373046875000e-01
9.176177978515625000e-01
9.875640869140625000e-01
9.565734863281250000e-01
9.849548339843750000e-01
9.500274658203125000e-01
9.702453613281250000e-01
9.719390869140625000e-01
9.748992919921875000e-01
8.939666748046875000e-01
9.410095214843750000e-01
9.647369384765625000e-01
9.744415283203125000e-01
9.797363281250000000e-01
9.517669677734375000e-01
9.727020263671875000e-01
7.842559814453125000e-01
9.517822265625000000e-01
9.633483886718750000e-01
9.585571289062500000e-01
9.452056884765625000e-01
9.391937255859375000e-01
9.851684570312500000e-01
9.578247070312500000e-01
8.747863769531250000e-01
8.984832763671875000e-01
9.570007324218750000e-01
9.850311279296875000e-01
8.880462646484375000e-01
9.079895019531250000e-01
9.470520019531250000e-01
9.692535400390625000e-01
9.809265136718750000e-01
8.916015625000000000e-01
9.698333740234375000e-01
9.783172607421875000e-01
9.570159912109375000e-01
9.481353759765625000e-01
9.292144775390625000e-01
9.952697753906250000e-01
9.834442138671875000e-01
8.967590332031250000e-01
9.698486328125000000e-01
9.551239013671875000e-01
9.431610107421875000e-01
9.909667968750000000e-01
9.849548339843750000e-01
9.952545166015625000e-01
9.717864990234375000e-01
8.900299072265625000e-01
9.300384521484375000e-01
9.148559570312500000e-01
9.869232177734375000e-01
9.887237548828125000e-01
9.968261718750000000e-01
9.622344970703125000e-01
9.228973388671875000e-01
9.886779785156250000e-01
9.887695312500000000e-01
9.945983886718750000e-01
9.872436523437500000e-01
9.976348876953125000e-01
9.961242675781250000e-01
9.954528808593750000e-01
9.715270996093750000e-01
9.929809570312500000e-01
9.972839355468750000e-01
9.901123046875000000e-01
9.779357910156250000e-01
9.967956542968750000e-01
9.959716796875000000e-01
9.897613525390625000e-01
9.917297363281250000e-01
9.948883056640625000e-01
9.969940185546875000e-01
9.840698242187500000e-01
9.059600830078125000e-01
9.815216064453125000e-01
9.920654296875000000e-01
9.952545166015625000e-01
9.913635253906250000e-01
9.727783203125000000e-01
9.815979003906250000e-01
9.956054687500000000e-01
9.961547851562500000e-01
8.792877197265625000e-01
9.915771484375000000e-01
8.731536865234375000e-01
9.948272705078125000e-01
9.649200439453125000e-01
9.844360351562500000e-01
9.732971191406250000e-01
9.511566162109375000e-01
9.625854492187500000e-01
9.196319580078125000e-01
9.944763183593750000e-01
9.035491943359375000e-01
9.899139404296875000e-01
9.943695068359375000e-01
9.908447265625000000e-01
9.927978515625000000e-01
9.619903564453125000e-01
9.308776855468750000e-01
9.572143554687500000e-01
9.740447998046875000e-01
9.822540283203125000e-01
9.922180175781250000e-01
9.380035400390625000e-01
9.835662841796875000e-01
9.804534912109375000e-01
9.763946533203125000e-01
9.707489013671875000e-01
9.868164062500000000e-01
9.313812255859375000e-01
9.957580566406250000e-01
9.525909423828125000e-01
9.684143066406250000e-01
9.808502197265625000e-01
9.873504638671875000e-01
9.007415771484375000e-01
9.777832031250000000e-01
9.757995605468750000e-01
9.829406738281250000e-01
9.472045898437500000e-01
9.832458496093750000e-01
9.742889404296875000e-01
9.627380371093750000e-01
9.625701904296875000e-01
9.375762939453125000e-01
9.047546386718750000e-01
9.754943847656250000e-01
9.918212890625000000e-01
9.942016601562500000e-01
9.919738769531250000e-01
9.715270996093750000e-01
9.246673583984375000e-01
9.822998046875000000e-01
9.819335937500000000e-01
9.828491210937500000e-01
9.921264648437500000e-01
8.384552001953125000e-01
8.704681396484375000e-01
9.891510009765625000e-01
9.134216308593750000e-01
9.565124511718750000e-01
9.839782714843750000e-01
9.590301513671875000e-01
9.419860839843750000e-01
9.709625244140625000e-01
9.414367675781250000e-01
9.252471923828125000e-01
9.969177246093750000e-01
9.832458496093750000e-01
9.458007812500000000e-01
9.632263183593750000e-01
9.896240234375000000e-01
9.696350097656250000e-01
9.897766113281250000e-01
9.632720947265625000e-01
9.860992431640625000e-01
9.927978515625000000e-01
9.460906982421875000e-01
9.327087402343750000e-01
9.081573486328125000e-01
