4.208708708708708834e-01
9.004363989009213087e-01
9.083895853423336053e-01
7.545679012345678505e-01
6.797188755020080464e-01
8.572015615368809849e-01
7.957985789311090574e-01
8.132495716733295632e-01
8.425457991156032334e-01
6.239139429044269214e-01
8.788671416974835893e-01
9.103177836626604735e-01
8.386908240794856972e-01
6.108243827591016695e-01
6.533751068071774748e-01
4.100875551897029125e-01
8.489544155258010871e-01
9.340633182575577287e-01
8.306588123772766785e-01
8.062806413144295581e-01
7.521120497999110865e-01
6.571373629895519430e-01
2.900388098318240626e-01
8.478111165764879997e-01
6.838352975411028378e-01
7.762083049693668801e-01
9.412291837801508576e-01
5.711386597255923014e-01
8.804133258596739120e-01
7.722814049150933391e-01
8.806013720624726870e-01
7.330827067669173358e-01
7.219406227371469864e-01
7.995646349631614358e-01
8.748129675810474293e-01
7.843570481661511495e-01
9.145753492397082907e-01
8.701095461658842067e-01
8.056147832267235298e-01
8.671096345514950343e-01
8.835294117647058965e-01
5.857895096765369791e-01
5.695347980851847014e-01
5.700889248181083557e-01
8.846017448045960796e-01
9.059153758186921923e-01
8.852360256465424682e-01
8.555976203353163889e-01
5.651542878778317291e-01
9.219121656900852724e-01
9.307588566165586608e-01
8.772928204867639357e-01
8.323957413175879783e-01
8.578283350568769450e-01
8.456983629397422098e-01
8.336132507094458077e-01
4.592846270928462871e-01
3.146785437645236438e-01
8.734275129259455595e-01
6.921790046005855679e-01
8.379290226021663957e-01
8.388796609198694298e-01
8.738482800982800835e-01
9.423022598870056665e-01
7.182830752512904260e-01
7.357411696583671112e-01
6.684947322846009898e-01
8.741640267511440188e-01
7.449801352947492683e-01
8.945478054737446838e-01
6.735733695652174058e-01
9.098300073909829644e-01
9.338377209912761545e-01
8.114638148588242395e-01
9.010409803663196326e-01
7.070789259560618101e-01
4.899886664148092041e-01
9.641801631398509986e-01
9.603298305596058571e-01
9.674732695554304485e-01
8.685028554904937748e-01
7.629712006749242992e-01
5.515124153498871529e-01
6.883241835983926471e-01
9.325990034093889491e-01
8.664478667003282508e-01
9.361445783132530396e-01
7.218816185486567338e-01
8.080711408860709044e-01
9.728530099472912918e-01
8.621605064325097434e-01
9.588921282798833490e-01
9.377823571371958211e-01
9.833671399594320350e-01
9.186351706036745002e-01
9.385177799933532850e-01
5.223707147007553564e-01
9.758341582717056095e-01
9.565724278635966416e-01
8.391502276176023845e-01
5.857203933304830912e-01
9.065573770491803796e-01
9.760172460253301319e-01
9.133962576585527016e-01
9.472377405338299194e-01
9.725540025412960921e-01
9.209572153734589817e-01
9.115186042371372643e-01
8.180248076621133846e-01
9.506468027711360014e-01
9.214285714285713746e-01
9.329860288894150644e-01
8.995582869214518995e-01
7.841121495327102453e-01
9.640837205951222622e-01
9.677261613691932052e-01
9.497041420118342847e-01
9.096731854574091614e-01
9.595573911010675250e-01
3.258810155361879235e-01
9.795213106361192468e-01
9.292432764569645842e-01
8.728208728208728395e-01
9.088740210569991040e-01
8.291569016285078586e-01
8.342950140553336835e-01
8.538359991403923210e-01
8.916184971098265466e-01
8.493126593780226941e-01
9.215511079342387779e-01
9.494522898244688314e-01
9.470474641731883025e-01
9.092831465426094439e-01
7.056447326459019953e-01
8.193567034146744810e-01
6.388333529342584693e-01
5.520712349980643197e-01
5.353440150801130892e-01
8.522473305189968151e-01
7.280665623197957181e-01
7.109974424552429895e-01
9.217391304347826164e-01
7.764256740634692955e-01
9.396314487755599298e-01
9.538724130573927873e-01
8.773091081017189152e-01
9.291494632535094444e-01
7.773345273955873935e-01
8.258488499452354414e-01
7.682301931415057572e-01
8.458781362007168347e-01
7.578743473134579300e-01
7.982249341284148869e-01
8.224444733082219017e-01
8.161185734136173764e-01
7.178843740951645902e-01
8.468844984802431641e-01
6.405132000986922813e-01
3.970349779939773005e-01
9.223181257706535296e-01
7.659692855553082991e-01
8.209601941186666085e-01
8.810433626848314104e-01
9.608323133414932160e-01
8.739232576350822734e-01
8.018433179723502002e-01
9.040418449833571568e-01
7.948819416963461837e-01
9.494425107663264640e-01
9.652621421678996283e-01
9.199676637025060444e-01
9.580526999881838757e-01
6.592542677448337551e-01
3.393476261232576396e-01
8.337368845843422527e-01
5.311880096980383659e-01
8.586666666666666892e-01
9.308736512356421411e-01
8.889615546316624872e-01
8.528455284552846072e-01
8.283888199942764929e-01
9.156689846345018591e-01
8.662520458265139389e-01
9.717232793882268904e-01
9.241839762611275821e-01
7.202139249281964695e-01
8.592285231289380487e-01
9.398650030681120482e-01
9.233958969882147816e-01
9.623843782117162959e-01
9.117951278667475457e-01
9.651173578254012009e-01
9.018811747191771699e-01
8.502658289028516281e-01
8.880352677305421993e-01
7.234904426347102957e-01
