8.988905698436712166e-01
7.203994293865906284e-01
8.391911410688492889e-01
3.642048980760967947e-01
4.878619479379935897e-01
9.605122732123799745e-01
1.000000000000000000e+00
7.371565113500597732e-01
8.245197496222750333e-01
9.045896019805751420e-01
1.000000000000000000e+00
3.135028388052332748e-02
1.000000000000000000e+00
8.607115821347464113e-01
1.000000000000000000e+00
9.906781635982288003e-01
0.000000000000000000e+00
8.425998433829287038e-01
9.786666666666666847e-01
7.115924588848776544e-01
1.000000000000000000e+00
9.982658959537572541e-01
1.000000000000000000e+00
1.032747896084888345e-01
8.650442477876105762e-01
8.829787234042553168e-01
8.858381502890173564e-01
0.000000000000000000e+00
1.000000000000000000e+00
9.906229929351316743e-01
9.879769475357710329e-01
7.565539323594157040e-01
3.672858745792295099e-01
4.739601537923802677e-01
8.976334617501375845e-01
1.000000000000000000e+00
0.000000000000000000e+00
1.000000000000000000e+00
1.000000000000000000e+00
5.010869565217391797e-01
7.609942638623327094e-01
1.000000000000000000e+00
1.000000000000000000e+00
8.668081719288935894e-01
9.965477560414269798e-01
9.982185273159145389e-01
3.557262819367518203e-01
1.000000000000000000e+00
8.665791776027996773e-01
7.925559604372722777e-01
9.543076671571031344e-01
9.731366459627329712e-01
1.000000000000000000e+00
1.000000000000000000e+00
9.959589156423640510e-01
9.986364875920370476e-01
9.742857142857143105e-01
9.505915100904662740e-01
3.413043478260869290e-01
9.841196244349136313e-01
9.963459196102314452e-01
9.303219605958673588e-01
1.000000000000000000e+00
8.526315789473684070e-01
6.256157635467980427e-01
9.967379485320768673e-01
7.617380560131795653e-01
9.678407350689126609e-01
8.944294699011680061e-01
1.000000000000000000e+00
7.264966442953020298e-01
1.000000000000000000e+00
9.023630225915346692e-01
9.791666666666666297e-01
7.240392477514309144e-01
7.384272169548242726e-01
9.967270346934322678e-01
1.000000000000000000e+00
9.891891891891891886e-01
8.239949351060462668e-01
9.711229946524063683e-01
1.000000000000000000e+00
8.881987577639751663e-01
9.983505154639175094e-01
1.000000000000000000e+00
9.781537450722733729e-01
9.754301658657572593e-01
7.801514637730303514e-01
9.687705456936226422e-01
9.867793917385383473e-01
4.952510176390773067e-02
9.776654711444408008e-01
1.000000000000000000e+00
9.765484064942874243e-01
7.514844568634300170e-01
9.842685426244945912e-01
6.606000983767831292e-01
9.761589403973509604e-01
9.147084421235857077e-01
1.000000000000000000e+00
1.000000000000000000e+00
9.799270072992700698e-01
4.947219158657633620e-01
9.894205729166666297e-01
8.404007872606906737e-01
6.366525423728813804e-01
1.000000000000000000e+00
9.958386104577529041e-01
7.410583047525722833e-01
6.712557363370880159e-01
1.000000000000000000e+00
8.272555205047318339e-01
4.067970109530146261e-01
8.359716157205240306e-01
3.168136637267254807e-01
4.097316962255570516e-01
5.665248226950354571e-01
9.116637186557070560e-01
8.107238605898123840e-01
7.161724395713929825e-01
7.741545893719806726e-01
0.000000000000000000e+00
9.478871136329699576e-01
6.876167827416340694e-01
6.698219836111896086e-01
9.596171802054155320e-01
6.991379310344827402e-01
7.711442786069651334e-02
8.552353252247487658e-01
8.561983471074380292e-01
9.899607556812995979e-01
8.238841978287092527e-01
1.000000000000000000e+00
5.131775236200895041e-01
9.917084726867335664e-01
9.845426231399239114e-01
7.990669776741086139e-01
9.535194932643411558e-01
3.582580115036976265e-01
9.764662621805478837e-01
9.763933262335817709e-01
7.327293318233295549e-01
1.000000000000000000e+00
6.558791801510248654e-01
1.000000000000000000e+00
9.959173258484307345e-01
5.209533267130089795e-01
8.053044601172146821e-01
1.655552811393759816e-01
8.660232103872227416e-01
7.641086012802590366e-01
8.883914294851295024e-01
8.387116304413634316e-01
7.645854657113613229e-01
8.543382414108643408e-01
9.917251570003694505e-01
7.715078630897317380e-01
9.525210568824276081e-01
2.796444829828744760e-01
9.808756124545597865e-01
6.606126321496340603e-01
7.040640200847324559e-01
9.983586376692654696e-01
5.908360128617363705e-01
9.960082685864993790e-01
8.490674083769633729e-01
9.998473398977176796e-01
9.073502161828289614e-01
8.186954288649204159e-01
8.817985998922993618e-01
9.845516201959306768e-01
9.998757609640949173e-01
1.000000000000000000e+00
8.333333333333333703e-01
9.808245445829338882e-01
8.274417825431396034e-01
1.399398868458274492e-01
1.000000000000000000e+00
1.000000000000000000e+00
9.824417009602194328e-01
9.980680636052905452e-01
1.000000000000000000e+00
9.950122580099755032e-01
6.319755966265925284e-01
1.000000000000000000e+00
8.868526487609437181e-01
9.658570925730376455e-01
9.987480438184663800e-01
9.057634526085769355e-01
9.637591046367027792e-01
9.986993279861261508e-01
8.462608695652173996e-01
9.531483139361384138e-01
9.806332209663559674e-01
9.998127340823970144e-01
9.104146100691016263e-01
