6.151525310090513177e-01
7.355163727959698194e-01
6.018275271273557658e-01
4.323292118203084233e-01
2.247191011235954994e-01
4.049574655324141848e-01
4.405869963992119220e-02
7.519872813990461369e-01
6.980557903634826422e-01
9.406449158185103965e-01
4.427078516600388425e-01
3.360842004544910971e-02
2.760761589403973315e-01
4.765957446808510856e-01
1.625596397491110012e-01
4.476210350584307052e-01
9.046796611563450883e-04
7.212761792914464953e-01
6.223368841544607566e-01
4.334862385321101019e-01
1.774510818925354727e-01
2.152617458039558229e-01
2.934610349341969515e-01
1.716120861226705374e-01
4.939048149178958957e-01
7.992591537256019674e-01
7.349494300850858419e-01
5.480167014613778198e-01
1.708139348209985475e-01
9.321870866899122365e-01
6.707096428332104399e-01
7.381838481577968070e-01
5.276150105971824100e-01
4.835472076851387024e-01
6.609422139707589183e-01
5.020217190388169826e-01
0.000000000000000000e+00
1.837722510588160330e-01
5.759754422812828067e-02
1.416423066702099387e-01
6.732976281560826282e-01
3.105682951146560566e-01
1.624545224615264738e-02
8.082061068702289797e-01
6.296026248632883293e-01
6.326070623591284470e-01
4.166806793341180648e-01
7.991262776129245404e-01
8.656205994769664569e-01
7.528763183125599667e-01
8.655352480417755068e-01
9.634936361557807638e-01
4.375416389073950585e-01
8.411764705882353033e-01
8.499999999999999778e-01
9.192780145399849223e-01
5.660377358490565891e-01
6.349419124218051991e-01
1.379760041731872833e-01
9.288279464577211542e-01
8.214107053526763513e-01
7.637114951164537535e-01
5.306375397009838180e-02
8.170914542728635599e-01
9.127066115702479054e-01
7.685236768802228280e-01
7.045779685264663694e-01
8.873110398534127530e-01
7.412562455389007932e-01
7.738814993954050703e-01
7.210085749285423118e-01
7.651281119389423679e-01
8.672480620155038622e-01
8.302277432712215077e-01
5.774604160198696379e-01
6.969831410825200191e-01
8.270586109270525732e-01
7.291249772603237700e-01
7.591623036649214340e-01
7.686187287902411791e-01
9.276829621058720887e-01
1.515417838489353242e-01
7.878990846171020079e-01
8.056848404255319007e-01
7.251264755480607560e-01
7.924330005254860421e-01
6.005419281232173834e-01
7.286048641497914202e-01
7.104640151515151381e-01
7.885154061624649602e-01
3.328630066700872386e-02
8.775441140923374572e-01
2.489500699953336449e-01
3.215116279069767380e-01
7.921128675845656719e-01
8.053002107528810516e-01
7.024077046548956593e-01
7.453580901856764473e-01
5.030647985989492588e-01
7.031595972043051812e-02
5.469083155650319439e-01
3.365650969529085934e-01
5.416857885880372869e-01
8.226567768037761352e-01
7.531730625653277889e-01
5.462159511054101024e-01
1.570481162692253518e-01
2.545714813446620095e-01
2.085609043566619969e-01
6.964679911699779291e-01
6.688183972968884117e-01
4.534462320067739194e-01
4.337189067458286362e-01
1.232159634915663687e-01
2.390901103192424049e-01
5.361527967257844196e-01
3.759967005773989790e-01
8.529160739687055015e-01
8.243180767452612523e-01
7.483886369061828470e-01
7.233766233766233400e-01
0.000000000000000000e+00
5.570557491289198637e-01
7.741191965755680471e-01
5.832885833959832178e-01
3.303550434987068130e-01
1.753790690276746944e-01
1.669606114050558587e-01
8.015535866003156151e-01
7.257986835768180933e-01
6.610025488530161253e-01
4.936491935483870996e-01
2.294351223261175965e-01
4.387905230581908844e-01
8.519952352590828282e-01
8.371071637712278468e-01
7.793879596084174466e-01
6.390785489520869334e-01
4.409631563678560739e-02
4.228735810915876248e-01
7.787251887056192423e-01
1.194704273996258503e-01
1.279688152582486305e-01
4.894012644105615317e-01
6.333907056798623314e-01
6.678888130968622105e-01
5.328074578702043373e-01
7.873867069486404358e-01
2.056805489069730430e-01
2.522086734522490103e-01
5.593166043780032348e-01
6.258613700851236583e-01
5.986679190504653469e-01
6.676343239519779704e-01
8.320260930340918071e-01
8.352300841167739076e-01
7.576742506319971149e-01
6.655221973810284686e-01
1.374331096576913158e-01
1.370846176344860112e-01
6.253877356239561092e-01
6.258507769359188400e-01
7.641894010661649528e-01
5.668399554400297413e-01
7.850650807899461903e-01
8.478805006055712967e-01
5.749462318395294202e-01
9.401709401709401615e-01
7.574178027265436874e-01
2.870364997388730743e-01
5.511214067600295197e-01
8.688471502590673357e-01
5.934065934065934078e-01
7.357604227833235422e-01
8.748681156362101419e-01
7.287189095852162346e-01
1.478849888683624603e-01
6.023343059608170513e-01
1.279600722098332699e-01
7.492198876638236360e-01
8.388625592417061627e-01
3.145821955215729049e-01
6.540405442932518687e-01
6.745368093130020837e-01
4.539049966286126114e-01
8.732572877059568972e-01
9.379356123464984707e-01
6.987635408688039895e-01
6.740567872423182116e-01
7.576252723311547310e-01
8.114004222378606856e-01
8.327067669172932840e-01
9.651663405088062309e-01
6.330423674685969893e-01
4.698636163660360743e-01
9.221022993899578024e-01
