9.675166477180444646e-01
9.970998222471699757e-01
9.574403507292807980e-01
1.000000000000000000e+00
9.174944057182413681e-01
9.361179752889597916e-01
5.619327822662245620e-01
9.964466756858079144e-01
9.789501338193520308e-01
9.998001235599811576e-01
9.008049515218357062e-01
9.299016020167520935e-01
9.174155977020539421e-01
9.635418322892486120e-01
1.696521908609295026e-01
9.135766184994693617e-01
8.649931937512154168e-01
9.792885503605867070e-01
9.634545042566277084e-01
9.703852925780815930e-01
8.755131459371376934e-01
7.975546104774792200e-01
4.169336037453325594e-01
9.977657314482455408e-01
6.550579697318347216e-01
9.847036650624305665e-01
9.771798589599947071e-01
9.941194581280787812e-01
8.370868029270754906e-01
9.907880383023670579e-01
9.124062590135564310e-01
9.864246876237802164e-01
1.000000000000000000e+00
9.536900096132514548e-01
9.319409753591610945e-01
6.419404410848527087e-01
9.602700134610816507e-01
5.711202208650547618e-01
8.200330129737901652e-01
9.560016095084808985e-01
9.917722716096084579e-01
7.410753861365884099e-01
2.184973957125855848e-01
9.931516829374908983e-01
9.842471550832314620e-01
9.846833302010900013e-01
9.941607300755768151e-01
9.563582314070306900e-01
9.934551538612952370e-01
9.885915785106824671e-01
9.708453716558478330e-01
9.954231236706168051e-01
9.463192865885644567e-01
9.900236155959323270e-01
9.825326778193532729e-01
9.947954549127996371e-01
9.875166702850231015e-01
9.875037052060094966e-01
9.549028104494242664e-01
9.901245848635541469e-01
9.944126209033712360e-01
9.908439051296193956e-01
8.115063761545696641e-01
9.985069113074531710e-01
9.982890957321571834e-01
9.867626678560619258e-01
9.878707976268952251e-01
9.927293972540491840e-01
9.909019112304533472e-01
9.752383474576271638e-01
9.793864978363283624e-01
9.547404359625317749e-01
9.955094431385264064e-01
9.937185138539043061e-01
9.877159613250910963e-01
9.927678333307187186e-01
9.449282638500009490e-01
9.757996359381094775e-01
9.899371663438371050e-01
8.959908455596877763e-01
9.937448085301147094e-01
4.321271911396447063e-01
9.900278894798287821e-01
9.807863428138285933e-01
9.871422711639794567e-01
9.743641501816713291e-01
8.454611087889957188e-01
9.827126955846813283e-01
9.602368297113638151e-01
9.058690933377859800e-01
7.796197433736068438e-01
9.515636271056986395e-01
7.326456371156625513e-01
9.452507319211560510e-01
9.973750208995151301e-01
9.105364025019481167e-01
9.977959856654945447e-01
9.753794708717175022e-01
9.823722179943156219e-01
2.197498545666085046e-01
9.219441337051074159e-01
9.320219752462742813e-01
9.967899440774468101e-01
9.785998114224138122e-01
9.815170066892421330e-01
9.479801276472294980e-01
7.121258424074758953e-01
7.312236497858654038e-01
8.101994988121196117e-01
9.990230525323506861e-01
8.743734935149405363e-01
7.247715654309060396e-01
1.000000000000000000e+00
6.979732350659425544e-01
9.469114448649667004e-01
1.000000000000000000e+00
9.395429843092354405e-01
9.832990612427358057e-01
9.953196902828603809e-01
9.938793253347244505e-01
9.921819011010489797e-01
1.000000000000000000e+00
9.187103791702782019e-01
9.968649935455748956e-01
9.618016353621403614e-01
8.616371710311500065e-01
8.875126550240445278e-01
9.888568904015446748e-01
9.883564479403850189e-01
9.771154606563858813e-01
8.988438776818923337e-01
9.310766243115196072e-01
4.683810533757511441e-01
9.267311114706358044e-01
9.523679274773366732e-01
9.722686267958570161e-01
9.818986774265859863e-01
8.962946601137555813e-01
8.581445607052348157e-01
8.764830191190907671e-01
9.746252211946179189e-01
5.187600033695560775e-01
4.869152118880888946e-01
9.868879746239125339e-01
9.798193532086912905e-01
9.325799854414364987e-01
9.910249417365002422e-01
9.905352539256161437e-01
9.927513158141190175e-01
6.293350694138968304e-01
9.010684377707189885e-01
9.710458427470396447e-01
8.591362532895407966e-01
9.428988529718457245e-01
9.840044847239092229e-01
9.493663583392627503e-01
9.904219395966800121e-01
8.399651466744118000e-01
8.824745990840897614e-01
3.561789592798392245e-01
9.918831956279204887e-01
9.464292479636294830e-01
9.752068840460255128e-01
9.932298546895640401e-01
9.263206942745646488e-01
9.969800420168066779e-01
8.153523409936110911e-01
9.993900285723458232e-01
9.913978832816996434e-01
5.712027061808288009e-01
8.474508375819373995e-01
9.788647868213683489e-01
8.354653143095031043e-01
9.937572002366348300e-01
9.907600547552311010e-01
9.197551608257321654e-01
8.192866627323693862e-01
9.695431472081218471e-01
7.398219434147578211e-01
9.601002643958382876e-01
9.780808407162412399e-01
5.632762979518557422e-01
8.850056789617740671e-01
9.912279238863965780e-01
4.902716113867850445e-01
9.860924353605593495e-01
9.972565595342531841e-01
9.535217935278801349e-01
9.760646464646464127e-01
9.713722937219356757e-01
9.824204323490307589e-01
9.926376271722514577e-01
9.969900690301534141e-01
8.342293729045568984e-01
7.803339652909435653e-01
9.965844772623771997e-01
