8.908843994140625000e-01
9.871063232421875000e-01
9.861145019531250000e-01
9.007263183593750000e-01
9.799041748046875000e-01
9.853210449218750000e-01
9.631042480468750000e-01
9.743194580078125000e-01
9.670104980468750000e-01
9.826202392578125000e-01
9.863891601562500000e-01
9.467315673828125000e-01
9.373016357421875000e-01
9.756317138671875000e-01
9.767761230468750000e-01
9.112091064453125000e-01
9.527587890625000000e-01
9.954528808593750000e-01
9.756164550781250000e-01
9.801635742187500000e-01
9.767761230468750000e-01
8.447875976562500000e-01
7.082061767578125000e-01
9.709777832031250000e-01
9.787750244140625000e-01
9.784393310546875000e-01
9.764251708984375000e-01
8.849334716796875000e-01
9.221496582031250000e-01
9.812622070312500000e-01
9.645233154296875000e-01
9.562225341796875000e-01
9.760894775390625000e-01
9.297027587890625000e-01
9.889221191406250000e-01
9.600524902343750000e-01
9.562683105468750000e-01
9.687194824218750000e-01
9.552001953125000000e-01
9.591369628906250000e-01
9.812927246093750000e-01
9.300537109375000000e-01
9.215850830078125000e-01
9.791259765625000000e-01
9.776153564453125000e-01
9.846191406250000000e-01
9.704132080078125000e-01
9.837188720703125000e-01
9.461517333984375000e-01
9.547729492187500000e-01
9.780883789062500000e-01
9.698944091796875000e-01
9.549255371093750000e-01
9.313354492187500000e-01
9.900207519531250000e-01
9.772338867187500000e-01
8.771209716796875000e-01
9.093933105468750000e-01
9.321746826171875000e-01
9.865722656250000000e-01
9.434814453125000000e-01
9.378814697265625000e-01
9.574279785156250000e-01
9.431610107421875000e-01
9.894256591796875000e-01
9.197082519531250000e-01
9.693908691406250000e-01
9.441680908203125000e-01
9.812774658203125000e-01
9.535675048828125000e-01
9.113311767578125000e-01
9.940948486328125000e-01
9.776763916015625000e-01
9.481353759765625000e-01
9.910888671875000000e-01
9.905700683593750000e-01
9.403228759765625000e-01
9.917449951171875000e-01
9.736175537109375000e-01
9.969787597656250000e-01
9.825897216796875000e-01
8.999938964843750000e-01
9.511871337890625000e-01
9.249877929687500000e-01
9.923095703125000000e-01
9.872436523437500000e-01
9.932403564453125000e-01
9.727630615234375000e-01
8.865051269531250000e-01
9.890899658203125000e-01
9.900817871093750000e-01
9.868927001953125000e-01
9.861755371093750000e-01
9.954681396484375000e-01
9.942474365234375000e-01
9.951629638671875000e-01
9.737701416015625000e-01
9.933166503906250000e-01
9.941406250000000000e-01
9.901428222656250000e-01
9.099884033203125000e-01
9.963989257812500000e-01
9.957580566406250000e-01
9.867706298828125000e-01
9.896392822265625000e-01
9.930725097656250000e-01
9.954071044921875000e-01
9.791259765625000000e-01
9.516601562500000000e-01
9.899749755859375000e-01
9.931640625000000000e-01
9.944000244140625000e-01
9.887237548828125000e-01
9.778594970703125000e-01
9.848327636718750000e-01
9.894104003906250000e-01
9.931488037109375000e-01
7.819213867187500000e-01
9.940948486328125000e-01
9.049377441406250000e-01
9.918365478515625000e-01
9.330444335937500000e-01
9.868621826171875000e-01
9.732360839843750000e-01
9.581451416015625000e-01
9.671478271484375000e-01
9.523162841796875000e-01
9.942016601562500000e-01
9.736480712890625000e-01
9.759368896484375000e-01
9.942169189453125000e-01
9.885253906250000000e-01
9.893646240234375000e-01
9.795684814453125000e-01
8.822937011718750000e-01
9.633789062500000000e-01
9.649353027343750000e-01
9.823303222656250000e-01
9.922180175781250000e-01
9.567260742187500000e-01
9.217529296875000000e-01
9.891967773437500000e-01
9.688873291015625000e-01
9.761047363281250000e-01
9.795837402343750000e-01
9.096374511718750000e-01
9.963684082031250000e-01
9.746246337890625000e-01
9.607086181640625000e-01
9.755096435546875000e-01
9.588623046875000000e-01
9.343719482421875000e-01
9.697418212890625000e-01
9.878845214843750000e-01
9.855041503906250000e-01
9.759521484375000000e-01
9.847106933593750000e-01
9.780731201171875000e-01
9.665985107421875000e-01
9.735260009765625000e-01
9.189910888671875000e-01
8.954925537109375000e-01
9.787750244140625000e-01
9.907684326171875000e-01
9.948883056640625000e-01
9.943695068359375000e-01
9.380187988281250000e-01
9.315185546875000000e-01
9.821777343750000000e-01
9.877624511718750000e-01
9.793243408203125000e-01
9.917297363281250000e-01
8.659057617187500000e-01
9.252777099609375000e-01
9.940643310546875000e-01
9.801940917968750000e-01
9.728240966796875000e-01
9.807739257812500000e-01
9.548797607421875000e-01
9.537658691406250000e-01
9.636688232421875000e-01
9.442443847656250000e-01
9.713134765625000000e-01
9.958648681640625000e-01
9.761505126953125000e-01
9.723052978515625000e-01
9.707794189453125000e-01
9.890136718750000000e-01
9.899749755859375000e-01
9.856414794921875000e-01
9.731292724609375000e-01
9.769134521484375000e-01
9.934539794921875000e-01
9.551544189453125000e-01
9.537353515625000000e-01
9.088439941406250000e-01
