9.132569013428291083e-01
9.810690794965110095e-01
9.945076236205879772e-01
9.028010651938060960e-01
9.843754907195125803e-01
9.814773875694795535e-01
9.551457589517834412e-01
9.944959587444835991e-01
9.573927343399610823e-01
9.738230551250136591e-01
9.947166025748203078e-01
9.238885495861677288e-01
9.232296381042112143e-01
9.662164377274365945e-01
9.681302126205600933e-01
9.136610432421951034e-01
9.383567361795200901e-01
9.863286183379641470e-01
9.711432867593641216e-01
9.704168911637931494e-01
9.860043038016914618e-01
8.350558456628952575e-01
6.811960175638942516e-01
9.835191387958472919e-01
9.679272301233442510e-01
9.823978061530550532e-01
9.753988598538470001e-01
9.905607213299520986e-01
9.022566198530370674e-01
9.830133178174295105e-01
9.581970441662528426e-01
9.655406437163847055e-01
9.793746270822918376e-01
9.098793026374608628e-01
9.818912848863690090e-01
9.922274387063119150e-01
9.465763241905009728e-01
9.806851825743690965e-01
9.966858716157650511e-01
9.522372546061124154e-01
9.951760238119675694e-01
9.198067001893815986e-01
9.126328777524677083e-01
9.812645220407762991e-01
9.922548816670117011e-01
9.789112956372743035e-01
9.703732204694113239e-01
9.864563976361475639e-01
9.285966772711204964e-01
9.376314512214851682e-01
9.708111909971866016e-01
9.613659943376651196e-01
9.652731076739147209e-01
9.190089642350949273e-01
9.804412382033302897e-01
9.900484955560763245e-01
1.000000000000000000e+00
1.000000000000000000e+00
9.129848878621619201e-01
9.994231601211364113e-01
9.597911014096575100e-01
9.954118873826902636e-01
9.673362608614407554e-01
9.207899848079844629e-01
9.882601697857165135e-01
9.958300485457034501e-01
9.696666283669550523e-01
1.000000000000000000e+00
9.855288049541610640e-01
9.467133926880091366e-01
8.945427968166315136e-01
9.907693267221754363e-01
9.809459573391787757e-01
9.921729574558747489e-01
9.834022892283915684e-01
9.934157034675169529e-01
9.255125391117545730e-01
9.821029812065003028e-01
9.659210974015508544e-01
9.986549439013188145e-01
9.794994122934383984e-01
8.693781282632961904e-01
9.950273841606537273e-01
9.830289137025808310e-01
9.934269108099794687e-01
9.830872441142355367e-01
9.896949195013469147e-01
9.868366172275145898e-01
9.996810626242917941e-01
9.988035551504101939e-01
9.896994070800679832e-01
9.849470657220428249e-01
9.840260415792740911e-01
9.937771743522604284e-01
9.915485531743324366e-01
9.921839654284778653e-01
9.691871982171598177e-01
9.942364125182308054e-01
9.935518202022098899e-01
9.897565203687652691e-01
9.019752972197807583e-01
9.934889018871410071e-01
9.914768713996452432e-01
9.836245758797012018e-01
9.919083717864205507e-01
9.901002953682365160e-01
9.937134733849313228e-01
9.749404131355932090e-01
9.850354927415744255e-01
9.956053576118357729e-01
9.933533273891546056e-01
9.940333753148614671e-01
9.868124900935172361e-01
9.766091963039078561e-01
9.767702319114835996e-01
9.832759069041736577e-01
9.905670776838160219e-01
9.854101107523806080e-01
9.921682968588428908e-01
8.884052485490789852e-01
9.886408893352496285e-01
9.081338332852609829e-01
9.876853356977488563e-01
9.990733001417305692e-01
9.583869886574114538e-01
9.632981228554127195e-01
9.655827350141926724e-01
9.844057319471761769e-01
9.645478847541053558e-01
9.979328078519689171e-01
9.962381631858866493e-01
9.857957354249744508e-01
9.882623923263812449e-01
9.971067151123671479e-01
9.142759433066078856e-01
9.853425918179536946e-01
9.548462736991499833e-01
9.797573356444224668e-01
9.892818863879957458e-01
9.658017661700023515e-01
9.151017758612695063e-01
9.818997065708351402e-01
9.956076618229854347e-01
9.702370551575514313e-01
9.939225690276110026e-01
8.814532278058548886e-01
9.985392789495649568e-01
9.771025037449175832e-01
9.403757013905830187e-01
9.716534193751475978e-01
9.569434286259420608e-01
9.120111979305089989e-01
9.979263613356191831e-01
9.837946457509560982e-01
9.996758771574426605e-01
9.735862493121418826e-01
9.879605983217804033e-01
9.785967221334336275e-01
9.876925059604355628e-01
9.784302204363236610e-01
9.897992821038751332e-01
9.839145057084697221e-01
9.822131726853565725e-01
9.855005602056283731e-01
9.902709359605911255e-01
9.963987482111685834e-01
9.307644225466044086e-01
9.145302257829570625e-01
9.721154347939534590e-01
9.902357794345835185e-01
9.553663169038204561e-01
9.875659996088912429e-01
9.927028324531924630e-01
9.897646798465623563e-01
9.995849695112217770e-01
9.731647815480151120e-01
9.662466092092161229e-01
9.781658646079548491e-01
9.401311691642545432e-01
9.424097417468858540e-01
9.865917315678001120e-01
9.592800557151562879e-01
9.619847093626340273e-01
9.926947922481856867e-01
9.722043756128900815e-01
9.615191919191918846e-01
9.577678735373161834e-01
9.868358419644469581e-01
9.857321080283248937e-01
9.988464935205377815e-01
9.673854821750946797e-01
9.661841913373194757e-01
9.988126992388263181e-01
9.422685160581742991e-01
9.634090625908543482e-01
9.773537097157336540e-01
