7.078004450267223469e-01
9.075907590759075827e-01
8.357643493085811226e-01
8.535849138257473045e-01
5.941062763817113179e-01
1.769309826863783575e-01
3.725961538461538547e-01
8.767688679245283501e-01
8.319540229885057370e-01
8.851680054304785772e-01
7.336250807088026127e-01
8.525323575427662393e-01
9.065040650406503975e-01
5.776656056353944857e-01
7.002523927330884801e-01
8.133408895325651145e-01
3.080829454083791608e-01
8.230418384352249372e-01
8.124659606656581268e-01
9.761276321191858507e-01
6.256694859801759101e-01
4.039057433162787092e-01
6.572550945249202581e-01
8.645520311630495724e-01
7.021097046413502518e-01
9.456697149004841263e-01
8.417981216376402287e-01
7.076023391812865659e-01
7.467283462170551944e-01
8.684452621895124569e-01
6.490194469516697984e-01
8.733370149103870661e-01
6.398467432950191158e-01
9.537438566059555090e-01
5.204599086207761793e-01
9.540018399264029725e-01
7.057516339869280841e-01
6.579457662593493072e-01
4.220641803989592100e-01
2.852495933942199580e-01
5.677409946040542499e-01
6.173558532323820680e-01
8.614835175108916943e-01
4.840164738183957427e-01
8.593955321944809489e-01
8.886476129650326961e-01
9.633911368015414256e-01
9.033783783783784216e-01
9.757950530035335301e-01
4.100346020761245769e-01
9.540644260960576828e-01
9.476135040745052862e-01
9.469288100745310022e-01
9.406079104667429691e-01
6.000787598897361352e-01
6.396472070558588685e-01
9.231444883618796782e-01
1.761355276709334478e-02
8.202988064435355886e-01
7.391259850578241197e-01
9.149382428338382889e-01
8.292625229167899237e-01
7.025316455696202222e-01
2.362798491830749859e-01
8.341324733737853769e-01
6.178544636159040149e-01
7.291830150841398517e-01
7.062053816584293875e-01
9.170649083540015623e-01
2.629531026008601335e-01
8.895040369088812460e-01
8.083296014330496604e-01
4.390178451630216139e-01
5.897406071885541445e-01
8.253459177128196211e-01
9.664375252729477950e-01
7.955263797714563490e-01
8.838709677419355204e-01
9.386973662665474283e-01
8.779103006407097398e-01
8.679880329094988856e-01
4.210089267178742101e-01
8.550365344467640849e-01
9.598569803347960505e-01
7.693457943925233744e-01
9.755338078291815318e-01
6.906077348066298471e-01
8.099009900990099542e-01
7.853159077665862187e-01
9.276018099547511664e-01
9.201333026890370359e-01
6.789794257164509794e-01
8.548334949886841061e-01
9.227515860181614293e-01
1.889424822363985346e-01
8.194109126026074552e-01
9.361140594968301309e-01
8.093021122399834955e-01
8.202106766648812330e-01
6.987266170836150536e-01
9.367977528089888040e-01
7.516198704103671524e-01
9.017595307917888325e-01
9.324566340889320903e-01
9.102452383916345147e-01
9.554140127388535131e-01
9.315951369562033291e-01
7.632504823516059744e-01
4.200531712875047452e-01
9.077380952380952328e-01
9.680830233013510977e-01
2.912921093253427740e-01
6.220938491405842985e-01
5.098416586475373879e-01
4.865257236185464018e-01
6.275459336276884015e-01
8.639305445935280270e-01
9.169024241415654197e-01
8.839932052789755135e-01
7.972681524083393700e-01
9.628506444275967135e-01
8.247511899610557862e-01
8.589700662961227140e-01
9.443979933110367986e-01
9.026915113871635254e-01
8.843783979702790621e-01
8.757041540020263914e-01
9.403402972216239331e-01
9.120157180573463807e-01
9.618548990276738486e-01
5.490028611692360228e-01
8.139011611674085156e-01
9.255839217816403952e-01
9.254045636728807089e-01
9.600142806140663509e-01
7.023635623458416299e-01
6.672743846855059280e-01
8.660084626234132443e-01
6.514954486345904128e-01
9.539641943734015195e-01
9.539679920805147484e-01
2.779178082191781085e-01
7.705523380106502618e-01
6.156787762906309469e-01
1.738257727820152476e-01
8.429349383777586802e-01
7.646126907362628122e-01
7.922338875772341193e-01
5.549218943714356866e-01
7.469508280908974118e-01
5.274089206673476804e-01
9.627628786417132822e-01
7.760174961327145349e-01
5.350701402805611018e-01
6.724623363793529318e-01
9.516888433981576245e-01
9.390500210172341156e-01
7.856508517452029938e-01
5.956838905775075910e-01
8.406017322595350505e-01
3.628398247614474936e-01
8.755126388785325897e-01
8.231283597744853964e-01
7.161331354674581595e-01
8.475068683487542165e-01
5.353689148594708014e-01
8.336326897171082440e-01
6.567910048188470018e-01
8.320720375514896183e-01
9.563370309181024043e-01
8.385114373506316054e-01
3.701322422736903484e-01
9.021258682382656824e-01
7.785318436416441834e-01
7.360299275192891955e-01
8.650643848831843785e-01
9.069994960125700167e-01
9.202458041495968910e-01
9.692046098620820116e-01
4.825678338638775267e-01
8.573853989813243204e-02
8.349987189341532279e-01
8.709046744475383850e-01
4.017332095326524299e-02
9.630583086626335332e-01
9.506630265210608277e-01
9.344537815126050528e-01
6.660910718853927381e-01
9.050967138416970981e-01
7.992020256272538425e-01
9.099805266000098314e-01
6.029616504239969643e-01
7.992560907569276063e-01
7.804124403842278568e-01
8.978211040843941948e-01
4.985468636473722182e-01
7.992498241775416457e-01
9.685835584716325775e-01
9.149139579349904183e-01
9.104922052898931639e-01
9.536857676187793231e-01
8.821138211382113514e-01
0.000000000000000000e+00
8.860652265988987475e-01
9.448456992777413133e-01
7.903351519875292386e-01
8.433632653061224893e-01
9.452940728905120382e-01
9.417773237997957292e-01
9.093306956808440145e-01
8.741480380332651290e-01
8.657897441167403674e-01
9.307907282590827114e-01
7.576056569643150329e-01
8.073310423825887927e-01
8.620709349477411187e-01
9.416928721174003813e-01
9.797646813556230017e-01
9.562025316455696755e-01
9.059549134540334503e-01
8.982392380474967242e-01
9.261884904086739034e-01
8.961596766043455897e-01
9.444568568747486736e-01
9.424488390943714933e-01
9.142411480268288759e-01
6.718804715769813862e-01
9.096754897562434605e-01
3.714818746180321152e-01
8.847398725767435801e-01
9.540366063009260156e-01
4.332893740003928018e-01
9.322659912863884291e-01
8.746415161280785000e-01
9.763811758926987938e-01
9.075303318961195354e-01
9.762813027118204534e-01
9.667436584019786228e-01
9.572956332705971905e-01
9.819392999684153356e-01
7.950179058086893624e-01
6.786219538924422867e-01
9.219927435110242264e-01
9.123861758604928651e-01
9.616974803026757668e-01
9.601308816730091955e-01
8.387568938027654131e-01
7.169340404919459786e-01
9.427796837887766346e-01
7.063995768874785641e-01
9.376278118609406853e-01
9.707641567443680009e-01
9.394127121794078050e-01
9.705866332588920509e-01
9.421401788289587298e-01
9.586581366593194264e-01
9.017542500871316147e-01
9.702380952380952328e-01
8.749579454973646087e-01
9.551441497086957666e-01
7.540282696786956285e-01
8.998789015195906016e-01
9.439421338155515873e-01
9.154127348465527225e-01
9.140114932153924343e-01
8.698163566107636191e-01
8.585304259142343408e-01
9.363599513579246025e-01
9.570418539024277971e-01
7.120849024306744601e-01
8.331964555867732436e-01
8.957021626060771569e-01
9.270271400493454994e-01
9.521879749055059960e-01
8.796844181459566592e-01
9.579927231488919448e-01
8.826352113483855177e-01
9.763674055174613731e-01
9.224641668631921032e-01
9.499241274658573042e-01
6.767911565680045927e-01
8.566903639051172137e-01
8.939990162321692635e-01
9.777188001481298407e-01
9.265348301939968501e-01
8.754460788580381569e-01
9.733646494428064289e-01
9.709046454767725765e-01
9.627986564421066040e-01
9.202988396121443149e-01
9.589595375722543835e-01
8.955714846818538799e-01
9.448714550755367148e-01
9.009030821005737932e-01
9.471000637348629958e-01
8.220018766008165834e-01
9.710653017342121274e-01
9.382376134404362134e-01
8.293658350790326095e-01
9.058942860362898530e-01
9.505003669954706913e-01
9.054969964864558740e-01
9.642349260523321863e-01
8.314274961642010853e-01
9.647186784799800519e-01
9.795201872440023605e-01
9.636840651753658671e-01
8.665139383491732294e-01
9.790824303196937750e-01
9.684710351377018300e-01
8.292712575214246096e-01
9.244983776390647279e-01
8.848949004591027956e-01
8.349185556441508504e-01
9.453636555657255469e-01
8.080532638011166391e-01
9.546079779917469033e-01
8.889365030050458971e-01
8.143142639426048657e-01
7.273139652363965757e-01
9.631485934467074461e-01
8.908400335421496896e-01
9.290951359084406169e-01
8.392484889803731862e-01
9.314245316366207561e-01
8.556687843772651236e-01
2.804597701149425526e-01
9.274385734242748258e-01
9.659114188552464508e-01
9.883272484187792806e-01
9.265781630994310847e-01
9.732413866553064619e-01
6.802153432032301827e-01
9.410631741140215167e-01
9.065258151552567645e-01
9.156181380920845880e-01
9.041105121293800950e-01
9.523474343633420158e-01
8.651255693859157825e-01
7.997095556200987110e-01
9.624011268826525578e-01
6.608548614372945496e-01
8.570467002147504898e-01
9.559591529024741297e-01
9.662554056048034967e-01
6.832199037718444945e-01
9.606488507910296848e-01
9.212447003519977917e-01
9.496540556455174142e-01
9.374222401560240447e-01
9.691622824767300859e-01
9.108740165966160429e-01
8.623560548963244976e-01
9.295895533825828672e-01
9.751978048325652404e-01
9.426784118473126028e-01
9.238775444645515034e-01
9.095008777722302096e-01
9.839697240084920304e-01
9.252006932132825767e-01
8.920777422281648272e-01
7.517068368740275064e-01
9.688336846903310429e-01
7.574189553757021409e-01
7.992656058751530512e-01
8.255529127764563713e-01
9.746082085710167098e-01
8.940242876037032271e-01
9.353655956941735461e-01
9.087677508016490657e-01
9.584839650145772216e-01
9.263668594887105590e-01
9.649029185994006941e-01
9.384680371726273895e-01
9.398663697104676640e-01
9.123884125471931617e-01
9.716200236499803466e-01
8.482102106018125642e-01
9.659834198779265746e-01
9.440018275793140567e-01
8.972869310169778734e-01
9.360960250206039612e-01
8.852406758049091717e-01
7.602807802211455357e-01
9.701437972215452010e-01
9.181114382292007159e-01
8.777441514147091839e-01
9.095765336566238313e-01
7.740143177689924325e-01
9.185563717662088568e-01
9.753889674681753830e-01
8.137203397250678538e-01
9.005817028027498505e-01
7.897526160035589493e-01
8.185372465203565318e-01
7.894550006539244880e-01
9.578780147306600323e-01
9.281335648680879569e-01
7.443342477315889605e-01
9.787035069075451510e-01
4.402196483780167202e-02
8.439643024894316614e-01
9.855154886523184166e-01
9.672167826207396235e-01
9.440037883272167640e-01
8.743888679954869847e-01
9.658346610019472589e-01
9.672621714121883985e-01
9.353729804056376551e-01
8.378598587724063185e-01
8.969119954357438473e-01
8.585404900609241441e-01
8.499049068086724779e-01
9.528321039453204744e-01
9.808557380479129284e-01
9.532139174273382975e-01
9.062525198767881207e-01
9.804527184260630746e-01
6.920500731588359322e-01
7.593634910708081387e-01
9.614421087027557045e-01
2.209219111765944044e-01
5.863418452206241582e-01
6.641661858049624501e-01
8.871539462466908610e-01
0.000000000000000000e+00
9.395320462212014556e-01
9.763955699742700167e-01
8.353552859618716964e-01
9.262177295475942929e-01
9.352175622271420297e-01
8.149782376710111853e-01
9.711504214650361622e-01
8.174595668211481758e-01
8.531706223224085894e-01
9.139760323639416484e-01
9.055513517231891241e-01
9.467781547678199017e-01
8.088329987500473273e-01
8.124541146632850985e-01
6.176352952035196742e-01
8.453875273958956216e-01
7.738597972972972583e-01
6.541609664479328679e-01
7.758744147617736564e-01
8.858063921893709614e-01
9.354918929672734196e-01
9.091478696741854826e-01
9.447732498963320458e-01
9.443844492440605087e-01
9.507728789741788367e-01
9.752737114036166277e-01
9.255025620811982989e-01
9.685079273148483603e-01
8.173039206530062772e-01
9.134086692528250451e-01
6.604946996466430909e-01
9.174991943280695894e-01
7.938729752949311713e-01
9.298589707667880289e-01
9.674489023467069959e-01
9.075499916911317078e-01
8.891328210757409867e-01
0.000000000000000000e+00
3.395551452557482031e-01
9.355166028259049860e-01
9.838452181845825928e-01
9.653096886932884813e-01
9.067877150860343960e-01
8.163928396272682741e-01
9.812842326069223242e-01
9.446163366336634004e-01
8.982387475538160526e-01
9.151963574274331048e-01
5.388418079096045643e-01
8.823529411764705621e-01
5.861601085481682460e-01
9.805447470817120204e-01
7.771032090199480047e-01
5.844155844155843882e-01
9.146254458977407520e-01
9.464696223316912960e-01
9.419748897183576331e-01
2.085725220053578355e-01
8.279792746113989743e-01
9.395248380129589405e-01
9.585406301824211939e-01
0.000000000000000000e+00
8.894162316089226916e-01
7.640328151986183203e-01
9.347353154459753233e-01
9.186923197246988915e-01
8.749264273101824418e-01
9.581705934232077615e-01
5.483131346216836288e-01
9.617166331614369623e-01
8.674545685601727785e-01
9.663507759923087859e-01
9.280000000000000471e-01
9.322195704057278931e-01
8.300370828182941363e-01
8.985817500668985547e-01
5.473522302790595484e-01
8.772679591281712375e-01
7.824912793968717972e-01
5.402409638554216409e-01
9.222065063649221850e-01
9.659944642151048200e-01
9.518880698059274392e-01
8.830787514418539930e-01
8.723168023686158623e-01
8.424273329933706922e-01
7.978210768908443606e-01
9.155212355212355435e-01
9.509536784741144944e-01
9.550042052144659399e-01
9.398180545836248845e-01
7.074787835926449331e-01
4.649135551358419410e-02
9.640952719516530101e-01
8.529929577464788748e-01
8.875978782520838051e-01
7.447947650208209813e-01
8.114511352418558587e-01
9.605587510271158536e-01
8.056322473771396764e-01
8.983661035724176402e-01
9.491167940943844306e-01
8.897506925207756545e-01
8.538073201514514432e-01
9.619758351101634908e-01
9.782515991471215644e-01
8.618749999999999467e-01
8.944168048645660951e-01
2.866554621848739770e-01
9.328318466249501117e-01
9.700876740587931479e-01
9.339562539817370945e-01
9.000571102227298281e-01
7.830734966592427515e-01
8.028613507258574034e-01
9.194360523665660034e-01
7.530185295875672091e-01
8.975360576923077094e-01
7.851949768671513397e-01
9.398538504777964597e-01
8.236448368898700023e-01
9.632118259700991336e-01
8.500062758880381208e-01
9.229132411258341717e-01
9.076396807297605340e-01
9.425625920471281116e-01
7.295817823516531631e-01
4.969569288389513173e-01
8.556952523925689391e-01
5.798435342843994977e-01
8.154124021673690992e-01
9.174242424242424754e-01
6.260869565217391797e-01
9.301574485264433312e-01
5.937012784533832743e-01
7.994050570153693469e-01
9.143394673408196116e-01
9.298969072164948724e-01
1.227534359215317755e-01
5.954349460026108209e-01
0.000000000000000000e+00
9.023234829686442859e-01
8.684080827994086205e-01
8.601651186790505443e-01
9.230769230769231282e-01
8.465829846582985097e-01
7.956989247311827551e-01
7.687540769732550405e-01
9.045643153526971014e-01
9.447382819624293715e-01
8.786666666666667069e-01
9.670703633269942534e-01
8.883089770354906101e-01
9.338677354709419287e-01
7.553997726411519897e-01
7.911602209944751385e-01
9.309711914452158954e-01
9.524724794688100848e-01
9.418758256274768481e-01
9.535895576504713755e-01
7.883377508519500143e-01
8.369077306733166965e-01
5.512659364338301504e-01
7.339022498060512323e-01
6.789049919484702045e-01
8.643761301989150159e-01
8.380667663178873461e-01
8.401606425702811132e-01
7.794692450113145377e-01
7.509310293460449426e-01
9.222797927461139356e-01
5.639431616341030740e-01
8.922577152138603251e-01
7.106714856381967094e-01
