8.049013728382254929e-01
9.056870919531188058e-01
8.505704133158780156e-01
8.465193502932855107e-01
7.684093055197871447e-01
4.161785216178521818e-01
3.591856519631604350e-01
9.244005641748942459e-01
8.512347867186577099e-01
7.632322838483283078e-01
4.406922396732493863e-01
8.180818242790073302e-01
6.554887309397970929e-01
7.057712450847399843e-01
5.879585305139918283e-01
7.412341977033427565e-01
3.123992116108224582e-01
8.487152848436814168e-01
8.791789452291434159e-01
9.775445590994371603e-01
7.151459138520136483e-01
3.753094570061066282e-01
8.433274189936434961e-01
6.995904995904995705e-01
7.388532911708413087e-01
9.520826808643908512e-01
8.918318028032866662e-01
7.851000529812119932e-01
7.384109989049763012e-01
8.284319859842322886e-01
7.882413615265601026e-01
8.557233508780559550e-01
6.697275177163389825e-01
9.621377603028978820e-01
6.433755136251201323e-01
9.497835497835497298e-01
7.280088987764182784e-01
6.789253351703672390e-01
6.348176545758380529e-01
1.834419502775766486e-01
5.483870967741935054e-01
6.896646888367600203e-01
8.772136086413402367e-01
4.756458292250049236e-01
9.246740704973442915e-01
8.269911355286663213e-01
9.661335841956726345e-01
9.363636363636363980e-01
9.871290668573471372e-01
7.924034053700065305e-01
9.502294387575008772e-01
9.544419134396355808e-01
9.667052320349659444e-01
9.338651569737519420e-01
6.115112581922004242e-01
7.578139980824544208e-01
9.215358931552587451e-01
2.921202749858954964e-02
7.324138345503170555e-01
8.122834039276087825e-01
9.351005484460694905e-01
8.509551040272539391e-01
6.088662220478618936e-01
2.930125692661170178e-01
8.471580033979225766e-01
6.002740444884988591e-01
8.405067214194398284e-01
7.464751263633945255e-01
9.329491566120415857e-01
3.969003969003969123e-01
9.640287769784172678e-01
9.331197436924308919e-01
7.835335971249137721e-01
5.989131525744518791e-01
8.480911359035917529e-01
9.715639810426540679e-01
4.712049012933968717e-01
9.449056603773584584e-01
8.478117076397310159e-01
8.864703210175650661e-01
9.171724384148518538e-01
4.328834861440197801e-01
8.074412760462112981e-01
9.720334966029388069e-01
8.379809389339922809e-01
9.779125162407968919e-01
7.006070099862933276e-01
8.792300527786401920e-01
8.121133181374144971e-01
9.469242727070841248e-01
9.178572451112320119e-01
7.086311924563989395e-01
8.701754385964912686e-01
9.500121329774326995e-01
2.926270649578480709e-01
8.236709165263410570e-01
9.193270828388321325e-01
8.139455238704079720e-01
8.250355618776671340e-01
7.126174085119428847e-01
9.276995305164319472e-01
8.016586040082930298e-01
9.131050685830770508e-01
9.368809675366008838e-01
8.509077571978727050e-01
9.618597893207410099e-01
9.529546758462421607e-01
7.669302594706209897e-01
2.948127252781695407e-01
9.575148469620831104e-01
9.797941288600838794e-01
3.738927738927738664e-01
8.602263753619373565e-01
6.494476427571184152e-01
4.822565969062784230e-01
1.670685600309606833e-01
8.625728659266949094e-01
9.316882335239241586e-01
8.896804555263774228e-01
8.113928447377561914e-01
9.639984680199157330e-01
8.616932103939648480e-01
8.808179162609541812e-01
9.656301145662847807e-01
9.589843750000000000e-01
7.283769223234400902e-01
7.768646164722516900e-01
9.721760797342192673e-01
8.860711661593366761e-01
9.675169755918516801e-01
6.550823305889803549e-01
7.538402989205645888e-01
8.408078797087022993e-01
8.263372535079144265e-01
9.764809902740937408e-01
4.673605611494512924e-01
7.836938435940099534e-01
9.103709721093961038e-01
6.653796653796654192e-01
9.525816649104320577e-01
9.719838056680162319e-01
2.767469403868930145e-01
7.530552708349759206e-01
7.450221238938052881e-01
1.034987600466102942e-01
8.075491077160097397e-01
7.885527391659852281e-01
7.097553122987765306e-01
7.419852034525277196e-01
3.042014711382620695e-01
5.737840065952184432e-01
9.712621359223301276e-01
8.179542110832924706e-01
8.304000000000000270e-01
5.372809404593447136e-01
9.708795269770879033e-01
9.619067019759625081e-01
7.962153518123666895e-01
6.116770335647104817e-01
9.187974150042146348e-01
9.023068586468493413e-01
7.957489457461092153e-01
8.407893901897328659e-01
9.063855630747874592e-01
8.283452403938984521e-01
5.888973674170163708e-01
8.465785841056990835e-01
7.341899892357373059e-01
8.508845829823082907e-01
9.565807327001356608e-01
8.501859993236388080e-01
7.148288973384030465e-01
9.444102564102564434e-01
8.431609605979007993e-01
7.155977830562153530e-01
8.619848612279226163e-01
8.542193105599750202e-01
9.215336896984095416e-01
9.698795180722891152e-01
4.882164002941062897e-01
2.795015259409969755e-01
8.434738702347891470e-01
8.113823152851773468e-01
1.746324589218795076e-01
9.532662676684069414e-01
9.561390641044448246e-01
7.007940530495015974e-01
7.465938292954923394e-01
8.948637348551896631e-01
8.220147568137328165e-01
8.758723998229667185e-01
7.374325325431262401e-01
8.005793226381461292e-01
6.711556759130498095e-01
8.110474593637930774e-01
5.559049615653389731e-01
7.763347763347763220e-01
9.782925519674772197e-01
9.327058823529411624e-01
9.283204497540407107e-01
9.253525221689199443e-01
9.184481393507522018e-01
8.602941176470588758e-01
9.127738735014468974e-01
9.537808263922913365e-01
7.424012764260071728e-01
8.595567405432428254e-01
9.468374078385719539e-01
9.477247575027667459e-01
9.275080906148867044e-01
8.548503720290159258e-01
8.757502369169211098e-01
9.524876019836826524e-01
6.836740671313924489e-01
8.510250569476082161e-01
9.339149400218103025e-01
9.766433566433566638e-01
9.750699161006791682e-01
9.537513228495572148e-01
9.244464226104373017e-01
8.544873467258022881e-01
9.685848059205558469e-01
2.805803274324504271e-01
9.434730110460176622e-01
9.404321211681304638e-01
9.397947034784567277e-01
7.205456095481670431e-01
9.354989120298414784e-01
1.970836749973260971e-01
6.108587589989715738e-01
9.564645726807888826e-01
3.826903023983315721e-01
9.435700926052643656e-01
8.735330644823688928e-01
9.801828433787704853e-01
8.859126779716893774e-01
9.806896734030320362e-01
9.379739066737938780e-01
9.706248149244891543e-01
9.831250359960835850e-01
8.028626333576304175e-01
6.824810267413676801e-01
8.934949436993473437e-01
8.663662013117877647e-01
9.758387196060326341e-01
9.663655853512810312e-01
8.369048875752137517e-01
5.432452039335805560e-01
8.612011248947195607e-01
5.420978679210702866e-01
9.202922617070740108e-01
9.610137564929505105e-01
9.038930730879388697e-01
9.750527151737546916e-01
9.603001011312589652e-01
9.649170225417590396e-01
9.128201196135562467e-01
9.912818856958346414e-01
5.552793315378772299e-01
9.364126460434346599e-01
4.464744817023138523e-01
9.002613410305417840e-01
8.999083969465648813e-01
9.674518971408020418e-01
9.376360016667438790e-01
8.903539494828793810e-01
8.076298701298700866e-01
9.275413090441991804e-01
9.554278614691722460e-01
6.800169682430554641e-01
8.129809595004616751e-01
9.316737288135593653e-01
9.457943127759882440e-01
9.537648612945839321e-01
8.655121808042265386e-01
9.426768085450719648e-01
7.728561055023307480e-01
9.825955353764661560e-01
9.327462500497341047e-01
9.631114675220528998e-01
6.683084180222677029e-01
8.288154798221912811e-01
9.037938729965510065e-01
9.765627418805535864e-01
9.480413362172555036e-01
9.018243529910903167e-01
9.490967111019610325e-01
9.564941251190853810e-01
9.800645161290322260e-01
9.249880554228380181e-01
8.887350174299221139e-01
6.998112385654130518e-01
9.510645266950540355e-01
8.977043605004251248e-01
9.609460577202513232e-01
8.184662342617321507e-01
9.696596771903251977e-01
9.634896582093225303e-01
8.061464343298948565e-01
9.326539097475368134e-01
9.727462537647123542e-01
8.932351587666820247e-01
9.646225562822968724e-01
8.451348954310073935e-01
9.617255579016132927e-01
9.800823842985219025e-01
9.654922430042047754e-01
8.767160221987552182e-01
9.767301630807181390e-01
9.656754947891768026e-01
8.240776540973931974e-01
9.136899626114466377e-01
8.511767222935386901e-01
5.771269228638437054e-01
9.300894454382826471e-01
8.821668237775682764e-01
9.783773403744598918e-01
8.678169114501639303e-01
7.911347772900626518e-01
5.180830301423993145e-01
9.795248098943692971e-01
8.439074550128534691e-01
9.542873758474511581e-01
7.826289727446058553e-01
9.610721589249197061e-01
8.559126950294142500e-01
7.164835164835164916e-01
8.662975718209163789e-01
9.690948328515004428e-01
9.881899741497288669e-01
9.476203137463440340e-01
9.799820574963512554e-01
5.560300397585038468e-01
9.577534300661336708e-01
9.645320679027444832e-01
9.115712916993293780e-01
8.820847840913169646e-01
9.445712694877506088e-01
7.885251322751323233e-01
7.770116303157645898e-01
9.604462095840440305e-01
8.658510409959219167e-01
8.233274373114140010e-01
9.337727647242662909e-01
9.801640326222180732e-01
5.834584853035829077e-01
9.662915939587219949e-01
9.470866970866971268e-01
9.722488038277512512e-01
9.495055685140773027e-01
9.631058596575837738e-01
9.539614802772697910e-01
8.371292277895341361e-01
8.930099857346647241e-01
9.829259767147966453e-01
9.718235681369321588e-01
9.580260666146819259e-01
8.956362326906078808e-01
9.905990446925674320e-01
9.313986328844501283e-01
8.729806451612903695e-01
7.114710028521784579e-01
9.655680562246720111e-01
8.873543605193696671e-01
6.611133559195598863e-01
9.118703987879023254e-01
9.822810799712554664e-01
8.603152572618221194e-01
9.229429584115187435e-01
8.445635222137801712e-01
9.661062490403807823e-01
9.285446220821136354e-01
9.732306563989732151e-01
9.205235422156031744e-01
9.183102531822632253e-01
9.226064951497258138e-01
9.814000000000000501e-01
7.129540464542968303e-01
9.720181048542265723e-01
9.588977519941986882e-01
8.716380006926006674e-01
9.313531705753512746e-01
9.573273942093540878e-01
7.685425151178575387e-01
9.695771599800232510e-01
8.978004887802710776e-01
8.833452807646355875e-01
9.017295747730530442e-01
7.755842492796927168e-01
8.933559665266982419e-01
9.844385251647272961e-01
7.253968066372780132e-01
9.346656418139892564e-01
8.085021207644284003e-01
8.485292322714512725e-01
6.422464375523889712e-01
9.703729179973468177e-01
9.567894495513002973e-01
4.051731106021824180e-01
9.846555939634095145e-01
5.171852976255014722e-02
8.457714553697045501e-01
9.870844574306943953e-01
9.538233240223463749e-01
9.694780987884435985e-01
8.776130606117470423e-01
9.862775751259336143e-01
8.450293581696699530e-01
9.356946354883081129e-01
7.881619937694703815e-01
9.292421441774492141e-01
8.487104732002691554e-01
8.698450714766858827e-01
9.394273127753304253e-01
9.801261328104298176e-01
9.464282246946661425e-01
9.234948851249371593e-01
9.767422210017110418e-01
7.970938506478915109e-01
5.620820240109579702e-01
9.531686726370429685e-01
2.002056467160789888e-01
9.518350449804952040e-01
6.332082551594746533e-01
9.097320169252468558e-01
8.599769703527975206e-01
9.447232552261978222e-01
9.785938926651110981e-01
7.904509283819628473e-01
9.268850340474178440e-01
9.470817446683705843e-01
5.347383082769374685e-01
9.757838995656571424e-01
7.845824827452123618e-01
8.680404961647604223e-01
9.400283096178201347e-01
9.098962000590546939e-01
9.283708271808680523e-01
7.374844433738809713e-01
7.856265356265356159e-01
7.476960770665701528e-01
8.685865257595772881e-01
7.781167806417674804e-01
1.354223696499307628e-01
7.223914918079907821e-01
8.945829373492214520e-01
9.307374180823312360e-01
9.291684078562474358e-01
9.316533027873233896e-01
8.929782082324455583e-01
9.608696622692470823e-01
9.874105159219945804e-01
9.261829652996845796e-01
9.651145818128740173e-01
9.159779827893634874e-01
6.533764451371281146e-01
9.008116450100979167e-01
9.686558167570825661e-01
8.289382212541132056e-01
9.148905180366072587e-01
9.849789229947158997e-01
9.201545569996487650e-01
8.308285163776493176e-01
0.000000000000000000e+00
3.927260593927260346e-01
9.389084985066521449e-01
9.784399452085639215e-01
9.837357646194435645e-01
8.408695300165971442e-01
8.428207834129989307e-01
9.860116959064327835e-01
9.631948301105669463e-01
9.027587556251223111e-01
9.109918055948007520e-01
6.871827411167512611e-01
9.393203883495145901e-01
7.151664611590629050e-01
9.625558227413260060e-01
9.334341906202723305e-01
7.723250201126307113e-01
9.284341978866474943e-01
9.689034369885434206e-01
9.686038744154976676e-01
2.617898254734496999e-01
7.876189200053598238e-01
9.821882951653944094e-01
9.574694311536416924e-01
7.016393442622951282e-01
9.244060475161987034e-01
7.418469309322499594e-01
9.380659181455994755e-01
8.508710099687846196e-01
8.436176648517846877e-01
9.778927273846911294e-01
6.590015128593040838e-01
9.711266626500439925e-01
8.914044035327777227e-01
9.809409569505531667e-01
9.557456303458534697e-01
9.505970498712245087e-01
8.722073279714029903e-01
9.543610547667342736e-01
4.158018078339471013e-01
8.728704533936298970e-01
7.685153680390155451e-01
5.022861818356837427e-01
9.729729729729730270e-01
9.394663861528163018e-01
9.639639639639639990e-01
9.201238390092879582e-01
8.928052325581394832e-01
9.001937984496124479e-01
7.866400797607178141e-01
9.585606842648577430e-01
9.598515519568151522e-01
9.842995169082126017e-01
9.345463137996219416e-01
7.685672758464581200e-01
2.361482613679785902e-01
9.470509383378016288e-01
8.766233766233766378e-01
9.272955974842767013e-01
7.406523468575973990e-01
9.061743341404357999e-01
9.690301548492257222e-01
9.085872576177285165e-01
9.758726899383983744e-01
9.755610972568578010e-01
9.459884635553225118e-01
8.119481085795268172e-01
9.216300940438871825e-01
9.776384535005224752e-01
8.872593950504125138e-01
9.446494464944649172e-01
9.506457564575645502e-01
6.228165626252791798e-01
9.539308963445167766e-01
9.440235690235689869e-01
8.870266914959652471e-01
7.944576824640366963e-01
8.883248730964466988e-01
9.339294585196225018e-01
6.848288562900870513e-01
9.243377725742719653e-01
8.974205158968205920e-01
9.354838709677418818e-01
8.921719955898567145e-01
9.841740850642928251e-01
8.693076638282117852e-01
9.035109499925509935e-01
9.499451954694921874e-01
9.646140986347171431e-01
7.183565275016566831e-01
9.709035222052067038e-01
8.118137069291935237e-01
6.253897550111358061e-01
8.084779975777149907e-01
9.385677935296256047e-01
8.043243243243243246e-01
9.522673031026253065e-01
8.355091383812009997e-01
8.721123637035668175e-01
9.005639655684178901e-01
9.449703192684101305e-01
2.057806179281233550e-01
7.330823714117500334e-01
5.766843471391490672e-01
9.341991341991342512e-01
9.549385525716886924e-01
9.017483378478207134e-01
9.395348837209301918e-01
9.269377382465057158e-01
8.336134453781512965e-01
8.290942928039701787e-01
9.551181102362205078e-01
9.490909090909090962e-01
9.676280164802825157e-01
9.675083186533568469e-01
9.518190757128810464e-01
9.778748975689702805e-01
8.602775088738302545e-01
9.016064257028112428e-01
9.359034634069894887e-01
9.572704081632652517e-01
9.485924112607099223e-01
9.763696831787151975e-01
1.887736860922416826e-01
9.508489722966935176e-01
7.657770017460713285e-01
8.441926345609065407e-01
8.684210526315789824e-01
9.646437994722955045e-01
8.943628612032211711e-01
9.439655172413793371e-01
7.820999692086626487e-01
7.093050103902101000e-01
9.699540473665606566e-01
6.302414231257941202e-01
9.352068696330991804e-01
8.032135605191136341e-01
