8.163299560546875000e-01
9.817047119140625000e-01
9.878082275390625000e-01
7.855987548828125000e-01
7.941741943359375000e-01
9.041900634765625000e-01
9.596557617187500000e-01
9.918212890625000000e-01
9.807891845703125000e-01
9.258728027343750000e-01
7.973175048828125000e-01
7.930603027343750000e-01
8.269348144531250000e-01
7.385406494140625000e-01
7.701568603515625000e-01
7.682495117187500000e-01
7.657775878906250000e-01
7.844696044921875000e-01
9.637145996093750000e-01
9.883117675781250000e-01
6.896057128906250000e-01
7.112274169921875000e-01
8.612213134765625000e-01
9.440307617187500000e-01
7.605743408203125000e-01
9.929962158203125000e-01
9.829254150390625000e-01
9.195404052734375000e-01
9.343872070312500000e-01
9.790802001953125000e-01
7.807159423828125000e-01
9.552459716796875000e-01
7.980346679687500000e-01
9.920654296875000000e-01
7.338104248046875000e-01
9.982299804687500000e-01
7.201690673828125000e-01
9.075469970703125000e-01
8.866271972656250000e-01
8.451385498046875000e-01
8.043212890625000000e-01
9.656829833984375000e-01
7.960205078125000000e-01
9.188537597656250000e-01
9.952392578125000000e-01
9.216766357421875000e-01
9.978027343750000000e-01
9.972229003906250000e-01
9.978027343750000000e-01
9.951629638671875000e-01
9.935455322265625000e-01
9.987792968750000000e-01
9.920959472656250000e-01
9.921569824218750000e-01
8.172912597656250000e-01
9.807281494140625000e-01
9.971313476562500000e-01
2.910919189453125000e-01
8.641204833984375000e-01
9.702453613281250000e-01
9.956665039062500000e-01
9.626159667968750000e-01
9.543609619140625000e-01
9.201812744140625000e-01
8.915557861328125000e-01
7.907867431640625000e-01
9.371795654296875000e-01
9.854583740234375000e-01
9.829559326171875000e-01
9.513092041015625000e-01
9.974060058593750000e-01
9.949035644531250000e-01
9.090118408203125000e-01
5.731658935546875000e-01
9.507598876953125000e-01
9.989013671875000000e-01
7.629394531250000000e-01
9.988861083984375000e-01
8.314819335937500000e-01
9.084777832031250000e-01
9.929199218750000000e-01
9.160003662109375000e-01
9.158172607421875000e-01
9.972991943359375000e-01
9.929962158203125000e-01
9.984436035156250000e-01
9.533386230468750000e-01
9.940643310546875000e-01
9.647827148437500000e-01
9.963531494140625000e-01
9.562225341796875000e-01
8.401641845703125000e-01
9.875793457031250000e-01
9.937133789062500000e-01
5.570068359375000000e-01
9.888153076171875000e-01
9.170227050781250000e-01
8.756561279296875000e-01
9.849853515625000000e-01
8.426666259765625000e-01
9.964752197265625000e-01
9.956207275390625000e-01
9.616241455078125000e-01
9.621734619140625000e-01
9.503784179687500000e-01
9.983978271484375000e-01
9.949951171875000000e-01
6.865386962890625000e-01
6.566925048828125000e-01
9.985809326171875000e-01
9.983825683593750000e-01
9.180297851562500000e-01
9.675903320312500000e-01
9.312438964843750000e-01
9.131774902343750000e-01
5.730743408203125000e-01
9.737396240234375000e-01
9.618988037109375000e-01
9.352569580078125000e-01
9.917144775390625000e-01
9.971313476562500000e-01
9.949645996093750000e-01
8.319091796875000000e-01
9.974365234375000000e-01
9.993591308593750000e-01
9.576873779296875000e-01
9.229431152343750000e-01
9.979553222656250000e-01
9.171905517578125000e-01
9.972991943359375000e-01
8.670349121093750000e-01
7.828674316406250000e-01
8.145446777343750000e-01
7.316436767578125000e-01
9.979705810546875000e-01
7.126464843750000000e-01
9.960327148437500000e-01
9.949493408203125000e-01
9.285888671875000000e-01
9.972534179687500000e-01
9.973602294921875000e-01
4.968261718750000000e-01
9.044189453125000000e-01
9.296569824218750000e-01
5.421600341796875000e-01
9.771270751953125000e-01
9.605407714843750000e-01
8.349304199218750000e-01
9.744567871093750000e-01
6.593627929687500000e-01
9.211120605468750000e-01
9.977416992187500000e-01
8.923797607421875000e-01
9.967651367187500000e-01
8.702697753906250000e-01
9.909820556640625000e-01
9.971466064453125000e-01
8.833312988281250000e-01
8.028106689453125000e-01
9.911804199218750000e-01
9.903717041015625000e-01
8.351898193359375000e-01
9.617156982421875000e-01
9.670715332031250000e-01
9.186096191406250000e-01
8.027038574218750000e-01
9.762573242187500000e-01
8.794250488281250000e-01
9.756927490234375000e-01
9.970703125000000000e-01
9.932403564453125000e-01
9.244689941406250000e-01
9.958648681640625000e-01
9.129028320312500000e-01
9.451904296875000000e-01
9.499206542968750000e-01
9.286956787109375000e-01
9.637145996093750000e-01
9.975585937500000000e-01
7.982025146484375000e-01
9.135437011718750000e-01
9.810791015625000000e-01
8.606262207031250000e-01
5.631103515625000000e-01
9.944000244140625000e-01
9.863128662109375000e-01
9.729766845703125000e-01
7.607574462890625000e-01
9.474334716796875000e-01
9.639282226562500000e-01
8.887329101562500000e-01
9.621429443359375000e-01
9.180603027343750000e-01
8.628845214843750000e-01
8.142852783203125000e-01
8.836364746093750000e-01
8.746490478515625000e-01
9.956817626953125000e-01
9.956359863281250000e-01
9.937744140625000000e-01
9.686584472656250000e-01
9.937133789062500000e-01
9.976806640625000000e-01
9.967803955078125000e-01
9.956817626953125000e-01
9.507293701171875000e-01
8.713989257812500000e-01
9.895477294921875000e-01
9.877471923828125000e-01
9.965820312500000000e-01
9.050445556640625000e-01
9.639892578125000000e-01
9.954681396484375000e-01
8.352050781250000000e-01
9.900207519531250000e-01
9.676361083984375000e-01
9.949035644531250000e-01
9.714355468750000000e-01
9.619903564453125000e-01
9.274749755859375000e-01
8.638305664062500000e-01
9.936523437500000000e-01
8.350524902343750000e-01
9.614257812500000000e-01
9.248657226562500000e-01
9.714508056640625000e-01
9.249725341796875000e-01
9.873352050781250000e-01
3.127136230468750000e-01
7.228698730468750000e-01
9.727172851562500000e-01
6.748046875000000000e-01
9.433746337890625000e-01
8.617095947265625000e-01
9.779052734375000000e-01
9.155120849609375000e-01
9.777069091796875000e-01
9.521942138671875000e-01
9.697265625000000000e-01
9.910583496093750000e-01
9.092102050781250000e-01
7.561340332031250000e-01
9.773406982421875000e-01
8.887023925781250000e-01
9.904174804687500000e-01
9.853973388671875000e-01
8.114013671875000000e-01
6.541442871093750000e-01
8.516387939453125000e-01
4.281463623046875000e-01
9.926757812500000000e-01
9.895782470703125000e-01
9.447021484375000000e-01
9.860992431640625000e-01
9.484863281250000000e-01
9.900970458984375000e-01
9.653015136718750000e-01
9.991760253906250000e-01
8.034667968750000000e-01
9.429473876953125000e-01
3.823852539062500000e-01
9.219665527343750000e-01
9.749908447265625000e-01
9.944763183593750000e-01
9.383392333984375000e-01
9.187927246093750000e-01
9.421386718750000000e-01
9.810638427734375000e-01
9.562072753906250000e-01
6.662139892578125000e-01
8.702087402343750000e-01
9.960632324218750000e-01
9.612274169921875000e-01
9.818420410156250000e-01
9.650421142578125000e-01
9.459533691406250000e-01
8.520355224609375000e-01
9.915771484375000000e-01
9.226226806640625000e-01
9.929809570312500000e-01
7.081604003906250000e-01
9.400634765625000000e-01
9.638214111328125000e-01
9.884490966796875000e-01
9.670104980468750000e-01
9.823455810546875000e-01
9.849090576171875000e-01
9.895477294921875000e-01
9.905700683593750000e-01
8.969879150390625000e-01
9.288940429687500000e-01
8.422698974609375000e-01
9.886016845703125000e-01
9.357452392578125000e-01
9.733428955078125000e-01
8.910980224609375000e-01
9.902191162109375000e-01
9.569854736328125000e-01
8.477325439453125000e-01
8.937225341796875000e-01
9.774932861328125000e-01
9.291992187500000000e-01
9.701232910156250000e-01
9.174041748046875000e-01
9.499359130859375000e-01
9.937286376953125000e-01
9.927368164062500000e-01
9.162750244140625000e-01
9.870452880859375000e-01
9.945220947265625000e-01
8.680877685546875000e-01
9.084167480468750000e-01
8.938598632812500000e-01
6.505889892578125000e-01
9.701843261718750000e-01
8.073577880859375000e-01
9.656372070312500000e-01
8.161163330078125000e-01
7.785491943359375000e-01
6.948089599609375000e-01
9.788818359375000000e-01
9.536743164062500000e-01
9.544219970703125000e-01
7.581939697265625000e-01
9.837341308593750000e-01
9.484252929687500000e-01
9.685058593750000000e-01
9.532012939453125000e-01
9.768371582031250000e-01
9.964447021484375000e-01
9.969940185546875000e-01
9.771881103515625000e-01
9.539947509765625000e-01
9.869384765625000000e-01
9.778747558593750000e-01
8.760681152343750000e-01
9.498748779296875000e-01
9.392395019531250000e-01
8.829040527343750000e-01
8.850250244140625000e-01
9.515228271484375000e-01
9.332427978515625000e-01
8.445434570312500000e-01
9.288635253906250000e-01
9.737243652343750000e-01
7.630004882812500000e-01
9.572601318359375000e-01
9.263916015625000000e-01
9.889373779296875000e-01
9.765472412109375000e-01
9.859924316406250000e-01
9.688873291015625000e-01
8.614196777343750000e-01
9.485015869140625000e-01
9.903106689453125000e-01
9.934692382812500000e-01
9.425048828125000000e-01
9.027099609375000000e-01
9.952850341796875000e-01
9.488525390625000000e-01
9.248962402343750000e-01
8.657073974609375000e-01
9.814605712890625000e-01
9.355316162109375000e-01
8.336334228515625000e-01
9.307708740234375000e-01
9.868316650390625000e-01
9.140014648437500000e-01
9.041290283203125000e-01
7.627563476562500000e-01
9.730529785156250000e-01
9.709472656250000000e-01
9.899749755859375000e-01
9.153137207031250000e-01
9.643554687500000000e-01
9.664001464843750000e-01
9.943237304687500000e-01
7.725830078125000000e-01
9.766998291015625000e-01
9.783782958984375000e-01
9.660644531250000000e-01
9.019622802734375000e-01
9.853820800781250000e-01
8.855285644531250000e-01
9.776916503906250000e-01
9.859619140625000000e-01
9.627532958984375000e-01
8.430786132812500000e-01
9.679107666015625000e-01
9.453582763671875000e-01
9.983062744140625000e-01
6.454620361328125000e-01
9.961090087890625000e-01
6.934356689453125000e-01
9.053192138671875000e-01
7.395019531250000000e-01
9.907989501953125000e-01
9.698028564453125000e-01
6.631317138671875000e-01
9.944458007812500000e-01
7.330932617187500000e-01
9.247283935546875000e-01
9.780120849609375000e-01
9.354248046875000000e-01
9.960021972656250000e-01
9.502410888671875000e-01
9.987945556640625000e-01
7.664184570312500000e-01
9.942932128906250000e-01
9.315185546875000000e-01
9.415893554687500000e-01
9.485321044921875000e-01
9.734649658203125000e-01
9.865722656250000000e-01
9.942779541015625000e-01
9.579010009765625000e-01
9.303894042968750000e-01
9.832000732421875000e-01
9.173278808593750000e-01
8.341369628906250000e-01
9.874725341796875000e-01
4.302978515625000000e-01
9.907684326171875000e-01
9.522705078125000000e-01
9.472656250000000000e-01
8.459930419921875000e-01
9.532775878906250000e-01
9.742431640625000000e-01
9.662475585937500000e-01
9.775543212890625000e-01
9.614562988281250000e-01
5.310821533203125000e-01
9.875793457031250000e-01
9.323730468750000000e-01
8.375091552734375000e-01
9.877166748046875000e-01
9.394683837890625000e-01
9.244995117187500000e-01
9.002227783203125000e-01
9.041442871093750000e-01
7.234497070312500000e-01
9.241027832031250000e-01
9.678192138671875000e-01
1.807250976562500000e-01
8.526306152343750000e-01
9.119873046875000000e-01
9.169464111328125000e-01
9.896545410156250000e-01
9.726867675781250000e-01
9.831390380859375000e-01
9.732513427734375000e-01
9.844360351562500000e-01
9.857177734375000000e-01
9.927062988281250000e-01
9.173126220703125000e-01
7.726287841796875000e-01
9.602813720703125000e-01
9.968261718750000000e-01
8.873596191406250000e-01
9.732513427734375000e-01
9.961395263671875000e-01
9.549102783203125000e-01
9.799041748046875000e-01
3.702697753906250000e-01
7.222900390625000000e-01
9.279022216796875000e-01
9.824676513671875000e-01
9.925689697265625000e-01
8.200531005859375000e-01
9.227294921875000000e-01
9.908752441406250000e-01
9.888763427734375000e-01
9.924163818359375000e-01
9.951934814453125000e-01
9.849548339843750000e-01
9.969482421875000000e-01
9.929504394531250000e-01
9.983367919921875000e-01
9.986572265625000000e-01
9.956817626953125000e-01
9.954528808593750000e-01
9.985504150390625000e-01
9.985656738281250000e-01
9.393310546875000000e-01
9.758148193359375000e-01
9.994659423828125000e-01
9.975585937500000000e-01
9.986114501953125000e-01
9.973297119140625000e-01
9.641265869140625000e-01
9.947814941406250000e-01
9.322052001953125000e-01
9.684448242187500000e-01
9.945220947265625000e-01
9.828033447265625000e-01
9.904937744140625000e-01
9.866790771484375000e-01
9.978179931640625000e-01
9.981842041015625000e-01
9.967803955078125000e-01
9.934539794921875000e-01
9.972534179687500000e-01
9.467468261718750000e-01
9.502410888671875000e-01
9.688568115234375000e-01
8.422088623046875000e-01
9.990539550781250000e-01
9.903411865234375000e-01
9.825439453125000000e-01
9.665374755859375000e-01
9.909973144531250000e-01
9.937133789062500000e-01
9.869384765625000000e-01
9.957122802734375000e-01
9.963684082031250000e-01
9.988098144531250000e-01
9.915466308593750000e-01
8.517913818359375000e-01
9.084930419921875000e-01
9.975891113281250000e-01
9.913024902343750000e-01
9.955902099609375000e-01
9.801025390625000000e-01
9.952697753906250000e-01
9.953613281250000000e-01
9.944610595703125000e-01
9.985656738281250000e-01
9.985046386718750000e-01
9.984283447265625000e-01
9.736785888671875000e-01
9.927520751953125000e-01
9.983673095703125000e-01
9.943695068359375000e-01
9.983978271484375000e-01
9.967346191406250000e-01
7.990112304687500000e-01
9.971923828125000000e-01
9.959411621093750000e-01
9.888916015625000000e-01
9.644622802734375000e-01
9.912719726562500000e-01
9.939117431640625000e-01
9.242706298828125000e-01
9.921112060546875000e-01
9.973907470703125000e-01
9.963378906250000000e-01
9.925384521484375000e-01
9.985351562500000000e-01
9.838409423828125000e-01
9.703521728515625000e-01
9.979095458984375000e-01
9.980621337890625000e-01
9.805450439453125000e-01
9.979705810546875000e-01
9.848327636718750000e-01
9.486694335937500000e-01
9.276123046875000000e-01
9.974212646484375000e-01
9.972381591796875000e-01
9.981689453125000000e-01
9.673156738281250000e-01
9.788818359375000000e-01
9.744415283203125000e-01
9.895324707031250000e-01
7.932891845703125000e-01
7.717132568359375000e-01
8.282928466796875000e-01
9.837646484375000000e-01
9.984893798828125000e-01
9.939117431640625000e-01
9.942474365234375000e-01
9.964904785156250000e-01
9.909362792968750000e-01
9.831848144531250000e-01
9.982604980468750000e-01
9.957275390625000000e-01
9.991607666015625000e-01
9.949340820312500000e-01
9.985046386718750000e-01
9.987640380859375000e-01
9.537506103515625000e-01
9.985046386718750000e-01
9.875183105468750000e-01
9.775085449218750000e-01
9.987182617187500000e-01
9.979400634765625000e-01
8.268890380859375000e-01
9.983215332031250000e-01
9.856719970703125000e-01
9.966430664062500000e-01
9.926757812500000000e-01
9.989776611328125000e-01
9.965972900390625000e-01
9.988098144531250000e-01
9.676055908203125000e-01
9.423675537109375000e-01
9.987030029296875000e-01
9.866790771484375000e-01
9.962005615234375000e-01
9.659881591796875000e-01
