8.189348346599365502e-01
8.420371169615882279e-01
7.696062479661568423e-01
7.459959010171549609e-01
7.708060401296283892e-01
1.000000000000000000e+00
2.629246676514032655e-01
9.078498293515357975e-01
8.276446894212423633e-01
9.998722860791826594e-01
6.466747279322854203e-01
6.919474378211248888e-01
8.146294797262492171e-01
5.708099779507478377e-01
4.722588144130182020e-01
8.916952754618276966e-01
1.000000000000000000e+00
7.468589779705898657e-01
9.363617761407816431e-01
9.872566371681416042e-01
9.685091218964247961e-01
2.541233673372104152e-01
7.574592433097508959e-01
9.063001605136437044e-01
6.900857482631282958e-01
9.696778269109286308e-01
9.984851763687513371e-01
8.173581306628516785e-01
7.281737193763919702e-01
1.000000000000000000e+00
6.565250249884200251e-01
1.000000000000000000e+00
5.366197183098591061e-01
9.986390443066687217e-01
6.227071473750790398e-01
9.963636363636363402e-01
6.085167204711796618e-01
6.735301848768947552e-01
6.750672377726865125e-01
1.000000000000000000e+00
1.000000000000000000e+00
5.958298230834034870e-01
7.685063224446786467e-01
3.391979301423027060e-01
9.442638179284719158e-01
7.704154933624504098e-01
9.856390617520344177e-01
9.985085756897837950e-01
9.810585944414941251e-01
8.748639825897714939e-01
9.576968272620446365e-01
9.976359338061465687e-01
9.624573378839590410e-01
8.826937002172339231e-01
6.902500349210783925e-01
7.054646495832046504e-01
9.963996399639963863e-01
1.974214343271555108e-02
6.029935851746257569e-01
7.615259740259739951e-01
9.076460481099656308e-01
9.990018537002709476e-01
9.974413646055436677e-01
5.209817893903404551e-01
8.194821208384710509e-01
1.000000000000000000e+00
7.803098728548599761e-01
6.141765704584041252e-01
8.993129856965874636e-01
4.864418769158217470e-01
9.630091438071487486e-01
9.079293498684705144e-01
6.740893138085440883e-01
5.236398784866058698e-01
1.000000000000000000e+00
9.856573705179282330e-01
1.000000000000000000e+00
9.494219653179191143e-01
7.381506077533503962e-01
8.481246886342609370e-01
8.960823373173970596e-01
3.520904549040231313e-01
7.327283372365339664e-01
9.826224328593996526e-01
8.049817739975698716e-01
9.951520493609519180e-01
6.288426763110307460e-01
8.735440931780366070e-01
7.090186403508771384e-01
9.125844594594594295e-01
8.619349342420531412e-01
5.761756029845566118e-01
7.769621682665160955e-01
9.239306358381502715e-01
1.861450786104985877e-01
7.276073619631902023e-01
8.698219975826831929e-01
9.765058599073317414e-01
7.675544794188862152e-01
5.486035938514830512e-01
1.000000000000000000e+00
7.093425605536332057e-01
8.513573653760569959e-01
8.956525907108278117e-01
7.938309093814926998e-01
9.918879056047197329e-01
9.499582985821517500e-01
6.414890244129879404e-01
1.000000000000000000e+00
9.927206551410373558e-01
9.900611620795106704e-01
1.000000000000000000e+00
9.891739581788521196e-01
5.528942115768462617e-01
4.107913669064748308e-01
1.000000000000000000e+00
7.970770095559303048e-01
8.901920614596671166e-01
8.525196702884975108e-01
9.695158398087267981e-01
9.941566030385664554e-01
8.453608247422680355e-01
8.769400352733686121e-01
9.764514819326025608e-01
9.716981132075471761e-01
8.704347826086956674e-01
6.792861787443104093e-01
9.658397722651483885e-01
8.409407862500470898e-01
9.887514060742407240e-01
5.233974924951438901e-01
6.095457959002030801e-01
7.441034802469415066e-01
7.071239658212397083e-01
9.960629921259842590e-01
3.596368199601387983e-01
7.373461012311901541e-01
9.028884462151394175e-01
5.283402978677810280e-01
9.646753246753246858e-01
9.791666666666666297e-01
1.641084383352424680e-01
6.358520392032880331e-01
7.243488555643251559e-01
1.000000000000000000e+00
9.495240842226708722e-01
6.910097192224622376e-01
5.942830989431638899e-01
9.186684969114619070e-01
9.969262295081967595e-01
5.254335260115606809e-01
9.964071856287425311e-01
7.097999825312254485e-01
8.413132694938439959e-01
4.566899836285161496e-01
9.808797305329899352e-01
9.605475040257649422e-01
7.201932452796737660e-01
4.612787325224016466e-01
9.080368906455863476e-01
9.802036199095022218e-01
7.447112350968084771e-01
8.201917653694303922e-01
8.964719491035280097e-01
7.502335036536453838e-01
7.006554989075017836e-01
8.891253869969040213e-01
6.139782088758969358e-01
9.116729601050730381e-01
9.886311959981809450e-01
8.092995879929369973e-01
6.168190783575399072e-01
9.529458283906682148e-01
7.826572204968944568e-01
6.084597360956961465e-01
7.734496267277699566e-01
7.772271836201263273e-01
8.617353499479517565e-01
9.794598706732597915e-01
4.024983361490810374e-01
1.946784922394678430e-01
8.227402683087750024e-01
6.639153439153439029e-01
1.123780044850131027e-01
1.000000000000000000e+00
9.685054584098155006e-01
9.718634686346863116e-01
6.216514254975793463e-01
8.530143117643808059e-01
7.389408898576740325e-01
8.008321438333282360e-01
7.434317811197680426e-01
7.327303141069326786e-01
5.632848645076008465e-01
7.055044187449190929e-01
4.329381401725945766e-01
7.407662420695421135e-01
9.784456587735276267e-01
9.318885448916408576e-01
9.255004922874958684e-01
8.897184738680731231e-01
9.035187287173666038e-01
9.581818181818181346e-01
9.117870722433459862e-01
9.901761517615176311e-01
9.487325009458947855e-01
7.736649597659107647e-01
9.253775540420491330e-01
9.256177821929715277e-01
9.176618478944060797e-01
9.313027226347426746e-01
9.517910947438902314e-01
9.551020408163265474e-01
5.644163588625339401e-01
8.165407220822837875e-01
9.933844932521831428e-01
9.743202416918429476e-01
9.694290976058931308e-01
9.351580900720861678e-01
9.701321467098166229e-01
7.346758321686299720e-01
9.556554307116105207e-01
2.250348351137947123e-01
9.018711370756075096e-01
9.168922703510081762e-01
9.881049483414899859e-01
5.983709273182957755e-01
9.591542527630946280e-01
1.368597982993869921e-01
4.468026035721997524e-01
9.781683440989434875e-01
2.620531556701769516e-01
9.998066262730437304e-01
8.621979901646354971e-01
9.919793516873889327e-01
8.071986091073872771e-01
9.687500000000000000e-01
9.991138492699805917e-01
9.841088304339974391e-01
9.844443164141268854e-01
6.956201484503371502e-01
5.189396224138971281e-01
8.017889551464869591e-01
7.728242596663649211e-01
9.598732840549102363e-01
9.654471544715447218e-01
7.289156626506023695e-01
3.831235302254806796e-01
7.665769143662397589e-01
4.094461142121081920e-01
9.956756756756757198e-01
9.275744587317287237e-01
8.409510843139161862e-01
9.915633031623645177e-01
9.958180484225972462e-01
9.427637820174976646e-01
8.442108233965991415e-01
9.848631239935587978e-01
4.102576358682663571e-01
8.977485323527514272e-01
2.925785050862449999e-01
8.256515872452240279e-01
8.199178416786943036e-01
9.979569093610698438e-01
9.997367035281726766e-01
8.226315789473683804e-01
6.911164057181756748e-01
8.708623693379791142e-01
9.332529394030750769e-01
5.114052005054199324e-01
6.956731125435281493e-01
9.053049082796231772e-01
1.000000000000000000e+00
9.949572997153314224e-01
7.758906379453189839e-01
8.906780958212153765e-01
6.371905584340817885e-01
9.806439369979126353e-01
9.898422730735588759e-01
9.679300291545189783e-01
5.058121269242852325e-01
7.254770423375074273e-01
9.221711428340995109e-01
9.639165800256864758e-01
9.990371458977347352e-01
8.356822053585256649e-01
9.090730942582794238e-01
9.270100037050759134e-01
9.967131212200893708e-01
8.764920981842636571e-01
8.008680331743371905e-01
5.447154471544715104e-01
9.175075681130171468e-01
8.243434432752675400e-01
9.438502673796791420e-01
7.045552398174459441e-01
9.451034482758621236e-01
9.906271758341813616e-01
6.835150528885272081e-01
9.998963257858505260e-01
9.828245706142653138e-01
8.101302701127898187e-01
9.507102272727272485e-01
7.409701233711539770e-01
9.317637489267477369e-01
9.933964123792627943e-01
9.425320056899004761e-01
7.858400704394460368e-01
9.547719843523927441e-01
9.348148148148147651e-01
7.061918111653341379e-01
9.998740910950927319e-01
7.552778813875419273e-01
4.489069120590605255e-01
8.763879598662207560e-01
7.678640014695322646e-01
9.628629433846624952e-01
7.526385481169918235e-01
7.800216583252845837e-01
3.540257544224765796e-01
9.816319847578219848e-01
7.374366272347238072e-01
9.964484545978115060e-01
6.498746244380689818e-01
9.972687959942341251e-01
7.522170057381325492e-01
9.877300613496932113e-01
7.678640104607338257e-01
9.585692638966424317e-01
9.971308535710625698e-01
9.050025265285497333e-01
9.644713119100647436e-01
3.981235977972669704e-01
9.879052749263136368e-01
9.913302081758152973e-01
9.874183976261127205e-01
8.050532088529085417e-01
9.931125439624853835e-01
6.595696283153632544e-01
6.503411895658907094e-01
9.305385406968197382e-01
8.059048357613692870e-01
7.051918333382863890e-01
8.825388323513658761e-01
9.981456269658701697e-01
4.258235516849678270e-01
9.417817048304309990e-01
9.023144352651826239e-01
9.777452641306021430e-01
9.289304574664376535e-01
9.997496244366549378e-01
9.990061523899668172e-01
7.287027327123558607e-01
8.215349369988544925e-01
9.809452040047368371e-01
9.952651515151514916e-01
9.951322407918221646e-01
8.230472230472229977e-01
9.899773880095337208e-01
8.975559841001220507e-01
7.812098991750687782e-01
5.675538140552643940e-01
9.986506306834849189e-01
9.520261362985040776e-01
4.967499303556504597e-01
9.935949098621420505e-01
9.701401336157732258e-01
7.715008064164595725e-01
8.849559617388009780e-01
7.124463519313304349e-01
9.558856969605094012e-01
9.636803874092009226e-01
9.756277695716395471e-01
8.553439069100183811e-01
8.646036071104190590e-01
9.924391350370482812e-01
9.781633263535746137e-01
5.607164916615194894e-01
9.984932384073530454e-01
9.995162070633768492e-01
7.814833759590792406e-01
8.998475672557986194e-01
9.416873449131513141e-01
6.340632359573081800e-01
9.586150041220115048e-01
8.208022576093529921e-01
8.043161771002825811e-01
8.124760143739315765e-01
6.477252919644413964e-01
8.115177610333692559e-01
9.732292247629671378e-01
5.763718719833667015e-01
8.932178932178932440e-01
6.673347014686077383e-01
7.819449346981998117e-01
4.848746758859118211e-01
9.826225906321781611e-01
9.757494407158836536e-01
2.936207595621029842e-01
9.821203727020901830e-01
1.000000000000000000e+00
7.412102497426729109e-01
9.783954471660749608e-01
9.170654911838791445e-01
9.490793362127756261e-01
7.854992977058390391e-01
9.741379310344827624e-01
7.192658615051948923e-01
8.930533117932148990e-01
6.620705772376723752e-01
9.989265693953007785e-01
7.390525167523764871e-01
7.871523178807946497e-01
8.969366562824506728e-01
9.691099476439790639e-01
9.148602768346827396e-01
9.148112614549905874e-01
9.750853673959782864e-01
1.000000000000000000e+00
3.959991034405468957e-01
9.376162854328554674e-01
5.955281999748774924e-01
9.941598531620223778e-01
4.734042553191489255e-01
8.643008270821311845e-01
8.071885952199003844e-01
9.500812127774770355e-01
9.584092213268131655e-01
6.702694235588972926e-01
8.671607225567392607e-01
9.989393671557362797e-01
3.797672447650742855e-01
9.655655421968016849e-01
6.571222906502439676e-01
9.096733202732038004e-01
8.921844250773123264e-01
8.602556044416509451e-01
8.814425942635277789e-01
5.955863647926735727e-01
6.571685494295509411e-01
5.952142012889989342e-01
7.781204729192953140e-01
6.442224900981573521e-01
9.601533758225815063e-02
5.733441324694024122e-01
8.073209443819853171e-01
8.877675184310357404e-01
8.835820895522388252e-01
8.888489208633093552e-01
8.027330063069376687e-01
9.380665969316597241e-01
9.861724980863725287e-01
8.666274970622797058e-01
9.349616586197102563e-01
9.271991911021233435e-01
9.819509797036308774e-01
8.438042346407497174e-01
9.516273514481934370e-01
8.936012639478621011e-01
8.546350201522615597e-01
9.846975088967971912e-01
8.949290060851926576e-01
7.211601845748186745e-01
0.000000000000000000e+00
1.000000000000000000e+00
9.123633811290484674e-01
9.920819216567056120e-01
9.729212073178785669e-01
6.988443235893949668e-01
9.644125586020741991e-01
9.977254418803014335e-01
9.447774393239658508e-01
8.540849090260435039e-01
1.000000000000000000e+00
5.824069598840019291e-01
9.199084668192220038e-01
6.295585412667946690e-01
1.000000000000000000e+00
9.049645390070921724e-01
7.391874180865006805e-01
9.470319634703195932e-01
9.695398574206092190e-01
9.754152823920265725e-01
1.939756462294381645e-01
6.792661361626879390e-01
9.908163265306122458e-01
9.895604395604395975e-01
8.535353535353534804e-01
9.459459459459459429e-01
6.156533892382949347e-01
8.922237380627557890e-01
7.668263612993689859e-01
7.452262620978289398e-01
9.746850775193798277e-01
7.575620767494356533e-01
9.622385221407225853e-01
8.274236983842010451e-01
9.932867883995704084e-01
9.288793103448276245e-01
9.337568058076225475e-01
8.077126254622292167e-01
9.290573372206025748e-01
3.565088757396449592e-01
8.062841719150114494e-01
7.137511693171187943e-01
5.544813695871098069e-01
9.860017497812773035e-01
9.993896236012207446e-01
9.826240241752707272e-01
9.998416844771630396e-01
8.155562848703642453e-01
8.334801762114537604e-01
8.964049195837274775e-01
9.597142857142857419e-01
9.324675324675324450e-01
9.951456310679611672e-01
9.079005770084331850e-01
9.998139880952381375e-01
3.086419753086419582e-01
9.957657021877205361e-01
8.403393752410335260e-01
9.662688116242864611e-01
6.413902053712480233e-01
8.521594684385381813e-01
9.503854516702905375e-01
8.705501618122977181e-01
9.622926093514329038e-01
9.909319899244332097e-01
9.170000000000000373e-01
7.188474949532024372e-01
9.967902995720399062e-01
9.890016920473773121e-01
8.193300384404174075e-01
9.179179179179178805e-01
9.948405253283302274e-01
7.192250946179998827e-01
9.947698744769873924e-01
9.209265175718850394e-01
8.442692199380456008e-01
6.894582723279648606e-01
8.319859402460456632e-01
8.940335612181479208e-01
5.889232553643920509e-01
8.817116380485146010e-01
9.314472252448313672e-01
9.860022396416573409e-01
9.253544620517097918e-01
9.716704656463692746e-01
7.908753547260423122e-01
9.179634966378482641e-01
9.227557411273485943e-01
9.747899159663865332e-01
6.677007928300585649e-01
9.755991285403050606e-01
9.021292491595068741e-01
5.249513933895009199e-01
6.991258385850782631e-01
9.663928304705003969e-01
8.625678119349005080e-01
9.732620320855615015e-01
8.441837172699957481e-01
8.576148001321440839e-01
9.726631393298059702e-01
9.954484153742414465e-01
1.000000000000000000e+00
5.977017968794006153e-01
4.568664763717094623e-01
9.241772299104547006e-01
9.277003484320557325e-01
8.609845031905195567e-01
9.953534683040159425e-01
9.177253478523895724e-01
8.368725868725869210e-01
7.533774834437085843e-01
9.529946929492039143e-01
9.203325251125735740e-01
9.869203329369797828e-01
9.917703733440385028e-01
9.116541353383458279e-01
9.618689581095596353e-01
8.597167518645771889e-01
9.012797074954296273e-01
9.276404494382022303e-01
9.314984709480121916e-01
9.948717948717948900e-01
9.825905292479109043e-01
1.000000000000000000e+00
9.476843910806175275e-01
1.000000000000000000e+00
7.855392156862744946e-01
8.785958069234519607e-01
9.755838641188959715e-01
8.850771869639794120e-01
9.388888888888888840e-01
6.944210348896004970e-01
6.082289803220035651e-01
9.498626373626373187e-01
5.188620902906617705e-01
9.017595307917888325e-01
7.437297137798760671e-01
