7.602948402948402906e-01
8.503507404520654900e-01
8.309999999999999609e-01
8.713615023474178267e-01
5.121786704639136323e-01
7.221717106117677698e-01
4.552474552474552461e-01
8.303015200598056200e-01
8.648820230663422093e-01
9.247762720531833569e-01
6.016597510373443702e-01
3.284823284823285006e-01
5.972076788830715799e-01
6.587916343919442141e-01
2.611866377639644465e-01
9.295741693963500696e-01
2.575263211006088571e-01
4.481417200311209603e-01
4.860976083997666786e-01
3.808030112923462829e-01
2.050239234449760806e-01
3.419859442303332386e-01
4.359598363167667134e-01
5.947216196673896782e-01
6.611923509561304924e-01
9.020979020979020824e-01
8.698010849909584286e-01
7.327642810242941396e-01
1.655902264415220482e-01
9.720416535184600582e-01
5.286790955969853378e-01
9.216835375599360392e-01
6.526121283386527860e-01
7.527117854528515561e-01
7.912911392405063138e-01
6.631060923969023246e-01
4.780733285406182365e-01
2.547862516329564286e-01
6.914274631497284440e-02
4.396060134784862683e-01
7.787188988883007035e-01
7.738840772818120772e-01
4.510344082536595772e-02
9.362367974964140860e-01
7.625962596259625581e-01
8.289441299532365193e-01
0.000000000000000000e+00
9.021177565743542237e-01
8.798235942668136689e-01
9.155727155727155786e-01
7.687169145449962437e-01
9.802915451895043430e-01
8.425228084093613345e-01
9.060606060606060108e-01
9.202729951915619155e-01
9.659720390398311984e-01
7.049345417925478863e-01
9.591700133868809042e-01
4.189852700490998560e-01
9.707695820963689881e-01
9.215631149845375791e-01
8.744098205854580197e-01
6.631492327799022590e-02
9.288928892889288802e-01
9.270711785297549579e-01
9.150630391506303640e-01
7.693808955871191957e-01
7.772511848341232543e-01
8.450635386119257353e-01
8.668416151697282412e-01
8.989547038327526662e-01
8.649786862513481056e-01
9.424572317262830401e-01
9.090909090909090606e-01
7.582278481012658666e-01
8.277462609592572962e-01
9.354388592043018091e-01
9.249422632794457311e-01
9.361604056234155147e-01
9.423832387603666705e-01
9.674558436677940243e-01
2.264158022097582101e-01
8.759325780602376099e-01
9.272045388979709424e-01
8.667607337230397446e-01
8.016207455429497086e-01
5.575654301568575555e-01
8.761340053364956582e-01
7.949390323849482298e-01
8.910720178711953876e-01
1.730804193685231140e-01
9.379606879606879888e-01
3.774052065647990895e-01
6.416778224007139153e-01
7.638169257340241547e-01
8.628480585798246061e-01
8.072748606629510659e-01
8.568935427574171371e-01
8.145201392342118485e-01
1.104374253443609483e-01
5.064393089522100100e-01
1.248535086465628191e-01
6.247020585048753682e-01
9.436543094738478743e-01
8.259987832082741344e-01
5.388838696226283531e-01
2.839600920951649843e-01
5.618127633336759130e-01
6.323766927568642560e-01
8.163867267513313930e-01
8.545372518690383945e-01
5.135907443546139373e-01
5.642796781423374819e-01
1.954863148908926040e-01
3.116569357761224124e-01
7.325648414985590495e-01
7.018965199779045872e-01
8.247526978417266674e-01
9.238773274917853051e-01
7.969606195660114967e-01
8.476352679156294867e-01
3.921673580445158014e-01
7.945426656979091007e-01
8.397448289193891746e-01
5.842894969108561876e-01
3.134831460674157300e-01
1.991034990299056784e-01
2.099416037601481155e-01
8.741009706026116044e-01
8.521555763823804863e-01
7.527813398953314694e-01
7.470954835731322685e-01
3.020293420012298835e-01
5.082534316900184646e-01
9.298118190822053375e-01
8.630792227204783229e-01
6.525527873980561111e-01
8.167199203813315656e-01
2.663894057130349324e-01
6.275182168881269229e-01
9.334264025826716216e-01
5.435212396473416696e-01
1.516685937562298192e-01
6.680151706700379055e-01
7.510204081632653184e-01
7.912646013204672757e-01
6.295719844357976491e-01
8.598099683280546746e-01
5.015064871179979455e-01
3.130133075673064424e-01
8.089009682350942754e-01
6.014310188451073014e-01
6.451011466393213878e-01
7.357442348008386146e-01
8.149633207272064528e-01
9.354771205357143016e-01
8.897583429228999030e-01
8.225915783194598374e-01
1.442328737141606587e-01
2.506089953062800579e-01
7.698931116389549079e-01
8.151986183074265702e-01
9.262373602980308318e-01
7.171753441053261291e-01
9.157856838935619637e-01
9.194204928436994217e-01
7.143364766981002978e-01
9.390763183753685350e-01
9.193768789286690390e-01
8.258339247693399221e-01
7.352219813030960172e-01
9.419748474660689652e-01
7.052154825085442669e-01
9.064924458962841936e-01
9.564417883001953280e-01
7.359154929577464976e-01
4.857982803209477951e-01
8.965632298965632296e-01
2.527397619422159236e-01
8.997613365155131548e-01
9.208938853852481898e-01
5.404534005037783251e-01
8.473027195720017613e-01
7.291128782402147568e-01
7.801342174960670395e-01
9.296154884492267012e-01
9.788135593220338437e-01
8.375584381378811116e-01
8.140989198408186134e-01
8.401112531008043671e-01
9.105803395183577065e-01
8.926068564934654948e-01
9.806163021868786744e-01
6.759382998482411642e-01
5.135447240533127511e-01
9.718503690729388689e-01
