5.305442308936776374e-01
8.646669483171384174e-01
7.328343638138626881e-01
7.059068929553427019e-01
3.063790782274927738e-01
1.091334666211537519e-01
2.519940915805022330e-01
8.637316561844863294e-01
7.695124301406821576e-01
6.909700767940682997e-01
3.868344930028926321e-01
5.542954159592530239e-01
7.720905530106884074e-01
5.969497764922430116e-01
5.208988764044943931e-01
6.107413010590014846e-01
2.284909245789921994e-01
7.158012910468706247e-01
6.774032708416434234e-01
9.279551574435346284e-01
4.215375881569466410e-01
4.832770626714496531e-01
4.570286065825899802e-01
7.173073694812824863e-01
5.985613427467696424e-01
8.422684172137125946e-01
6.900882045148751809e-01
4.941176470588235503e-01
6.596204434423149632e-01
7.309476474486414910e-01
2.062702649991467463e-01
7.116092612288309471e-01
5.661289095198234200e-01
8.621723823184248570e-01
4.722255075891977349e-01
8.651419558359620954e-01
5.203435030460206168e-01
3.128973476412229004e-01
1.162234837167612778e-01
1.913714957193217991e-01
3.247684992074747479e-01
6.202611625947767049e-01
6.630049261083743595e-01
4.776196636481241931e-01
8.209677419354838301e-01
7.447413833310013720e-01
8.897906877402819159e-01
7.542182227221597701e-01
9.698298544115067088e-01
6.793248945147679629e-01
8.773464163822525252e-01
6.624902114330462055e-01
8.982264016188549194e-01
8.679700699975863021e-01
5.778520219948493075e-01
5.688751926040062079e-01
7.895863052781740832e-01
1.609483014546842644e-02
6.380116130859652124e-01
7.388853092783504994e-01
8.132245598969515266e-01
7.103875025360113504e-01
6.036569662631985356e-01
3.922258720475519933e-01
6.567989190517135034e-01
4.307186472522310794e-01
5.739999999999999547e-01
5.764006791171477628e-01
9.140456699698406018e-01
4.771823075122864632e-01
8.147071042791856899e-01
8.633147113594040745e-01
3.620355802977127113e-01
3.814968240817454004e-01
8.998768978251948658e-01
7.997448979591836871e-01
4.354798296166374483e-01
8.627968337730870241e-01
6.361509073543457626e-01
8.337882386303214766e-01
8.735813366960908377e-01
3.831185905863791485e-01
7.199625993454885631e-01
9.297924297924298198e-01
8.008201523140011657e-01
9.467951403435274083e-01
6.009941256213284788e-01
8.411572052401746769e-01
7.516447368421053099e-01
9.288093255620316624e-01
8.954146544113829043e-01
5.794187225413991449e-01
7.950310559006210642e-01
9.311207092521027739e-01
2.287828029034059130e-01
7.411042944785276587e-01
8.783142770968714874e-01
8.873642943305186659e-01
7.436440677966101864e-01
2.800422155906543420e-01
8.678802113916618266e-01
7.511520737327188613e-01
8.621654269184308994e-01
9.103540798236787746e-01
8.251055662188099271e-01
8.262737875997544501e-01
8.418146903504560852e-01
6.282046552805341522e-01
6.743314817207078649e-02
8.071216617210682509e-01
9.157599157599157769e-01
1.694306538502165504e-01
5.765983112183353798e-01
6.809902933798669400e-01
2.294964028776978471e-01
3.997008786689100757e-01
8.324265505984765889e-01
8.698791478902089258e-01
8.229205695016860167e-01
7.498776309348996749e-01
6.981234702202883113e-01
8.575624082232011780e-01
6.058283735095646438e-01
8.786023054755043304e-01
8.626086956521739069e-01
6.810589907604832627e-01
7.451985559566787209e-01
9.495394473368041766e-01
8.386286998875983612e-01
9.246846846846846768e-01
4.087939254811936984e-01
7.941763173934726083e-01
8.775943818214350101e-01
7.859427071060692827e-01
9.358541525995948129e-01
5.636095220520390692e-01
7.606019151846785675e-01
8.932178932178932440e-01
5.458052073288331973e-01
8.012526096033403267e-01
9.281818181818182190e-01
1.708285605192821632e-01
7.264828107291273485e-01
5.335438042620362920e-01
5.390265156230548971e-02
6.701544593921275883e-01
7.128779697624190170e-01
6.822961771619447946e-01
7.343358395989975085e-01
1.701986291789061301e-01
4.504046242774566444e-01
8.816484677703416706e-01
6.954115647740641837e-01
8.319672131147540783e-01
4.813330364432568675e-01
9.316198786039453505e-01
9.046554934823091143e-01
6.520315127910064623e-01
5.434867141931302159e-01
8.660736347912033617e-01
7.460828503970808878e-01
7.764887613883547646e-01
7.322053017484490001e-01
4.449669966996699921e-01
7.901771161577746394e-01
4.424165071261433879e-01
6.707008162116521177e-01
4.633537071485516745e-01
7.086407607804557918e-01
8.936170212765957022e-01
8.409994321408290618e-01
1.488255334409180619e-01
8.418913926856298469e-01
7.824228911185432400e-01
7.302711947226973033e-01
8.084870848708487490e-01
8.592806225172769929e-01
8.731653620352251011e-01
8.699999999999999956e-01
3.463748019017432456e-01
1.739837398373983712e-01
8.091949061083530959e-01
4.284921433278989777e-01
3.616436625501405489e-02
8.239436619718309984e-01
9.202707784881534181e-01
6.633509480882809894e-01
9.854760623991393187e-02
8.935469947124203838e-01
8.786359077231694625e-01
7.897041062801932743e-01
5.283565863381047834e-01
6.686698469735455896e-01
6.285568457317851632e-01
8.164990148294098971e-01
4.078554722155012247e-01
5.937137330754351794e-01
9.175692783795189600e-01
8.979947689625108476e-01
9.122751656674029652e-01
8.981481481481481399e-01
8.079579085827031104e-01
8.978873239436619969e-01
8.798479087452470981e-01
8.139019662143450740e-01
7.935194760427438654e-01
6.424268878219118184e-01
8.995913601868067433e-01
8.930309865843523154e-01
8.555493586168432252e-01
7.837414794243877658e-01
7.907674441111003372e-01
8.883190883190883458e-01
6.898767839730520768e-01
7.681415929203539994e-01
8.528978110468413698e-01
9.469767441860464929e-01
9.564547601930779575e-01
9.131503194551710001e-01
8.301939679336248767e-01
7.925419869057784839e-01
8.566465062411530162e-01
3.918420648333077461e-01
8.915417830835661306e-01
9.091490722968650351e-01
7.830701941540431088e-01
6.154846540662389787e-01
8.857652833556447503e-01
3.350182643893770407e-01
7.902258400146887629e-01
9.121450595977725895e-01
4.550827423167848607e-01
8.967364549850866950e-01
7.659023668639053373e-01
9.013044240254375339e-01
8.645894428152492983e-01
9.467563647276546757e-01
9.209349356356706373e-01
9.168592510093275250e-01
9.534883720930232842e-01
6.317654639175257492e-01
5.825819486746479647e-01
9.164524421593830406e-01
8.461911066619304256e-01
9.296985066215835980e-01
9.106262732470263854e-01
6.348331670065517907e-01
6.074237432245722657e-01
8.340413207182854061e-01
8.814671039421725918e-02
7.683235046335299412e-01
9.336576278203270185e-01
8.882376993321521308e-01
9.128526965661513115e-01
9.236969123114939784e-01
9.162907268170426001e-01
8.712891841395059567e-01
9.628580421781555154e-01
3.611204053343530229e-01
8.992386923421405998e-01
5.239804241435562782e-01
8.421799602611410585e-01
9.123771271535778826e-01
8.879722818016828612e-01
8.764787350683824751e-01
7.952249770431588649e-01
8.205977245712344770e-01
9.280575539568345356e-01
9.171721275793017769e-01
4.274928806375416501e-01
7.723164678865100941e-01
6.717897868120972227e-01
8.877387257262077114e-01
8.355205004419664627e-01
8.598130841121495171e-01
9.434284686413239029e-01
7.702291183294663890e-01
9.569289543409945642e-01
8.931288032454360870e-01
8.875415042586978220e-01
5.637772346731839690e-01
7.111704494882065131e-01
7.927139437462596971e-01
9.509774793511200919e-01
8.762634133309585849e-01
7.948243992606284225e-01
9.467405598346796403e-01
9.391161259990596921e-01
9.486554096310193529e-01
8.448438396589884603e-01
9.182708688245314610e-01
7.454172427634806475e-01
9.053436998642477862e-01
8.407732864674868356e-01
9.064936177503640780e-01
7.358726059823541554e-01
9.543613286524439410e-01
9.124074501063202947e-01
7.215193990048457406e-01
8.645465464388791821e-01
9.390386454606638456e-01
8.498556701030928195e-01
9.467889908256881260e-01
7.560818510627755895e-01
9.181117967659114809e-01
9.456755493221131736e-01
8.888325516542020521e-01
7.226557810061231546e-01
9.580234070221066434e-01
9.265164644714037889e-01
7.880109369051326862e-01
8.260225174861540731e-01
7.711697664921854933e-01
5.516974112540691255e-01
9.239819596052029071e-01
9.156762044509659804e-01
9.504140007527286382e-01
8.238992523223321873e-01
7.751200569839847843e-01
4.104666234607906583e-01
9.307019260336008015e-01
9.013025614127109231e-01
8.891912453183520304e-01
6.426005828269365505e-01
7.868783953196823999e-01
7.573589686265742582e-01
3.181818181818181768e-01
8.981209630064591609e-01
9.369797859690843778e-01
9.592101326418669416e-01
8.664314516129032473e-01
9.472055204607149337e-01
5.798490719967367424e-01
8.959558823529412130e-01
9.062745279098758378e-01
8.055470484648954432e-01
8.504915264459320667e-01
8.704436894939845404e-01
8.117545689537889464e-01
7.127232250883220877e-01
9.432089517299498960e-01
6.768307227478731480e-01
7.402236289416079806e-01
8.799967892117515067e-01
9.474796928897296633e-01
6.797880393641181351e-01
9.272888598314147357e-01
8.575793086130408804e-01
9.355776921398967216e-01
9.052900492242507147e-01
9.028554162260160609e-01
8.859899328859059953e-01
8.149998458075060626e-01
8.666093928980527217e-01
9.281026103512199921e-01
9.169876972784888336e-01
8.904884849736651731e-01
8.242702622610756924e-01
9.702988012166756659e-01
8.823572554915838362e-01
8.769405197976626321e-01
6.156350134784599470e-01
9.168326425149377901e-01
6.322722283205268745e-01
8.504363803399173083e-01
8.658870549922285109e-01
9.526044110746129112e-01
7.556340176975719913e-01
8.857951971001358782e-01
9.038404039732899076e-01
9.375463031560231641e-01
7.942759450389412779e-01
8.882279503561724132e-01
8.945162231714111067e-01
9.065650356528153209e-01
7.210127134828395734e-01
9.516689176152807184e-01
6.660665021054159585e-01
9.182677328902274505e-01
9.036947966768692497e-01
8.183491868671372016e-01
8.868011273912087544e-01
7.909942921570009000e-01
7.186735023786430254e-01
9.251343144125204754e-01
9.221171261823304377e-01
8.162203650008528211e-01
9.231437708565072287e-01
6.560920341641973685e-01
8.986978474621313273e-01
9.328095367109184854e-01
6.464188576609247727e-01
9.451858913250714700e-01
8.616039290342191181e-01
6.691775692700762113e-01
5.757809606124212332e-01
8.801762114537444726e-01
8.606718985580082970e-01
5.616336985911484225e-01
9.331972682314153555e-01
2.269051469888688083e-02
7.914838290264911702e-01
9.733619268737926378e-01
8.785702355102722461e-01
9.281609195402298340e-01
8.118745830553701914e-01
9.458483754512635455e-01
8.602649006622516970e-01
9.423503325942350628e-01
8.165966059473765970e-01
8.537149072122901527e-01
8.028673835125448299e-01
8.038776048536006025e-01
8.592938733125649042e-01
9.539867953275774637e-01
9.329706838012485903e-01
8.300409539869910702e-01
9.608348680171884260e-01
7.462833099579242457e-01
5.262775355026277913e-01
9.294055201698513402e-01
1.164753143644964156e-01
7.978695073235685387e-01
5.284831846259436805e-01
8.075973085767822468e-01
3.655552638487792327e-01
9.154333310387554601e-01
9.616833102509900755e-01
7.949561403508771384e-01
8.521433200629571214e-01
8.815409810496763754e-01
3.162246522107612923e-01
9.507588725322377865e-01
7.652359497272942512e-01
7.893800927384865274e-01
9.134345137717818641e-01
8.307982401005656881e-01
8.980712527389292932e-01
7.488552531162554482e-01
7.194402293036586959e-01
2.492366667409570136e-01
7.691123653155463868e-01
7.160323747201653433e-01
6.512708437301026887e-01
6.748110151187904915e-01
8.479698452585636703e-01
9.332016728624534796e-01
8.570150322118825770e-01
9.227914942200656778e-01
8.840395030264415199e-01
9.127995084988735908e-01
9.512923914099699063e-01
9.160370634354954023e-01
9.470848300635534844e-01
9.238284278758179813e-01
8.542349382404840208e-01
8.188626907073508487e-01
7.639855274144169428e-01
8.748584650223995007e-01
8.606564707986763541e-01
9.419157608695651884e-01
8.259209005477662346e-01
8.536687631027253254e-01
4.976151853376268308e-01
3.391539880129091911e-01
9.059328367204262378e-01
9.460705984892504583e-01
9.541920976549951305e-01
9.045742795859367247e-01
8.932213557288541939e-01
9.623063919221456208e-01
9.047171584288667967e-01
9.065194894791307467e-01
8.452256033578173788e-01
4.751087481875301832e-01
8.501144164759725230e-01
5.335892514395393915e-01
9.090909090909090606e-01
8.476727785613540345e-01
7.313237221494102158e-01
8.089385474860335545e-01
9.027283511269276195e-01
9.063260340632602885e-01
1.976073488570818104e-01
6.675508399646330471e-01
9.295065458207452114e-01
8.495782567947516295e-01
5.257142857142856895e-01
7.563837129054520325e-01
6.850000000000000533e-01
8.618690313778990530e-01
7.460855340032718219e-01
7.320167407794925252e-01
9.481018740989908267e-01
6.711590296495957286e-01
9.539923616662225880e-01
7.704219030520645939e-01
9.448294243070362031e-01
8.903818953323904273e-01
8.589527027027027417e-01
8.225039619651347556e-01
8.836081474296799687e-01
3.679205409974640739e-01
7.965538717043803008e-01
7.127997179125529215e-01
3.531623720872888450e-01
9.355670103092783574e-01
8.699115044247787143e-01
9.416111010992971320e-01
7.942526567314343033e-01
8.201509681654085560e-01
7.581497797356828716e-01
7.073170731707316694e-01
9.072049341183067162e-01
9.159909179370743226e-01
9.459783913565426028e-01
8.575858250276855443e-01
8.173449612403100861e-01
1.755168823441915701e-02
8.515625000000000000e-01
8.156819026384243276e-01
7.786644267114657403e-01
6.690670006261740799e-01
7.641196013289036637e-01
9.563764983297308175e-01
7.780859916782246755e-01
8.896136477671851006e-01
9.453201970443350088e-01
8.512974051896207150e-01
7.450908423563956662e-01
8.541730357688780417e-01
9.130434782608695121e-01
8.641840087623220423e-01
9.068627450980392135e-01
7.188877585622245325e-01
6.946019371604063020e-01
8.735105407882676198e-01
8.598976780794962416e-01
8.527013251783893688e-01
7.535871156661786419e-01
7.978910369068541453e-01
9.192200557103064051e-01
5.359184451219511924e-01
8.572975900352017842e-01
8.748707342295760636e-01
7.925958965209634055e-01
8.318804483188044774e-01
9.533678756476683391e-01
7.581314123553809514e-01
8.293647524099859725e-01
9.425605536332180012e-01
9.140177175612298477e-01
6.955326460481099371e-01
8.619246861924686476e-01
7.276229994072317409e-01
4.627349319507452763e-01
7.286711391204174770e-01
8.031882280809319319e-01
1.506241331484050039e-01
8.843888070692194070e-01
5.125196737730719487e-01
7.647928994082839882e-01
6.345640569395017971e-01
8.517071759259259300e-01
1.233179067283730890e-01
4.968174393060327820e-01
1.196215244740458788e-01
9.071281699794380149e-01
8.588850174216028366e-01
8.288605367355916798e-01
8.902068126520681357e-01
8.418604651162790997e-01
7.422779922779922934e-01
6.945695364238410052e-01
9.178994082840237212e-01
9.214064115822130363e-01
9.220023282887077620e-01
9.334213504337985912e-01
9.372114496768236824e-01
9.568460309003729014e-01
5.799882678287102689e-01
9.192982456140350589e-01
8.958089097303634230e-01
9.257797298048591195e-01
7.228915662650602370e-01
9.304260985352862390e-01
9.417295911098447214e-02
8.871794871794871362e-01
3.276414087513340179e-01
7.328431372549019107e-01
8.308858360966366874e-01
8.952879581151832467e-01
8.540268456375839090e-01
8.793324775353016376e-01
7.691928324839717446e-01
5.518187239117471332e-01
9.613559322033898846e-01
5.337043908472479670e-01
9.072815533980582714e-01
7.907148120854826656e-01
