5.305442308936776374e-01
8.833261401237232358e-01
7.328343638138626881e-01
7.064293304994686551e-01
3.687512928359649722e-01
1.000000000000000000e+00
2.519940915805022330e-01
8.653189813599370117e-01
8.465126139495442459e-01
9.997445721583652078e-01
5.983071342200725340e-01
5.566771245396262557e-01
8.558392817720215096e-01
6.030868953059002058e-01
5.388609066253390312e-01
6.599640346575118555e-01
1.000000000000000000e+00
7.184630120006760823e-01
6.950071618579906074e-01
9.962241887905605164e-01
7.478018359995352027e-01
8.733911717036896283e-01
4.570286065825899802e-01
8.573434991974318020e-01
7.031044626650810869e-01
9.726258159612549692e-01
9.989179831205367011e-01
8.812589413447782238e-01
7.818485523385300118e-01
9.996978851963745916e-01
2.062702649991467463e-01
1.000000000000000000e+00
5.663875142748382441e-01
9.998487827007409567e-01
4.735135989879822871e-01
9.972727272727273107e-01
5.241134576997954486e-01
6.770349601331814293e-01
1.162466381113656799e-01
1.000000000000000000e+00
1.000000000000000000e+00
6.202611625947767049e-01
6.647951791359325568e-01
4.776196636481241931e-01
9.456572224802600735e-01
9.176484110108614756e-01
9.971278123504069280e-01
1.000000000000000000e+00
9.787573021773765536e-01
7.007616974972796786e-01
9.666274970622796836e-01
1.000000000000000000e+00
9.538617115408923874e-01
8.679700699975863021e-01
5.798295851375890875e-01
5.699289904291447995e-01
9.963996399639963863e-01
1.609483014546842644e-02
6.421952957947255625e-01
7.446428571428571619e-01
8.135738831615120237e-01
9.985740767146727981e-01
9.995735607675906298e-01
7.941409342834521157e-01
6.593094944512947198e-01
9.797960174842156311e-01
5.782672132286528210e-01
5.764006791171477628e-01
9.557382588129293977e-01
4.807828342372081898e-01
8.150457190357439652e-01
8.711010898158586535e-01
3.620355802977127113e-01
3.814968240817454004e-01
9.738010657193605368e-01
9.992031872509959944e-01
7.532505056342098104e-01
9.450867052023121939e-01
6.387283929898588397e-01
8.370222759945911140e-01
9.199867197875165603e-01
3.831185905863791485e-01
7.213114754098360892e-01
9.624012638230647898e-01
8.304981773997569539e-01
9.960334949316880238e-01
6.012658227848101111e-01
8.546866333887964684e-01
7.516447368421053099e-01
9.421452702702702853e-01
9.181087269048506805e-01
5.950026028110358967e-01
7.950310559006210642e-01
9.470520231213872542e-01
2.346859875712362931e-01
7.411042944785276587e-01
8.799307768377101491e-01
9.623875715453802382e-01
7.436440677966101864e-01
3.331890019484736731e-01
9.966284558327713761e-01
7.520184544405997817e-01
8.621654269184308994e-01
9.107031587020083530e-01
8.587981460763944863e-01
9.926253687315633734e-01
9.749791492910758750e-01
6.352225890076278469e-01
2.219859664044226966e-01
9.899909008189262671e-01
9.973241590214066976e-01
1.000000000000000000e+00
9.924366009194720561e-01
7.331219913114946918e-01
2.294964028776978471e-01
7.619387027797576151e-01
8.600337268128162016e-01
8.700128040973111876e-01
8.229205695016860167e-01
9.157202630005977229e-01
1.000000000000000000e+00
8.600883652430044712e-01
6.709656084656084873e-01
9.902557856272837800e-01
9.358490566037735992e-01
8.332608695652173880e-01
7.456831153818366253e-01
9.642130947539649943e-01
8.436545927405676437e-01
9.621297337832770413e-01
4.087939254811936984e-01
7.972909075737768525e-01
8.873385947852829858e-01
7.916723179167232116e-01
9.921259842519685179e-01
5.636303240569867645e-01
7.606019151846785675e-01
9.248007968127489598e-01
5.458052073288331973e-01
9.968831168831169265e-01
9.817307692307691847e-01
1.708285605192821632e-01
7.295605437875434252e-01
5.335438042620362920e-01
1.000000000000000000e+00
7.758869339486588190e-01
7.128779697624190170e-01
6.883997669967546473e-01
8.043925875085792265e-01
9.973360655737705249e-01
4.504046242774566444e-01
9.992015968063872045e-01
6.969604332256091883e-01
8.331053351573187715e-01
4.825866944485786569e-01
9.731523677432137864e-01
9.778582930756843927e-01
6.529562982005141514e-01
5.445218821696030664e-01
9.235836627140975308e-01
9.830316742081447456e-01
8.180067085118395420e-01
7.322053017484490001e-01
4.455920019829794354e-01
7.990769737926487482e-01
7.573925710123816657e-01
9.222136222910216619e-01
4.633537071485516745e-01
7.095714989328517630e-01
9.549795361527967374e-01
8.716892289582106601e-01
1.488255334409180619e-01
9.011466982997231590e-01
8.173524844720496674e-01
7.372055740535208290e-01
8.097420356271712860e-01
8.598889130908299316e-01
8.742881636152103342e-01
9.927729174591098937e-01
3.580607177596887292e-01
1.739837398373983712e-01
8.244996701121618532e-01
4.357319223985890444e-01
3.616436625501405489e-02
1.000000000000000000e+00
9.456091198917978558e-01
9.843173431734317802e-01
9.854760623991393187e-02
9.151240537105597150e-01
8.985767406077702635e-01
7.943329182737570715e-01
5.283565863381047834e-01
6.686698469735455896e-01
8.139458030403172728e-01
8.258988277869562245e-01
4.078554722155012247e-01
6.038459646879457132e-01
9.901335761991499895e-01
9.111012826183104707e-01
9.488021004266491421e-01
9.235564079731488629e-01
9.296254256526673698e-01
9.272727272727272485e-01
8.798479087452470981e-01
9.955962059620596660e-01
8.709799470298902335e-01
6.459985369422092116e-01
9.126443588984305411e-01
9.340618403079598009e-01
9.641734758013827955e-01
7.840581906349446406e-01
9.118401964066510379e-01
9.789638932496075308e-01
6.926705531574028907e-01
9.109991603694373996e-01
9.949722148716592107e-01
9.785773139247458952e-01
9.800578795053933590e-01
9.282706444936121848e-01
9.984492988133765179e-01
7.941470093271342234e-01
9.973033707865168740e-01
3.948753677039789634e-01
8.915417830835661306e-01
9.617485063480208929e-01
9.978928765633496845e-01
6.354278553526674367e-01
9.538683325324363027e-01
3.355151275459758997e-01
7.965882098898725561e-01
9.924390366030744204e-01
4.550827423167848607e-01
9.980340337759443514e-01
7.749091297840495773e-01
9.990841474245115705e-01
8.724891798912440821e-01
9.958175505050504972e-01
9.992404422314119516e-01
9.910612171191235387e-01
9.944690902805783939e-01
1.000000000000000000e+00
5.826346583026720261e-01
9.242934923515685464e-01
8.471485839906892634e-01
9.954744305325087250e-01
9.711942809083263795e-01
6.859031456565561902e-01
6.324802877299764425e-01
8.695739701552630541e-01
9.047659939888363922e-02
9.859459459459459785e-01
9.914276294098252063e-01
9.506466984343090454e-01
9.996088948485863934e-01
9.781609195402298784e-01
9.634236323389901990e-01
8.883793127778170096e-01
9.851851851851851638e-01
3.611204053343530229e-01
9.067802077285336271e-01
5.398319327731092576e-01
8.428378666287905663e-01
9.583657155545686201e-01
9.996285289747399716e-01
9.997696155871511614e-01
8.139097744360902498e-01
8.224132062627638184e-01
9.410932055749129388e-01
9.527585167319867487e-01
4.292744563410254566e-01
7.724309105727198421e-01
6.717897868120972227e-01
9.981053771201732205e-01
9.994306628710858398e-01
8.765534382767191657e-01
9.633858870350527903e-01
8.154289004029936505e-01
9.823518249098615041e-01
9.939053638441353034e-01
9.957887917071590600e-01
5.677034244423500020e-01
7.146690518783541668e-01
8.546656988466811988e-01
9.787780563879885376e-01
9.973141438199969455e-01
7.991327241753135580e-01
9.875563394081912083e-01
9.867852290971964591e-01
9.971732842492768700e-01
8.663626429051781708e-01
9.265179837566069887e-01
7.465826856070758577e-01
9.253279515640766562e-01
8.460518171367936713e-01
9.276321556938721402e-01
7.361577542409368791e-01
9.748965517241379164e-01
9.537250281184724843e-01
7.220829943043124421e-01
9.999792651571700608e-01
9.941498537463436813e-01
8.577433720397885653e-01
9.711647727272727515e-01
7.560818510627755895e-01
9.210990103484115732e-01
9.968460477035284706e-01
9.974395448079658166e-01
7.226847034339229925e-01
9.869781898076201987e-01
9.899999999999999911e-01
7.880109369051326862e-01
9.999685227737731275e-01
7.748228273032450319e-01
5.550963113156047735e-01
9.455518394648829705e-01
9.378788637843795684e-01
9.673063663525626188e-01
8.497293297503601961e-01
9.873269529077765005e-01
4.119081685744016563e-01
9.911583459855318745e-01
9.170150315752023662e-01
9.723235425865489612e-01
6.426005828269365505e-01
1.000000000000000000e+00
7.573589686265742582e-01
3.194018404907975617e-01
9.411583724328898004e-01
9.740808676927984466e-01
9.855517983399938453e-01
8.686205154118241678e-01
9.899247003924064314e-01
5.798490719967367424e-01
9.907510925907104804e-01
9.894147890518675270e-01
9.990504451038575429e-01
9.206763726578311990e-01
9.987397420867526465e-01
8.143396569764796977e-01
7.127232250883220877e-01
9.872102709854462255e-01
9.430565556971141072e-01
7.436773752563226036e-01
8.807980717728977060e-01
9.993662269377024954e-01
6.800454373343430836e-01
9.307661658893290335e-01
8.614912446658679057e-01
9.908362852302479151e-01
9.244130559267035308e-01
9.974962443665498224e-01
9.996213913866540679e-01
8.151255320461414655e-01
8.666093928980527217e-01
9.970933362041124459e-01
9.982413419913419572e-01
9.993509654389096664e-01
8.261063261063260610e-01
9.942553321518059484e-01
9.469479318351765595e-01
9.216315307057745265e-01
6.159482977965498041e-01
9.992373129950131716e-01
9.904281538373359561e-01
8.595969913641006155e-01
9.924920466595970048e-01
9.923415349519308926e-01
7.556340176975719913e-01
9.257268680746282286e-01
9.416620517790391665e-01
9.592207989085120845e-01
9.797703663203936042e-01
9.925324142458559207e-01
8.957519725830875856e-01
9.567925262748151471e-01
9.990926962044457404e-01
9.836474224748230633e-01
7.083384805435454235e-01
9.992089501638603544e-01
9.998790517658442401e-01
8.185166240409207372e-01
9.138549005067359010e-01
9.947713576745834674e-01
7.796763040537154632e-01
9.795136026380873995e-01
9.236041120741785848e-01
8.196454568810481733e-01
9.265254858179534647e-01
6.560920341641973685e-01
9.100645855758880964e-01
9.601226993865030757e-01
6.485668671567534904e-01
9.538239538239537962e-01
8.634964407105752970e-01
6.702700317684433529e-01
5.757809606124212332e-01
9.977029861180465309e-01
9.961073825503355961e-01
6.667455061494796942e-01
9.979014521950809735e-01
1.000000000000000000e+00
7.914838290264911702e-01
9.797869873155763409e-01
8.832913518052056823e-01
9.545351216185496979e-01
8.139923750919670908e-01
9.937931034482758719e-01
8.677812351669216273e-01
9.612277867528271624e-01
8.171691205110228617e-01
9.986085158827973096e-01
8.028673835125448299e-01
8.072847682119205226e-01
8.592938733125649042e-01
9.834554973821989510e-01
9.534380479797037733e-01
9.118999569920931414e-01
9.897559124826103005e-01
1.000000000000000000e+00
5.274571332511487354e-01
9.581919667286855624e-01
6.155005652556211349e-01
9.998331386617720362e-01
5.284831846259436805e-01
9.119061357953452962e-01
3.669134891564995171e-01
9.600072189135535616e-01
9.875003118684663184e-01
7.949561403508771384e-01
8.526169522927281585e-01
9.991161392964468257e-01
3.162246522107612923e-01
9.725107972452433636e-01
7.742941693993441454e-01
9.283898978133107160e-01
9.136913129041327464e-01
8.307982401005656881e-01
9.077461515325513375e-01
7.488552531162554482e-01
7.194402293036586959e-01
2.493922972279833117e-01
7.705500257021355992e-01
7.160323747201653433e-01
6.536780834930998596e-01
6.748110151187904915e-01
8.480259242113616924e-01
9.582945625462266914e-01
9.530348258706468068e-01
9.303597122302158517e-01
9.723195515066572758e-01
9.713214783821478848e-01
9.669127632781056025e-01
9.438895417156286660e-01
9.734450440215848266e-01
9.411969160768453024e-01
9.519629187442938401e-01
8.197153766053453250e-01
8.196476560167214043e-01
8.774069319640565023e-01
8.618898343036274223e-01
9.868327402135231852e-01
8.334178498985801431e-01
8.947484069435288623e-01
4.980130845650593829e-01
1.000000000000000000e+00
9.420184498144991148e-01
9.917012448132780378e-01
9.809127534508949031e-01
9.095149909749408179e-01
9.519107827816450929e-01
9.980571482727573773e-01
9.460548295175394973e-01
9.375668926150553251e-01
9.993796526054590235e-01
4.751087481875301832e-01
8.501144164759725230e-01
5.335892514395393915e-01
9.992862241256245115e-01
8.524822695035461084e-01
7.313237221494102158e-01
9.917808219178082529e-01
9.863901490602722255e-01
9.900332225913621720e-01
1.976073488570818104e-01
6.675508399646330471e-01
9.418367346938775198e-01
9.961538461538461675e-01
9.292929292929292817e-01
9.555361813426329620e-01
6.940950384346610269e-01
8.618690313778990530e-01
7.460855340032718219e-01
7.320167407794925252e-01
9.559108527131783273e-01
6.744920993227990769e-01
9.726523589604274544e-01
7.704219030520645939e-01
9.519334049409237108e-01
9.044540229885057459e-01
9.228675136116152311e-01
8.225039619651347556e-01
8.853255587949465655e-01
3.679205409974640739e-01
7.966641290054674585e-01
7.564078578110383644e-01
5.769385699899295394e-01
9.527559055118109965e-01
1.000000000000000000e+00
9.868421052631578538e-01
9.998416844771630396e-01
8.201509681654085560e-01
7.581497797356828716e-01
9.465468306527908826e-01
9.245714285714285996e-01
9.168831168831168554e-01
9.563106796116505048e-01
8.592987128273412711e-01
8.368055555555555802e-01
1.755168823441915701e-02
1.000000000000000000e+00
8.465098341689163419e-01
9.621172807472755384e-01
6.751974723538705092e-01
7.641196013289036637e-01
9.620478355406206772e-01
7.780859916782246755e-01
8.914027149321267496e-01
9.667506297229219170e-01
8.529999999999999805e-01
7.450908423563956662e-01
9.964336661911554760e-01
9.949238578680202894e-01
8.665568369028006090e-01
9.259259259259259300e-01
9.943714821763601774e-01
7.544422349092309021e-01
9.968619246861925021e-01
8.726038338658147486e-01
9.422697831596733575e-01
7.535871156661786419e-01
7.978910369068541453e-01
9.229334990677439121e-01
5.436883819833752129e-01
8.629054238212047201e-01
9.205658324265505454e-01
9.949608062709965894e-01
8.356964136780650199e-01
9.586453923803320842e-01
7.581314123553809514e-01
9.669548511047070249e-01
9.478079331941544616e-01
9.826330532212884661e-01
6.976904515684246855e-01
9.873638344226579600e-01
9.170713485244676999e-01
4.627349319507452763e-01
7.286711391204174770e-01
9.783420463032113101e-01
9.819168173598553651e-01
9.174942704354469569e-01
5.125196737730719487e-01
7.685827552031714305e-01
7.188208616780045190e-01
9.924140256237357072e-01
9.868945868945868671e-01
4.968174393060327820e-01
1.196215244740458788e-01
9.234794743574834541e-01
8.588850174216028366e-01
8.587055606198723545e-01
9.714570195818121867e-01
8.759830611010284152e-01
7.422779922779922934e-01
6.945695364238410052e-01
9.408642911296436484e-01
9.258746103221336954e-01
9.417360285374554163e-01
9.933761541549578356e-01
9.539473684210526550e-01
9.645542427497314497e-01
5.799882678287102689e-01
9.579524680073125964e-01
9.158052434456929181e-01
9.258826800111203958e-01
1.000000000000000000e+00
9.731894150417826905e-01
1.000000000000000000e+00
8.902229845626071780e-01
1.000000000000000000e+00
7.328431372549019107e-01
8.551925889809849357e-01
9.076433121019108485e-01
8.730703259005145878e-01
9.513888888888888395e-01
7.886398112253497628e-01
5.518187239117471332e-01
9.739010989010988828e-01
5.337043908472479670e-01
9.134897360703811975e-01
7.915314251991737438e-01
