7.500352063089705812e-01
6.431752178121974417e-01
8.701298701298700866e-01
9.149012200724896404e-01
8.261089073205913902e-01
8.996810371437390375e-01
6.702637889688249917e-01
5.175665872111099297e-01
8.641483411232855349e-01
9.323034984098137468e-01
9.040000000000000258e-01
7.499084584401317644e-01
8.696121659317915809e-01
7.044919054495705213e-01
7.100899533976373634e-01
8.645707376058041627e-01
7.421818181818181648e-01
8.175218207031568207e-01
9.516104756170981060e-01
8.274380737917893525e-01
8.726350692412716548e-01
8.462817771442148196e-01
7.842779834804899375e-01
8.399945806801246695e-01
8.725268513284341054e-01
9.037065525695879842e-01
8.889457523029682395e-01
8.062137590378695151e-01
7.778672032193159058e-01
9.193148114520912628e-01
8.414773655826115473e-01
8.432852894074582828e-01
8.765451664025356582e-01
9.155234657039711399e-01
5.628327349263340107e-01
6.256410256410256387e-01
9.190696409140369783e-01
8.756587061329745847e-01
9.051480113227462487e-01
8.503020810024614073e-01
9.219690455717970412e-01
8.746493831867323543e-01
9.664785476303801026e-01
9.211838681699913156e-01
9.206630393521447742e-01
9.176949387366324373e-01
7.968493600262552823e-01
9.423785073388309952e-01
6.826674768342700927e-01
4.972804972804972801e-01
8.570974609933585953e-01
8.802416488983653142e-01
8.798542684441500450e-01
7.817153888582459853e-01
9.446139303055042236e-01
9.649785086899644870e-01
8.115124153498871618e-01
9.051005769054668582e-01
8.437617085050580501e-01
8.324732768153335627e-01
4.456390432471611374e-01
7.921936666770253987e-01
9.108926464805348067e-01
9.295433113296510674e-01
9.596223382884692121e-01
8.757637474541751788e-01
9.339933993399339718e-01
7.937880243355747156e-01
7.587935635158081782e-01
7.990506329113924444e-01
7.735773975328292806e-01
7.764811490125673732e-01
8.582480536649855773e-01
8.379873195737218561e-01
8.182787103650412952e-01
9.173702422145328939e-01
8.386065105653911500e-01
4.399152991000529478e-01
6.124629080118694224e-01
2.896688086999505418e-01
8.802873104549082672e-01
7.972116603295310577e-01
8.255503669112741472e-01
9.555144397071836382e-01
9.632619269378039917e-01
8.556149732620320636e-01
7.858253030774012826e-01
7.912789439515256484e-01
7.980903123135070221e-01
9.759366433140420627e-01
9.793535749265426249e-01
8.549165120593692491e-01
9.457755359394703909e-01
6.940659220623174308e-01
7.975273418925344915e-01
9.297954671088999312e-01
8.163922691481746430e-01
9.056745115175728333e-01
9.190111991259218849e-01
9.069270674397315046e-01
9.156329581861496480e-01
7.687937506340671856e-01
9.255103027957821693e-01
9.353132182859644761e-01
9.710320901994796694e-01
9.225438533169710853e-01
8.442398606618561896e-01
8.714674970805761367e-01
9.186173921705349521e-01
9.392100744132798607e-01
9.601570978244018395e-01
8.873372608917011739e-01
9.702527815278618739e-01
9.162055335968379843e-01
6.429159318048206506e-01
4.591113972955570000e-01
7.074018877297565400e-01
8.038461538461538769e-01
8.715948330988617654e-01
2.059721300597212867e-01
8.964128843338213803e-01
6.734216679657053506e-01
9.400566572237960550e-01
9.283068783068783025e-01
8.357778312094253925e-01
9.346056693797362147e-01
8.899764705882352578e-01
9.279222357229647278e-01
8.536989204583085300e-01
9.473919256877456618e-01
8.946059885417793067e-01
9.341317365269461437e-01
8.769966609511776756e-01
7.362022854364210778e-01
9.459300107515693501e-01
9.461858410874319780e-01
9.393607876846136184e-01
9.579401887094194379e-01
4.773351648351648602e-01
9.801710484637313758e-01
9.076548652247784510e-01
8.572372145687865430e-01
8.403434938088403250e-01
7.952910398953564330e-01
9.557548729769003160e-01
9.497299542999584343e-01
9.371701432520733732e-01
8.487270236328348094e-01
8.576042278332354218e-01
8.968296767235262035e-01
9.205298013245033495e-01
9.386104959571509587e-01
7.941985729608730393e-01
9.814030131826741998e-01
7.487179487179487225e-01
9.318600368324124750e-01
9.237354085603113329e-01
9.726717962324223921e-01
9.320905459387482939e-01
9.504818876703223784e-01
4.345772319319792243e-01
9.728360143774674729e-01
9.127292940522512277e-01
8.840613931523022551e-01
3.842917251051893301e-01
9.025811823480432983e-01
9.552477357485349430e-01
8.605739238927011536e-01
9.006337952519067880e-01
9.528834355828220692e-01
9.522050334795658655e-01
8.984820566815828746e-01
9.293192235866674089e-01
9.712560246211021653e-01
9.477054429028815008e-01
9.337055129099790518e-01
8.860619469026548289e-01
5.458143074581430776e-01
9.577900397146170697e-01
9.452606635071090224e-01
9.374710514126910477e-01
9.435754528381898876e-01
9.701639096608505319e-01
8.922631959508314781e-01
7.971387696709585358e-01
8.664722087181980781e-01
9.348793043130591007e-01
9.344083082809511165e-01
4.174829510229386420e-01
9.577692100780059725e-01
7.794203842396613124e-01
7.484158648204646269e-01
7.257485029940119459e-01
7.372287145242070183e-01
8.858639936211413213e-01
8.036739380022962509e-01
