9.458312988281250000e-01
9.718780517578125000e-01
9.786376953125000000e-01
9.491271972656250000e-01
9.632110595703125000e-01
9.851226806640625000e-01
9.832153320312500000e-01
9.289703369140625000e-01
9.729461669921875000e-01
9.954528808593750000e-01
9.809570312500000000e-01
9.374694824218750000e-01
9.778900146484375000e-01
8.813476562500000000e-01
9.591827392578125000e-01
9.760742187500000000e-01
9.567260742187500000e-01
9.658660888671875000e-01
9.803771972656250000e-01
9.239959716796875000e-01
9.302520751953125000e-01
9.802551269531250000e-01
9.422149658203125000e-01
9.639587402343750000e-01
9.862365722656250000e-01
9.694366455078125000e-01
9.933776855468750000e-01
9.586944580078125000e-01
9.663085937500000000e-01
9.796600341796875000e-01
9.703979492187500000e-01
9.686431884765625000e-01
9.762268066406250000e-01
9.892883300781250000e-01
9.461212158203125000e-01
9.632415771484375000e-01
9.818420410156250000e-01
9.830780029296875000e-01
9.698333740234375000e-01
9.693756103515625000e-01
9.778442382812500000e-01
9.297637939453125000e-01
9.849548339843750000e-01
9.778137207031250000e-01
9.712982177734375000e-01
9.709930419921875000e-01
9.905548095703125000e-01
9.830474853515625000e-01
9.043731689453125000e-01
9.111480712890625000e-01
9.313812255859375000e-01
9.897155761718750000e-01
9.335784912109375000e-01
9.033813476562500000e-01
9.803314208984375000e-01
9.857025146484375000e-01
9.847106933593750000e-01
9.525604248046875000e-01
9.809112548828125000e-01
9.722595214843750000e-01
8.599548339843750000e-01
8.979644775390625000e-01
9.827117919921875000e-01
9.920196533203125000e-01
9.938659667968750000e-01
9.906921386718750000e-01
9.877929687500000000e-01
9.213867187500000000e-01
9.544830322265625000e-01
9.689941406250000000e-01
9.826354980468750000e-01
9.848022460937500000e-01
9.558258056640625000e-01
9.816741943359375000e-01
9.791870117187500000e-01
9.908905029296875000e-01
9.784393310546875000e-01
9.031372070312500000e-01
9.701080322265625000e-01
9.561462402343750000e-01
9.496459960937500000e-01
9.414062500000000000e-01
9.042358398437500000e-01
9.915618896484375000e-01
9.945831298828125000e-01
9.975280761718750000e-01
9.894866943359375000e-01
9.411315917968750000e-01
9.225616455078125000e-01
9.939727783203125000e-01
9.919586181640625000e-01
9.940338134765625000e-01
9.927825927734375000e-01
8.290557861328125000e-01
9.350280761718750000e-01
9.941864013671875000e-01
9.843444824218750000e-01
9.769439697265625000e-01
9.819030761718750000e-01
9.674224853515625000e-01
9.686584472656250000e-01
9.652252197265625000e-01
9.530029296875000000e-01
9.729461669921875000e-01
9.974517822265625000e-01
9.836273193359375000e-01
9.808959960937500000e-01
9.748077392578125000e-01
9.875335693359375000e-01
9.837951660156250000e-01
9.882354736328125000e-01
9.527282714843750000e-01
9.902496337890625000e-01
9.902954101562500000e-01
9.536590576171875000e-01
9.743652343750000000e-01
9.910125732421875000e-01
9.844360351562500000e-01
9.693603515625000000e-01
9.087066650390625000e-01
9.913635253906250000e-01
9.808197021484375000e-01
9.919281005859375000e-01
9.917297363281250000e-01
9.895782470703125000e-01
9.964447021484375000e-01
9.821624755859375000e-01
9.773712158203125000e-01
9.662933349609375000e-01
9.820251464843750000e-01
9.851226806640625000e-01
9.801940917968750000e-01
9.792022705078125000e-01
9.668884277343750000e-01
9.762115478515625000e-01
9.808502197265625000e-01
9.763183593750000000e-01
9.959869384765625000e-01
9.303283691406250000e-01
9.952239990234375000e-01
9.693145751953125000e-01
9.538269042968750000e-01
8.998565673828125000e-01
9.140319824218750000e-01
9.865264892578125000e-01
9.926147460937500000e-01
9.847412109375000000e-01
9.595642089843750000e-01
9.703979492187500000e-01
9.445343017578125000e-01
9.963378906250000000e-01
9.636230468750000000e-01
9.326629638671875000e-01
9.927673339843750000e-01
9.835510253906250000e-01
9.926605224609375000e-01
9.850463867187500000e-01
9.968566894531250000e-01
9.976654052734375000e-01
9.977264404296875000e-01
9.634704589843750000e-01
9.929656982421875000e-01
9.952087402343750000e-01
9.925079345703125000e-01
9.665069580078125000e-01
9.982147216796875000e-01
9.974365234375000000e-01
9.863586425781250000e-01
9.858856201171875000e-01
9.941406250000000000e-01
9.968414306640625000e-01
9.823455810546875000e-01
9.618835449218750000e-01
9.924468994140625000e-01
9.940185546875000000e-01
9.956512451171875000e-01
9.905700683593750000e-01
9.544677734375000000e-01
9.816741943359375000e-01
9.929504394531250000e-01
9.958801269531250000e-01
9.289398193359375000e-01
9.939727783203125000e-01
9.863586425781250000e-01
9.891815185546875000e-01
9.748535156250000000e-01
9.602355957031250000e-01
9.926757812500000000e-01
8.566284179687500000e-01
9.928131103515625000e-01
9.483184814453125000e-01
9.672851562500000000e-01
9.825286865234375000e-01
9.759826660156250000e-01
9.694213867187500000e-01
9.739074707031250000e-01
