7.254000367849917641e-01
8.449403616775682524e-01
8.554352533564313354e-01
6.507133885149279928e-01
4.089554933646293855e-01
0.000000000000000000e+00
4.869532569926788290e-01
8.545572074983839306e-01
8.764146672702580743e-01
9.355345115713779025e-01
6.902000579878225794e-01
0.000000000000000000e+00
4.221255438160347873e-01
6.297420333839149897e-01
2.939636786660634882e-01
3.143778396599736236e-01
0.000000000000000000e+00
5.805533315541322459e-01
4.994672349493873287e-01
7.004277159965782706e-01
1.657720392668891041e-01
0.000000000000000000e+00
4.563591022443890255e-01
3.143803080466388566e-01
7.022410751154322117e-01
8.689881324172392674e-01
8.687324961604481199e-01
1.508828250401283988e-01
1.005196032120925786e-01
9.608959287216928269e-01
9.098877019994522364e-01
8.220960590112303956e-01
5.417689300972639010e-01
6.892696480550409843e-01
8.288477328710883718e-01
6.320382524589568396e-01
6.126337261029012327e-01
3.464573991031389966e-01
5.426179604261795880e-02
4.366453965360073131e-01
6.857373086220789338e-01
5.208745907933557406e-01
4.117661562738861303e-02
9.035532994923858308e-01
6.970122318026870101e-01
8.269089123496194960e-01
0.000000000000000000e+00
8.951385355474351657e-01
9.384678918026017058e-01
8.567953785345089335e-01
7.550449959094627239e-01
9.823191912883962873e-01
8.603804127883447617e-01
9.001094690749863458e-01
9.206891199751668919e-01
9.625345076902852570e-01
6.750402576489532569e-01
9.766483516483516203e-01
3.406113537117904100e-01
9.678188319427890596e-01
8.424833247819394355e-01
8.554472233997456598e-01
8.254006506808049537e-02
9.106302916274694459e-01
0.000000000000000000e+00
8.424427480916030220e-01
7.930399181166837286e-01
9.279052180489034685e-01
8.549653579676674831e-01
8.589883399043704015e-01
8.646209836229029611e-01
8.769591252278052806e-01
9.457823567289117550e-01
9.070938215102974933e-01
7.468950749464667860e-01
8.725247524752475226e-01
9.363209153442756394e-01
9.073005093378607722e-01
8.741123305358295958e-01
8.244985959355327632e-01
9.638339038547403259e-01
8.541191794203842891e-01
8.831454495463293419e-01
9.119063355679349892e-01
8.536827476672622650e-01
8.639137221512700471e-01
7.103677080453414394e-01
7.414961422341496133e-01
8.497544062409708721e-01
8.846133432408046504e-01
0.000000000000000000e+00
9.196334685293675593e-01
3.833303395006287251e-01
4.563758389261745041e-01
9.037841819353650274e-01
8.950663661407463056e-01
8.770842824601366994e-01
8.509026638050750657e-01
8.434968017057569156e-01
6.421494242613585701e-01
6.252285191956123978e-01
9.533725667722952046e-01
7.166110605601051509e-01
6.214591400040757607e-01
8.477019070217066687e-01
7.613311873734489588e-01
1.930096418732782371e-01
4.715292489947684462e-01
4.187937422807739840e-01
8.331041177898228511e-01
7.603841733705467565e-01
6.132183773399245696e-01
6.088999644001423794e-01
1.830627029727704136e-01
5.798019158954376140e-01
7.137843634236693546e-01
7.173436709927524246e-01
9.305402425578831460e-01
0.000000000000000000e+00
7.896291919042695007e-01
8.411570667343314378e-01
0.000000000000000000e+00
8.009965742759265206e-01
8.381497718529122842e-01
4.681347528073501185e-02
2.163527094591182198e-01
2.508457374830852515e-01
2.509434497630735339e-01
8.859975216852540303e-01
9.067346505205013951e-01
7.410344945471949440e-01
7.656175865886446497e-01
3.177229966353086743e-01
8.198682097569078842e-01
8.664200824642250831e-01
8.985507246376811530e-01
7.621587979016626324e-01
7.398822249728067568e-01
5.491877256317689859e-01
5.886611782565539519e-01
9.072685926050703120e-01
6.963347695213362165e-01
3.304613175372464462e-01
6.758517034068136642e-01
7.935309973045822085e-01
7.435273923616078084e-01
7.392894461859979005e-01
8.737092110698058134e-01
6.673765338200994268e-01
3.309860513572434604e-01
7.418854127142906485e-01
7.869764397905759656e-01
7.716697206952080057e-01
6.845502073192716308e-01
9.030607894961206750e-01
9.456770155761049512e-01
7.104952830188678847e-01
4.543225288688751418e-01
2.245476205808487336e-01
0.000000000000000000e+00
7.744232412418114997e-01
8.743440589024935594e-01
6.947187634177758309e-01
7.302873986735445300e-01
8.677867508276865260e-01
9.469219786680104223e-01
7.085231905606983460e-01
9.453836150845253972e-01
7.438709677419355071e-01
5.574997122136525762e-01
5.513680400298094364e-01
9.358214161144052801e-01
8.003872841697595719e-01
8.877763871506049176e-01
9.612963394730706934e-01
5.519399249061326396e-01
3.411620873817643451e-01
9.277357192016517651e-01
3.491741524195885460e-01
8.615549725733364639e-01
9.111712931618144440e-01
3.464915750336207689e-01
5.902311914398181703e-01
7.523314027682340699e-01
8.415177566728181402e-01
9.055240847051667652e-01
9.753150353875367218e-01
8.008280534470861856e-01
7.423342430566703953e-01
7.884412571187513485e-01
8.951198214805472508e-01
9.049620475503419303e-01
9.682397451214656003e-01
5.285726065803578733e-01
5.950523735235123679e-01
9.579768495218923263e-01
