5.691197691197691366e-01
7.315123251165889240e-01
7.473891327380051131e-01
4.822647634506134762e-01
2.570358601906491125e-01
0.000000000000000000e+00
3.218362282878411973e-01
7.460496613995485360e-01
7.800161160354552869e-01
8.788772597526165464e-01
5.269507470946319660e-01
0.000000000000000000e+00
2.675279659681739641e-01
4.595791805094130433e-01
1.723079837105786494e-01
1.865055212590209510e-01
0.000000000000000000e+00
4.089997493106041770e-01
3.328599325403869824e-01
5.389678778304370921e-01
9.037701028209860210e-02
0.000000000000000000e+00
2.956381260096930808e-01
1.865072587532023984e-01
5.411182783257644235e-01
7.683280408670440931e-01
7.679284459351540804e-01
8.159722222222222376e-02
5.291952650949965226e-02
9.247350244134809882e-01
8.346733668341708157e-01
6.979313256403040233e-01
3.715247475377135289e-01
5.258668550951395293e-01
7.077198722442938905e-01
4.620291858270646479e-01
4.415803797666343344e-01
2.095243260834191990e-01
2.788751124496421235e-02
2.793002915451894830e-01
5.217657878602084409e-01
3.521503907317339865e-01
2.102109662151956104e-02
8.240740740740740700e-01
5.349338257925515538e-01
7.048974466303893349e-01
0.000000000000000000e+00
8.101816963911915304e-01
8.840692472281657110e-01
7.494680851063829641e-01
6.064837632112151100e-01
9.652527421952903364e-01
7.549715909090909394e-01
8.183627768101517930e-01
8.530342249065285820e-01
9.277749619868220776e-01
5.094798249878463858e-01
9.543624161073825940e-01
2.052631578947368418e-01
9.376443418013856723e-01
7.278368794326240954e-01
7.474074074074074092e-01
4.304656570099918422e-02
8.359240069084629132e-01
0.000000000000000000e+00
7.277763123186494765e-01
6.570556309362279857e-01
8.655067011521279108e-01
7.466720451795079150e-01
7.528304661079252558e-01
7.615263019232457742e-01
7.808790801186943353e-01
8.971414610310285420e-01
8.299832495812394795e-01
5.960355434039644740e-01
7.738748627881448794e-01
8.802663593289793420e-01
8.303293971410814489e-01
7.763761467889908063e-01
7.014016257953490374e-01
9.301924734271761475e-01
7.453822108553566084e-01
7.907434761201378448e-01
8.380770565775772507e-01
7.447177000346379971e-01
7.604296777416936770e-01
5.508296531321013045e-01
5.891886128585136495e-01
7.387591057523235083e-01
7.931001665477039886e-01
0.000000000000000000e+00
8.512235817575083408e-01
2.371111111111111058e-01
2.956521739130434923e-01
8.244582563413405119e-01
8.100634632819583292e-01
7.810775722168127322e-01
7.404965941551306940e-01
7.293510324483776230e-01
4.729161188535366822e-01
4.547872340425531679e-01
9.108996539792387770e-01
5.583740349771545430e-01
4.508093724591618057e-01
7.356619890176937515e-01
6.146365998826389676e-01
1.068127679847546418e-01
3.084973976012672647e-01
2.648571242595847419e-01
7.139489739323350292e-01
6.134030858883517956e-01
4.421881335315583361e-01
4.377111270344968830e-01
1.007534510256833243e-01
4.082542586029495602e-01
5.549492193421251551e-01
5.592641261498029204e-01
8.701030927835051720e-01
0.000000000000000000e+00
6.523861833272305288e-01
7.258594263192468254e-01
0.000000000000000000e+00
6.680519480519480080e-01
7.213922685969506032e-01
2.396774434406033147e-02
1.212979217396228521e-01
1.434097282661251360e-01
1.434736056584796082e-01
7.953281423804227090e-01
8.293820443062572823e-01
5.886058762830609359e-01
6.202434336963484895e-01
1.888648516265969968e-01
6.947259759759759623e-01
7.643220112329499605e-01
8.157894736842105088e-01
6.157161327395489492e-01
5.871532325276818121e-01
3.785381026438568997e-01
4.170941585305311672e-01
8.302759364883612880e-01
5.341361825425570142e-01
1.979357058380819268e-01
5.104048429814604937e-01
6.577301161751564207e-01
5.917577413479052639e-01
5.864069622876088017e-01
7.757403502337948398e-01
5.007990259493189100e-01
1.983123338342388242e-01
5.896803202281076794e-01
6.487725923927704086e-01
6.282265720356222660e-01
5.203925008222782811e-01
8.232550909373542725e-01
8.969519108917495265e-01
5.509830818472793990e-01
2.939310026537441112e-01
1.264734684995103553e-01
0.000000000000000000e+00
6.318847315826168209e-01
7.767418328996820165e-01
5.322368421052631193e-01
5.751596053395240382e-01
7.664516834280716839e-01
8.991945131190685059e-01
5.486147218302013240e-01
8.964241676942046322e-01
5.921931176168464539e-01
3.864815258159763900e-01
3.806129198206805175e-01
8.793838085873484367e-01
6.672047350013451394e-01
7.981995498874718820e-01
9.254769921436588609e-01
3.811581676750215864e-01
2.056633048875096959e-01
8.652118100128369793e-01
2.115148323679129361e-01
7.567822352571488276e-01
8.368362144011939341e-01
2.095493254234044589e-01
4.186723297152745160e-01
6.029897718332022372e-01
7.263967674255964457e-01
8.273586216479088540e-01
9.518194070080862046e-01
6.678175350491735163e-01
5.902476384988512015e-01
6.507660167130919771e-01
8.101510361784334258e-01
8.264207149404216857e-01
9.384348161729229032e-01
3.592243891504147135e-01
4.235406091370558235e-01
9.193431538275779191e-01
