9.638214111328125000e-01
9.491424560546875000e-01
9.781341552734375000e-01
9.574890136718750000e-01
9.730834960937500000e-01
9.742126464843750000e-01
9.683837890625000000e-01
9.669189453125000000e-01
9.725799560546875000e-01
9.932250976562500000e-01
9.691925048828125000e-01
8.526306152343750000e-01
9.741973876953125000e-01
8.541717529296875000e-01
7.223968505859375000e-01
9.891357421875000000e-01
9.539642333984375000e-01
9.704284667968750000e-01
9.784240722656250000e-01
8.636169433593750000e-01
9.504394531250000000e-01
9.845886230468750000e-01
9.750823974609375000e-01
9.551239013671875000e-01
9.712829589843750000e-01
9.670104980468750000e-01
9.918975830078125000e-01
9.757080078125000000e-01
7.722778320312500000e-01
9.679565429687500000e-01
9.820098876953125000e-01
9.528808593750000000e-01
9.826049804687500000e-01
8.600769042968750000e-01
9.548950195312500000e-01
9.746398925781250000e-01
9.838256835937500000e-01
9.882049560546875000e-01
9.360351562500000000e-01
9.517822265625000000e-01
9.361114501953125000e-01
9.577484130859375000e-01
9.784851074218750000e-01
9.646301269531250000e-01
9.546966552734375000e-01
9.652252197265625000e-01
9.939880371093750000e-01
9.774017333984375000e-01
9.279632568359375000e-01
9.286804199218750000e-01
6.849975585937500000e-01
9.901428222656250000e-01
8.922424316406250000e-01
8.453979492187500000e-01
9.842529296875000000e-01
9.842834472656250000e-01
9.883728027343750000e-01
8.763122558593750000e-01
9.801330566406250000e-01
9.805755615234375000e-01
8.419952392578125000e-01
9.379425048828125000e-01
9.751739501953125000e-01
9.944000244140625000e-01
9.947967529296875000e-01
9.943237304687500000e-01
9.842529296875000000e-01
9.374084472656250000e-01
9.442291259765625000e-01
9.792022705078125000e-01
9.750823974609375000e-01
9.873657226562500000e-01
9.544372558593750000e-01
9.859924316406250000e-01
9.754180908203125000e-01
9.915008544921875000e-01
9.826202392578125000e-01
9.700469970703125000e-01
9.538574218750000000e-01
9.581909179687500000e-01
9.473266601562500000e-01
9.436035156250000000e-01
9.203338623046875000e-01
9.776916503906250000e-01
9.923858642578125000e-01
9.937438964843750000e-01
9.907379150390625000e-01
9.515991210937500000e-01
8.948211669921875000e-01
9.946746826171875000e-01
9.871826171875000000e-01
9.842987060546875000e-01
9.928131103515625000e-01
8.122253417968750000e-01
9.371490478515625000e-01
9.929962158203125000e-01
9.782257080078125000e-01
9.779968261718750000e-01
9.830169677734375000e-01
9.344024658203125000e-01
9.223632812500000000e-01
9.783630371093750000e-01
9.515533447265625000e-01
9.666137695312500000e-01
9.952545166015625000e-01
9.871978759765625000e-01
9.862823486328125000e-01
9.796752929687500000e-01
9.886322021484375000e-01
9.827728271484375000e-01
9.903411865234375000e-01
9.340667724609375000e-01
9.898986816406250000e-01
9.940185546875000000e-01
9.527893066406250000e-01
9.705047607421875000e-01
9.821319580078125000e-01
9.719085693359375000e-01
9.397277832031250000e-01
9.471740722656250000e-01
9.893951416015625000e-01
9.717254638671875000e-01
9.907073974609375000e-01
9.822082519531250000e-01
9.907226562500000000e-01
9.955902099609375000e-01
9.890747070312500000e-01
9.728240966796875000e-01
9.736328125000000000e-01
9.830169677734375000e-01
9.817047119140625000e-01
9.813385009765625000e-01
9.659423828125000000e-01
9.730682373046875000e-01
9.691009521484375000e-01
9.870605468750000000e-01
9.695587158203125000e-01
9.967956542968750000e-01
9.288482666015625000e-01
9.955291748046875000e-01
9.297943115234375000e-01
9.570770263671875000e-01
9.206542968750000000e-01
8.778839111328125000e-01
9.912719726562500000e-01
9.915466308593750000e-01
9.819335937500000000e-01
9.613037109375000000e-01
9.663238525390625000e-01
9.251403808593750000e-01
9.962005615234375000e-01
9.650268554687500000e-01
8.822631835937500000e-01
9.913330078125000000e-01
9.890441894531250000e-01
9.927368164062500000e-01
9.851226806640625000e-01
9.969177246093750000e-01
9.963836669921875000e-01
9.969635009765625000e-01
9.572143554687500000e-01
9.931335449218750000e-01
9.954528808593750000e-01
9.932708740234375000e-01
9.804077148437500000e-01
9.983825683593750000e-01
9.960784912109375000e-01
9.899902343750000000e-01
9.932708740234375000e-01
9.933776855468750000e-01
9.958496093750000000e-01
9.843750000000000000e-01
9.650115966796875000e-01
9.925537109375000000e-01
9.950408935546875000e-01
9.966735839843750000e-01
9.853820800781250000e-01
9.738769531250000000e-01
9.815673828125000000e-01
9.948883056640625000e-01
9.969329833984375000e-01
9.504547119140625000e-01
9.933319091796875000e-01
9.555511474609375000e-01
9.895629882812500000e-01
9.584045410156250000e-01
9.553070068359375000e-01
9.881286621093750000e-01
8.558654785156250000e-01
9.887084960937500000e-01
9.777069091796875000e-01
9.701080322265625000e-01
9.835662841796875000e-01
9.892120361328125000e-01
9.664764404296875000e-01
9.745941162109375000e-01
