9.790496826171875000e-01
9.582061767578125000e-01
9.804534912109375000e-01
9.592895507812500000e-01
9.783172607421875000e-01
9.826507568359375000e-01
9.750976562500000000e-01
9.763946533203125000e-01
9.772338867187500000e-01
9.952697753906250000e-01
9.797515869140625000e-01
8.693084716796875000e-01
9.786987304687500000e-01
8.590698242187500000e-01
7.336883544921875000e-01
9.851379394531250000e-01
9.651641845703125000e-01
9.664154052734375000e-01
9.782562255859375000e-01
8.475646972656250000e-01
9.532318115234375000e-01
9.883575439453125000e-01
9.747467041015625000e-01
9.590606689453125000e-01
9.754791259765625000e-01
9.741058349609375000e-01
9.933929443359375000e-01
9.748535156250000000e-01
7.897491455078125000e-01
9.719848632812500000e-01
9.865112304687500000e-01
9.560089111328125000e-01
9.791259765625000000e-01
8.717498779296875000e-01
9.638824462890625000e-01
9.687194824218750000e-01
9.867706298828125000e-01
9.864196777343750000e-01
9.458770751953125000e-01
9.643707275390625000e-01
9.416198730468750000e-01
9.661712646484375000e-01
9.813842773437500000e-01
9.690704345703125000e-01
9.645080566406250000e-01
9.758605957031250000e-01
9.975280761718750000e-01
9.774475097656250000e-01
9.212799072265625000e-01
9.198455810546875000e-01
6.880798339843750000e-01
9.844665527343750000e-01
8.961334228515625000e-01
8.486480712890625000e-01
9.830780029296875000e-01
9.835205078125000000e-01
9.932403564453125000e-01
8.665008544921875000e-01
9.739227294921875000e-01
9.728851318359375000e-01
8.599090576171875000e-01
9.523315429687500000e-01
9.922332763671875000e-01
9.937133789062500000e-01
9.944305419921875000e-01
9.947052001953125000e-01
9.827270507812500000e-01
9.392547607421875000e-01
9.563293457031250000e-01
9.860992431640625000e-01
9.795532226562500000e-01
9.868927001953125000e-01
9.619750976562500000e-01
9.850311279296875000e-01
9.808502197265625000e-01
9.907226562500000000e-01
9.867095947265625000e-01
9.806823730468750000e-01
9.562072753906250000e-01
9.607696533203125000e-01
9.544219970703125000e-01
9.425048828125000000e-01
9.179534912109375000e-01
9.808807373046875000e-01
9.934082031250000000e-01
9.980468750000000000e-01
9.893341064453125000e-01
9.504089355468750000e-01
9.043731689453125000e-01
9.949340820312500000e-01
9.887084960937500000e-01
9.956970214843750000e-01
9.946594238281250000e-01
8.058471679687500000e-01
9.350738525390625000e-01
9.938354492187500000e-01
9.878692626953125000e-01
9.809265136718750000e-01
9.838562011718750000e-01
9.508361816406250000e-01
9.187164306640625000e-01
9.769439697265625000e-01
9.555816650390625000e-01
9.726867675781250000e-01
9.965515136718750000e-01
9.876251220703125000e-01
9.892730712890625000e-01
9.836273193359375000e-01
9.898071289062500000e-01
9.843597412109375000e-01
9.890441894531250000e-01
9.356231689453125000e-01
9.899291992187500000e-01
9.914093017578125000e-01
9.476318359375000000e-01
9.745941162109375000e-01
9.856872558593750000e-01
9.824218750000000000e-01
9.690704345703125000e-01
9.771118164062500000e-01
9.921264648437500000e-01
9.814910888671875000e-01
9.940185546875000000e-01
9.922943115234375000e-01
9.934692382812500000e-01
9.968719482421875000e-01
9.873657226562500000e-01
9.786224365234375000e-01
9.677276611328125000e-01
9.845581054687500000e-01
9.767761230468750000e-01
9.795837402343750000e-01
9.781494140625000000e-01
9.694824218750000000e-01
9.731292724609375000e-01
9.843444824218750000e-01
9.753570556640625000e-01
9.945831298828125000e-01
9.515838623046875000e-01
9.957427978515625000e-01
9.357299804687500000e-01
9.616851806640625000e-01
9.212799072265625000e-01
8.840026855468750000e-01
9.913787841796875000e-01
9.930114746093750000e-01
9.826660156250000000e-01
9.658050537109375000e-01
9.697418212890625000e-01
9.280548095703125000e-01
9.969635009765625000e-01
9.735260009765625000e-01
8.748168945312500000e-01
9.912414550781250000e-01
9.893035888671875000e-01
9.957733154296875000e-01
9.862670898437500000e-01
9.977416992187500000e-01
9.971923828125000000e-01
9.980621337890625000e-01
9.651947021484375000e-01
9.935455322265625000e-01
9.967803955078125000e-01
9.928741455078125000e-01
9.889221191406250000e-01
9.990081787109375000e-01
9.969940185546875000e-01
9.920043945312500000e-01
9.927825927734375000e-01
9.950408935546875000e-01
9.946136474609375000e-01
9.847564697265625000e-01
9.681091308593750000e-01
9.909210205078125000e-01
9.942626953125000000e-01
9.970397949218750000e-01
9.899444580078125000e-01
9.927368164062500000e-01
9.850921630859375000e-01
9.954071044921875000e-01
9.974975585937500000e-01
9.629974365234375000e-01
9.937438964843750000e-01
9.691619873046875000e-01
9.944610595703125000e-01
9.753265380859375000e-01
9.618530273437500000e-01
9.945220947265625000e-01
8.737487792968750000e-01
9.930114746093750000e-01
9.832611083984375000e-01
9.703674316406250000e-01
9.820098876953125000e-01
9.903869628906250000e-01
9.680938720703125000e-01
9.740753173828125000e-01
