8.181887892032819742e-01
4.994743955548880954e-01
8.756616052060737232e-01
9.280289330922242286e-01
8.696615930249741444e-01
8.415525970373148867e-01
5.258581235697940004e-01
7.466105656848994743e-01
8.622038187255578467e-01
9.038961038961038641e-01
8.613990526532573355e-01
5.599198031531942288e-01
8.654626461930146064e-01
6.820586180511660768e-01
2.699145230546972085e-01
9.365983971504897587e-01
7.301672480100169782e-01
8.460683081810961292e-01
9.490854097652311472e-01
6.111207796728158614e-01
9.170285597506769859e-01
8.666842661034847017e-01
8.962977074998412785e-01
8.122566230450047886e-01
7.817211783808860615e-01
8.979514773907297798e-01
8.703296703296703463e-01
8.988435633498538246e-01
3.568350284433718378e-01
8.782467532467532756e-01
9.178225412978322506e-01
7.876495667721084004e-01
9.134001823154056510e-01
4.825640446902155767e-01
6.108478146392838370e-01
7.733224222585924901e-01
9.312937516204303767e-01
9.177046736931757653e-01
8.244409079487394765e-01
7.851509382648899082e-01
8.015169471438730042e-01
9.205383533733176860e-01
9.522195865808200654e-01
8.817950025497195421e-01
8.887890025096453206e-01
9.069150022464567140e-01
8.584770114942529284e-01
9.273057478034654189e-01
7.671975935697026294e-01
6.332391713747645978e-01
5.683519424580771862e-01
8.850533807829181754e-01
8.208250875323489515e-01
7.669733210671573209e-01
9.569030318215986375e-01
9.610880241783150701e-01
8.485089463220676365e-01
6.996665431641349020e-01
8.370055082623936160e-01
8.890244965565338164e-01
4.160604522641402903e-01
8.623548922056384347e-01
8.811280777379996154e-01
9.523562248474620739e-01
9.651222256315843406e-01
9.202743249035576500e-01
9.123045547246770859e-01
8.371446720660632446e-01
7.237130546526570063e-01
8.461104211358247973e-01
7.102040816326530281e-01
8.425855513307984879e-01
8.511613996610507549e-01
8.839150227617602607e-01
8.023070315376119588e-01
9.250639042109511934e-01
8.670790057182868882e-01
6.822081916788085287e-01
5.216703574818095657e-01
5.308219178082191902e-01
8.787836224453964284e-01
8.055964653902798478e-01
8.576103853601331206e-01
8.903719256148769912e-01
9.480911265993966497e-01
7.375160051216389512e-01
8.222547584187408498e-01
8.390991173785127266e-01
7.351799915478889336e-01
9.785005852276227323e-01
9.662189334834714316e-01
7.167630057803467958e-01
9.453659668251942483e-01
6.535277887268426955e-01
8.074063683546078840e-01
9.194878091562883604e-01
7.642491326614901936e-01
9.098862642169728288e-01
9.236049145445809350e-01
8.357718607938265931e-01
7.351103706788838510e-01
8.784918594687232130e-01
9.160474893572013722e-01
9.239802654436800600e-01
9.456768558951964554e-01
9.383496215739584034e-01
8.840747904577691552e-01
8.938645418326692793e-01
9.250729156190284908e-01
9.357902519479042169e-01
9.676463071811909344e-01
8.365300949570612099e-01
9.683405069344811489e-01
9.501652682430714592e-01
6.337594696969697239e-01
4.245311104495385623e-01
5.774088776614940688e-01
6.944398340248962853e-01
7.710144927536232151e-01
3.235638921453692918e-01
8.846855815496930120e-01
5.808640579054512587e-01
9.315191723827729309e-01
8.614543726235741605e-01
8.511263467189030818e-01
9.201436861011329515e-01
9.328833895763030126e-01
9.160182958457113722e-01
8.811063712673730119e-01
9.508457359890474248e-01
8.573468173706126905e-01
9.382853105919159997e-01
8.136272545090180719e-01
7.925238039261784939e-01
9.319030164441605146e-01
9.643187747201884541e-01
9.289048857845407792e-01
9.669082886857863768e-01
4.659260107662352435e-01
9.813221138522343345e-01
8.113029569782225225e-01
8.656188792815172617e-01
8.697460047091829516e-01
7.213343082976426679e-01
9.699706005879882298e-01
9.428394552208007040e-01
9.229066284672483578e-01
8.573678290213723185e-01
8.400376893527577993e-01
8.533859303090072235e-01
9.201667201025970355e-01
9.377140061959888806e-01
5.496673281195284533e-01
9.776395559404771340e-01
8.614434581242763622e-01
9.323286892237702128e-01
9.240595061920710007e-01
9.729946524064171376e-01
8.985879332477535453e-01
9.351580319322254642e-01
3.954290642518326626e-01
9.736441372847604026e-01
9.168062534896705973e-01
9.018909899888765125e-01
5.162019593067068701e-01
9.149277688603530967e-01
9.303334236920575151e-01
8.937479753806284455e-01
9.549770290964777475e-01
9.462072384729797170e-01
9.351454458750596554e-01
9.090262970859985803e-01
9.379515627114057841e-01
9.717559902766523816e-01
9.567646667553545425e-01
9.482431149097815259e-01
8.361833105335156890e-01
6.767371601208459486e-01
9.570992257972867900e-01
9.592010717330410330e-01
9.524935003545260681e-01
9.595192679308324202e-01
9.666131866452746246e-01
7.289476132874290748e-01
8.003502626970228073e-01
8.195180084745762317e-01
9.289749993937777006e-01
8.970082075721471648e-01
4.011664764802840288e-01
9.370748299319727748e-01
8.917055814987769891e-01
7.918835652820567228e-01
7.368678231126313261e-01
8.566795053719845621e-01
8.765799674175608347e-01
8.132361189007291102e-01
