9.661254882812500000e-01
9.936065673828125000e-01
9.748992919921875000e-01
9.221496582031250000e-01
9.171752929687500000e-01
8.866119384765625000e-01
7.592620849609375000e-01
9.829559326171875000e-01
9.813079833984375000e-01
9.703979492187500000e-01
9.208984375000000000e-01
8.856658935546875000e-01
9.500732421875000000e-01
9.752502441406250000e-01
3.433227539062500000e-01
9.168701171875000000e-01
9.378662109375000000e-01
9.825439453125000000e-01
9.470977783203125000e-01
7.938690185546875000e-01
8.610382080078125000e-01
7.489318847656250000e-01
6.946868896484375000e-01
8.553009033203125000e-01
6.560668945312500000e-01
9.831085205078125000e-01
9.408721923828125000e-01
9.955749511718750000e-01
7.874908447265625000e-01
9.917755126953125000e-01
8.475799560546875000e-01
8.351440429687500000e-01
9.504852294921875000e-01
8.877410888671875000e-01
9.378967285156250000e-01
7.142944335937500000e-01
5.966186523437500000e-01
7.103729248046875000e-01
8.679046630859375000e-01
9.807586669921875000e-01
9.839324951171875000e-01
8.104400634765625000e-01
2.569427490234375000e-01
9.911346435546875000e-01
9.809112548828125000e-01
9.953918457031250000e-01
9.318237304687500000e-01
9.780120849609375000e-01
9.821014404296875000e-01
9.776000976562500000e-01
8.808746337890625000e-01
9.932098388671875000e-01
9.889831542968750000e-01
9.918823242187500000e-01
9.826354980468750000e-01
9.966888427734375000e-01
9.984436035156250000e-01
9.987945556640625000e-01
9.628906250000000000e-01
9.927825927734375000e-01
9.957733154296875000e-01
9.923706054687500000e-01
7.492523193359375000e-01
9.980926513671875000e-01
9.952392578125000000e-01
9.901733398437500000e-01
9.670715332031250000e-01
9.812469482421875000e-01
9.928283691406250000e-01
9.804992675781250000e-01
9.574584960937500000e-01
9.688110351562500000e-01
9.925994873046875000e-01
9.943695068359375000e-01
9.836883544921875000e-01
9.944152832031250000e-01
9.824066162109375000e-01
9.890594482421875000e-01
9.956970214843750000e-01
9.320831298828125000e-01
9.941864013671875000e-01
7.430877685546875000e-01
9.862670898437500000e-01
9.885711669921875000e-01
9.902496337890625000e-01
9.840850830078125000e-01
8.889312744140625000e-01
9.704742431640625000e-01
9.692687988281250000e-01
8.669891357421875000e-01
9.199218750000000000e-01
9.689331054687500000e-01
7.962341308593750000e-01
7.977600097656250000e-01
9.669036865234375000e-01
9.362182617187500000e-01
9.694519042968750000e-01
9.878845214843750000e-01
9.940185546875000000e-01
3.146820068359375000e-01
8.749389648437500000e-01
9.957580566406250000e-01
9.514465332031250000e-01
9.907836914062500000e-01
9.709014892578125000e-01
9.080352783203125000e-01
7.169952392578125000e-01
8.601226806640625000e-01
7.886047363281250000e-01
9.637298583984375000e-01
9.372711181640625000e-01
7.448730468750000000e-01
8.334655761718750000e-01
6.156463623046875000e-01
7.144470214843750000e-01
9.508819580078125000e-01
9.699859619140625000e-01
9.748992919921875000e-01
9.932250976562500000e-01
9.611511230468750000e-01
9.833984375000000000e-01
8.658447265625000000e-01
9.516143798828125000e-01
9.701843261718750000e-01
8.933563232421875000e-01
7.528381347656250000e-01
8.833465576171875000e-01
9.454498291015625000e-01
9.733428955078125000e-01
9.741821289062500000e-01
8.705291748046875000e-01
9.603729248046875000e-01
6.894836425781250000e-01
7.714080810546875000e-01
9.584350585937500000e-01
9.680023193359375000e-01
9.378204345703125000e-01
9.127044677734375000e-01
8.483123779296875000e-01
9.015045166015625000e-01
9.720611572265625000e-01
7.312011718750000000e-01
5.389556884765625000e-01
9.799041748046875000e-01
9.816131591796875000e-01
9.409637451171875000e-01
9.246215820312500000e-01
9.681549072265625000e-01
8.603057861328125000e-01
6.011199951171875000e-01
9.203643798828125000e-01
9.754486083984375000e-01
8.683776855468750000e-01
8.893280029296875000e-01
9.742126464843750000e-01
9.733886718750000000e-01
9.846191406250000000e-01
8.462066650390625000e-01
6.462249755859375000e-01
4.432830810546875000e-01
9.769439697265625000e-01
9.655761718750000000e-01
9.347686767578125000e-01
9.665679931640625000e-01
9.483184814453125000e-01
9.613189697265625000e-01
8.388366699218750000e-01
9.941406250000000000e-01
9.958648681640625000e-01
5.893707275390625000e-01
9.398040771484375000e-01
9.864349365234375000e-01
8.354339599609375000e-01
9.955902099609375000e-01
9.930572509765625000e-01
9.171752929687500000e-01
6.392517089843750000e-01
9.942626953125000000e-01
8.559112548828125000e-01
9.789581298828125000e-01
9.810638427734375000e-01
7.607879638671875000e-01
9.567413330078125000e-01
9.594879150390625000e-01
8.608093261718750000e-01
9.659729003906250000e-01
9.985198974609375000e-01
9.597778320312500000e-01
9.868621826171875000e-01
9.772033691406250000e-01
9.877929687500000000e-01
9.761657714843750000e-01
9.920349121093750000e-01
9.336700439453125000e-01
9.607391357421875000e-01
9.962615966796875000e-01
