9.316105629232740437e-01
9.987980367934292669e-01
9.993597843484121057e-01
9.957425124108228998e-01
9.878929681856725153e-01
9.891201364325417078e-01
9.610731741134874717e-01
9.996033123419447719e-01
9.509310476570156379e-01
9.756704710910713008e-01
9.974920581842501299e-01
9.397468567697913056e-01
9.690092030216868046e-01
9.999672163393764635e-01
9.853852485750228540e-01
1.000000000000000000e+00
9.854073097023023919e-01
9.985318262187421468e-01
9.871259862474446312e-01
9.255286907327586743e-01
9.835187749178441186e-01
8.815818102697998704e-01
7.567754491499525393e-01
9.974670466096752230e-01
9.755101376639437882e-01
9.997429085611448940e-01
9.901863258981520310e-01
1.000000000000000000e+00
9.933257967737727512e-01
9.667701060253426348e-01
9.754765125956877947e-01
9.783165645837221813e-01
9.820031929818903160e-01
9.158337058560571675e-01
9.763000424054907311e-01
9.968353329855677014e-01
9.073718157534692574e-01
9.656880022557451371e-01
1.000000000000000000e+00
9.763449512984291312e-01
9.978788189811488296e-01
8.702246457258538959e-01
9.773000506200961723e-01
1.000000000000000000e+00
9.943593458911198502e-01
9.987808092790299019e-01
9.823375290862785825e-01
9.670533875747074903e-01
9.783492400141392542e-01
9.521113088497007437e-01
9.775125039074711308e-01
9.727258339634585749e-01
9.618172308152133088e-01
9.484970640749534887e-01
9.992381722352648987e-01
9.852890803872432768e-01
9.832175167169266983e-01
1.000000000000000000e+00
9.686206564635672089e-01
1.000000000000000000e+00
9.323935616801648507e-01
9.933055265901981068e-01
9.901149210501728470e-01
9.952116305455663836e-01
9.873765266513081507e-01
9.915978590099996381e-01
9.999507575135827553e-01
1.000000000000000000e+00
7.977913237505457333e-01
9.193786702026899293e-01
9.842618158193925382e-01
9.960707269155206767e-01
9.969985667313042699e-01
9.966583686559464805e-01
9.923048440845501084e-01
9.798644878437624550e-01
9.805258487834492831e-01
9.956642923505729659e-01
9.700936587811822553e-01
9.964569253985958719e-01
9.899917029661895462e-01
9.831838968708365156e-01
9.999826132313309746e-01
9.957479849145899342e-01
9.979276960189097379e-01
9.957522179378663907e-01
9.979170581970807641e-01
9.953619513171724220e-01
1.000000000000000000e+00
9.991833789121847831e-01
9.984421942806275263e-01
9.910678426269539099e-01
9.871637834119166843e-01
9.970744637863874216e-01
9.979530440715814743e-01
9.987051280051171265e-01
9.985452519499814494e-01
9.994201268692122220e-01
9.964785425861583112e-01
9.953667953667953983e-01
9.814960447795716414e-01
9.989686913154572911e-01
9.987913795539091755e-01
9.977220956719817790e-01
9.967040210942650358e-01
9.954558732837807122e-01
9.999052282419839122e-01
9.829349841101694407e-01
9.989128349427639497e-01
9.929265516939508318e-01
9.984923401151009070e-01
9.972134760705290146e-01
9.948010778253288944e-01
9.601524873319423614e-01
9.925463919516480660e-01
9.926212456117540217e-01
9.990078896395332420e-01
9.674281744247823500e-01
9.967791697038531629e-01
9.292202876608629536e-01
9.956883863482883790e-01
9.990986443611191703e-01
9.936292136676354581e-01
1.000000000000000000e+00
9.485967295242463404e-01
9.721960573235551850e-01
9.568375354817164613e-01
9.993912147607005858e-01
9.873339839606228852e-01
9.989243878254147058e-01
9.989136074717862579e-01
9.868668226609103034e-01
9.949515665919919094e-01
9.984860718611223707e-01
9.836417524793859002e-01
1.000000000000000000e+00
9.982105117010937612e-01
9.891203417110313589e-01
9.947039909211272679e-01
9.594769681884823820e-01
9.977280103862382621e-01
9.923675447561900453e-01
9.994220607661823408e-01
9.766439513075892975e-01
9.996623649459783767e-01
9.853914370172595083e-01
9.997752736845484378e-01
9.886253271658792530e-01
9.998698869643002363e-01
9.886361847800424485e-01
9.999364009285464094e-01
9.652545225819025854e-01
1.000000000000000000e+00
9.998379464575095632e-01
9.994976095940361072e-01
9.977502994205806885e-01
9.976841203622923704e-01
1.000000000000000000e+00
1.000000000000000000e+00
1.000000000000000000e+00
9.866127023661269702e-01
9.866359854854411804e-01
9.995288257664994847e-01
9.994892242799710003e-01
9.992918719211822953e-01
9.999370960386230189e-01
9.858624112953634500e-01
9.200473415877640226e-01
9.895106719780124571e-01
9.945691253831888679e-01
9.981318304947535136e-01
9.939215175021185456e-01
9.984637542006721267e-01
9.922912363529065027e-01
9.999680745777862478e-01
9.203497766372017441e-01
9.729251794114617269e-01
9.816348393898685076e-01
9.481368849155461520e-01
9.567840318766641650e-01
9.945799909944466055e-01
9.901627927222077519e-01
9.718198931960505549e-01
9.985485285907966801e-01
9.588306901565617490e-01
9.949252525252525459e-01
9.824895254310848092e-01
9.924823137402951634e-01
9.855036811864138491e-01
9.997116233801344176e-01
9.359215981907275106e-01
9.940753974041125485e-01
9.995771257562943157e-01
9.558200917609962488e-01
8.927814927108859155e-01
8.476126375801725787e-01
