9.255037689069337548e-01
9.979800340556241878e-01
9.949962092494314403e-01
9.931781569517046382e-01
9.875475016488175495e-01
9.876673825164223874e-01
9.574508648480016815e-01
9.996363696467827076e-01
9.471935682131525924e-01
9.687818013871275502e-01
9.935127905032603568e-01
9.324810984984099882e-01
9.599912512408096399e-01
9.997705143756351331e-01
9.798095888921676266e-01
1.000000000000000000e+00
9.831198971499173211e-01
9.967479161404394494e-01
9.783574650695230357e-01
9.117557920258620996e-01
9.775801958396583835e-01
8.769582245430809220e-01
7.579174239621701004e-01
9.961172490793047674e-01
9.674553324437791257e-01
9.993829805467477900e-01
9.912576041626812717e-01
1.000000000000000000e+00
9.880864385408061334e-01
9.566847685544349611e-01
9.740551093452982645e-01
9.694769168122974179e-01
9.770040799213043359e-01
9.044076888690210092e-01
9.520346782679712794e-01
9.952182229177534145e-01
8.926803049058570361e-01
9.538100944593260744e-01
1.000000000000000000e+00
9.714496471022145974e-01
9.942522836908549433e-01
8.604453732123032994e-01
9.732978992660086259e-01
1.000000000000000000e+00
9.919443869454219742e-01
9.979899828654277272e-01
9.754484325473167239e-01
9.571928414779100613e-01
9.680452456698479535e-01
9.436175376152725613e-01
9.726867771178493438e-01
9.697012327008633914e-01
9.551670029141448026e-01
9.383915916579232963e-01
9.953823908953808308e-01
9.810705078512321764e-01
9.744142051733503118e-01
1.000000000000000000e+00
9.483684666474155867e-01
1.000000000000000000e+00
9.299455313245884591e-01
9.897601668404588660e-01
9.867140054190414178e-01
9.957308513297821184e-01
9.822797992867737804e-01
9.875523837185179454e-01
9.980631288675869683e-01
9.995946562178047445e-01
7.888499037948485393e-01
9.131464292479636313e-01
9.758811109306479992e-01
9.927339632644150980e-01
9.950257145265998249e-01
9.896387001278341700e-01
9.849960558301270597e-01
9.588680749302510575e-01
9.684615264870249929e-01
9.924858600511808904e-01
9.676223563331601829e-01
9.957843973492552792e-01
9.867074604162345830e-01
9.767383241510928515e-01
9.999478396939929237e-01
9.908858980995340904e-01
9.967134554049896789e-01
9.938242578137245209e-01
9.967268057382697721e-01
9.922254291863394915e-01
1.000000000000000000e+00
9.988985110908538134e-01
9.964710931663196547e-01
9.899593554709463783e-01
9.857375371243518591e-01
9.959430409413437824e-01
9.974878268151227134e-01
9.977534750932152141e-01
9.974619289340102002e-01
9.992092639125621512e-01
9.956490437286755757e-01
9.939799858167205349e-01
9.687899955282107678e-01
9.981528799679832975e-01
9.970019934389175997e-01
9.966707552128964975e-01
9.972148978246538897e-01
9.937842838131715206e-01
9.992102353498657497e-01
9.820080773305084332e-01
9.976551341902751835e-01
9.956578832180688066e-01
9.980222096133581910e-01
9.967096977329974461e-01
9.941353621810112839e-01
9.490453853756490865e-01
9.922181242396740375e-01
9.900533090625406318e-01
9.986456906190454008e-01
9.645265437901017203e-01
9.957790171382074895e-01
9.100428967953571036e-01
9.943897075375318639e-01
9.876514277473319448e-01
9.874390424117038823e-01
1.000000000000000000e+00
9.364074159007920173e-01
9.688319989235013585e-01
9.464643513107363626e-01
9.976741281883175771e-01
9.852972376628336137e-01
9.909581351573922836e-01
9.983623038007524153e-01
9.855320831822825811e-01
9.944467232511911003e-01
9.989066074552550578e-01
9.842877227647528482e-01
1.000000000000000000e+00
9.895407494253583014e-01
9.842453881391606263e-01
9.913939852468318659e-01
9.380988100514848771e-01
9.918393842444475084e-01
9.890376182783291448e-01
9.983487450462351642e-01
9.762168248975867657e-01
9.993622448979592177e-01
9.832173166777915529e-01
9.989245240617676824e-01
9.847569507316993320e-01
9.980808327234285127e-01
9.873455575666955086e-01
9.989824148567431061e-01
9.583621254806073964e-01
1.000000000000000000e+00
9.967265184416931323e-01
9.992221051778623631e-01
9.974266014954844550e-01
9.942103009057310370e-01
9.983234621290464350e-01
1.000000000000000000e+00
9.998294129911484696e-01
9.815398139330452354e-01
9.825869545977520270e-01
9.978292329956585105e-01
9.989290186515521475e-01
9.966286945812807829e-01
9.993237824151975923e-01
9.793727249328970652e-01
9.112345229424617665e-01
9.853358150538382709e-01
9.869431934299662812e-01
9.894292742161472365e-01
9.915585685418160100e-01
9.980556889102256690e-01
9.891376512245499963e-01
9.998563356000382818e-01
9.068212780787631155e-01
9.697146585173230804e-01
9.802234427874232381e-01
9.387205510570475475e-01
9.475673562105498826e-01
9.934793122425495948e-01
9.901627927222077519e-01
9.641745745130431144e-01
9.960124411835074021e-01
9.583403780475433509e-01
9.921939393939394058e-01
9.786335486671007278e-01
9.916451914712013371e-01
9.783345926095130540e-01
9.988104464430546114e-01
9.219949610173190369e-01
9.932915269068105513e-01
9.976741916596187920e-01
9.518874776354714351e-01
8.902271877725630445e-01
8.469593792065880367e-01
