8.202056884765625000e-01
9.801483154296875000e-01
9.666290283203125000e-01
8.992614746093750000e-01
9.805755615234375000e-01
9.756317138671875000e-01
9.510498046875000000e-01
9.717254638671875000e-01
9.119415283203125000e-01
9.686431884765625000e-01
9.499511718750000000e-01
9.433898925781250000e-01
9.773406982421875000e-01
9.612579345703125000e-01
9.664154052734375000e-01
8.277740478515625000e-01
9.770507812500000000e-01
9.941253662109375000e-01
9.798583984375000000e-01
8.699951171875000000e-01
9.802703857421875000e-01
8.765106201171875000e-01
8.009490966796875000e-01
9.801483154296875000e-01
9.479827880859375000e-01
9.885559082031250000e-01
9.761047363281250000e-01
9.063720703125000000e-01
9.325408935546875000e-01
9.712982177734375000e-01
9.622802734375000000e-01
9.655761718750000000e-01
9.769744873046875000e-01
9.608612060546875000e-01
9.881439208984375000e-01
9.769439697265625000e-01
8.396453857421875000e-01
9.670410156250000000e-01
9.385986328125000000e-01
9.729156494140625000e-01
9.873809814453125000e-01
7.564239501953125000e-01
9.538269042968750000e-01
9.853057861328125000e-01
9.833984375000000000e-01
9.886169433593750000e-01
9.621734619140625000e-01
9.805908203125000000e-01
8.546752929687500000e-01
9.359283447265625000e-01
9.507751464843750000e-01
9.493560791015625000e-01
9.217224121093750000e-01
9.513854980468750000e-01
9.938812255859375000e-01
9.691772460937500000e-01
9.463500976562500000e-01
9.430847167968750000e-01
9.382171630859375000e-01
9.906463623046875000e-01
8.666076660156250000e-01
9.550170898437500000e-01
9.647979736328125000e-01
9.790039062500000000e-01
9.634246826171875000e-01
9.249420166015625000e-01
9.796600341796875000e-01
9.808044433593750000e-01
8.437042236328125000e-01
9.288635253906250000e-01
9.362640380859375000e-01
9.920501708984375000e-01
9.695739746093750000e-01
9.626922607421875000e-01
9.841003417968750000e-01
9.878692626953125000e-01
9.503631591796875000e-01
9.868774414062500000e-01
9.806518554687500000e-01
9.756317138671875000e-01
9.782867431640625000e-01
9.761962890625000000e-01
9.695892333984375000e-01
9.686584472656250000e-01
9.896850585937500000e-01
9.866790771484375000e-01
9.916076660156250000e-01
9.836120605468750000e-01
9.492187500000000000e-01
9.902191162109375000e-01
9.840087890625000000e-01
9.865417480468750000e-01
9.802093505859375000e-01
9.926757812500000000e-01
9.943084716796875000e-01
9.942779541015625000e-01
9.522705078125000000e-01
9.943389892578125000e-01
9.923858642578125000e-01
9.915924072265625000e-01
9.741973876953125000e-01
9.962921142578125000e-01
9.918975830078125000e-01
9.888916015625000000e-01
9.909820556640625000e-01
9.874725341796875000e-01
9.959564208984375000e-01
9.773559570312500000e-01
9.433135986328125000e-01
9.852600097656250000e-01
9.938659667968750000e-01
9.947052001953125000e-01
9.877624511718750000e-01
9.773712158203125000e-01
9.668731689453125000e-01
9.880676269531250000e-01
9.941558837890625000e-01
9.408264160156250000e-01
9.934844970703125000e-01
9.436492919921875000e-01
9.941558837890625000e-01
8.791198730468750000e-01
9.866333007812500000e-01
9.798889160156250000e-01
9.458618164062500000e-01
9.683227539062500000e-01
9.425506591796875000e-01
9.848175048828125000e-01
9.519653320312500000e-01
9.880065917968750000e-01
9.849395751953125000e-01
9.913940429687500000e-01
9.886016845703125000e-01
9.776611328125000000e-01
9.553680419921875000e-01
9.559936523437500000e-01
9.741973876953125000e-01
9.887695312500000000e-01
9.839782714843750000e-01
9.517669677734375000e-01
9.260101318359375000e-01
9.668426513671875000e-01
9.688720703125000000e-01
9.576721191406250000e-01
9.765319824218750000e-01
9.738159179687500000e-01
9.963073730468750000e-01
9.743347167968750000e-01
9.642486572265625000e-01
9.775390625000000000e-01
9.914245605468750000e-01
9.449768066406250000e-01
9.781188964843750000e-01
9.773254394531250000e-01
9.896697998046875000e-01
9.866333007812500000e-01
9.886474609375000000e-01
9.747314453125000000e-01
9.605560302734375000e-01
9.604034423828125000e-01
9.279937744140625000e-01
9.120788574218750000e-01
9.913024902343750000e-01
9.913177490234375000e-01
9.944152832031250000e-01
9.920501708984375000e-01
9.675903320312500000e-01
8.519134521484375000e-01
9.797210693359375000e-01
9.832763671875000000e-01
8.817901611328125000e-01
9.855346679687500000e-01
8.490142822265625000e-01
9.544067382812500000e-01
9.948883056640625000e-01
9.810333251953125000e-01
9.588165283203125000e-01
9.727783203125000000e-01
8.029785156250000000e-01
9.210662841796875000e-01
9.743194580078125000e-01
9.335937500000000000e-01
9.582366943359375000e-01
9.906463623046875000e-01
9.685363769531250000e-01
9.627532958984375000e-01
9.710845947265625000e-01
9.799804687500000000e-01
9.712829589843750000e-01
9.894256591796875000e-01
9.615631103515625000e-01
9.854125976562500000e-01
9.962158203125000000e-01
9.440002441406250000e-01
8.677062988281250000e-01
8.336181640625000000e-01
