4.629409809600683601e-01
9.142386831275720604e-01
8.622891998564764515e-01
5.377337733773377426e-01
7.079772079772079785e-01
7.838125665601703984e-01
8.425756433724561623e-01
7.700956937799042779e-01
6.694691931233529569e-01
6.665320952765442231e-01
8.030422757803239442e-01
9.102003457744329840e-01
8.948060995433082532e-01
7.960399669997250127e-01
5.723536737235367378e-01
3.758249010118785982e-01
9.017785611280243474e-01
9.156849156849157234e-01
9.122398260329295239e-01
6.017551600725596916e-01
9.077431454853979176e-01
7.218356350140955335e-01
3.455965471174596848e-01
8.903574087862993203e-01
7.458432304038005167e-01
9.337796536166497186e-01
9.499514266182131905e-01
7.598125585754451627e-01
8.904061972390505675e-01
8.272623138602519521e-01
8.709453050901043714e-01
8.726638772663877219e-01
8.198869475847893051e-01
8.954049369993910545e-01
8.737300435413642985e-01
8.774628879892037991e-01
4.508085152719551458e-01
8.948073522319275330e-01
4.926851226648660820e-01
8.745945945945945432e-01
9.199850018747656177e-01
3.551649809318521145e-01
6.549971767363071962e-01
8.208538369464024598e-01
9.309309309309309333e-01
9.083261432269197355e-01
8.814675446848542206e-01
8.744340755797838094e-01
6.615208479521365037e-01
8.905400909393368369e-01
9.054754678806271606e-01
8.511474765344734239e-01
8.257912072175283003e-01
8.798533306172336976e-01
9.016890428757037279e-01
9.170062986291218632e-01
8.717364040588302387e-01
6.574159728646314926e-01
8.866461276957399162e-01
8.055767761650114434e-01
7.943752997904622859e-01
9.195749440715883516e-01
9.086694112474519303e-01
9.562311111111111428e-01
7.503036612875239042e-01
8.346033168982519568e-01
7.682242990654205572e-01
9.025752146012168131e-01
4.348441091530618197e-01
8.550963446211790053e-01
6.773639951947828530e-01
9.023066485753052923e-01
7.467461500248385731e-01
9.408357467935457574e-01
8.957913137017614602e-01
8.913669064748201976e-01
4.929684530596731284e-01
9.345056927065720220e-01
9.459432847577786685e-01
8.849317719926449444e-01
9.227810828676161758e-01
9.329931645325888478e-01
8.790234500481850510e-01
8.850497702909647657e-01
9.155185859110995805e-01
8.742756361803980525e-01
9.189485213581599643e-01
9.069434502505369089e-01
8.637534378137686764e-01
9.740224439871082440e-01
7.819978046103183145e-01
9.035714285714285809e-01
9.112153124759782008e-01
9.528387683513056539e-01
9.118541033434650611e-01
9.364613880742912455e-01
4.112065070040668568e-01
9.780219780219779890e-01
9.089399391087739088e-01
8.822688274547187959e-01
6.580211335254563254e-01
9.057211925866236468e-01
9.519811073209131225e-01
9.181364392678869057e-01
9.527198779867819267e-01
9.327140645468620095e-01
9.547553093259464330e-01
8.852005532503457452e-01
8.849912894558124021e-01
9.469117203977100994e-01
9.438502673796791420e-01
9.457291175082586099e-01
9.036482694106641178e-01
8.211515863689776706e-01
9.275470570660292458e-01
9.300862269867163912e-01
9.492337164750958012e-01
9.562541872410114108e-01
9.699270959902794864e-01
8.490912803757402205e-01
9.802321132508609036e-01
7.126198311632565563e-01
8.703791469194313013e-01
9.210431931136957573e-01
8.060337576403296955e-01
8.612020232073787085e-01
9.051155115511551053e-01
8.437869822485206672e-01
9.178070784177654318e-01
9.372854391693878906e-01
7.621335896203748073e-01
9.386421643695762596e-01
8.876961189099917826e-01
8.386548271301719204e-01
8.932803331440469785e-01
6.256251488449631193e-01
5.548638132295720116e-01
7.433962264150942856e-01
8.554621848739495382e-01
8.848423780048941811e-01
3.848469643753135716e-01
8.571428571428570953e-01
7.639547610361182572e-01
9.140599275600922446e-01
9.313334489335876043e-01
9.328710016753029022e-01
9.592703255228809400e-01
8.567259994163991532e-01
5.701477668935746035e-01
7.614948151046762037e-01
7.599155127904247964e-01
8.452858341881935855e-01
6.956257594167679636e-01
8.161350844277673877e-01
9.085955591881215154e-01
9.166666666666666297e-01
8.784006595218466495e-01
6.316384180790960423e-01
3.774912075029308589e-01
8.859970520109496928e-01
7.732572686783766303e-01
8.491365440308913382e-01
9.577834248708910758e-01
9.491629236423030358e-01
9.018612521150591865e-01
7.607868020304568990e-01
9.031568180761542219e-01
6.956320010605157034e-01
9.367103347889373932e-01
9.634773267858512957e-01
2.232641214556820852e-01
9.182750634167861081e-01
7.285003177292946885e-01
8.648863736846759132e-01
9.434368827437601412e-01
8.333031674208144501e-01
8.543632421027955726e-01
8.910222457627118287e-01
6.368237347294939399e-01
8.151230246049210315e-01
8.085714285714286076e-01
9.042386917675601099e-01
9.108304630692690695e-01
9.395348837209301918e-01
8.721168281697829761e-01
7.785470930871524198e-01
8.709652329470327636e-01
8.979075425790754572e-01
9.168307348480817520e-01
9.660049502449865599e-01
9.295783394398559052e-01
9.519198504386174875e-01
9.717261904761904656e-01
8.424908424908424953e-01
8.058974893942555395e-01
6.972646127267492222e-01
