4.538586326767091728e-01
8.953927796092304714e-01
8.475001743253608444e-01
5.386443046820404978e-01
7.143818712138209071e-01
7.344087809745550866e-01
8.299947005829358959e-01
7.881559391791471691e-01
6.489872878778663035e-01
6.181007247723471210e-01
7.248783761113907209e-01
9.063746025336899548e-01
8.887890361716468401e-01
7.759639989411453165e-01
5.107801733718604353e-01
3.832577454783891446e-01
8.824081313526191961e-01
9.158837666593838689e-01
9.004524886877828260e-01
5.905420991926182417e-01
8.901537677342621357e-01
7.159254449085612482e-01
3.401952354458550598e-01
8.849181777974347574e-01
7.054350643739738524e-01
9.468462083628632620e-01
9.441591784338896343e-01
7.753368482718219212e-01
8.909821714792987013e-01
7.944037599737676647e-01
8.483993621979639688e-01
8.488543481173790317e-01
8.150508640764799750e-01
8.820635431514092240e-01
8.275249722530522156e-01
9.015699302977004947e-01
4.406833785725690622e-01
8.864950078822910751e-01
5.705442902881536771e-01
8.667117218592775840e-01
9.397888605751729685e-01
3.492723492723492917e-01
6.052700234803026769e-01
8.799700860027420690e-01
9.284492963303958568e-01
9.224532224532224767e-01
8.851197923907502263e-01
8.873738268106959870e-01
6.528648491033678392e-01
8.844237703338746481e-01
8.988714733542320090e-01
8.392658240108480383e-01
8.189709930129155380e-01
8.721919127086007473e-01
8.569389939350695595e-01
9.076951197221714285e-01
8.681467036675917237e-01
7.288061654791333499e-01
8.622835957960613973e-01
8.915620024765611440e-01
7.830984517665739997e-01
9.184193048483506594e-01
9.090335554591696399e-01
9.514741148257864767e-01
6.433566433566433318e-01
8.442516543710223420e-01
8.319677297365435376e-01
9.002695417789757792e-01
4.187049543158731235e-01
8.452294004382179260e-01
6.550499628375587857e-01
8.415931894192764107e-01
8.157116451016636072e-01
9.409634190510685059e-01
8.663074159609955860e-01
8.711298427621980700e-01
4.436463143492389016e-01
9.067649609713790415e-01
9.382667964946446171e-01
8.513173819942276843e-01
9.152421228185121382e-01
9.265190767781441572e-01
8.760186625194401611e-01
9.043227128749766752e-01
9.151180311401305723e-01
7.992641986663601150e-01
8.595505617977527990e-01
9.077478096546984787e-01
8.589591456179013207e-01
9.752614719617150874e-01
7.868185516680228364e-01
8.817694369973190227e-01
9.015559772296015684e-01
9.385717942155106241e-01
8.491710473109583823e-01
8.845798707294552088e-01
3.703703703703703498e-01
9.785238784370478005e-01
8.680941052075072939e-01
8.782320441988950011e-01
4.475661548513557575e-01
8.242950108459869973e-01
8.731182795698925192e-01
8.834454050592379648e-01
9.416987274341520608e-01
9.051634515421046467e-01
9.423286180631120779e-01
8.734220402592971499e-01
8.913647395970406562e-01
9.429953971438687077e-01
9.476016684045881489e-01
9.207581639643753757e-01
8.591004919184820343e-01
7.065109835741143485e-01
9.191885352689372901e-01
9.110150204824760678e-01
9.136414881623450279e-01
9.515915616027961210e-01
9.679357212585416592e-01
5.332996335144698508e-01
9.758313876443490686e-01
7.163623344074472321e-01
9.037151022202681849e-01
9.333265884257385681e-01
8.056103440718824782e-01
8.487541891301180197e-01
8.974980261904114132e-01
7.462382045396582786e-01
9.131969337671648201e-01
9.359204304581770772e-01
8.538427365615282039e-01
9.439697993244585694e-01
8.519912819496731071e-01
8.668364562488629632e-01
8.909436635472204324e-01
6.668976668976669409e-01
4.574911774141803278e-01
7.113725490196078916e-01
7.981545559400230472e-01
7.996450529251442063e-01
2.534257120862201673e-01
8.176860474872053031e-01
7.601128880526810683e-01
9.093819417222004375e-01
9.338323868525211235e-01
9.344287351929690955e-01
9.631771150334753617e-01
8.446906740535549130e-01
6.670456160295580306e-01
7.300073367571533467e-01
8.813845504432249456e-01
8.344960528731412142e-01
8.009991673605328932e-01
8.135975915704967143e-01
9.119979201871831753e-01
8.946102021174205943e-01
8.632855567805953756e-01
6.062767475035663045e-01
4.725566210977351633e-01
8.927641638084218290e-01
7.711112188970267178e-01
8.467471674025214279e-01
9.545454545454545858e-01
9.433661789588931867e-01
7.588932806324110159e-01
8.517780938833570126e-01
9.042466865025696743e-01
6.837835195985794146e-01
9.237390256498536623e-01
9.583079732197200551e-01
2.470599669550004873e-01
8.979108335128149765e-01
7.437922373838067314e-01
8.703687635574837156e-01
9.439330543933054374e-01
7.911275415896488195e-01
8.437988309508651641e-01
8.829549927830993017e-01
6.290934160634263916e-01
7.971133858885358636e-01
8.367445921039867729e-01
8.990770372431705626e-01
9.059223868284467240e-01
9.026211278792692916e-01
8.610699366662174503e-01
7.466528282304100150e-01
8.556410451740686929e-01
8.754981970013284709e-01
9.015999163442434128e-01
9.653344004802161260e-01
9.225185321891051782e-01
9.545929514581552588e-01
9.700699975862900892e-01
8.319597069597070016e-01
8.003867937560436019e-01
6.912622458802876180e-01
