8.129690333960097881e-01
9.793829922206269689e-01
9.649060736247999648e-01
9.054147351809843647e-01
9.841242423290725849e-01
9.747820869125820575e-01
9.445214738812437449e-01
9.956199071089734121e-01
9.041378050198501937e-01
9.678267812690808380e-01
9.686507273031265131e-01
9.238674894172651531e-01
9.777916112858993092e-01
9.605612562698750967e-01
9.658160808858931023e-01
8.199534613147179130e-01
9.748885512497287298e-01
9.954376105077039627e-01
9.840679856054334040e-01
8.565463362068965747e-01
9.842694380035698076e-01
8.566325790542500540e-01
7.901822334453862950e-01
9.870686063757102557e-01
9.445276141504214129e-01
9.959036764075755999e-01
9.704824578184183537e-01
9.824095318600812865e-01
9.358885168920387798e-01
9.700833979829325271e-01
9.615364855376500319e-01
9.661684114084052588e-01
9.788908419473963951e-01
9.544747429593205545e-01
9.878123478506698474e-01
9.929577464788732488e-01
8.288324972310899819e-01
9.682257154941491528e-01
1.000000000000000000e+00
9.721872956797263932e-01
9.965274213965582550e-01
7.393881016130086081e-01
9.521323715515059849e-01
9.988382367378996207e-01
9.899434209618436231e-01
9.943488862528008232e-01
9.803587460378533347e-01
9.919642408718798432e-01
8.316719688936019539e-01
9.155274227471282833e-01
9.372655517349172127e-01
9.417060861307964270e-01
9.116416349099604188e-01
9.475767113958069032e-01
9.940142104199380935e-01
9.660170545710216050e-01
9.448575549270449292e-01
9.993137789664455761e-01
9.396669554336317676e-01
9.999038600201893834e-01
8.366755747771272844e-01
9.592075078206464545e-01
9.661216481360366259e-01
9.744043383781081369e-01
9.621769179789819715e-01
9.809758931164681561e-01
9.996717167572181095e-01
9.897144015267949069e-01
8.343816191569518592e-01
9.119909073688198253e-01
9.321585187591359123e-01
9.921570461845511391e-01
9.970322907006154978e-01
9.779542039516472274e-01
9.839174461097606184e-01
9.893025109605420031e-01
9.493609800899764917e-01
9.860311975354925096e-01
9.783492415966762445e-01
9.738042123220260748e-01
9.754200373366521681e-01
9.747758453062547179e-01
9.823872033382595736e-01
9.941396139909783880e-01
9.910793789564006362e-01
9.863161854603592626e-01
9.914019921067468433e-01
9.873037588214684801e-01
9.769614648606056440e-01
9.924794895168641551e-01
9.943569282614570515e-01
9.858306424405995916e-01
9.782371595885699378e-01
9.922416719197012513e-01
9.942157987780293471e-01
9.941496747219145114e-01
9.515909372291692092e-01
9.965559050413818065e-01
9.921901900021911080e-01
9.927980458592703394e-01
9.739248431018796559e-01
9.962595819351660609e-01
9.916652278328023096e-01
9.884033961482708852e-01
9.916282135794330932e-01
9.866759713070856197e-01
9.967777602274522364e-01
9.754369703389830226e-01
9.929440856089190026e-01
9.906329335551080639e-01
9.969846802302018141e-01
9.945371536523929246e-01
9.873038516405135967e-01
9.768602042577224642e-01
9.851507134995268755e-01
9.873716031725393583e-01
9.941103289711973323e-01
9.621153296007193267e-01
9.944567815429472546e-01
9.420420136260408972e-01
9.942858132326712894e-01
8.582708393423709170e-01
9.941874784493375250e-01
9.992550059962932441e-01
9.637848612605620646e-01
9.694375294355109807e-01
9.452329270328936328e-01
9.846398801161374559e-01
9.723129800144268975e-01
9.917480378481033920e-01
9.999027111168763415e-01
9.923376066967669606e-01
9.882150632631810927e-01
9.976281792490916400e-01
9.625527225747615434e-01
1.000000000000000000e+00
9.739135800564614476e-01
9.888108208493252560e-01
9.837021625370405697e-01
9.558287019673360474e-01
9.252407227090770903e-01
9.641950479707229738e-01
9.951122853368560284e-01
9.482788747160579845e-01
9.968674969987995071e-01
9.839420234576141677e-01
9.972872323349064594e-01
9.758185319922961787e-01
9.896072212734813300e-01
9.770048005036594541e-01
9.998728018570929299e-01
9.362143198851857750e-01
9.995264919585272745e-01
9.853989758216115113e-01
9.942630256867353022e-01
9.863399475609361255e-01
9.904826864203797321e-01
9.809313402901820300e-01
9.954410722340356621e-01
9.882484505013362508e-01
9.682074573291333808e-01
9.703513585273032538e-01
9.925116952175815355e-01
9.923548408356950290e-01
9.943657635467980649e-01
9.988834546855588359e-01
9.814133911828510914e-01
8.255280407865986936e-01
9.768817297823856327e-01
9.810392461113424112e-01
8.798767008126537892e-01
9.846000912587185017e-01
9.908305328852616833e-01
9.685194747713189445e-01
9.957698815566835560e-01
9.811963374837626706e-01
9.536620540466298479e-01
9.696634754365976994e-01
7.634558311655003093e-01
9.347198689183905396e-01
9.929456498173874213e-01
9.097022721337163498e-01
9.531868300741480615e-01
9.902225057819602494e-01
9.651371183173841350e-01
9.615838383838384296e-01
9.685846395245965024e-01
9.784646192735091397e-01
9.669835356960868600e-01
9.947911973036785982e-01
9.526653044220049216e-01
9.940753974041125485e-01
9.965031552924338287e-01
9.349878655825406559e-01
8.199526519084603393e-01
8.398329242220287094e-01
