9.877014160156250000e-01
9.912414550781250000e-01
9.736022949218750000e-01
8.319244384765625000e-01
9.817504882812500000e-01
9.893035888671875000e-01
9.622650146484375000e-01
9.887695312500000000e-01
9.829559326171875000e-01
9.696502685546875000e-01
9.640502929687500000e-01
9.705047607421875000e-01
9.764556884765625000e-01
9.757232666015625000e-01
9.322509765625000000e-01
9.822692871093750000e-01
9.735565185546875000e-01
9.855804443359375000e-01
9.677276611328125000e-01
9.866180419921875000e-01
9.235382080078125000e-01
9.641723632812500000e-01
9.784698486328125000e-01
8.602905273437500000e-01
8.640747070312500000e-01
9.672851562500000000e-01
9.705047607421875000e-01
9.929046630859375000e-01
9.029998779296875000e-01
9.936981201171875000e-01
9.396820068359375000e-01
9.565429687500000000e-01
9.317932128906250000e-01
9.279632568359375000e-01
9.424285888671875000e-01
9.313507080078125000e-01
7.936706542968750000e-01
9.690704345703125000e-01
9.402618408203125000e-01
9.580841064453125000e-01
9.889221191406250000e-01
9.664916992187500000e-01
9.764862060546875000e-01
9.928588867187500000e-01
9.923706054687500000e-01
9.963684082031250000e-01
9.690399169921875000e-01
9.906768798828125000e-01
9.944000244140625000e-01
9.735412597656250000e-01
9.172668457031250000e-01
9.923706054687500000e-01
9.889526367187500000e-01
9.947052001953125000e-01
9.853973388671875000e-01
9.968261718750000000e-01
9.955444335937500000e-01
9.944915771484375000e-01
9.576873779296875000e-01
9.906768798828125000e-01
9.955749511718750000e-01
9.916229248046875000e-01
8.528289794921875000e-01
9.979553222656250000e-01
9.971008300781250000e-01
9.930267333984375000e-01
9.821929931640625000e-01
9.963073730468750000e-01
9.951477050781250000e-01
9.869689941406250000e-01
8.894805908203125000e-01
9.680938720703125000e-01
9.932861328125000000e-01
9.946289062500000000e-01
9.931030273437500000e-01
9.762268066406250000e-01
9.663085937500000000e-01
9.952545166015625000e-01
9.958953857421875000e-01
8.676300048828125000e-01
9.927215576171875000e-01
9.798431396484375000e-01
9.911193847656250000e-01
9.890594482421875000e-01
9.948272705078125000e-01
9.636688232421875000e-01
9.314880371093750000e-01
9.470825195312500000e-01
9.779968261718750000e-01
9.139709472656250000e-01
9.499816894531250000e-01
9.532775878906250000e-01
9.281005859375000000e-01
9.844512939453125000e-01
9.804840087890625000e-01
9.467163085937500000e-01
9.402465820312500000e-01
9.564056396484375000e-01
9.650115966796875000e-01
9.536285400390625000e-01
9.826660156250000000e-01
9.945373535156250000e-01
9.708557128906250000e-01
9.854583740234375000e-01
9.768066406250000000e-01
8.212890625000000000e-01
9.407348632812500000e-01
9.821777343750000000e-01
9.778289794921875000e-01
9.568176269531250000e-01
9.652404785156250000e-01
8.462219238281250000e-01
9.193267822265625000e-01
9.837951660156250000e-01
9.606323242187500000e-01
9.677734375000000000e-01
9.792480468750000000e-01
9.379272460937500000e-01
9.898986816406250000e-01
9.598846435546875000e-01
9.744873046875000000e-01
8.991241455078125000e-01
9.659576416015625000e-01
9.650573730468750000e-01
9.776611328125000000e-01
9.742431640625000000e-01
9.709625244140625000e-01
9.716033935546875000e-01
9.716644287109375000e-01
9.747009277343750000e-01
9.659118652343750000e-01
9.840850830078125000e-01
8.566436767578125000e-01
9.489746093750000000e-01
9.096374511718750000e-01
9.830017089843750000e-01
8.906555175781250000e-01
9.117584228515625000e-01
9.948272705078125000e-01
9.181365966796875000e-01
9.886932373046875000e-01
9.553375244140625000e-01
9.773864746093750000e-01
9.839019775390625000e-01
9.862670898437500000e-01
9.754333496093750000e-01
9.753417968750000000e-01
9.860382080078125000e-01
8.692932128906250000e-01
8.980712890625000000e-01
9.590148925781250000e-01
9.884948730468750000e-01
9.317016601562500000e-01
9.411926269531250000e-01
9.677886962890625000e-01
9.810638427734375000e-01
9.846801757812500000e-01
8.974914550781250000e-01
9.679718017578125000e-01
9.698028564453125000e-01
9.806060791015625000e-01
9.544067382812500000e-01
9.727172851562500000e-01
9.705047607421875000e-01
9.781799316406250000e-01
9.734954833984375000e-01
9.140930175781250000e-01
9.969787597656250000e-01
9.932250976562500000e-01
9.585418701171875000e-01
9.688262939453125000e-01
9.893646240234375000e-01
9.880218505859375000e-01
9.853515625000000000e-01
9.952545166015625000e-01
8.956604003906250000e-01
8.786926269531250000e-01
9.852447509765625000e-01
9.800720214843750000e-01
9.833068847656250000e-01
9.860992431640625000e-01
9.623413085937500000e-01
8.948974609375000000e-01
9.672088623046875000e-01
9.256286621093750000e-01
9.494171142578125000e-01
9.974212646484375000e-01
9.895019531250000000e-01
9.763336181640625000e-01
9.619445800781250000e-01
9.899902343750000000e-01
9.865722656250000000e-01
9.901275634765625000e-01
9.678802490234375000e-01
9.881286621093750000e-01
9.972076416015625000e-01
