9.900817871093750000e-01
9.946441650390625000e-01
9.775695800781250000e-01
8.284149169921875000e-01
9.914245605468750000e-01
9.906616210937500000e-01
9.706573486328125000e-01
9.942169189453125000e-01
9.829254150390625000e-01
9.699859619140625000e-01
9.652862548828125000e-01
9.760742187500000000e-01
9.761352539062500000e-01
9.782409667968750000e-01
9.398345947265625000e-01
9.839630126953125000e-01
9.750976562500000000e-01
9.846038818359375000e-01
9.698638916015625000e-01
9.884948730468750000e-01
9.287719726562500000e-01
9.661865234375000000e-01
9.786529541015625000e-01
8.658294677734375000e-01
8.637237548828125000e-01
9.723052978515625000e-01
9.725036621093750000e-01
9.962463378906250000e-01
9.174346923828125000e-01
9.948425292968750000e-01
9.500885009765625000e-01
9.672851562500000000e-01
9.250640869140625000e-01
9.343719482421875000e-01
9.503479003906250000e-01
9.349365234375000000e-01
7.850799560546875000e-01
9.643554687500000000e-01
9.564819335937500000e-01
9.727630615234375000e-01
9.900207519531250000e-01
9.643402099609375000e-01
9.922637939453125000e-01
9.926910400390625000e-01
9.948120117187500000e-01
9.978179931640625000e-01
9.725494384765625000e-01
9.902191162109375000e-01
9.964752197265625000e-01
9.725494384765625000e-01
9.185943603515625000e-01
9.927368164062500000e-01
9.883728027343750000e-01
9.959869384765625000e-01
9.859771728515625000e-01
9.976196289062500000e-01
9.969329833984375000e-01
9.970245361328125000e-01
9.656066894531250000e-01
9.916839599609375000e-01
9.961090087890625000e-01
9.923248291015625000e-01
8.531188964843750000e-01
9.981994628906250000e-01
9.978332519531250000e-01
9.949798583984375000e-01
9.812927246093750000e-01
9.965057373046875000e-01
9.941101074218750000e-01
9.869079589843750000e-01
8.914337158203125000e-01
9.718627929687500000e-01
9.923706054687500000e-01
9.950408935546875000e-01
9.929351806640625000e-01
9.819488525390625000e-01
9.727172851562500000e-01
9.954071044921875000e-01
9.964447021484375000e-01
8.799743652343750000e-01
9.931030273437500000e-01
9.862365722656250000e-01
9.899444580078125000e-01
9.922027587890625000e-01
9.953918457031250000e-01
9.551239013671875000e-01
9.354248046875000000e-01
9.521179199218750000e-01
9.788513183593750000e-01
9.194793701171875000e-01
9.650115966796875000e-01
9.659118652343750000e-01
9.248199462890625000e-01
9.937286376953125000e-01
9.755706787109375000e-01
9.495544433593750000e-01
9.485473632812500000e-01
9.681549072265625000e-01
9.749908447265625000e-01
9.593505859375000000e-01
9.846954345703125000e-01
9.952850341796875000e-01
9.696655273437500000e-01
9.880523681640625000e-01
9.793701171875000000e-01
8.209381103515625000e-01
9.529571533203125000e-01
9.800720214843750000e-01
9.836425781250000000e-01
9.568481445312500000e-01
9.678039550781250000e-01
8.409729003906250000e-01
9.159088134765625000e-01
9.841766357421875000e-01
9.573822021484375000e-01
9.712677001953125000e-01
9.802856445312500000e-01
9.454650878906250000e-01
9.919128417968750000e-01
9.612884521484375000e-01
9.828033447265625000e-01
8.854217529296875000e-01
9.706115722656250000e-01
9.609069824218750000e-01
9.771118164062500000e-01
9.680480957031250000e-01
9.773712158203125000e-01
9.811859130859375000e-01
9.727630615234375000e-01
9.774475097656250000e-01
9.708862304687500000e-01
9.864959716796875000e-01
8.672943115234375000e-01
9.538116455078125000e-01
9.126586914062500000e-01
9.821777343750000000e-01
8.816223144531250000e-01
9.136657714843750000e-01
9.912261962890625000e-01
9.186096191406250000e-01
9.914703369140625000e-01
9.482269287109375000e-01
9.744262695312500000e-01
9.819641113281250000e-01
9.880218505859375000e-01
9.763946533203125000e-01
9.742126464843750000e-01
9.818267822265625000e-01
8.641510009765625000e-01
8.910064697265625000e-01
9.581756591796875000e-01
9.847412109375000000e-01
9.284973144531250000e-01
9.379730224609375000e-01
9.747619628906250000e-01
9.822998046875000000e-01
9.869537353515625000e-01
9.019470214843750000e-01
9.689483642578125000e-01
9.673461914062500000e-01
9.839935302734375000e-01
9.643402099609375000e-01
9.789581298828125000e-01
9.695281982421875000e-01
9.795684814453125000e-01
9.703979492187500000e-01
9.259033203125000000e-01
9.948577880859375000e-01
9.909973144531250000e-01
9.597473144531250000e-01
9.742431640625000000e-01
9.942779541015625000e-01
9.898376464843750000e-01
9.947052001953125000e-01
9.964599609375000000e-01
9.052429199218750000e-01
8.625183105468750000e-01
9.819183349609375000e-01
9.880676269531250000e-01
9.853363037109375000e-01
9.869079589843750000e-01
9.678039550781250000e-01
8.876190185546875000e-01
9.646911621093750000e-01
9.255981445312500000e-01
9.616699218750000000e-01
9.979553222656250000e-01
9.907531738281250000e-01
9.838409423828125000e-01
9.704742431640625000e-01
9.908142089843750000e-01
9.826202392578125000e-01
9.886169433593750000e-01
9.716949462890625000e-01
9.897003173828125000e-01
9.960479736328125000e-01
