7.873983739837397966e-01
8.463089955627268735e-01
8.461413220449365280e-01
6.148912252859882743e-01
3.401780206221908798e-01
6.329476321126088489e-01
4.543650793650793607e-01
8.572938689217759478e-01
8.512904547316673121e-01
9.252967662709783436e-01
8.168086754453911524e-01
1.523809523809523947e-01
4.638218923933209448e-01
5.419487179487179063e-01
3.030111251748717760e-01
2.683384403727096523e-01
2.540674026728645951e-01
7.336652146857498558e-01
4.941362498352879218e-01
7.270945614894659403e-01
1.898012291678201624e-01
3.200559938915754632e-01
4.174155217229855164e-01
3.070630608631951808e-01
6.161301733286168592e-01
7.283350759579310107e-01
8.285836542575951702e-01
4.729194187582562714e-01
8.074981975486661412e-02
9.654784942880330068e-01
5.206429736235860251e-01
7.028061224489795533e-01
3.898424169426879526e-01
6.823364204754421847e-01
8.073083615715724859e-01
6.478206585543111462e-01
0.000000000000000000e+00
2.109296136551344347e-01
6.992091628033815509e-02
3.856459330143540698e-01
7.871630295250321430e-01
3.823764691403606086e-01
3.494308670907264602e-02
8.956796628029505269e-01
7.582441581131251773e-01
8.569974554707379122e-01
4.845804724775980565e-01
8.865102236860161744e-01
2.868217054263565990e-01
8.526470382544233395e-01
8.230538619597803640e-01
9.797110479380037873e-01
7.526372443487621133e-01
9.094428314668878688e-01
9.213114754098360448e-01
9.706935419705609025e-01
5.571736785329017838e-01
9.348710990502034912e-01
1.120943952802359866e-01
9.675163546131287928e-01
9.230291744258224407e-01
8.686822063235632996e-01
5.396462756528932342e-02
9.020618556701031077e-01
8.126410835214447070e-01
9.205020920502091641e-01
7.517830001169180099e-01
9.521077575455225706e-01
8.590135312090789732e-01
8.732730683950196138e-01
8.517749020539000515e-01
8.930957683741648223e-01
9.248226950354609954e-01
9.050823857043397425e-01
7.650565262076053363e-01
7.813131313131312927e-01
9.645803348895987117e-01
8.819903126376046343e-01
9.036144578313253239e-01
7.740759109607024957e-01
9.581580695151649119e-01
2.765057678352476067e-01
8.767457627118644403e-01
8.948682385575589260e-01
8.639742816958007054e-01
8.967215637986762911e-01
6.382215133087428827e-01
8.943707254340328427e-01
8.693148257531010392e-01
7.481660500032081274e-01
0.000000000000000000e+00
9.106070382687249110e-01
4.012937507219591082e-01
3.758485173276169822e-01
7.423684995525504648e-01
8.900064731364836224e-01
8.576376230404666456e-01
4.645768025078370056e-01
7.363834422657952183e-01
1.427929072745400818e-01
4.367309031808683795e-01
8.113616652211621538e-01
6.782590587255310499e-01
6.166540116426221241e-01
8.364490554957424440e-01
5.189108283921478604e-01
1.933425319075543214e-01
4.396245256640702870e-01
3.007993909402360000e-01
8.359481856947461598e-01
8.618123923709263279e-01
4.715335649010867769e-01
6.081239560751980910e-01
2.422833767199702448e-01
3.111340738827176322e-01
6.842377260981912235e-01
6.652708714996073969e-01
8.809740555302685294e-01
7.760652765185857005e-01
8.070276497695852980e-01
8.017979452054794232e-01
0.000000000000000000e+00
7.879217912330495066e-01
8.397348410996295920e-01
1.080937167199148008e-01
2.817371179633789136e-01
2.437930234356872061e-01
8.110895664012542083e-02
8.795568018603379112e-01
8.306884619973750050e-01
9.095262527792029594e-01
5.928753180661577860e-01
4.443780648694396485e-01
6.385822410928557735e-01
9.192678227360308041e-01
8.894503454676704335e-01
7.502985128631906031e-01
5.941547658585187852e-01
5.417696490360850436e-01
3.963380596181757531e-01
8.659680088251516805e-01
4.018996257093411795e-01
1.950713574510454795e-01
6.708669354838709964e-01
7.939590075512406031e-01
7.976390372971047249e-01
5.654782915637134311e-01
8.823589016111055283e-01
3.822438066135545043e-01
3.285015562472209938e-01
7.647436623975216730e-01
6.341107871720116362e-01
7.003791317349281620e-01
7.508096841430175195e-01
8.741842213961172892e-01
9.474535165723524388e-01
4.073622127313402674e-01
6.950821011355281520e-01
1.799569764854239418e-01
2.712081575997010371e-02
7.322297955209348119e-01
8.482191780821918270e-01
8.989683056046100518e-01
7.278488726386349583e-01
8.700452825507102306e-01
9.498000510507955685e-01
7.003341799224702680e-01
9.535333978702806856e-01
9.188088572155764799e-01
5.534226525557306431e-01
5.678329264985082503e-01
9.289720729763240037e-01
4.456697337922315150e-01
7.139639639639639990e-01
9.565816678152997410e-01
8.153961697333833580e-01
3.853052714822337022e-01
8.979861340376361911e-02
2.767252267768974816e-01
8.749545178896300790e-01
9.108964766698408599e-01
5.152526328245178311e-01
7.787470783816703435e-01
6.883586406362979249e-01
6.885217023675309633e-01
9.257117601561636322e-01
9.598633646456020685e-01
7.988933535340227987e-01
7.769539321745472238e-01
8.773446278848646696e-01
9.115901898734176667e-01
8.818581780538302661e-01
9.686991669542071026e-01
4.694510813913799208e-01
3.788913525498891488e-01
9.278179447670973357e-01
