8.835098335854765228e-01
7.453637660485021854e-01
7.948964853153587251e-01
4.666061965913973486e-01
6.212342790289557826e-01
9.569548203486303306e-01
9.722436391673091594e-01
5.304659498207885404e-01
8.417871789337362243e-01
8.286040754142067755e-01
9.993733026947984044e-01
9.772895581337941451e-01
7.196401799100450303e-01
6.298258894776684880e-01
9.930746399912059319e-01
9.729666744348636209e-01
9.388714733542319335e-01
9.201252936570085694e-01
9.736000000000000210e-01
1.000000000000000000e+00
1.000000000000000000e+00
3.973988439306358478e-01
4.565234405572513032e-01
2.667398463227222960e-01
6.675024582104228665e-01
8.664484451718493796e-01
9.936003303055326308e-01
0.000000000000000000e+00
1.000000000000000000e+00
9.965317919075143971e-01
9.926470588235294379e-01
9.741845107064238674e-01
3.172921082159331774e-01
9.753582663404404274e-01
1.000000000000000000e+00
1.000000000000000000e+00
9.035952063914780563e-01
1.000000000000000000e+00
1.000000000000000000e+00
4.608695652173913082e-01
6.510516252390057268e-01
8.495202093631869511e-01
1.000000000000000000e+00
9.824887237994163192e-01
1.000000000000000000e+00
9.893111638954869003e-01
3.584062890834375792e-01
9.941206807632800846e-01
7.887139107611548239e-01
8.848256116605934807e-01
9.987739087788131132e-01
9.698757763975155433e-01
8.020555767034640571e-01
1.000000000000000000e+00
9.998316214850985206e-01
9.980910826288519333e-01
1.000000000000000000e+00
9.888656924147529725e-01
7.021739130434783149e-01
9.765851396777558424e-01
9.975639464068210005e-01
8.404613166746756070e-01
1.000000000000000000e+00
8.491228070175438347e-01
9.058565955117678925e-01
1.000000000000000000e+00
6.791598023064250311e-01
9.775395610005104263e-01
8.274932614555255972e-01
1.000000000000000000e+00
9.669261744966443084e-01
1.000000000000000000e+00
9.044404050895871183e-01
9.707341269841269771e-01
7.260834014717906237e-01
8.315672058003346079e-01
9.932358716997600201e-01
9.832834331337325651e-01
9.901719901719902017e-01
9.965909367618769332e-01
9.752482811306341093e-01
6.724109362054681016e-01
7.945134575569358093e-01
9.919587628865979001e-01
1.000000000000000000e+00
9.119579500657030158e-01
9.961246318400247546e-01
7.874985870916695330e-01
9.930966469428007537e-01
1.000000000000000000e+00
0.000000000000000000e+00
9.969025105966742295e-01
1.000000000000000000e+00
8.352375225496091460e-01
5.506461753405518245e-01
1.000000000000000000e+00
6.342023282505329096e-01
8.779249448123620514e-01
7.371627502175804869e-01
1.000000000000000000e+00
1.000000000000000000e+00
9.028284671532846861e-01
4.583267685520718282e-01
9.827473958333333703e-01
7.028090892825192837e-01
5.231124807395993725e-01
1.000000000000000000e+00
9.916772209155056972e-01
8.809407153356197950e-01
6.613822834098178616e-01
9.932136932589352707e-01
7.125552050473186183e-01
3.965093663629849496e-01
9.571506550218340514e-01
3.378132437351252793e-01
5.685917841443079990e-01
4.615602836879432735e-01
7.810841743835188478e-01
8.847184986595174605e-01
5.985546972339895744e-01
7.171497584541063341e-01
1.000000000000000000e+00
7.207704942511572455e-01
6.877866485476473724e-01
0.000000000000000000e+00
9.852941176470588758e-01
1.000000000000000000e+00
0.000000000000000000e+00
8.410893707033315625e-01
9.398760330578512789e-01
8.860089440540294126e-01
8.009650180940892650e-01
9.743188923626618925e-01
5.278468423669816501e-01
9.809782608695651884e-01
9.967701003575960561e-01
8.899533488837054751e-01
9.838522615755196377e-01
6.573541495480690333e-01
9.051296194153336527e-01
9.478168264110755636e-01
1.000000000000000000e+00
1.000000000000000000e+00
7.065803667745415018e-01
1.000000000000000000e+00
9.965552436846134565e-01
8.571996027805361962e-01
7.094467070626800931e-01
1.816086276446859382e-01
8.818798115592324516e-01
7.429916856743432607e-01
6.392708666453469357e-01
9.083368650481322693e-01
6.132719208461275828e-01
9.645620164711754541e-01
9.717029922423346955e-01
6.766882516188713614e-01
8.959847698165455121e-01
1.000000000000000000e+00
8.994784257942152195e-01
6.757928978042829771e-01
9.725404048328887274e-01
1.000000000000000000e+00
5.444131832797427517e-01
9.968636396036780756e-01
8.614201570680628528e-01
9.984733989771773510e-01
9.021000617665225763e-01
7.791474062660502797e-01
7.597379285586071118e-01
9.883195177091183004e-01
8.274319791278419434e-01
9.999211977935382745e-01
7.949308755760369216e-01
9.952061361457334998e-01
9.458870832635282166e-01
0.000000000000000000e+00
2.709342560553633095e-01
1.000000000000000000e+00
9.855967078189300512e-01
9.998513895080992642e-01
1.000000000000000000e+00
9.633105080733790349e-01
6.353848914408756210e-01
1.000000000000000000e+00
9.479893159222436694e-01
9.915522703273494942e-01
9.924882629107981691e-01
8.224528817263042635e-01
9.824125066619292523e-01
9.997832213310210436e-01
7.815652173913043566e-01
9.711528896846712833e-01
9.924648026968074799e-01
1.000000000000000000e+00
9.076999012833169012e-01
