9.962806561637160829e-01
9.992671593850376288e-01
9.866790321220807458e-01
1.000000000000000000e+00
9.161260202521048779e-01
9.856038262255878424e-01
9.653014523887357701e-01
9.989731218725040884e-01
9.940232829253075053e-01
1.000000000000000000e+00
8.584997283905907439e-01
7.752297308286574262e-01
9.793657039427087208e-01
9.735268865074570011e-01
4.360814330516132320e-01
8.932974120336354407e-01
8.991054644454528066e-01
8.495421764848877233e-01
9.639724209367818153e-01
7.712672303031263832e-01
7.077183416376797709e-01
9.271377021715316857e-01
9.520460964006141058e-01
9.723646619295289728e-01
8.014868572440039252e-01
9.994278598593208107e-01
9.820404666183352171e-01
1.000000000000000000e+00
3.413922533434267104e-01
9.901819881906807064e-01
9.228439573117969141e-01
9.711209535126570369e-01
1.000000000000000000e+00
7.970309842490571617e-01
8.831021593948734649e-01
5.484071935872408821e-01
4.499168580251801663e-01
2.822387685099975174e-01
3.258565632568686810e-01
9.912250835706326590e-01
9.964220414854044749e-01
9.771557161853455797e-01
1.098901098901098883e-01
9.310473230041931281e-01
9.820057055080096964e-01
9.952233289481926537e-01
9.999499491149335118e-01
9.846170376605003494e-01
1.000000000000000000e+00
9.811242480813109346e-01
7.169899816141983573e-01
9.973412336675782086e-01
9.978063552114959656e-01
9.925779555641235374e-01
9.774988673926540139e-01
9.961046727763500641e-01
9.783518903327853566e-01
9.652100656796518408e-01
9.679645908134207888e-01
9.944648473879351691e-01
9.953516762137289975e-01
9.970530297060908875e-01
6.657414689056452284e-01
9.996767539943970382e-01
9.999058217834214668e-01
9.907928062825557269e-01
9.900131839156229852e-01
9.953422701158752828e-01
9.992102353498657497e-01
9.748742055084745894e-01
8.892583828952698166e-01
9.096909743499955736e-01
9.978114614574045138e-01
9.945214105793450665e-01
9.941987636709462839e-01
9.985880802597932870e-01
9.825438816691447474e-01
9.958067871538160976e-01
9.955748728366482503e-01
8.199762965384772562e-01
9.962367140750283401e-01
8.328095326128972520e-01
9.985244519392917351e-01
9.904755627327554990e-01
9.898084750575837365e-01
9.856176826806620772e-01
7.828969867386100789e-01
9.935966413237136141e-01
8.847137186301554657e-01
7.307981299048255108e-01
1.000000000000000000e+00
9.276742903212118474e-01
6.071493829006162635e-01
9.684373679019303571e-01
1.000000000000000000e+00
8.819156329633763836e-01
1.000000000000000000e+00
9.958528669311215165e-01
9.981673319148275381e-01
3.502197660138323121e-01
8.097774364282971371e-01
9.970636524374841825e-01
1.000000000000000000e+00
9.953865840517240882e-01
9.940113767160991820e-01
9.997824194952131815e-01
4.356875170894117799e-01
7.248412738089287100e-01
8.015588895759430121e-01
9.999828605707430373e-01
9.294486742931475920e-01
9.033128044117054722e-01
1.000000000000000000e+00
5.929337988104473878e-01
9.499940061308718153e-01
1.000000000000000000e+00
1.000000000000000000e+00
9.972999552972731108e-01
9.977069623533476594e-01
9.975308641975308976e-01
9.983712293960518291e-01
7.093260961511349549e-01
9.805231224188039052e-01
9.283307347985716440e-01
9.880255910226145577e-01
6.169267942271272620e-01
7.060396102252594064e-01
9.999836371371535471e-01
9.925998758021113977e-01
9.214940028996968513e-01
9.861851627915498852e-01
9.694808564779937576e-01
6.271297278190173241e-01
9.697257725287170560e-01
9.236284776492653670e-01
9.595195807761971452e-01
7.282746768288126393e-01
5.992416293923831239e-01
9.620640868172701810e-01
8.679301795430720556e-01
9.875964074655270153e-01
4.212955943054502717e-01
5.007232797448795125e-01
9.876260167708300619e-01
9.799456796361798450e-01
9.325279905715969653e-01
8.142840614204723826e-01
9.998738033856748864e-01
1.000000000000000000e+00
4.727711012967817927e-01
8.644335354702088470e-01
9.933823647230367593e-01
8.183561476162304338e-01
9.963503649635035986e-01
7.867513781182845500e-01
9.835003173015903766e-01
9.982169343894973235e-01
9.136550350607858251e-01
1.825090688245818438e-01
4.913104426691888293e-01
9.924491082833444278e-01
9.419965902633073984e-01
6.985757146154100150e-01
9.994055482166446236e-01
9.304560545168617525e-01
9.968862545018006838e-01
7.849146562410603822e-01
9.999357924812996012e-01
9.998427400965576028e-01
9.763025333676508266e-01
7.530772032046613162e-01
9.923460956390139920e-01
7.166294516141240578e-01
9.993928449107949419e-01
9.927155987223779121e-01
8.867738838214114239e-01
1.000000000000000000e+00
1.000000000000000000e+00
6.830466052022938772e-01
9.744360127734092991e-01
9.757851956399747895e-01
2.885538416443776955e-01
9.015212169735788983e-01
9.887764121208078016e-01
6.753939235657699935e-01
9.492681240155211864e-01
9.984368769439349034e-01
9.579346025090453853e-01
9.936323232323232002e-01
9.762465154322533811e-01
9.864583162352478229e-01
9.988051519038498860e-01
9.968098336427374528e-01
4.821354176999226304e-01
7.228562053376111907e-01
9.998048272721358209e-01
