9.673767089843750000e-01
9.893188476562500000e-01
9.639587402343750000e-01
8.039093017578125000e-01
8.725433349609375000e-01
9.660339355468750000e-01
6.416625976562500000e-01
9.816436767578125000e-01
9.763946533203125000e-01
9.815521240234375000e-01
9.401855468750000000e-01
7.503967285156250000e-01
9.581298828125000000e-01
6.333770751953125000e-01
1.989746093750000000e-01
2.257690429687500000e-01
3.892822265625000000e-01
9.742279052734375000e-01
9.473266601562500000e-01
6.723327636718750000e-01
7.289886474609375000e-01
6.743621826171875000e-01
4.660644531250000000e-01
8.576660156250000000e-01
6.597595214843750000e-01
5.782928466796875000e-01
9.297027587890625000e-01
9.913940429687500000e-01
3.339538574218750000e-01
9.920959472656250000e-01
7.504119873046875000e-01
9.429626464843750000e-01
6.601257324218750000e-01
4.577941894531250000e-01
9.314575195312500000e-01
6.974182128906250000e-01
7.469940185546875000e-01
6.001586914062500000e-01
5.578613281250000000e-01
9.377441406250000000e-01
9.868469238281250000e-01
7.081756591796875000e-01
4.903259277343750000e-01
9.926147460937500000e-01
9.913482666015625000e-01
9.962921142578125000e-01
9.269256591796875000e-01
9.839935302734375000e-01
9.259185791015625000e-01
9.798889160156250000e-01
6.777648925781250000e-01
9.910125732421875000e-01
9.214477539062500000e-01
9.920959472656250000e-01
9.816436767578125000e-01
9.936981201171875000e-01
9.820556640625000000e-01
9.602355957031250000e-01
9.537353515625000000e-01
9.907073974609375000e-01
9.961090087890625000e-01
9.902801513671875000e-01
7.312774658203125000e-01
9.981231689453125000e-01
9.837951660156250000e-01
9.899902343750000000e-01
9.668273925781250000e-01
9.813842773437500000e-01
9.892578125000000000e-01
9.767913818359375000e-01
7.979125976562500000e-01
9.291076660156250000e-01
9.909210205078125000e-01
9.925231933593750000e-01
9.837341308593750000e-01
8.314361572265625000e-01
9.612274169921875000e-01
9.889831542968750000e-01
9.864807128906250000e-01
9.252319335937500000e-01
9.933013916015625000e-01
3.524017333984375000e-01
9.866333007812500000e-01
9.916534423828125000e-01
9.925689697265625000e-01
9.688262939453125000e-01
6.997222900390625000e-01
9.673919677734375000e-01
9.626312255859375000e-01
8.509979248046875000e-01
4.897766113281250000e-01
8.645019531250000000e-01
6.083984375000000000e-01
9.637145996093750000e-01
9.673156738281250000e-01
9.401245117187500000e-01
9.295806884765625000e-01
9.819793701171875000e-01
9.932403564453125000e-01
3.306121826171875000e-01
8.841552734375000000e-01
7.538299560546875000e-01
9.441223144531250000e-01
9.913024902343750000e-01
9.730529785156250000e-01
9.015960693359375000e-01
4.852752685546875000e-01
9.593658447265625000e-01
4.408264160156250000e-01
9.666900634765625000e-01
9.457855224609375000e-01
6.930999755859375000e-01
8.287811279296875000e-01
6.238250732421875000e-01
8.886871337890625000e-01
9.435729980468750000e-01
9.360046386718750000e-01
9.632720947265625000e-01
9.035034179687500000e-01
9.160919189453125000e-01
9.785766601562500000e-01
5.031127929687500000e-01
9.579772949218750000e-01
9.666900634765625000e-01
8.322601318359375000e-01
4.021606445312500000e-01
9.619750976562500000e-01
4.711151123046875000e-01
9.693298339843750000e-01
8.652343750000000000e-01
9.223785400390625000e-01
9.086303710937500000e-01
3.885803222656250000e-01
6.675415039062500000e-01
9.503784179687500000e-01
9.759826660156250000e-01
8.992767333984375000e-01
8.966827392578125000e-01
6.532287597656250000e-01
7.759399414062500000e-01
9.787750244140625000e-01
3.664550781250000000e-01
6.233978271484375000e-01
9.785308837890625000e-01
9.838867187500000000e-01
9.301147460937500000e-01
9.535827636718750000e-01
9.531097412109375000e-01
5.196075439453125000e-01
4.849243164062500000e-01
8.805084228515625000e-01
9.581298828125000000e-01
8.796539306640625000e-01
8.509521484375000000e-01
9.523925781250000000e-01
9.805297851562500000e-01
9.892730712890625000e-01
9.239654541015625000e-01
6.296844482421875000e-01
3.146362304687500000e-01
9.743347167968750000e-01
7.925415039062500000e-01
8.047332763671875000e-01
9.641418457031250000e-01
9.501953125000000000e-01
9.323730468750000000e-01
7.952728271484375000e-01
9.937744140625000000e-01
9.646606445312500000e-01
6.649932861328125000e-01
9.474029541015625000e-01
9.892578125000000000e-01
8.178253173828125000e-01
9.453125000000000000e-01
9.927215576171875000e-01
8.684692382812500000e-01
4.347686767578125000e-01
9.784698486328125000e-01
5.926361083984375000e-01
9.605560302734375000e-01
9.788513183593750000e-01
4.469604492187500000e-01
8.346862792968750000e-01
9.646606445312500000e-01
4.517822265625000000e-01
9.239501953125000000e-01
9.959411621093750000e-01
9.608917236328125000e-01
9.610137939453125000e-01
9.612426757812500000e-01
9.854583740234375000e-01
9.769287109375000000e-01
9.906158447265625000e-01
5.755157470703125000e-01
8.387451171875000000e-01
9.951934814453125000e-01
