8.655700683593750000e-01
9.831390380859375000e-01
9.699096679687500000e-01
9.732818603515625000e-01
9.824981689453125000e-01
9.874420166015625000e-01
9.717102050781250000e-01
9.771575927734375000e-01
9.051818847656250000e-01
9.597473144531250000e-01
9.819183349609375000e-01
9.400024414062500000e-01
9.603729248046875000e-01
9.638671875000000000e-01
9.709625244140625000e-01
8.607635498046875000e-01
9.828643798828125000e-01
9.916534423828125000e-01
9.825592041015625000e-01
9.452819824218750000e-01
9.720001220703125000e-01
8.546752929687500000e-01
7.785186767578125000e-01
8.968048095703125000e-01
9.783630371093750000e-01
9.821929931640625000e-01
9.679870605468750000e-01
8.942108154296875000e-01
9.213867187500000000e-01
9.677734375000000000e-01
9.305267333984375000e-01
9.614868164062500000e-01
9.783325195312500000e-01
9.343109130859375000e-01
9.373016357421875000e-01
9.371948242187500000e-01
8.771820068359375000e-01
9.073638916015625000e-01
9.568786621093750000e-01
9.562530517578125000e-01
9.848327636718750000e-01
9.299468994140625000e-01
9.370727539062500000e-01
9.738922119140625000e-01
9.801940917968750000e-01
9.884185791015625000e-01
9.514923095703125000e-01
9.678192138671875000e-01
8.563690185546875000e-01
9.516754150390625000e-01
9.783782958984375000e-01
9.621582031250000000e-01
9.550476074218750000e-01
9.362640380859375000e-01
9.873046875000000000e-01
9.770355224609375000e-01
9.118194580078125000e-01
9.161987304687500000e-01
8.636169433593750000e-01
9.888153076171875000e-01
9.187927246093750000e-01
9.295959472656250000e-01
9.530181884765625000e-01
9.724121093750000000e-01
9.873657226562500000e-01
9.098205566406250000e-01
9.627227783203125000e-01
9.621429443359375000e-01
9.059143066406250000e-01
9.469299316406250000e-01
9.660491943359375000e-01
9.920349121093750000e-01
9.660034179687500000e-01
9.319915771484375000e-01
9.840698242187500000e-01
9.865722656250000000e-01
9.601135253906250000e-01
9.888153076171875000e-01
9.893646240234375000e-01
9.971618652343750000e-01
9.824981689453125000e-01
9.715423583984375000e-01
9.559326171875000000e-01
9.441833496093750000e-01
9.901123046875000000e-01
9.900665283203125000e-01
9.960479736328125000e-01
9.806671142578125000e-01
9.549865722656250000e-01
9.881439208984375000e-01
9.889373779296875000e-01
9.919738769531250000e-01
9.871520996093750000e-01
9.977111816406250000e-01
9.961090087890625000e-01
9.948730468750000000e-01
9.791107177734375000e-01
9.933166503906250000e-01
9.962615966796875000e-01
9.916687011718750000e-01
9.577026367187500000e-01
9.987640380859375000e-01
9.960174560546875000e-01
9.955444335937500000e-01
9.920043945312500000e-01
9.949340820312500000e-01
9.945220947265625000e-01
9.839477539062500000e-01
9.343261718750000000e-01
9.839324951171875000e-01
9.939727783203125000e-01
9.977722167968750000e-01
9.856109619140625000e-01
9.522247314453125000e-01
9.742126464843750000e-01
9.940032958984375000e-01
9.965515136718750000e-01
9.348602294921875000e-01
9.945526123046875000e-01
8.519287109375000000e-01
9.941864013671875000e-01
7.918548583984375000e-01
9.758148193359375000e-01
9.740295410156250000e-01
9.190673828125000000e-01
9.676055908203125000e-01
9.389190673828125000e-01
9.952087402343750000e-01
9.567413330078125000e-01
9.855957031250000000e-01
9.915771484375000000e-01
9.903564453125000000e-01
9.928894042968750000e-01
9.728240966796875000e-01
9.552001953125000000e-01
9.567413330078125000e-01
9.730072021484375000e-01
9.839935302734375000e-01
9.842224121093750000e-01
9.644775390625000000e-01
9.239501953125000000e-01
9.629058837890625000e-01
9.670715332031250000e-01
9.674682617187500000e-01
9.780426025390625000e-01
9.648590087890625000e-01
9.963073730468750000e-01
9.736328125000000000e-01
9.262695312500000000e-01
9.754638671875000000e-01
9.805297851562500000e-01
9.656372070312500000e-01
9.773101806640625000e-01
9.801025390625000000e-01
9.885253906250000000e-01
9.934692382812500000e-01
9.788360595703125000e-01
9.795379638671875000e-01
9.628143310546875000e-01
9.554443359375000000e-01
9.355926513671875000e-01
9.076690673828125000e-01
9.918670654296875000e-01
9.918518066406250000e-01
9.964447021484375000e-01
9.911041259765625000e-01
9.617004394531250000e-01
7.973480224609375000e-01
9.828186035156250000e-01
9.811401367187500000e-01
8.694763183593750000e-01
9.936828613281250000e-01
8.939666748046875000e-01
9.425201416015625000e-01
9.929351806640625000e-01
9.654235839843750000e-01
9.675750732421875000e-01
9.831085205078125000e-01
9.240112304687500000e-01
8.823547363281250000e-01
9.588928222656250000e-01
9.223175048828125000e-01
9.647369384765625000e-01
9.962158203125000000e-01
9.813842773437500000e-01
9.749755859375000000e-01
9.830474853515625000e-01
9.867095947265625000e-01
9.761657714843750000e-01
9.889221191406250000e-01
9.546356201171875000e-01
9.887695312500000000e-01
9.961853027343750000e-01
9.446716308593750000e-01
9.104919433593750000e-01
9.064025878906250000e-01
