8.784631512388305641e-01
9.823044305699308865e-01
9.677870440569454891e-01
9.866522010717690971e-01
9.885367921861750728e-01
9.870831227892875592e-01
9.688550729661340455e-01
9.966281549065304501e-01
8.967791232703775650e-01
9.587149499788643059e-01
9.884969068717606167e-01
9.181601836446727782e-01
9.690260275585914629e-01
9.639871488050355541e-01
9.704443443552269732e-01
8.525467002779393288e-01
9.815337351610371464e-01
9.925486233897449218e-01
9.951004409603135814e-01
9.402276400862068506e-01
9.788980265901546796e-01
8.300152306353351106e-01
7.665385295867981341e-01
8.873169024646303527e-01
9.771210987079766985e-01
9.895106692947125415e-01
9.680529517542181273e-01
9.961759851869741444e-01
9.615635462411409318e-01
9.659458236358934302e-01
9.227304642679773350e-01
9.713093198052223931e-01
9.849704084759155487e-01
9.231113097898971942e-01
9.354651254103123481e-01
9.671361502347417538e-01
8.689002540882142522e-01
8.930107147892287767e-01
9.988952905385883874e-01
9.532431390299921370e-01
9.973485237264361203e-01
9.251126493828772945e-01
9.347633510503670085e-01
9.913931341427496546e-01
9.928586214034361701e-01
9.944971662053512240e-01
9.600578977262317348e-01
9.652286006060302181e-01
8.336337928596677660e-01
9.373281022488270109e-01
9.771412941544233011e-01
9.577962614521603468e-01
9.605096017335426062e-01
9.290960295985422057e-01
9.870644755049052810e-01
9.843155636481638604e-01
1.000000000000000000e+00
1.000000000000000000e+00
8.424102416016940875e-01
1.000000000000000000e+00
8.974071278483852776e-01
9.946611053180396400e-01
9.694291320190601136e-01
9.667121786119498017e-01
9.901379114463344511e-01
9.946475249989626954e-01
9.717019844722025734e-01
1.000000000000000000e+00
9.003023590473264726e-01
9.353097177495738324e-01
9.643007958421309089e-01
9.921258614775314566e-01
9.631397015428716513e-01
9.992374800959877845e-01
9.833700919233060445e-01
9.886648066958947378e-01
9.593082084092218187e-01
9.883620478883800020e-01
9.887716910513779656e-01
9.987697657634013737e-01
9.852554794994122789e-01
9.716790896978863001e-01
9.994610101712596562e-01
9.832137839236855248e-01
9.955154046659219214e-01
9.897959183673469274e-01
9.962413080248073705e-01
9.995829092911125979e-01
9.813515440321188832e-01
9.954800972348830657e-01
9.928944984024543619e-01
9.915497935643484695e-01
9.859892276456868609e-01
9.976725015759103643e-01
9.960456533201005325e-01
9.947893102856518732e-01
9.800978085922991134e-01
9.982955244337451406e-01
9.961655241493724278e-01
9.941375778110471684e-01
9.572558634408104838e-01
9.988455499799895332e-01
9.967508515280415482e-01
9.954760501457540212e-01
9.961601845748186967e-01
9.956668505956052240e-01
9.999842047069973372e-01
9.825873940677966045e-01
9.995310268380550589e-01
9.955878490764247246e-01
9.977628272675691523e-01
9.984099496221662262e-01
9.863528292914883755e-01
9.509122570321446588e-01
9.951532237820301940e-01
9.943927967754517816e-01
9.971968945370939252e-01
9.063713269851648713e-01
9.966096523198454404e-01
8.469909159727478931e-01
9.946148118647296643e-01
7.549033746755119401e-01
9.766021378257229157e-01
9.990733001417305692e-01
9.270052391116442303e-01
9.672677117674762792e-01
9.624102521289029655e-01
9.955199650338734108e-01
9.865702040989519084e-01
9.874455891497622151e-01
9.956868595148528067e-01
9.916619978248689682e-01
9.926482188495882042e-01
9.958451083299690865e-01
9.808488809514762652e-01
1.000000000000000000e+00
9.727103034416796357e-01
9.837656308035162001e-01
9.840016392409053347e-01
9.755702546967165434e-01
9.237878858132022586e-01
9.599254887738617459e-01
9.956076618229854347e-01
9.675383928398081368e-01
9.917091836734693855e-01
9.596262038714599152e-01
9.989566278211178263e-01
9.738596520107326571e-01
9.214117264373424820e-01
9.746911151333910173e-01
9.798708938849493011e-01
9.634472616453161331e-01
9.999020328190055817e-01
9.839080832306994484e-01
9.984766226399806044e-01
9.973456770142102856e-01
9.787922529067462074e-01
9.835479928551282836e-01
9.922031058702236450e-01
9.884379916222824081e-01
9.805875027470515315e-01
9.914151694840250828e-01
9.960286743176387514e-01
9.940189810848216734e-01
9.964131773399014236e-01
9.979084432842157959e-01
9.982350994594991755e-01
7.730517115804806938e-01
9.804303581679336688e-01
9.899140899973507546e-01
8.668306504343493701e-01
9.942637376963692208e-01
9.983437349975996522e-01
9.591509294777220695e-01
9.995530440890080248e-01
9.660044989386307179e-01
9.640318648490883158e-01
9.812097199313006834e-01
9.156377093027515679e-01
9.355949876180014169e-01
9.899104447742774759e-01
9.075911900409158184e-01
9.609474048177033545e-01
9.968418534173378864e-01
9.799986474148716376e-01
9.738989898989899308e-01
9.829068389336805822e-01
9.857032647768494416e-01
9.773681713552739847e-01
9.988104464430546114e-01
9.841291884063720907e-01
9.925441155024062878e-01
9.987151128748942286e-01
9.372021753379036202e-01
8.869668148025086074e-01
9.215496080449758765e-01
