9.792268962156894796e-01
1.000000000000000000e+00
9.847567658713430871e-01
1.000000000000000000e+00
9.025548561585394758e-01
7.885691510561977369e-01
8.997805071685425204e-01
9.987775260386954068e-01
9.824967571384004561e-01
9.998909764872624395e-01
8.006386936410475608e-01
9.290396031552411449e-01
9.647595813331234504e-01
9.771202340445829249e-01
3.622672265631921018e-01
6.958282308759898838e-01
8.041582939003046882e-01
9.995462280204197025e-01
9.367008707474184792e-01
9.158034991989594253e-01
8.928269248848359485e-01
7.418487015915974370e-01
8.539585663109611202e-01
9.808072668668962324e-01
6.054739357465261929e-01
9.903914111668293829e-01
9.498780728926382588e-01
9.946736453201970862e-01
5.979056270502144388e-01
9.920520856781700481e-01
8.216758004038072771e-01
8.204421878938461532e-01
9.949752238546466510e-01
8.072358204540412974e-01
8.799312678251934861e-01
5.868463679029779501e-01
6.051548024388312408e-01
2.563707855768426191e-01
5.570090862811039045e-01
9.907762783211588875e-01
9.981558539814640030e-01
9.787582256469705699e-01
3.050957481337228105e-01
9.967944047792510753e-01
9.903758738518448901e-01
9.949884106997431976e-01
1.000000000000000000e+00
9.834530183915044521e-01
9.953415130240798048e-01
9.908559773214409283e-01
9.303966080072042510e-01
9.978539957459738874e-01
9.980130029089637755e-01
9.912284929394187261e-01
9.845462019900330652e-01
9.986422925859477218e-01
9.976739137177061956e-01
9.989859436184651553e-01
9.650860467995543424e-01
9.895798555588747325e-01
9.967289573355870846e-01
9.964069025293514903e-01
6.956561965120043878e-01
1.000000000000000000e+00
1.000000000000000000e+00
9.981521894961530306e-01
9.930949241924851290e-01
9.965756759388489927e-01
9.996051176749328748e-01
9.788301112288135819e-01
9.831169661699814544e-01
9.623216317955003429e-01
9.970819486098727591e-01
9.962846347607052788e-01
9.946901252179426445e-01
9.986665202453602896e-01
9.797825709154807106e-01
9.870302951501754851e-01
9.969449300011022919e-01
8.196902202787199609e-01
9.938126154837179094e-01
2.390211929211273623e-01
9.971461927617071286e-01
9.877731272451636402e-01
9.894771716151831153e-01
9.882250033642847598e-01
7.819850286886803614e-01
9.871756425408809710e-01
9.855513691717687763e-01
7.688053097345132203e-01
8.376572695201524033e-01
9.186150125175033265e-01
6.463347784920516759e-01
1.000000000000000000e+00
1.000000000000000000e+00
9.042394120000842861e-01
1.000000000000000000e+00
9.814772317476969654e-01
9.998602202307919073e-01
1.308738930902979825e-01
8.701517706576727962e-01
9.540919424096994117e-01
1.000000000000000000e+00
9.940396012931034253e-01
9.991158856990342008e-01
9.992928633594430066e-01
7.010921139401348201e-01
9.356429868853005649e-01
6.492335730790510517e-01
1.000000000000000000e+00
9.580097180242568289e-01
8.704665298071891932e-01
9.887821209617809748e-01
6.865302560124126874e-01
8.216909561077526680e-01
1.000000000000000000e+00
1.000000000000000000e+00
9.918819848010728135e-01
1.000000000000000000e+00
9.971135454703530243e-01
9.863183269268356312e-01
9.129070914986606722e-01
9.792484576556366171e-01
9.973847004979128350e-01
9.945601970645592260e-01
6.241592111277999289e-01
9.629049607694254442e-01
9.640017017377360276e-01
9.939971020492651688e-01
9.923388691182285504e-01
9.349017021198628985e-01
9.581638290392245905e-01
5.591551785083068715e-01
4.979776735156123402e-01
9.215770553297905066e-01
9.783354142121090113e-01
7.344952551744751146e-01
8.258324589982881658e-01
9.974191141031421015e-01
6.960081202056674909e-01
9.753263663984508280e-01
6.758655547131665609e-01
6.595489364500115581e-01
9.889764768694450092e-01
9.789034866093986320e-01
9.451627439425976940e-01
9.894051337994412831e-01
9.961239611314427478e-01
9.938751428196819226e-01
4.947829606038744998e-01
9.291943401674848113e-01
9.838805300517553531e-01
8.036679654827719732e-01
9.985610010427529160e-01
9.787536204802391726e-01
9.852695140478068270e-01
9.954713289361567519e-01
9.617235799344425740e-01
4.253894259967500036e-01
6.476042493539833078e-01
9.906705256520121905e-01
9.246827050577760554e-01
1.000000000000000000e+00
9.988110964332892472e-01
9.339118954705185605e-01
9.991559123649459417e-01
9.098884332983694367e-01
9.999839481203248726e-01
9.984588529462642414e-01
8.779093282347317784e-01
9.310997815003642097e-01
9.884495625097847737e-01
7.426106043976837823e-01
9.981941028115951520e-01
9.924222671273058571e-01
9.603696591454632392e-01
8.020433756270286541e-01
9.928806308463429264e-01
8.508696891930425110e-01
9.719294028774507765e-01
9.805295287975921426e-01
3.621075000915985886e-01
9.210345020202208577e-01
9.433984290312359411e-01
6.388961434665273442e-01
9.530907833570249066e-01
9.991865380014355313e-01
9.616373042978392238e-01
9.888323232323232848e-01
9.383377568564608140e-01
9.904141293107693311e-01
9.991565778144823051e-01
9.964854099453887004e-01
8.335151863828436092e-01
8.721561907539739922e-01
9.986825840869169024e-01
