9.068908691406250000e-01
9.809417724609375000e-01
9.791870117187500000e-01
9.696197509765625000e-01
9.817504882812500000e-01
9.806365966796875000e-01
9.523162841796875000e-01
9.786071777343750000e-01
9.385223388671875000e-01
9.759826660156250000e-01
9.816436767578125000e-01
9.527282714843750000e-01
9.645080566406250000e-01
9.887390136718750000e-01
9.658355712890625000e-01
9.332733154296875000e-01
9.842834472656250000e-01
9.908905029296875000e-01
9.818572998046875000e-01
9.573516845703125000e-01
9.799499511718750000e-01
8.597412109375000000e-01
8.264465332031250000e-01
9.664154052734375000e-01
9.697723388671875000e-01
9.794769287109375000e-01
9.703521728515625000e-01
9.115295410156250000e-01
9.235534667968750000e-01
9.694976806640625000e-01
9.286346435546875000e-01
9.507904052734375000e-01
9.735565185546875000e-01
8.815765380859375000e-01
9.850158691406250000e-01
9.746246337890625000e-01
8.356323242187500000e-01
9.751586914062500000e-01
9.533691406250000000e-01
9.485015869140625000e-01
9.743041992187500000e-01
8.989562988281250000e-01
9.345397949218750000e-01
9.785003662109375000e-01
9.833374023437500000e-01
9.517517089843750000e-01
9.620971679687500000e-01
9.705657958984375000e-01
8.249206542968750000e-01
9.511871337890625000e-01
9.682312011718750000e-01
9.696502685546875000e-01
9.258575439453125000e-01
9.289398193359375000e-01
9.842224121093750000e-01
9.665985107421875000e-01
9.250488281250000000e-01
9.159851074218750000e-01
9.573669433593750000e-01
9.898834228515625000e-01
8.978118896484375000e-01
9.503936767578125000e-01
9.745330810546875000e-01
9.819030761718750000e-01
9.607543945312500000e-01
8.896026611328125000e-01
9.780883789062500000e-01
9.652709960937500000e-01
8.757171630859375000e-01
9.371032714843750000e-01
9.444732666015625000e-01
9.905548095703125000e-01
9.787139892578125000e-01
9.621276855468750000e-01
9.799041748046875000e-01
9.839782714843750000e-01
9.705200195312500000e-01
9.848327636718750000e-01
9.826049804687500000e-01
9.963684082031250000e-01
9.782409667968750000e-01
9.673461914062500000e-01
9.615325927734375000e-01
8.979644775390625000e-01
9.790496826171875000e-01
9.858245849609375000e-01
9.950103759765625000e-01
9.776916503906250000e-01
8.933715820312500000e-01
9.890899658203125000e-01
9.848480224609375000e-01
9.858245849609375000e-01
9.843444824218750000e-01
9.949340820312500000e-01
9.943084716796875000e-01
9.942626953125000000e-01
9.790802001953125000e-01
9.906311035156250000e-01
9.946289062500000000e-01
9.900512695312500000e-01
9.584960937500000000e-01
9.975891113281250000e-01
9.947509765625000000e-01
9.932250976562500000e-01
9.918823242187500000e-01
9.935302734375000000e-01
9.968261718750000000e-01
9.795227050781250000e-01
9.440765380859375000e-01
9.911804199218750000e-01
9.947204589843750000e-01
9.956817626953125000e-01
9.882049560546875000e-01
9.639587402343750000e-01
9.789123535156250000e-01
9.900207519531250000e-01
9.956054687500000000e-01
9.453125000000000000e-01
9.925231933593750000e-01
8.562774658203125000e-01
9.935607910156250000e-01
9.062652587890625000e-01
9.864501953125000000e-01
9.784088134765625000e-01
9.279785156250000000e-01
9.685821533203125000e-01
9.537963867187500000e-01
9.709625244140625000e-01
9.306488037109375000e-01
9.871520996093750000e-01
9.907531738281250000e-01
9.899291992187500000e-01
9.921569824218750000e-01
9.768066406250000000e-01
9.474945068359375000e-01
9.591064453125000000e-01
9.686584472656250000e-01
9.829711914062500000e-01
9.892425537109375000e-01
9.479827880859375000e-01
9.238739013671875000e-01
9.826965332031250000e-01
9.684143066406250000e-01
9.710540771484375000e-01
9.880828857421875000e-01
9.850921630859375000e-01
9.968414306640625000e-01
9.577941894531250000e-01
9.705352783203125000e-01
9.743804931640625000e-01
9.669494628906250000e-01
9.555511474609375000e-01
9.835205078125000000e-01
9.763793945312500000e-01
9.889068603515625000e-01
9.703826904296875000e-01
9.851684570312500000e-01
9.728698730468750000e-01
9.663085937500000000e-01
9.605712890625000000e-01
9.382476806640625000e-01
9.248046875000000000e-01
9.875793457031250000e-01
9.915618896484375000e-01
9.949493408203125000e-01
9.908142089843750000e-01
9.607391357421875000e-01
9.146118164062500000e-01
9.617004394531250000e-01
9.811553955078125000e-01
9.271545410156250000e-01
9.883422851562500000e-01
8.966217041015625000e-01
8.937530517578125000e-01
9.932708740234375000e-01
9.440155029296875000e-01
9.619598388671875000e-01
9.794311523437500000e-01
9.360046386718750000e-01
9.246215820312500000e-01
9.714660644531250000e-01
9.281921386718750000e-01
9.478912353515625000e-01
9.932098388671875000e-01
9.743804931640625000e-01
9.810333251953125000e-01
9.770355224609375000e-01
9.854431152343750000e-01
9.622039794921875000e-01
9.875183105468750000e-01
9.711608886718750000e-01
9.838104248046875000e-01
9.953155517578125000e-01
9.518127441406250000e-01
9.188995361328125000e-01
9.112701416015625000e-01
