3.738327347357619512e-01
8.171303074670570599e-01
8.125085910652920518e-01
6.660516605166051374e-01
5.585086747877445745e-01
6.350301984469369776e-01
7.148722627737226221e-01
7.319311663479923791e-01
5.697351559162751045e-01
5.128443206437635071e-01
8.143518518518518823e-01
8.506412110693278850e-01
7.200625827416055058e-01
8.459611772072636038e-01
3.391381345926800517e-01
3.951590594744121554e-01
8.435601458080194126e-01
7.841648590021691456e-01
8.245018450184501413e-01
6.840736972985193010e-01
7.902968400893711776e-01
5.014643670680116738e-01
2.282011264165026698e-01
6.136563103387747686e-01
6.685628241592772580e-01
8.137892842309289998e-01
8.700160556596200356e-01
6.415899116028930260e-01
7.598274209012464420e-01
6.287147102526002840e-01
6.043147208121827374e-01
6.507094118921260550e-01
6.397838287258366119e-01
5.532466037301404516e-01
6.550755180892167129e-01
8.087406555491661875e-01
2.776287553648068562e-01
8.330941152347755008e-01
5.436762729580408848e-01
6.344633380266435640e-01
7.919446503582900920e-01
3.819878674755016190e-01
3.509833585476550555e-01
7.128006522625356389e-01
8.649517684887459978e-01
5.952899014463074456e-01
8.070979265356837962e-01
7.466176277420202290e-01
4.383749388154674631e-01
8.337490905311297773e-01
8.637434554973821843e-01
8.133095550966773502e-01
7.109974424552429895e-01
7.059789128101521261e-01
5.406486006219457519e-01
8.205443515330381743e-01
5.984631733834709921e-01
3.673445938182235970e-01
8.242214532871972033e-01
7.977425259304453675e-01
7.112988748545070461e-01
8.260660210796639813e-01
8.653706541905299421e-01
9.181899703386907641e-01
4.560067681895093039e-01
6.014432876108631865e-01
6.991410014665828676e-01
6.402718507981666196e-01
3.117289166807503675e-01
7.556319658525018079e-01
5.214990138067061576e-01
6.867408906882591646e-01
8.017621145374449476e-01
8.866200721757799830e-01
7.219172297297297147e-01
7.232472324723246970e-01
4.011159330440173809e-01
8.071400853705859024e-01
8.945908460471567736e-01
9.494799405646359158e-01
8.321167883211678662e-01
8.221113881961762404e-01
6.884962313110095655e-01
4.382560483870967527e-01
7.236312399355877556e-01
6.516685414323210024e-01
8.369890329012961150e-01
7.434187434187433663e-01
4.458366375892149347e-01
9.458456411421646282e-01
6.676706827309236703e-01
7.797534376481745078e-01
8.525650237103031825e-01
9.168544953668920083e-01
7.378777231201686382e-01
7.921503593145383659e-01
3.829882988298830004e-01
9.319139498780217856e-01
8.234704112337011273e-01
7.466977466977466893e-01
2.011747430249632984e-01
7.817679558011049190e-01
8.414015675426463892e-01
8.602894902454373272e-01
8.994138778597088324e-01
9.014182748198092954e-01
9.095652173913043592e-01
7.923243577839678142e-01
8.070849563111907043e-01
9.355845313718934575e-01
9.142927916769878482e-01
8.756590509666081212e-01
7.591149890931754296e-01
4.315282791817087737e-01
9.050498110614908498e-01
8.595360824742268591e-01
8.752166377816291698e-01
9.165152573957605631e-01
9.296785304247990878e-01
1.835124826629681016e-01
9.481572481572481115e-01
6.183286735010873336e-01
8.144588382783117808e-01
8.665094339622640973e-01
6.270838271312316747e-01
7.401236905212671413e-01
8.485545663699110008e-01
4.297272999700329499e-01
7.591287296624092962e-01
8.718026796589525285e-01
8.576462297392529743e-01
8.793859649122807154e-01
8.069120961682945126e-01
7.685044166920499409e-01
7.389226100151744525e-01
5.356090798821694365e-01
2.576797976147451874e-01
4.311926605504587395e-01
7.434497816593886865e-01
6.626756382347120944e-01
1.173036093418259040e-01
8.100820633059788722e-01
6.046600458365164465e-01
8.803305576583396741e-01
9.371124889282550496e-01
9.280135573239021163e-01
9.372537132464383580e-01
6.319361277445110225e-01
5.694537346711259218e-01
5.437499999999999556e-01
5.495008319467553637e-01
7.494840041279670073e-01
7.526339899221254903e-01
6.842105263157894912e-01
8.121932317230690090e-01
6.546877779754491922e-01
6.821451929365598410e-01
4.321303098051740843e-01
3.640552995391704849e-01
8.119359534206695983e-01
6.515712440809298123e-01
7.749360613810741816e-01
8.713450292397660890e-01
8.921606864274570503e-01
6.350606394707828395e-01
7.596806387225548685e-01
7.838904753905593381e-01
6.422223642989578485e-01
7.622880954635855577e-01
9.110102320219051197e-01
2.142857142857142738e-01
8.427336352408398845e-01
7.203764084361715669e-01
4.368782854832187756e-01
8.614079195474544370e-01
3.921471172962226470e-01
7.450138079165388172e-01
8.331063513680821986e-01
7.086083512818731611e-01
6.347504621072088682e-01
6.983870967741935276e-01
7.979390296264491367e-01
7.976296296296295774e-01
8.644945188794153079e-01
7.902822882837871044e-01
7.383157894736842586e-01
7.870082083215397262e-01
8.286330159870666234e-01
7.766456266907123540e-01
9.200703537228844819e-01
8.818454613653413654e-01
9.066432028156621303e-01
9.286544271438531561e-01
7.420566854529118128e-01
7.647917865203345267e-01
6.600607973810358464e-01
