7.273073263558516022e-01
7.079482439926062520e-01
7.171453437771975192e-01
6.178632805041054388e-01
2.301715438950555082e-01
0.000000000000000000e+00
3.193794631864073086e-01
7.544540886249428979e-01
7.386995827538247461e-01
8.219386783469815327e-01
5.209757247230732968e-01
1.622801746584945637e-01
3.586803930744033586e-01
4.170050761421320029e-01
2.178863805507318396e-01
2.666836962769014718e-01
0.000000000000000000e+00
2.417012448132780100e-01
2.638859481967675835e-01
5.360134003350083276e-01
1.154364224137931078e-01
2.373723433618548095e-01
1.250852690913007437e-01
1.718901677991956645e-01
3.617525162818235884e-01
7.297476759628154230e-01
7.165704131497112606e-01
4.454148471615720362e-01
8.081352000662744839e-02
8.787022382997965453e-01
7.692662312716096462e-01
7.028575977075539605e-01
3.603042014711382857e-01
2.572631863429575283e-01
6.393915921413985126e-01
4.663929807614907719e-01
0.000000000000000000e+00
1.876747967479674706e-01
1.795069337442218860e-01
2.428320655354008206e-01
5.421644413211524904e-01
7.403314917127071793e-01
1.932915113775781832e-02
3.318254390633315620e-01
3.160000000000000031e-01
7.594765342960289045e-01
0.000000000000000000e+00
8.331601731601732119e-01
6.902887139107611869e-01
8.573795715469286760e-01
6.226243830487320219e-01
9.528803886789543043e-01
6.394608760763759170e-01
8.582985386221294588e-01
8.343403119291836756e-01
9.237566271143650143e-01
1.782077393075356397e-01
1.281247200071678194e-01
1.004705231109880997e-01
9.293071668654451223e-01
8.024449877750611249e-01
7.860676009892827443e-01
2.223376286150150968e-02
8.230519480519480346e-01
9.316416364577938536e-01
8.494458128078817838e-01
6.262843884653629400e-01
8.368293221461691189e-01
7.129044254369654166e-01
7.333142366084216546e-01
6.826124534966743207e-01
5.149828767123287854e-01
8.942046855733661870e-01
8.177319587628866238e-01
5.161290322580645018e-01
7.263530601922104646e-01
9.111170071637039181e-01
8.941787003610108808e-01
8.223684210526315264e-01
8.751642282940298445e-01
9.369121690059325491e-01
4.478873239436619857e-01
7.610849056603773422e-01
8.015254518322002530e-01
7.312925170068027558e-01
8.480823757648112693e-01
4.478078964947438956e-01
8.148033765698990960e-01
3.903115526027220450e-01
7.642301710730948772e-01
0.000000000000000000e+00
5.558173251177963570e-01
1.776615937926670774e-01
2.737907761529808637e-01
6.340825927861997169e-01
7.527318400669876786e-01
6.452564312633131127e-01
8.874328678839956686e-01
6.548523206751054593e-01
1.905487804878048738e-03
3.632558439049520249e-01
4.516423357664233612e-02
5.139717425431711284e-01
4.378868576363897924e-01
6.661471861471861544e-01
5.243597751405371099e-01
1.269248188405797118e-01
8.231780167264037829e-01
1.735619527030569931e-01
6.706520227999444028e-01
8.305356227575602102e-01
0.000000000000000000e+00
7.311925770945146841e-01
1.342368150433377316e-01
6.561769290724863701e-01
4.914357972180710687e-01
4.456936358161011635e-01
8.224046354418155236e-01
6.336161187698833297e-01
6.728546840422916508e-01
7.298474945533769409e-01
0.000000000000000000e+00
6.375545851528384711e-01
3.224825411128632302e-01
0.000000000000000000e+00
1.580811808118081085e-01
1.248742380304195959e-01
0.000000000000000000e+00
7.838931110566315086e-01
5.504322766570605152e-01
4.411208180683602320e-01
2.610318924025010201e-01
2.229407143288813786e-01
5.268817204301075030e-01
5.627013436002199498e-01
6.917491222470475432e-01
4.667966030906306463e-01
4.029600124960949770e-01
1.853793954349167161e-01
3.510059636935579097e-01
7.109048117154811441e-01
2.287310809310587334e-01
1.542557097745465289e-01
5.268656716417911001e-01
6.872082166199813269e-01
4.529497239174658518e-01
4.842384105960265139e-01
7.837159253945480408e-01
1.484317115337120407e-01
3.045300113250283269e-01
5.020632069517937390e-01
5.336859688195990659e-01
6.166448889335611749e-01
5.745321221407464485e-01
8.223950480120625350e-01
8.786989962195280723e-01
1.563908681110949550e-01
1.871712200916341440e-01
1.674679487179487059e-01
0.000000000000000000e+00
6.292650918635170898e-01
5.005875440658049680e-01
7.579214195183776592e-01
5.603565200542530711e-01
5.688274351427202724e-01
9.025385682801404519e-01
5.162869664784617285e-01
9.007704160246533531e-01
8.428642466434609348e-01
6.798555245444097839e-01
5.936632253470985887e-01
8.762112139357648433e-01
8.073289070480081930e-01
7.720694645441389392e-01
8.974746384631987484e-01
8.269176931690929155e-01
0.000000000000000000e+00
6.423140495867768474e-01
2.761784608326642854e-01
8.123220589910032929e-01
8.341396849026175842e-01
2.137127466479302185e-01
7.818318729463308303e-01
5.765577201738850688e-01
5.487298737232507717e-01
8.398475398475397924e-01
9.645438898450946485e-01
7.113788791633511854e-01
7.091289563170285470e-01
7.988429016466399579e-01
8.205265030238348967e-01
7.723915050784856406e-01
9.408440090429540659e-01
5.965159885479253132e-01
3.827545425223094488e-01
8.825412459985225722e-01
