8.737374577765945061e-01
9.836232513104737896e-01
4.948024597759245191e-01
6.203932011703980898e-01
9.881913256493201070e-01
9.833091207680646484e-01
9.156643211203161492e-01
9.081006925505363814e-01
8.755170179897343585e-01
9.608598312275922204e-01
9.999331215515799842e-01
8.989533096055429828e-01
9.994616148190521576e-01
9.879683965511588672e-01
9.999223445726621584e-01
2.782140779522978558e-01
8.952966122919205905e-01
7.031289467037130647e-01
1.000000000000000000e+00
9.834489493534482873e-01
9.969473034513820497e-01
9.833006962576152921e-01
3.392791082945973424e-01
7.962638937492709790e-01
4.387183909916360092e-01
9.997600479904019677e-01
9.323755595515935690e-01
1.000684297387594152e-01
1.000000000000000000e+00
5.641485647788984092e-01
8.960834346582637888e-01
9.558526612260133115e-01
9.728596539323668413e-01
1.000000000000000000e+00
1.000000000000000000e+00
9.959485306903147483e-01
9.668870936217343059e-01
1.000000000000000000e+00
9.760702935128061641e-01
9.953729316501533919e-01
6.127305073728146478e-01
3.431071638477111163e-01
8.907396861554036649e-01
6.958307425467159524e-01
9.888739391430345638e-01
9.367338869118227995e-01
7.041902563256929870e-01
9.418746756399309916e-01
4.079886885825380061e-01
9.527584533247047682e-01
8.958854329477962120e-01
9.642147466896442420e-01
4.161249346185459386e-01
8.021057669298875537e-01
8.414154448918671481e-01
9.822423335556798030e-01
5.682069340126243429e-01
3.542484120141466963e-01
9.210126094908075434e-01
9.802592574788893121e-01
6.195964829963891418e-01
8.539311783107403908e-01
9.829580491450995439e-01
9.726928328301378546e-01
9.986271972733297142e-01
8.182025642089539863e-01
6.732268601349243875e-01
9.010454491715786940e-01
9.890212944847769361e-01
7.753362379238492030e-01
9.582101672892642252e-01
9.996101911622540248e-01
9.875052693702048856e-01
1.000000000000000000e+00
9.111354379638424428e-01
1.000000000000000000e+00
7.696726287769112274e-01
9.999348013887303654e-01
9.762181909349760822e-01
9.953251099009251535e-01
9.480052547880799541e-01
8.642288718447300733e-01
8.422150743284360086e-01
4.527101974413961227e-01
9.943821134262632588e-01
9.844665976989874778e-01
9.896635970682202688e-01
9.594420994677922421e-01
9.469438294998311356e-01
9.959168945609236934e-01
9.704652752388370773e-01
9.883528523462977722e-01
9.793110391462657160e-01
9.959915304918456336e-01
9.899047855348447333e-01
9.988767375466075515e-01
9.678717345549090467e-01
9.925319369519759460e-01
9.964785425861583112e-01
9.956189425577181007e-01
6.754868853217375069e-01
9.995074346581288571e-01
9.996546798725455263e-01
9.861414212211478958e-01
9.899143045484508630e-01
9.941737803888474057e-01
9.948349391881219361e-01
9.720438294491525744e-01
7.813306047622092798e-01
9.512387288803291208e-01
9.950231012401717923e-01
9.946473551637279309e-01
9.884133777143763178e-01
9.784917559575169177e-01
9.567265916156564298e-01
9.797165518138083451e-01
9.952599171666588473e-01
8.466222567330090598e-01
9.912189995083995342e-01
6.788260156447135651e-01
9.901300410382504191e-01
9.460628785693683263e-01
9.929560120191123218e-01
9.992731765817494116e-01
9.896452574573549876e-01
9.741303909035861075e-01
9.129028218400401240e-01
5.754581499172676251e-01
9.239614715492001640e-01
8.207425085292684441e-01
9.995459852120898159e-01
9.832580825890649967e-01
9.879468652383807115e-01
9.838009689140089220e-01
8.408633202872667356e-01
3.383251066677821495e-01
3.366089196735726485e-01
9.912715116998885856e-01
9.914412710421789399e-01
8.037437348699240092e-01
1.076490316996646102e-01
9.215159407866538865e-01
9.934114927344781520e-01
9.221659191954492130e-01
9.946353541416567134e-01
8.321350243158195381e-01
9.998073774438986927e-01
9.367890829478674464e-01
9.182402211921606439e-01
9.005587471472417116e-01
9.534931789995866325e-01
2.371764205602509001e-01
4.381418891338068611e-01
7.447170545148117382e-01
6.972368527671988225e-01
9.181529796394004572e-01
9.926082197864949386e-01
8.754661402024380701e-01
9.515271602551710339e-01
4.797664853389942974e-01
9.775291187458794440e-01
6.408974245508451961e-01
9.421465351866186166e-01
9.760924009754168296e-01
1.000000000000000000e+00
9.999842740096557270e-01
6.167408170018752189e-01
9.103423160961398031e-01
9.781341868596378220e-01
8.935964879082617385e-01
9.980695581779119863e-01
9.934978163092367254e-01
9.803168506961114081e-01
3.304256417822366565e-01
9.698783641413657453e-01
7.069511770110572524e-01
9.696631528345294182e-01
9.765504106653969396e-01
1.695672883156853494e-01
9.476790734913512759e-01
9.500858862965495533e-01
8.422782275615913194e-01
9.890122555611049471e-01
9.984687774144668237e-01
9.531667399316944289e-01
9.953454545454545332e-01
9.741098702989633429e-01
9.833067971045418298e-01
9.952733215019943236e-01
9.888794765964349365e-01
5.890650108119903638e-01
6.549876039084147061e-01
9.976253984776527473e-01
9.208694265823457181e-01
6.881671304564521696e-01
9.126613350225670773e-01
