5.035896846820975270e-01
9.013452914798206761e-01
2.768593072561817969e-01
1.689120194999835234e-01
6.751398068124047080e-01
8.068700895304220522e-01
7.629990262901655829e-01
5.800442270320981253e-01
5.874256771636203744e-01
4.689223979404192888e-01
8.006279434850863685e-01
8.826190068702476355e-01
8.350750522515675289e-01
9.172066234701223841e-01
6.487119437939110611e-01
1.405399164918897104e-01
6.428205274249586543e-01
1.890551554616412833e-01
6.488557743480575235e-01
9.229257971890585388e-01
7.342105263157894246e-01
6.578416241244212648e-01
1.406965798556636393e-01
4.708213101339420170e-01
1.913871111423681992e-01
8.030567322867347979e-01
8.821004292702405714e-01
4.148454471693668877e-01
6.323673526529469680e-01
2.082419350121376966e-01
7.018767809767122445e-01
6.971177678634657982e-01
6.771653543307086798e-01
8.123571207908557579e-01
2.271863117870722426e-01
8.006099331977926115e-01
7.300966879242953844e-01
0.000000000000000000e+00
7.888523610280931964e-01
8.141235328073889166e-01
3.837158707712389760e-01
1.755593803786574814e-01
3.971163033093025319e-01
1.037568630841727638e-02
8.796997611736608880e-01
7.059262020126724213e-01
5.757902204472004071e-01
6.995232753785753932e-01
3.484282601929660772e-01
6.628928078960737436e-01
8.433487114689547370e-01
8.914664457332228675e-01
4.344238563983787160e-01
6.482826541918010887e-01
1.926547411746082072e-01
8.743698120894229930e-01
3.839496820696462476e-01
2.954592382632853509e-01
7.591865357643758916e-01
7.721126760563380431e-01
6.017456309521442837e-01
7.666148367357175086e-01
9.016560509554140124e-01
9.354735381001529904e-01
7.970045466702326831e-01
7.581136385266964428e-01
2.159409218232747618e-01
6.285521355016600031e-01
7.666243117323168210e-01
6.552628702590447274e-01
7.547133879261093137e-01
7.264614011601963073e-01
8.494100173281623478e-01
1.935233495752662625e-01
4.219260305410892364e-01
0.000000000000000000e+00
1.491661874640597962e-01
6.213592233009708199e-01
9.359011487595327861e-01
7.881736526946108157e-01
8.338332333533293728e-01
7.254224968199164403e-01
6.132381570408825811e-01
4.360283471767126273e-01
9.121184088806660872e-01
7.781508842623684474e-01
8.358579587782468678e-01
4.905518473253737133e-01
8.813131313131312705e-01
9.765533411488862559e-01
7.387514060742407240e-01
9.007257291524031206e-01
9.052053121660814661e-01
9.663366336633663067e-01
7.565789473684210176e-01
9.542619542619542594e-01
8.640744433366567140e-03
9.689617859787004184e-01
9.154806854487366197e-01
8.777354900095147849e-01
6.111978585768458594e-02
8.882733148661126066e-01
6.394407652685798471e-01
8.638071383844708739e-01
7.584014532243414930e-01
9.126731918139061595e-01
8.595041322314049825e-01
8.584122726129600478e-01
7.722162001317774971e-01
8.561220844179043832e-01
9.229374433363554120e-01
9.145358212393457364e-01
7.322426177174780060e-01
6.150142263077259530e-01
9.246444063351154652e-01
8.652849740932642142e-01
9.257300528857208555e-01
8.637775214531073775e-01
9.587970811527972703e-01
1.728605661833394203e-01
9.641705926109596092e-01
8.638558934864900563e-01
8.505903723887374701e-01
9.547888161808447682e-01
7.203797897592404409e-01
8.467241640187622709e-01
8.640296018344798545e-01
5.955805218097526277e-02
9.105864281644080460e-01
0.000000000000000000e+00
8.800000000000000044e-01
9.043705640642509813e-01
8.491311216429699993e-01
8.853936136579196869e-01
7.451419809512576098e-01
1.972032701450082415e-01
3.209615341331112370e-02
4.170666666666666411e-01
7.322588405099831332e-01
5.106899902818270442e-01
2.811163855502811157e-02
6.718588462333724420e-01
6.904616883907905844e-01
8.730476071473197708e-01
9.267790503152747439e-01
7.473262796682871301e-01
9.538065346853371596e-01
7.136360247521061906e-01
1.117004680187207444e-01
3.726525821596244348e-01
6.436837617249360211e-01
2.970594478096886260e-01
1.996138906333589091e-01
1.145828318328438733e-01
2.908442150015183580e-01
5.972764195269570919e-01
6.510143606108957925e-01
3.013361462728551543e-01
5.794905577514273265e-01
4.055494995540580572e-01
4.976833261259034913e-01
5.282517707662588435e-01
7.573371510379384164e-01
8.554545454545454675e-01
0.000000000000000000e+00
8.150851581508515853e-01
4.873031635693005903e-01
8.005557270762581057e-01
9.275713050993950048e-01
8.186304551172467470e-01
8.504635227730753533e-01
9.506427915518824712e-01
8.679349071739628219e-01
3.791207856085232475e-01
7.525786656221439275e-01
2.066984004459882507e-01
8.793615441722345549e-01
9.070566826177798303e-01
3.257474341811691376e-01
8.758686888078326405e-01
7.120733724251991914e-01
7.970143901017617827e-01
8.909062203978528327e-01
9.636556104446012405e-01
8.192833204434132321e-01
7.009868421052631859e-01
8.625742574257425632e-01
9.007126818314946659e-01
8.967998015380799215e-01
9.620117710005350320e-01
5.936200266813151938e-01
5.302090056098892612e-01
9.550715619166147974e-01
7.947885632976121606e-01
6.976201961730181811e-01
2.218829516539440327e-02
