3.365318185307438204e-01
8.204081632653060785e-01
1.606713302181546621e-01
9.224680697967260756e-02
5.095932463545663760e-01
6.762633996937212899e-01
6.168136020151133714e-01
4.084945729117508417e-01
4.158547041858289828e-01
3.062695171751140810e-01
6.675392670157067609e-01
7.898997855673712820e-01
7.168488011743597843e-01
8.470744680851063357e-01
4.800693240901213188e-01
7.558103437571141170e-02
4.736444519053214508e-01
1.043958660761061114e-01
4.802268788403970534e-01
8.568822786586220985e-01
5.800415800415800183e-01
4.901371074745687895e-01
7.567166194140677316e-02
3.078916239508815433e-01
1.058198314970835996e-01
6.709229701596113316e-01
7.890694766922664583e-01
2.617066243973317219e-01
4.623810011260108266e-01
1.162221279096340293e-01
5.406857921429112368e-01
5.350581584954886560e-01
5.119047619047618625e-01
6.840079076058682706e-01
1.281501340482573692e-01
6.675142269039835430e-01
5.749230520006479717e-01
0.000000000000000000e+00
6.513263417643430087e-01
6.865163069933474249e-01
2.374061984722549423e-01
9.622641509433962903e-02
2.477511650590657755e-01
5.214897223067228339e-03
7.852357168960896194e-01
5.455069124423963522e-01
4.042875064570880528e-01
5.378975741239891972e-01
2.109676811457646406e-01
4.957663916630482004e-01
7.291296173974899375e-01
8.041853512705530171e-01
2.774849745723532157e-01
4.795992714025500980e-01
1.065954278707191005e-01
7.767824828085414524e-01
2.375852272727272674e-01
1.733365636631940543e-01
6.118458234429750009e-01
6.288139481532462050e-01
4.303549084290752003e-01
6.215534770231802009e-01
8.209232196706101048e-01
8.787696422601136703e-01
6.625166740773676954e-01
6.104533088094417081e-01
1.210391093348558433e-01
4.583128179878548925e-01
6.215659340659340781e-01
4.872795253190279063e-01
6.060559718611407964e-01
5.704274702172389411e-01
7.382386689615605402e-01
1.071275122929297718e-01
2.673677145094529584e-01
0.000000000000000000e+00
8.059404710122412829e-02
4.507042253521126862e-01
8.795246303184250936e-01
6.504014823965410530e-01
7.150205761316872355e-01
5.691474194468206793e-01
4.422087037903603135e-01
2.787955564217501347e-01
8.384353741496598511e-01
6.368633198973983056e-01
7.180034129692832723e-01
3.249875435974090565e-01
7.878103837471783777e-01
9.541809851088202121e-01
5.857302118171683336e-01
8.193821624314897578e-01
8.268265476854433915e-01
9.348659003831417680e-01
6.084656084656084873e-01
9.125248508946322001e-01
4.339118825100133497e-03
9.397923110914715439e-01
8.441349758971612438e-01
7.821110640101738287e-01
3.152323976069949102e-02
7.990033222591361728e-01
4.699837750135208436e-01
7.602645356847615998e-01
6.108266276517922977e-01
8.393733925648819705e-01
7.536231884057971175e-01
7.519459538845645330e-01
6.289512862237301993e-01
7.484383366053899422e-01
8.569023569023569431e-01
8.425297113752122646e-01
5.775889203651243253e-01
4.440581542351453859e-01
8.598499061913695840e-01
7.625570776255707894e-01
8.617294520547945647e-01
7.602186523873271096e-01
9.208551606965879044e-01
9.460721113235229240e-02
9.308198683423100084e-01
7.603400735294117974e-01
7.400237060450415294e-01
9.134889015367102516e-01
5.629637481450073810e-01
7.341905011807924319e-01
7.606092581547919673e-01
3.069303477381326098e-02
8.358500864186300117e-01
0.000000000000000000e+00
7.857142857142856984e-01
8.254347084896010989e-01
7.378174330816746895e-01
7.943554105800595400e-01
5.938058088166181525e-01
1.093874128343190061e-01
1.630981791563729591e-02
2.634770889487870749e-01
5.776091081593928145e-01
3.429037520391516880e-01
1.425620187464786241e-02
5.058640373637779408e-01
5.272558139534884170e-01
7.746978600731788678e-01
8.635491606714628121e-01
5.965849427019129791e-01
9.116923076923076907e-01
5.547699084270314440e-01
5.915399867812293211e-02
2.289938694554634058e-01
4.745823603377043454e-01
1.744391179290508131e-01
1.108728231099167932e-01
6.077319850875848722e-02
1.701683471771865130e-01
4.257976609515158328e-01
4.825954714430550907e-01
1.773959842682674426e-01
4.079455866439944400e-01
2.543506364359586214e-01
3.312772431943416529e-01
3.589280831282471995e-01
6.094470046082949288e-01
7.474185861795075159e-01
0.000000000000000000e+00
6.878850102669404887e-01
3.221419863077932821e-01
6.674388674388674891e-01
8.649258542875564171e-01
6.929503631300168998e-01
7.398316970546984228e-01
9.059286808138262703e-01
7.666828636216391768e-01
2.338982338982338871e-01
6.033075151768892974e-01
1.152613707016117428e-01
7.846969195097714955e-01
8.299210656142081977e-01
1.945628997867803744e-01
7.791515813921715550e-01
5.528834928788232128e-01
6.625302776225079349e-01
8.032740213523131834e-01
9.298604017705141001e-01
6.938864628820961000e-01
5.396302861483920355e-01
7.583565459610027704e-01
8.193605683836590048e-01
8.129075781425679770e-01
9.268041237113402442e-01
4.220907848115392214e-01
3.607376883064243867e-01
9.140066698427822267e-01
6.594598583234947409e-01
5.356503487869621605e-01
1.121860848085631975e-02
