3.004596740493105100e-01
7.847222222222222099e-01
1.621598020666569773e-01
9.633925335266400880e-02
5.223935389133627094e-01
6.111264876833656379e-01
5.930241355829612981e-01
3.946236559139785216e-01
3.585020242914979671e-01
2.666922486569455186e-01
7.600202942668695671e-01
7.749066403399579306e-01
7.594936708860760000e-01
7.649746192893400742e-01
6.688084112149532690e-01
7.654098463731058566e-02
4.455586261350177879e-01
1.123008350837645386e-01
5.681604512691945663e-01
7.995824634655532837e-01
6.419732157992880106e-01
5.212336109507710313e-01
8.863762157033289180e-02
2.954019897821995033e-01
1.083649685417717445e-01
6.991040661612680784e-01
7.653950481906850456e-01
2.795949733297170003e-01
4.841028756581611803e-01
9.883421357722529943e-02
4.858018386108273745e-01
5.483673469387755350e-01
4.732741156303568730e-01
7.303810504634397072e-01
7.476547842401500832e-01
7.259145982825550014e-01
4.646803227808814496e-01
0.000000000000000000e+00
6.134520054078413942e-01
7.358227455841338527e-01
2.458925090504037736e-01
1.015141821283855883e-01
2.013732044448459657e-01
2.294185853900944025e-02
7.887776983559685595e-01
4.491998511350949186e-01
4.381923615276944739e-01
4.119334480780263985e-01
2.280330999363462674e-01
4.176661556497429650e-01
7.007520265650942770e-01
7.875056999544003400e-01
3.111531779166558653e-01
4.711427301022676484e-01
8.870908958378891096e-02
7.613992342499129595e-01
2.248643137725269137e-01
1.770945461069250160e-01
5.776714345814051299e-01
5.986854823120046909e-01
4.371597703542850488e-01
6.305584911795788505e-01
8.401407373412880242e-01
8.485260770975057154e-01
7.625623321825854006e-01
6.146619436316033136e-01
1.328762212064174830e-01
3.267484662576687349e-01
6.543263964950711831e-01
4.805163853028798226e-01
5.643324793623683000e-01
6.687979539641943916e-01
7.012570205937416201e-01
2.492481023535589868e-01
2.648270181219110619e-01
1.585579278963948069e-01
7.706476530005941517e-02
7.205105633802817433e-01
8.579646017699115168e-01
6.085965483555845212e-01
6.871568715687156326e-01
5.485452942473000304e-01
4.182974291509071740e-01
2.961534479188237534e-01
8.150934792521660199e-01
5.429553264604810581e-01
6.048850574712644201e-01
3.365470852017937164e-01
7.571194556451612545e-01
9.607172707241090626e-01
4.190460998564364270e-01
7.927211376235236973e-01
8.063858695652174058e-01
9.025350726064483853e-01
4.783599088838269009e-01
7.412805830296720355e-01
6.116048092002090986e-02
9.206640077611296658e-01
7.928501469147893888e-01
7.685855890202059060e-01
3.168509181738285441e-02
7.907647907647907815e-01
5.088697415103902166e-01
6.997210246005579615e-01
6.357547655847500812e-01
8.046051215838174731e-01
7.395231213872832665e-01
7.282036694638031049e-01
6.220021926819240266e-01
7.030910609857978777e-01
8.509548206800185977e-01
7.996826656088853458e-01
5.282135975777594306e-01
4.296528321587053112e-01
8.556226274192544334e-01
7.112688553682342540e-01
7.939110070257611174e-01
7.760310330747244301e-01
9.016416057387225402e-01
9.348093480934809019e-02
9.026086956521739424e-01
7.209486735870819230e-01
7.241566920565832843e-01
9.495853750471164867e-01
5.700185070943861732e-01
7.118141374196736981e-01
7.498875191217493352e-01
2.011295317908544378e-02
8.191735684388636862e-01
1.335967635713613752e-02
8.210474063042938475e-01
7.862818226041835556e-01
6.913183279742765031e-01
7.911045812742085737e-01
5.775183150183149650e-01
8.875554396034437965e-02
1.748191737158269130e-02
2.073005858494817444e-01
5.036200405444540840e-01
3.435556508685395638e-01
1.511969000108644504e-02
3.851137800252844579e-01
5.278420209927059403e-01
7.529443398763108197e-01
8.749901099770551749e-01
6.012649462167027892e-01
9.496359223300970820e-01
4.976608795093044879e-01
6.022459699329831689e-02
1.998138380390939994e-01
4.105034182722187563e-01
1.885103681760474104e-01
1.148954400621201161e-01
5.875423354439699569e-02
1.839416058394160447e-01
3.306878306878306972e-01
4.464788732394366355e-01
1.583957120414009878e-01
2.877385772122614260e-01
2.198275862068965469e-01
3.835801819412074098e-01
3.459880333394299012e-01
5.250308478759033726e-01
6.930565497494631799e-01
5.428286852589641054e-01
7.886904761904761640e-01
3.259166011014948960e-01
6.888257450604639009e-01
8.373036513055237551e-01
6.108009241432421632e-01
5.225409836065574298e-01
8.641744548286603989e-01
7.655388520883741332e-01
2.287289687036875574e-01
4.332633473305338989e-01
1.070825557629076635e-01
7.753889369057908043e-01
8.158341416100872712e-01
2.016500313063975536e-01
7.477150450508848190e-01
5.003546458607761593e-01
6.210436876017843000e-01
8.225919194743464002e-01
9.048686739269699020e-01
6.710290237467018137e-01
6.146851557172084979e-01
7.172316020105683476e-01
7.800135272235373396e-01
8.227750138197899021e-01
9.109001278071937602e-01
4.260969976905311651e-01
3.835104854926745244e-01
8.650481189851269015e-01
6.451360205098988221e-01
5.319795085738826534e-01
2.792585709395021404e-02
