7.931605074462216853e-01
9.827831025914093299e-01
9.013104675618831552e-01
5.652913653764355395e-01
7.675296655879180197e-01
1.000000000000000000e+00
1.000000000000000000e+00
8.746772591857000512e-01
9.958762886597938291e-01
8.358388454600120809e-01
7.848410757946210348e-01
1.000000000000000000e+00
7.968519429414657740e-01
9.980132450331126170e-01
9.965187119234116819e-01
1.000000000000000000e+00
1.000000000000000000e+00
1.000000000000000000e+00
5.712935244997636719e-01
9.973958333333333703e-01
6.775809626051172430e-01
6.087249614791987451e-01
1.000000000000000000e+00
9.938483806766781337e-01
1.000000000000000000e+00
7.053261020720344998e-01
1.000000000000000000e+00
9.755835962145110729e-01
4.894052615416112362e-01
8.376091703056768312e-01
9.987400251994960065e-01
8.146127027436713686e-01
8.615602836879432402e-01
7.379044844449068608e-01
8.546916890080429319e-01
7.688761525043608103e-01
9.041062801932366888e-01
0.000000000000000000e+00
8.130506196804538899e-01
8.066927127569220035e-01
9.980220401243289352e-01
1.000000000000000000e+00
9.607758620689654805e-01
1.252826775214835042e-01
8.753305129561078646e-01
9.975206611570247572e-01
1.000000000000000000e+00
8.661037394451146509e-01
1.000000000000000000e+00
5.757707608155147039e-01
9.998606465997770254e-01
9.960779790056523142e-01
9.995834721759413455e-01
9.453118030154340490e-01
1.000000000000000000e+00
8.691765173338631412e-01
6.173540791965094199e-01
9.073882569229001493e-01
8.082554631741594164e-01
9.904061400703549900e-01
8.897499545922382680e-01
8.821221426134424615e-01
9.137342983112886063e-01
9.676394532693017858e-01
9.195189639222941524e-01
9.209645782854505303e-01
6.427487535226533710e-01
8.417891575786312641e-01
8.097045269720791749e-01
9.490820649615565596e-01
9.997478567826525442e-01
7.460770328102710458e-01
8.415984593163216010e-01
2.492481023535589868e-01
7.522667446621819076e-01
1.611526147278548593e-01
1.000000000000000000e+00
7.823178016726404227e-01
1.000000000000000000e+00
8.175853018372702952e-01
9.936231129619990110e-01
9.960976585951570872e-01
9.513776337115072979e-01
9.997378538972386819e-01
9.485274608649508776e-01
1.000000000000000000e+00
1.000000000000000000e+00
5.363587636233696498e-01
9.822625470001634662e-01
9.816770186335403992e-01
1.000000000000000000e+00
1.000000000000000000e+00
9.993264859403939715e-01
1.000000000000000000e+00
1.000000000000000000e+00
9.909533750869867763e-01
2.543478260869564966e-01
9.900312970905297272e-01
9.859926918392204476e-01
9.687650168188370881e-01
1.000000000000000000e+00
9.614035087719298156e-01
5.495347564313081135e-01
1.000000000000000000e+00
7.623558484349258757e-01
9.543134252169473974e-01
9.195867026055705162e-01
1.000000000000000000e+00
9.747651006711409716e-01
9.994062462890392906e-01
9.488444559854583016e-01
1.000000000000000000e+00
7.845461978740800868e-01
9.180145008365867554e-01
1.000000000000000000e+00
1.000000000000000000e+00
9.995085995085994934e-01
8.330046022353714275e-01
9.986249045072574937e-01
1.000000000000000000e+00
1.000000000000000000e+00
9.937400635930048187e-01
8.618605655083099171e-01
9.595315178061322170e-01
6.266531027466938353e-01
9.467455621301774649e-01
9.456990467544257317e-01
3.744911804613297313e-01
9.997282904032170903e-01
4.705882352941176405e-02
8.561076604554865854e-01
9.997938144329896470e-01
1.000000000000000000e+00
9.728975032851511218e-01
9.776003720353433346e-01
5.894992202391267089e-01
1.000000000000000000e+00
5.000000000000000000e-01
8.312619502868069388e-01
9.316661820296597840e-01
1.000000000000000000e+00
1.000000000000000000e+00
5.962620578778135005e-01
9.980041342932497450e-01
9.046956806282722141e-01
9.941225860621326627e-01
9.666460778258184616e-01
1.000000000000000000e+00
1.641569982720315901e-01
9.655172413793103869e-01
1.000000000000000000e+00
9.793338463229636082e-01
1.000000000000000000e+00
3.126959247648902762e-01
9.866875489428347246e-01
1.000000000000000000e+00
7.629362214199759684e-01
1.000000000000000000e+00
8.627167630057803738e-01
6.586053064099554044e-01
4.667032564946944628e-01
6.510324483775811188e-01
9.749590834697218211e-01
9.993806771263418209e-01
9.461805555555555802e-01
9.527478171545967767e-01
9.294561120086159978e-01
9.819140919366993181e-01
1.000000000000000000e+00
1.000000000000000000e+00
9.792626728110599421e-01
9.973633748801533638e-01
8.083431060479142616e-01
9.277758132956153148e-01
9.996539792387543200e-01
1.000000000000000000e+00
9.844993141289437588e-01
1.000000000000000000e+00
1.000000000000000000e+00
9.751458280497083964e-01
8.860577785752736801e-01
8.955482948744128979e-01
8.731265766434188613e-01
9.943681802182330332e-01
9.949921752738654090e-01
7.385960120185741662e-01
9.886303073370047434e-01
1.000000000000000000e+00
8.628405797101449393e-01
9.925395404356908147e-01
1.000000000000000000e+00
1.000000000000000000e+00
9.760612043435340501e-01
9.971381397908640754e-01
9.976987688413301303e-01
3.801597869507323396e-02
