9.122772216796875000e-01
9.874420166015625000e-01
9.718780517578125000e-01
9.392700195312500000e-01
9.827728271484375000e-01
9.866180419921875000e-01
9.648590087890625000e-01
9.730529785156250000e-01
9.323272705078125000e-01
9.710540771484375000e-01
9.710388183593750000e-01
9.466705322265625000e-01
9.766235351562500000e-01
9.910736083984375000e-01
9.653167724609375000e-01
9.677734375000000000e-01
9.837036132812500000e-01
9.943695068359375000e-01
9.819946289062500000e-01
9.359893798828125000e-01
9.804687500000000000e-01
8.610076904296875000e-01
7.504425048828125000e-01
9.873046875000000000e-01
9.432678222656250000e-01
9.748077392578125000e-01
9.788055419921875000e-01
9.132232666015625000e-01
9.199829101562500000e-01
9.682464599609375000e-01
9.726715087890625000e-01
9.489135742187500000e-01
9.678497314453125000e-01
9.649810791015625000e-01
9.921875000000000000e-01
9.760437011718750000e-01
8.326110839843750000e-01
9.297790527343750000e-01
9.590759277343750000e-01
9.587554931640625000e-01
9.812164306640625000e-01
9.350433349609375000e-01
9.330749511718750000e-01
9.817047119140625000e-01
9.830627441406250000e-01
9.781494140625000000e-01
9.583129882812500000e-01
9.725494384765625000e-01
8.984222412109375000e-01
9.503631591796875000e-01
9.304809570312500000e-01
9.807281494140625000e-01
9.406585693359375000e-01
9.497375488281250000e-01
9.938659667968750000e-01
9.754943847656250000e-01
9.069671630859375000e-01
9.336242675781250000e-01
9.632720947265625000e-01
9.865112304687500000e-01
8.806304931640625000e-01
9.458312988281250000e-01
9.668579101562500000e-01
9.863891601562500000e-01
9.581298828125000000e-01
9.047088623046875000e-01
9.737396240234375000e-01
9.643402099609375000e-01
9.086303710937500000e-01
9.588775634765625000e-01
9.340362548828125000e-01
9.942779541015625000e-01
9.811096191406250000e-01
9.179229736328125000e-01
9.844207763671875000e-01
9.551391601562500000e-01
9.860076904296875000e-01
9.921722412109375000e-01
9.876861572265625000e-01
9.927673339843750000e-01
9.652862548828125000e-01
9.720153808593750000e-01
9.614257812500000000e-01
9.471588134765625000e-01
9.893951416015625000e-01
9.941406250000000000e-01
9.954833984375000000e-01
9.844207763671875000e-01
9.506988525390625000e-01
9.910430908203125000e-01
9.874114990234375000e-01
9.928894042968750000e-01
9.862365722656250000e-01
9.966125488281250000e-01
9.974365234375000000e-01
9.972076416015625000e-01
9.814300537109375000e-01
9.929962158203125000e-01
9.957885742187500000e-01
9.927673339843750000e-01
9.692993164062500000e-01
9.982452392578125000e-01
9.953002929687500000e-01
9.932403564453125000e-01
9.942169189453125000e-01
9.934539794921875000e-01
9.963531494140625000e-01
9.827117919921875000e-01
9.251708984375000000e-01
9.927673339843750000e-01
9.934234619140625000e-01
9.963378906250000000e-01
9.915161132812500000e-01
9.878540039062500000e-01
9.687347412109375000e-01
9.916534423828125000e-01
9.950103759765625000e-01
7.650604248046875000e-01
9.934082031250000000e-01
9.353485107421875000e-01
9.954681396484375000e-01
9.518890380859375000e-01
9.838867187500000000e-01
9.714202880859375000e-01
9.604949951171875000e-01
9.623260498046875000e-01
9.469299316406250000e-01
9.897460937500000000e-01
9.382781982421875000e-01
9.860839843750000000e-01
9.905853271484375000e-01
9.929046630859375000e-01
9.911804199218750000e-01
9.844207763671875000e-01
9.578399658203125000e-01
9.563751220703125000e-01
9.824829101562500000e-01
9.881134033203125000e-01
9.897613525390625000e-01
9.252929687500000000e-01
9.319763183593750000e-01
9.892425537109375000e-01
9.695281982421875000e-01
9.702911376953125000e-01
9.687652587890625000e-01
9.814300537109375000e-01
9.963684082031250000e-01
9.615020751953125000e-01
9.567871093750000000e-01
9.817657470703125000e-01
9.930114746093750000e-01
9.613189697265625000e-01
9.776153564453125000e-01
9.772949218750000000e-01
9.898376464843750000e-01
9.928894042968750000e-01
9.907073974609375000e-01
9.677734375000000000e-01
9.588317871093750000e-01
9.689483642578125000e-01
9.327087402343750000e-01
9.020690917968750000e-01
9.864044189453125000e-01
9.897918701171875000e-01
9.951629638671875000e-01
9.934692382812500000e-01
9.578704833984375000e-01
8.728485107421875000e-01
9.899597167968750000e-01
9.916992187500000000e-01
9.199676513671875000e-01
9.907073974609375000e-01
7.918243408203125000e-01
9.308013916015625000e-01
9.949798583984375000e-01
9.837646484375000000e-01
9.700469970703125000e-01
9.841613769531250000e-01
9.094543457031250000e-01
8.828125000000000000e-01
9.783172607421875000e-01
9.446411132812500000e-01
9.669342041015625000e-01
9.945068359375000000e-01
9.875030517578125000e-01
9.854736328125000000e-01
9.761657714843750000e-01
9.889984130859375000e-01
9.861755371093750000e-01
9.904937744140625000e-01
9.639892578125000000e-01
9.879913330078125000e-01
9.964599609375000000e-01
9.495086669921875000e-01
8.841857910156250000e-01
8.592071533203125000e-01
