8.010663724949439457e-01
9.716009939652112681e-01
9.695842096748098493e-01
8.424074861760952881e-01
8.495145631067960723e-01
9.995471014492753881e-01
9.965552436846134565e-01
7.136047666335650907e-01
1.000000000000000000e+00
9.981960312687913062e-01
8.517289556409360918e-01
9.923004486788898904e-01
9.217904574520413563e-01
9.384105960264900181e-01
1.000000000000000000e+00
4.296276013143482952e-01
9.867091972355129803e-01
9.114963503649634591e-01
9.391838663935717646e-01
1.000000000000000000e+00
8.874575058149937190e-01
9.785246533127889279e-01
1.000000000000000000e+00
9.245521982992581655e-01
9.941205291523762533e-01
7.918231122236129016e-01
9.477454380938018508e-01
6.633438485804415974e-01
7.613880642849830682e-01
9.800764192139738151e-01
9.599608007839842694e-01
9.193572836137637871e-01
9.024113475177304444e-01
9.607741129955259529e-01
9.115281501340483095e-01
9.196361824071767055e-01
1.000000000000000000e+00
9.998862602365786723e-01
6.066895624906674112e-01
9.633089859011381151e-01
8.660638598474145189e-01
9.684873949579831942e-01
1.000000000000000000e+00
7.582541836273180014e-01
8.857747223691169181e-01
8.855371900826446430e-01
8.579903258191110549e-01
9.851800792693434783e-01
1.000000000000000000e+00
9.234833416210840307e-01
8.344481605351170561e-01
9.845426231399239114e-01
9.695934688437187754e-01
9.325541975198501365e-01
9.556285949055053353e-01
9.163603854177013730e-01
6.139787601877007006e-01
5.035045386648282495e-01
9.166360091236848140e-01
7.173009274064598984e-01
8.896288672277047338e-01
8.395314454679858596e-01
8.707262290990765985e-01
9.705208718138160773e-01
9.838112858464385102e-01
6.434175608630436916e-01
6.488185562540645934e-01
6.306306306306306286e-01
1.000000000000000000e+00
9.985093362623568281e-01
9.866364094805849527e-01
8.751783166904422151e-01
9.520141229337184541e-01
8.251300902277175497e-01
1.000000000000000000e+00
1.000000000000000000e+00
9.807247494217424810e-01
9.902031063321385940e-01
9.863847343991748451e-01
9.223534558180227494e-01
7.479177511712649107e-01
9.198519111466879616e-01
7.149981299089889220e-01
7.677385529535127873e-01
9.233218360307774430e-01
9.930955120828538485e-01
9.774346793349169005e-01
8.479542612113631916e-01
7.580513323524603608e-01
9.684006211180123946e-01
7.719832508564903328e-01
9.987838248707814337e-01
9.984845933658864636e-01
9.972729751840742063e-01
1.000000000000000000e+00
9.916492693110646739e-01
9.260869565217391131e-01
9.734554306247826805e-01
1.000000000000000000e+00
9.308024987986545096e-01
1.000000000000000000e+00
9.842105263157894246e-01
9.808429118773945854e-01
1.000000000000000000e+00
9.598434925864909317e-01
9.857069933639611703e-01
9.353099730458220851e-01
1.000000000000000000e+00
7.429798657718120758e-01
9.906186913668210137e-01
9.176837185146715647e-01
9.885912698412698818e-01
9.873262469337694691e-01
9.715560513106525908e-01
8.668994108662447795e-01
9.772954091816367095e-01
9.690417690417690855e-01
6.357172425548494044e-01
9.862490450725744928e-01
9.840225563909774653e-01
9.866409762363519409e-01
9.813195548489666020e-01
8.314267213468594653e-01
8.216530184726719144e-01
8.037752910591160482e-01
9.464168310322156330e-01
9.043917385383567487e-01
9.755766621438263231e-01
8.204542984458210730e-01
9.196354598177298723e-01
8.449792960662525498e-01
9.781443298969072497e-01
1.000000000000000000e+00
8.786136662286465615e-01
8.194078437451557395e-01
5.045919251429561436e-01
1.000000000000000000e+00
7.923913043478261198e-01
9.679732313575525326e-01
6.282349520209362659e-01
9.197604790419161569e-01
9.437833401723429994e-01
6.314308681672026191e-01
9.686363960367809778e-01
8.397414921465968796e-01
9.708419204640866829e-01
9.521309450277949393e-01
9.830791727595571405e-01
9.126141693409034472e-01
9.805097451274362719e-01
9.144587433762301210e-01
9.293173573705617585e-01
7.368911675600092748e-01
9.164054336468129280e-01
8.585225789611067304e-01
9.696000000000000174e-01
9.181708784596871453e-01
9.154025670945157289e-01
3.216763005780347018e-01
9.018548955153792290e-01
6.079399926820343580e-01
7.347099311701081881e-01
9.436988543371521709e-01
9.622213047068538527e-01
1.000000000000000000e+00
8.664612223934258228e-01
7.740082570454137612e-01
9.386774679728711046e-01
9.986333706050440906e-01
9.684003152088258570e-01
9.362519201228878263e-01
9.820230105465004300e-01
4.385575473278606196e-01
7.148161244695898642e-01
9.705882352941176405e-01
9.240663900414938237e-01
9.968449931412894927e-01
9.997027790161985283e-01
9.219178082191781254e-01
4.238735311522529581e-01
8.288175130091512965e-01
9.980089850929140249e-01
9.743285353910076108e-01
9.560014079549454813e-01
9.970266040688575693e-01
9.560229445506691626e-01
9.916503819506129469e-01
9.991328853240840635e-01
9.623188405797101774e-01
9.457873271660200976e-01
9.086522572542798937e-01
9.453183520599250933e-01
9.708785784797631102e-01
1.000000000000000000e+00
9.985041997468645514e-01
8.260985352862849629e-01
