5.478606548802176235e-01
9.115552886677532607e-01
3.484652826065361975e-01
1.345506623702112381e-01
6.615909687582042231e-01
7.218045112781954487e-01
7.524239224344820842e-01
7.087254560241663670e-01
3.867203073465985130e-01
5.509386205441889617e-01
8.119649303764827630e-01
9.090205786786321740e-01
8.079250439195784228e-01
7.995739392863483452e-01
5.700123915737298486e-01
1.685784845477416027e-01
5.201161343840730034e-01
8.261215821608707266e-01
6.343850879933353726e-01
9.372716673144190214e-01
8.143176733780760346e-01
3.708817069344210737e-01
2.609633745077943878e-01
5.888600033187676441e-01
2.295457358583983254e-01
7.722383472767628820e-01
8.713172541743969823e-01
6.746567684808372212e-01
5.650705052878965962e-01
2.343905561086616351e-01
2.956550147010780782e-01
7.262019694921799662e-01
6.449386503067484622e-01
9.155708228221780542e-01
6.154417223459539565e-01
7.144550699438868557e-01
8.274853801169590461e-01
1.948262799004221377e-02
7.248110488826056130e-01
7.915216055703461207e-01
0.000000000000000000e+00
2.881475746457063947e-01
4.670999187652314921e-01
3.516062010548185943e-03
9.106709781729992459e-01
6.253361641896674206e-01
9.230151650312221623e-01
7.455174583202265337e-01
3.529441611487429409e-01
6.120801033591731777e-01
9.197709579875185115e-01
9.228276718690933134e-01
8.108933570883176678e-01
6.997680792747206224e-01
1.037050013138302584e-01
8.968203158344003612e-01
2.976431918315965985e-01
3.971714790807306938e-01
7.469590791910243333e-01
6.901960784313725394e-01
6.908659671556368620e-01
7.666879002246287378e-01
8.225144562581607754e-01
9.413023322159618234e-01
7.918196119559517410e-01
6.823177609317210290e-01
6.017208691847746316e-01
2.089627550537702105e-01
7.389304197814836606e-01
9.119957896319687007e-01
7.739415056488226918e-01
7.859287859287859002e-01
8.224758281819622985e-01
8.383755647739583594e-01
3.685001978630787489e-01
1.324445224103148744e-01
3.602501737317581609e-01
6.961342984752810770e-01
9.278400309119010370e-01
8.693765699931491620e-01
9.113989974611027556e-01
7.992509363295879909e-01
7.535284504531273297e-01
5.809510720175921072e-01
8.904662491301321703e-01
7.657010428736964469e-01
8.916556291390728139e-01
6.990397057821970961e-01
7.321802621341791939e-01
9.826801074222550891e-01
8.559435222285822764e-01
9.378208784940103016e-01
9.026911965941918359e-01
9.743111939305204583e-01
8.044563964656166188e-01
9.363969363969364412e-01
1.270244522070498525e-02
9.679287052279048620e-01
9.252997233323085879e-01
9.025202092249168251e-01
7.426279271465741072e-02
9.194570135746605866e-01
2.186987424822307152e-03
9.207887700534759245e-01
7.266742625648816567e-01
8.008746355685131268e-01
8.967698215495820691e-01
8.912097476066144219e-01
7.919889132281282551e-01
9.340524911032028754e-01
9.431623368060134682e-01
9.085505258344764856e-01
7.577906726842896790e-01
8.575047498416719094e-01
9.591486680435467038e-01
9.426872770511296462e-01
9.282051282051282382e-01
9.545406254057818840e-01
9.629519416753459238e-01
1.675854465270121274e-01
9.629399714445341374e-01
7.726076184577268524e-01
8.109712657326050289e-01
9.367127029898315582e-01
8.370952530650739298e-01
8.857383707563798447e-01
7.419735400690992133e-01
3.059115336916080896e-02
9.289771273601801216e-01
2.247002755231216065e-01
8.858985141575553834e-01
9.108611399943283837e-01
8.911917098445595320e-01
8.652937505571899335e-01
5.721542677628500551e-01
2.793861347792409022e-01
4.934426796774975255e-02
4.779249448123620292e-01
7.686721991701245260e-01
5.516785036834443989e-01
3.383923324755323814e-02
4.812638854603801808e-01
7.336769759450171291e-01
8.383219208803037725e-01
9.047365147071891878e-01
6.977574175677835333e-01
9.355687047994740713e-01
5.577164741786847513e-01
0.000000000000000000e+00
6.192876344086021279e-01
5.196850393700787052e-01
3.164228943112054049e-01
1.711983083644197934e-01
2.456826882177796656e-01
0.000000000000000000e+00
8.239827722996713177e-01
5.326455416359616724e-01
2.234971965054113885e-01
3.152709359605911366e-01
5.314549429196016028e-01
8.039318939792873542e-02
6.067310754857203614e-01
7.269410095276708228e-01
8.618627171745941729e-01
5.385587863463969782e-01
9.210805084745762317e-01
7.062435271489865274e-01
8.902271163110805352e-01
9.238709677419354449e-01
6.227388910735351946e-01
8.805912096460520866e-01
9.334379202151501520e-01
7.735390352240115730e-01
5.268660230751118778e-01
5.639751552795031486e-01
2.755230364696467094e-01
8.888610920007504745e-01
9.087714556021083689e-01
3.694643610291016289e-01
7.118613468135042144e-01
6.441612125387530252e-01
7.066363373772386325e-01
8.983957219251337278e-01
9.601310759148006246e-01
8.122435250588631028e-01
7.966671146351297361e-01
8.795693322913953338e-01
9.165507649513212618e-01
9.044761190297574416e-01
9.587437823076172538e-01
7.998202057058247938e-01
7.483217938354479459e-01
9.689132056702313145e-01
7.790592976889765264e-01
6.560606918417030142e-01
4.977264152816663900e-01
