8.016204833984375000e-01
9.846191406250000000e-01
9.878845214843750000e-01
8.013000488281250000e-01
7.573547363281250000e-01
3.737182617187500000e-01
9.592285156250000000e-01
9.895477294921875000e-01
9.720916748046875000e-01
9.689025878906250000e-01
2.819976806640625000e-01
5.024261474609375000e-01
7.926330566406250000e-01
6.512603759765625000e-01
7.513427734375000000e-01
7.163848876953125000e-01
8.625640869140625000e-01
7.632446289062500000e-01
9.518737792968750000e-01
9.828796386718750000e-01
4.946594238281250000e-01
5.262908935546875000e-01
7.988128662109375000e-01
9.557189941406250000e-01
6.898498535156250000e-01
9.909667968750000000e-01
9.781646728515625000e-01
8.797607421875000000e-01
9.403533935546875000e-01
9.810028076171875000e-01
7.384796142578125000e-01
9.544830322265625000e-01
8.376007080078125000e-01
9.877624511718750000e-01
7.396697998046875000e-01
9.980926513671875000e-01
6.166687011718750000e-01
9.098510742187500000e-01
8.704681396484375000e-01
9.100952148437500000e-01
5.862884521484375000e-01
9.617462158203125000e-01
7.378845214843750000e-01
9.219970703125000000e-01
9.936523437500000000e-01
9.346008300781250000e-01
9.966430664062500000e-01
9.972686767578125000e-01
9.964904785156250000e-01
9.890441894531250000e-01
9.932556152343750000e-01
9.977264404296875000e-01
9.911193847656250000e-01
9.928131103515625000e-01
8.172454833984375000e-01
9.754486083984375000e-01
9.966735839843750000e-01
2.883300781250000000e-01
8.842010498046875000e-01
9.694671630859375000e-01
9.952850341796875000e-01
9.893493652343750000e-01
9.826660156250000000e-01
9.253540039062500000e-01
8.985137939453125000e-01
7.675323486328125000e-01
9.081726074218750000e-01
9.849853515625000000e-01
9.809417724609375000e-01
9.439849853515625000e-01
9.956665039062500000e-01
9.897613525390625000e-01
8.415679931640625000e-01
6.624908447265625000e-01
9.570007324218750000e-01
9.955444335937500000e-01
7.051239013671875000e-01
9.969024658203125000e-01
8.803863525390625000e-01
9.094696044921875000e-01
9.922943115234375000e-01
8.780212402343750000e-01
9.241790771484375000e-01
9.967498779296875000e-01
9.919433593750000000e-01
9.976959228515625000e-01
9.019775390625000000e-01
9.905395507812500000e-01
9.677734375000000000e-01
9.951171875000000000e-01
9.611358642578125000e-01
8.469696044921875000e-01
9.878692626953125000e-01
9.935150146484375000e-01
5.641479492187500000e-01
9.873504638671875000e-01
9.304656982421875000e-01
9.470977783203125000e-01
9.855499267578125000e-01
6.872711181640625000e-01
9.968414306640625000e-01
9.939117431640625000e-01
9.662322998046875000e-01
9.539947509765625000e-01
9.498748779296875000e-01
9.984893798828125000e-01
9.939880371093750000e-01
6.889953613281250000e-01
8.235168457031250000e-01
9.966735839843750000e-01
9.972381591796875000e-01
8.522644042968750000e-01
9.616088867187500000e-01
9.191131591796875000e-01
8.900604248046875000e-01
9.501495361328125000e-01
9.726715087890625000e-01
9.686431884765625000e-01
9.284057617187500000e-01
9.913940429687500000e-01
9.960479736328125000e-01
9.931335449218750000e-01
8.979644775390625000e-01
9.958953857421875000e-01
9.979095458984375000e-01
9.860992431640625000e-01
9.430999755859375000e-01
9.965362548828125000e-01
9.329528808593750000e-01
9.974212646484375000e-01
8.812866210937500000e-01
6.819305419921875000e-01
8.366699218750000000e-01
6.169128417968750000e-01
9.974670410156250000e-01
7.769165039062500000e-01
9.949645996093750000e-01
9.921722412109375000e-01
9.295654296875000000e-01
9.953460693359375000e-01
9.967956542968750000e-01
5.001678466796875000e-01
9.153442382812500000e-01
9.355468750000000000e-01
6.822052001953125000e-01
9.389343261718750000e-01
9.600982666015625000e-01
8.506774902343750000e-01
9.620056152343750000e-01
6.626281738281250000e-01
9.116973876953125000e-01
9.975128173828125000e-01
8.254852294921875000e-01
9.948272705078125000e-01
8.964996337890625000e-01
9.885711669921875000e-01
9.945678710937500000e-01
8.711242675781250000e-01
8.124389648437500000e-01
9.891357421875000000e-01
8.989410400390625000e-01
8.789520263671875000e-01
9.632568359375000000e-01
9.289093017578125000e-01
9.247436523437500000e-01
8.036804199218750000e-01
9.754943847656250000e-01
9.059143066406250000e-01
9.694824218750000000e-01
9.972534179687500000e-01
9.921875000000000000e-01
8.774261474609375000e-01
9.922790527343750000e-01
8.961791992187500000e-01
9.455413818359375000e-01
9.511108398437500000e-01
9.391174316406250000e-01
9.687805175781250000e-01
9.968872070312500000e-01
9.040527343750000000e-01
9.078979492187500000e-01
9.771881103515625000e-01
8.138275146484375000e-01
5.514068603515625000e-01
9.942321777343750000e-01
9.877471923828125000e-01
9.938507080078125000e-01
4.736480712890625000e-01
9.609680175781250000e-01
9.814453125000000000e-01
8.898620605468750000e-01
9.582214355468750000e-01
9.210968017578125000e-01
8.785400390625000000e-01
8.944091796875000000e-01
8.822479248046875000e-01
8.219604492187500000e-01
9.936828613281250000e-01
9.942626953125000000e-01
9.942016601562500000e-01
9.707946777343750000e-01
9.922027587890625000e-01
9.964904785156250000e-01
9.963684082031250000e-01
9.949035644531250000e-01
9.815521240234375000e-01
8.749084472656250000e-01
9.878540039062500000e-01
9.859313964843750000e-01
9.957733154296875000e-01
8.924713134765625000e-01
9.658813476562500000e-01
9.927520751953125000e-01
8.308258056640625000e-01
9.885559082031250000e-01
9.547424316406250000e-01
9.937591552734375000e-01
9.727020263671875000e-01
9.726562500000000000e-01
9.365386962890625000e-01
8.838806152343750000e-01
9.855499267578125000e-01
8.564147949218750000e-01
9.680786132812500000e-01
9.139556884765625000e-01
9.640808105468750000e-01
9.560852050781250000e-01
9.891662597656250000e-01
5.006256103515625000e-01
8.371124267578125000e-01
9.716796875000000000e-01
8.081970214843750000e-01
9.325256347656250000e-01
8.730621337890625000e-01
9.692077636718750000e-01
9.333801269531250000e-01
9.719390869140625000e-01
9.685211181640625000e-01
9.559478759765625000e-01
9.827575683593750000e-01
8.960418701171875000e-01
7.662658691406250000e-01
9.781799316406250000e-01
9.115600585937500000e-01
9.904479980468750000e-01
9.808959960937500000e-01
8.386230468750000000e-01
7.133789062500000000e-01
8.833465576171875000e-01
7.566680908203125000e-01
9.932403564453125000e-01
9.908294677734375000e-01
9.564056396484375000e-01
9.822387695312500000e-01
9.485015869140625000e-01
9.886016845703125000e-01
9.632263183593750000e-01
9.979400634765625000e-01
7.994842529296875000e-01
9.500274658203125000e-01
6.913452148437500000e-01
9.229278564453125000e-01
9.775695800781250000e-01
9.919128417968750000e-01
9.334411621093750000e-01
9.162292480468750000e-01
9.526977539062500000e-01
9.845581054687500000e-01
9.550933837890625000e-01
7.467956542968750000e-01
8.784637451171875000e-01
9.932098388671875000e-01
9.631195068359375000e-01
9.789581298828125000e-01
9.664916992187500000e-01
9.612121582031250000e-01
8.702087402343750000e-01
9.871520996093750000e-01
9.192047119140625000e-01
9.883270263671875000e-01
7.189483642578125000e-01
9.542083740234375000e-01
9.473419189453125000e-01
9.889373779296875000e-01
9.587554931640625000e-01
9.814605712890625000e-01
9.907684326171875000e-01
9.884033203125000000e-01
9.857482910156250000e-01
8.731994628906250000e-01
9.607238769531250000e-01
8.834838867187500000e-01
9.897766113281250000e-01
9.418640136718750000e-01
9.742889404296875000e-01
9.085235595703125000e-01
9.903106689453125000e-01
9.438476562500000000e-01
8.642425537109375000e-01
8.821411132812500000e-01
9.714965820312500000e-01
9.339904785156250000e-01
9.609680175781250000e-01
9.249877929687500000e-01
9.459533691406250000e-01
9.911346435546875000e-01
9.927673339843750000e-01
8.852844238281250000e-01
9.851684570312500000e-01
9.938659667968750000e-01
8.744201660156250000e-01
9.296264648437500000e-01
9.048919677734375000e-01
7.330627441406250000e-01
9.721984863281250000e-01
8.341979980468750000e-01
9.213867187500000000e-01
8.005676269531250000e-01
8.332214355468750000e-01
6.986083984375000000e-01
9.634552001953125000e-01
9.484252929687500000e-01
9.308776855468750000e-01
7.224121093750000000e-01
9.770202636718750000e-01
9.510192871093750000e-01
9.932098388671875000e-01
9.720306396484375000e-01
9.782867431640625000e-01
9.940032958984375000e-01
9.944763183593750000e-01
9.677429199218750000e-01
9.630126953125000000e-01
9.833221435546875000e-01
9.524383544921875000e-01
9.149780273437500000e-01
9.555816650390625000e-01
9.420776367187500000e-01
8.981933593750000000e-01
8.815307617187500000e-01
9.568786621093750000e-01
8.740081787109375000e-01
9.212188720703125000e-01
9.353942871093750000e-01
9.545288085937500000e-01
8.076019287109375000e-01
9.659118652343750000e-01
9.070587158203125000e-01
9.893951416015625000e-01
9.706420898437500000e-01
9.806365966796875000e-01
9.525756835937500000e-01
8.593902587890625000e-01
9.610900878906250000e-01
9.849243164062500000e-01
9.907226562500000000e-01
9.205627441406250000e-01
9.103698730468750000e-01
9.896697998046875000e-01
9.458770751953125000e-01
9.284362792968750000e-01
8.960571289062500000e-01
9.773864746093750000e-01
9.272308349609375000e-01
9.039611816406250000e-01
9.528503417968750000e-01
9.792175292968750000e-01
9.239654541015625000e-01
9.114990234375000000e-01
8.369293212890625000e-01
9.647216796875000000e-01
9.742889404296875000e-01
9.830932617187500000e-01
9.228210449218750000e-01
9.708099365234375000e-01
9.741516113281250000e-01
9.924163818359375000e-01
7.845306396484375000e-01
9.686584472656250000e-01
9.806671142578125000e-01
9.726562500000000000e-01
9.124298095703125000e-01
9.740753173828125000e-01
9.122924804687500000e-01
9.733581542968750000e-01
9.897003173828125000e-01
9.618530273437500000e-01
9.325408935546875000e-01
9.720764160156250000e-01
9.634704589843750000e-01
9.954528808593750000e-01
6.248931884765625000e-01
9.939270019531250000e-01
6.560363769531250000e-01
8.948822021484375000e-01
7.720794677734375000e-01
9.870758056640625000e-01
9.553070068359375000e-01
8.506774902343750000e-01
9.881134033203125000e-01
7.206115722656250000e-01
9.291229248046875000e-01
9.696502685546875000e-01
9.493865966796875000e-01
9.943847656250000000e-01
9.534759521484375000e-01
9.971771240234375000e-01
8.240203857421875000e-01
9.939117431640625000e-01
9.274291992187500000e-01
9.348754882812500000e-01
9.552001953125000000e-01
9.768524169921875000e-01
9.879608154296875000e-01
9.925537109375000000e-01
9.572753906250000000e-01
9.286193847656250000e-01
9.792938232421875000e-01
9.034118652343750000e-01
8.808593750000000000e-01
9.891662597656250000e-01
4.371643066406250000e-01
9.850463867187500000e-01
9.547271728515625000e-01
9.392547607421875000e-01
7.252655029296875000e-01
9.577026367187500000e-01
9.718933105468750000e-01
9.625854492187500000e-01
9.800415039062500000e-01
9.492950439453125000e-01
4.851684570312500000e-01
9.872283935546875000e-01
9.309539794921875000e-01
7.903747558593750000e-01
9.891967773437500000e-01
9.356689453125000000e-01
9.251708984375000000e-01
9.204406738281250000e-01
9.137115478515625000e-01
8.886260986328125000e-01
9.300537109375000000e-01
9.672393798828125000e-01
5.719909667968750000e-01
8.784027099609375000e-01
9.210357666015625000e-01
9.253082275390625000e-01
9.892120361328125000e-01
9.817352294921875000e-01
9.841003417968750000e-01
9.607849121093750000e-01
9.586029052734375000e-01
9.858093261718750000e-01
9.933624267578125000e-01
8.866119384765625000e-01
7.439727783203125000e-01
9.481506347656250000e-01
9.932861328125000000e-01
9.013366699218750000e-01
9.759368896484375000e-01
9.914550781250000000e-01
8.779449462890625000e-01
9.817047119140625000e-01
6.381530761718750000e-01
7.011108398437500000e-01
9.326782226562500000e-01
9.878692626953125000e-01
9.886627197265625000e-01
7.980346679687500000e-01
9.114685058593750000e-01
9.831390380859375000e-01
9.826202392578125000e-01
9.921722412109375000e-01
9.964447021484375000e-01
9.830627441406250000e-01
9.950256347656250000e-01
9.921112060546875000e-01
9.980163574218750000e-01
9.982299804687500000e-01
9.944610595703125000e-01
9.928588867187500000e-01
9.960632324218750000e-01
9.956970214843750000e-01
9.351959228515625000e-01
9.757843017578125000e-01
9.987792968750000000e-01
9.979095458984375000e-01
9.982299804687500000e-01
9.956817626953125000e-01
9.664611816406250000e-01
9.947052001953125000e-01
9.433746337890625000e-01
9.718475341796875000e-01
9.937286376953125000e-01
9.797668457031250000e-01
9.907379150390625000e-01
9.852142333984375000e-01
9.961853027343750000e-01
9.974670410156250000e-01
9.945068359375000000e-01
9.910583496093750000e-01
9.964294433593750000e-01
9.447021484375000000e-01
9.586791992187500000e-01
9.673767089843750000e-01
8.457794189453125000e-01
9.982604980468750000e-01
9.924011230468750000e-01
9.842681884765625000e-01
9.617309570312500000e-01
9.911804199218750000e-01
9.926605224609375000e-01
9.778747558593750000e-01
9.934997558593750000e-01
9.973144531250000000e-01
9.976806640625000000e-01
9.927062988281250000e-01
9.033050537109375000e-01
8.974151611328125000e-01
9.970550537109375000e-01
9.903106689453125000e-01
9.948883056640625000e-01
9.848022460937500000e-01
9.944763183593750000e-01
9.954376220703125000e-01
9.906311035156250000e-01
9.976348876953125000e-01
9.976348876953125000e-01
9.977264404296875000e-01
9.830474853515625000e-01
9.914855957031250000e-01
9.979705810546875000e-01
9.922485351562500000e-01
9.963073730468750000e-01
8.300933837890625000e-01
7.828674316406250000e-01
9.977722167968750000e-01
9.949645996093750000e-01
9.882354736328125000e-01
9.635772705078125000e-01
9.878845214843750000e-01
9.921569824218750000e-01
8.938293457031250000e-01
9.924926757812500000e-01
9.950103759765625000e-01
9.951324462890625000e-01
9.909973144531250000e-01
9.977111816406250000e-01
9.843444824218750000e-01
9.681549072265625000e-01
9.977569580078125000e-01
9.968414306640625000e-01
9.806671142578125000e-01
9.964904785156250000e-01
9.870605468750000000e-01
9.560394287109375000e-01
9.424285888671875000e-01
9.961090087890625000e-01
9.956970214843750000e-01
9.971618652343750000e-01
9.508819580078125000e-01
9.776153564453125000e-01
9.716339111328125000e-01
9.855651855468750000e-01
8.191375732421875000e-01
7.538146972656250000e-01
7.113342285156250000e-01
9.887237548828125000e-01
9.970245361328125000e-01
9.916534423828125000e-01
9.945373535156250000e-01
9.941711425781250000e-01
9.884033203125000000e-01
9.805908203125000000e-01
9.969024658203125000e-01
9.957885742187500000e-01
9.985961914062500000e-01
9.927368164062500000e-01
9.968719482421875000e-01
9.980163574218750000e-01
9.505157470703125000e-01
9.972229003906250000e-01
9.875793457031250000e-01
9.829254150390625000e-01
9.976348876953125000e-01
9.968261718750000000e-01
9.087677001953125000e-01
9.964599609375000000e-01
7.587280273437500000e-01
9.960784912109375000e-01
9.925079345703125000e-01
9.981842041015625000e-01
9.944610595703125000e-01
9.965820312500000000e-01
9.574737548828125000e-01
9.432678222656250000e-01
9.971008300781250000e-01
9.858856201171875000e-01
9.948883056640625000e-01
9.486999511718750000e-01
