7.439891302207432000e-01
9.227467811158798217e-01
8.516996638027642952e-01
8.596857961769712730e-01
7.454621122386912990e-01
9.833040421792618724e-02
3.479746217667154529e-01
9.013678905687545484e-01
8.192151823663140764e-01
8.848197128970272107e-01
2.600833398852110956e-01
4.278821692369773610e-01
6.580271766482134188e-01
5.645920252995751953e-01
5.386705922319102724e-01
7.211043589166479251e-01
4.349080870820001277e-01
8.312340925406251912e-01
8.382232252769798997e-01
9.676526552499568057e-01
5.594839052939611923e-01
5.244987670204781516e-01
7.471570751912861574e-01
7.390287769784172900e-01
7.040822268809689977e-01
9.379974863845831345e-01
8.656211850878017255e-01
7.587705871548399150e-01
7.718171735450353177e-01
8.417037507946598662e-01
7.369664973372826999e-01
8.536238284508562701e-01
7.459722653173258555e-01
9.427224682188258820e-01
6.162704392613751470e-01
9.434644957033017088e-01
6.505688930926085689e-01
7.616396352779795098e-01
2.692605664112938113e-01
2.790014684287812075e-01
3.648119948459646045e-01
6.412934611532408180e-01
8.358340182342934854e-01
5.059914959412447066e-01
8.980392156862745390e-01
8.744728209934395924e-01
9.462628236443575425e-01
9.327320556181886158e-01
9.794679521514015885e-01
3.589285714285714302e-01
9.469260326609030276e-01
9.104028863499699087e-01
9.629299363057325367e-01
9.398236872364891248e-01
6.566325506722857641e-01
6.696776842537466301e-01
9.043859649122807376e-01
2.173001090695528270e-02
7.817936110871502864e-01
8.062735986058670035e-01
9.289491837203954772e-01
9.524134169620943613e-01
8.040027605244997044e-01
3.677952959421039170e-01
8.650830679351684260e-01
5.735718084361967062e-01
7.395030733269847278e-01
7.360515021459227425e-01
9.243809408488223855e-01
2.369569736021617246e-01
9.375824175824175599e-01
8.558539205155746288e-01
5.419736203626097648e-01
5.602671915071271158e-01
8.647273425499232280e-01
8.909634055265123198e-01
4.173776719225782972e-01
8.284023668639053373e-01
8.967234496660211329e-01
8.883956283741840654e-01
9.097730927282472457e-01
3.414071510957323863e-01
8.298579010443417614e-01
9.663134588012020076e-01
8.111587982832617616e-01
9.667034178610804940e-01
6.090079123554473783e-01
7.923643670462157118e-01
8.307692307692308153e-01
9.279927992799279490e-01
9.273551809703088900e-01
7.260809002266954693e-01
8.735888058514866827e-01
9.484786034670869004e-01
3.082772315590642798e-01
7.958630879093818722e-01
9.334909584482683487e-01
8.988121297025946088e-01
8.327150680091857105e-01
2.023740027242654227e-01
9.308386234547276761e-01
7.011235955056179803e-01
9.243289451188236860e-01
9.221151610653303132e-01
8.489446820251068671e-01
9.639081297849070307e-01
9.434557979334098343e-01
7.693143490956833030e-01
3.750810460341473807e-01
8.912175648702594932e-01
9.646967037253754151e-01
2.488750969743987462e-01
8.402539682539682531e-01
5.484283158701763750e-01
2.395778364116094850e-01
5.732201175702155149e-01
8.577103360610153215e-01
9.447119911754419119e-01
8.765652951699463014e-01
8.421936205931729313e-01
9.506760617025328264e-01
8.014121800529567796e-01
9.305499298956223519e-01
9.449334698055271708e-01
8.515709642470206120e-01
8.900953070334177708e-01
8.443461201319030218e-01
9.518965882602246076e-01
9.097148023341826706e-01
9.683342701892448945e-01
7.030307657073059380e-01
5.917627935214743173e-01
8.656356698132154914e-01
7.329489852359273305e-01
9.703783012134189478e-01
6.305095026283865645e-01
7.084805653710247730e-01
8.538877812589006355e-01
6.714590747330960729e-01
9.190766781639692073e-01
9.658203125000000000e-01
2.849846113548555882e-01
7.874655225252834567e-01
7.369207772795216549e-01
1.426042567205960954e-01
6.226664152366584437e-01
7.856733054667650595e-01
7.452756520381070837e-01
3.660896130346232291e-01
3.043232018123466220e-01
6.589261507632463433e-01
9.678310637458061860e-01
6.671323379609418458e-01
6.981300089047195456e-01
6.624197481710047963e-01
9.628084810566562846e-01
9.236379236379236302e-01
7.697257211407383393e-01
6.375110586847537730e-01
9.001402524544179773e-01
5.140509208305817923e-01
8.556875443415619120e-01
8.428608718350300011e-01
7.637783298686812161e-01
8.434583888783089289e-01
6.108523380315770135e-01
8.432559047433144661e-01
8.040300025425883845e-01
8.035749361618542697e-01
9.593128390596744604e-01
8.228373702422144831e-01
4.372679509632224071e-01
8.950207468879668449e-01
8.022782750203417690e-01
7.178433077713652910e-01
8.657504399564233122e-01
8.781232818131834428e-01
9.333376775707025175e-01
9.619828550130451461e-01
8.147755390597384295e-01
1.945556445156124969e-01
8.032635873141202865e-01
7.307514068189341350e-01
1.333608466232349687e-01
9.519450800915332245e-01
9.608426390988442645e-01
9.062136374214568857e-01
1.347046281199046902e-01
9.243687540654011991e-01
9.159872875500898459e-01
8.773033249473040085e-01
6.701204819277108982e-01
8.093218776503557921e-01
7.192437923250564191e-01
9.022792103256418450e-01
5.482114630290966240e-01
5.976274225808676510e-01
9.680998613037448131e-01
9.096153846153846034e-01
9.338900487125957328e-01
9.326340982683373193e-01
8.980650309196089864e-01
7.356321839080459668e-01
9.005016722408026864e-01
9.454069957502452271e-01
8.813193285560027013e-01
8.641230483641064719e-01
9.381507381507381282e-01
9.402540176257128124e-01
9.079428381522099967e-01
8.443786851577854691e-01
8.802869686261912685e-01
9.211356466876972071e-01
6.725151380889086150e-01
8.337765957446808818e-01
9.102680462273854411e-01
9.717209430961764038e-01
9.765226178134145396e-01
9.673016568133713244e-01
9.328619626454872638e-01
8.786670918367347483e-01
9.316788110525936473e-01
4.271277243394618339e-01
9.536819731656556165e-01
9.313196516655501966e-01
9.252128605921972060e-01
8.555075810824379623e-01
9.439267098404675593e-01
5.216260067531024447e-01
8.028951790099522201e-01
9.551517494683935405e-01
7.094716405491610089e-01
9.334717458024913705e-01
8.877100627657420473e-01
9.726172383847155878e-01
9.134314153150652205e-01
9.760842707588269773e-01
9.580852922651821313e-01
9.576853738256115856e-01
9.678685168334849598e-01
8.379901552802415665e-01
6.996352798148947061e-01
8.980028530670470799e-01
8.966255261468216720e-01
9.764873798076922906e-01
9.564279251061460485e-01
8.657152289291246694e-01
6.489365678615481858e-01
8.963769196362010305e-01
8.459003720345943389e-01
9.228894691035682829e-01
9.661160286406945685e-01
9.285624984372264912e-01
9.682349088527453240e-01
9.601971860884742638e-01
9.597629948828441115e-01
9.071004548608434526e-01
9.780594831789370946e-01
5.421413888017838634e-01
9.443547701979441156e-01
7.863675728196354298e-01
9.014881126518831111e-01
9.113282663771262726e-01
9.530641161884519930e-01
9.330077405086619757e-01
8.878584851703570369e-01
8.480690060772397842e-01
9.416916340170545796e-01
9.547891543129272129e-01
7.763913219242689623e-01
8.269343589075027756e-01
8.760100306492059064e-01
9.480605995487267901e-01
9.466970739437980953e-01
8.716989950923113017e-01
9.598648477958823255e-01
8.102101834084519671e-01
9.738184079601990284e-01
9.303628496652944779e-01
9.401923227269173289e-01
6.849783646034650619e-01
8.769224459664520799e-01
8.676307007786429049e-01
9.779896171711345287e-01
9.358155438938094983e-01
8.973384030418251056e-01
9.696452762028999750e-01
9.527127924340468290e-01
9.701921235718389269e-01
9.091485546857916988e-01
9.416141178605452744e-01
7.959816180399700292e-01
9.561116205947858271e-01
9.087206516530905720e-01
9.619887658192154412e-01
8.518179795832612200e-01
9.703090662552017465e-01
9.514345289941140704e-01
8.308908783334283399e-01
9.258590900364753740e-01
9.658825248392752805e-01
9.019936565473493095e-01
9.545292946530148370e-01
8.613258110014104796e-01
9.588550983899820634e-01
9.719608127020896715e-01
9.660652920962199408e-01
8.229142130305742153e-01
9.738329833629462140e-01
9.615825688073394995e-01
8.339252562757284437e-01
9.323217797082734570e-01
8.692222152283838321e-01
7.061905881562594578e-01
9.351509111617312131e-01
9.007598728674240940e-01
9.497277570695341620e-01
8.560857979695655207e-01
8.516517820787752324e-01
5.269208660662961785e-01
9.650798279507181165e-01
8.230922223385324088e-01
9.323031860840457208e-01
7.413778396974780582e-01
9.454308283208928687e-01
8.641442356526155555e-01
9.067281492349612559e-01
9.253025795672195075e-01
9.711423414653931330e-01
9.800679616574529129e-01
8.993325917686317839e-01
9.723826196012854695e-01
6.716337036033594998e-01
9.463083951466325638e-01
9.269527313632208720e-01
9.372112415767055449e-01
9.017052169508694703e-01
9.470793252474557500e-01
8.210780370072405798e-01
7.686669447589535853e-01
9.656196014501569058e-01
8.039788239204235243e-01
9.197257334763748737e-01
9.407517281912065599e-01
9.662031891487286028e-01
6.864290865683519982e-01
9.732851812876686104e-01
9.322024465444507246e-01
9.735952281448273515e-01
9.356004819922345561e-01
9.496967534784159781e-01
9.314935637453711781e-01
8.343489906343813933e-01
9.213691026827012243e-01
9.735517721383445400e-01
9.604475670049440472e-01
9.430702272379327677e-01
9.046738072054527624e-01
9.795745964700558472e-01
9.288993124461282225e-01
8.893502571603831841e-01
7.909146715776550485e-01
9.582911178655859619e-01
8.770210681038707046e-01
8.289022997879628152e-01
9.383430441376007236e-01
9.726681650345159191e-01
8.784545210625167577e-01
9.291317416485422864e-01
8.995554385931934238e-01
9.549054027696508573e-01
9.365706757011105221e-01
9.552756922580124543e-01
9.280716723549488067e-01
9.367707816889769834e-01
9.368711336364313746e-01
9.752206212294959320e-01
7.413783630336441277e-01
9.627047245524203989e-01
9.629087502561550771e-01
8.990877351053045974e-01
9.390550829908567154e-01
9.279260170534086027e-01
8.324979601352139325e-01
9.640103887537617711e-01
9.270979587428448410e-01
8.803025950397395105e-01
9.601248297571051138e-01
8.102447117378680508e-01
9.311554609765917423e-01
9.572821100917431325e-01
7.051372779503664034e-01
8.941489361702127381e-01
7.803095275222204918e-01
8.207809776529045864e-01
7.003911342894393322e-01
9.591590722792805446e-01
9.372764845707433068e-01
8.099289127141359179e-01
9.673498470178968356e-01
4.952242524916943694e-02
8.560716388312211711e-01
9.822962376167122533e-01
9.642167491936093349e-01
9.583616202760805169e-01
8.871033435775910192e-01
9.676629959797238278e-01
8.877883614357018338e-01
9.311237700673226092e-01
7.726360072664690826e-01
9.216420650657266567e-01
8.708428646841457343e-01
8.884640835232703315e-01
9.462350936967631743e-01
9.745116473414812130e-01
9.452226308787855524e-01
9.223362220672709499e-01
9.720131169179367925e-01
7.707684507858332257e-01
7.199827858269975955e-01
9.599729394520238879e-01
2.296800601453512780e-01
9.239484712090640928e-01
6.585337783404304757e-01
9.022707745182275696e-01
6.894886608605673706e-01
9.502726750861079097e-01
9.768894911171334128e-01
7.623109732454439458e-01
9.356552538370720429e-01
9.315226574896449119e-01
4.657334684570559880e-01
9.754379786953076836e-01
7.790635222889507050e-01
8.384068881151782726e-01
9.476331360946745885e-01
9.031116422300868862e-01
9.290735009111683596e-01
8.012502858885416357e-01
8.110654505362333566e-01
9.118637927911610319e-01
8.801317922702787122e-01
7.732122108376465741e-01
6.803200218818380440e-01
7.815455467529263123e-01
9.064347574535789320e-01
9.388606472402982739e-01
9.298819795695725254e-01
9.554571502995571342e-01
9.013631200302915092e-01
9.439794227918737457e-01
9.668446845173354065e-01
9.267831837505904335e-01
9.686576842712011359e-01
8.799495953084863764e-01
6.237976726979215236e-01
8.700275397796817245e-01
9.308176100628930971e-01
8.481446688586190552e-01
9.242373288493874739e-01
9.669265296480037408e-01
8.220269217933029449e-01
8.495797265085937022e-01
5.973170317541178775e-01
3.753428152305631760e-01
9.436885768985322498e-01
9.849474581084919356e-01
9.756481269050506500e-01
8.187693403072541232e-01
8.222426470588235503e-01
9.744325412434345912e-01
9.413642213642213763e-01
8.995889606576629172e-01
9.324049898462430930e-01
6.334214002642007957e-01
8.972904851921864600e-01
6.700701978302489037e-01
9.546406140963015208e-01
9.107692307692307754e-01
6.878761822871882758e-01
8.822937625754526669e-01
9.116438356164383583e-01
8.987796123474515175e-01
1.696969696969697072e-01
7.872939284278246408e-01
9.578947368421052433e-01
9.626193724420191167e-01
5.886524822695035075e-01
8.642685851318945289e-01
7.641124704872289675e-01
9.371262909947454256e-01
8.784115854657449374e-01
8.628558685794990302e-01
9.747216926010209281e-01
5.733590733590733235e-01
9.723902660905162643e-01
8.780057912627470262e-01
9.671052631578946901e-01
9.373584905660377053e-01
9.112863479546574608e-01
8.168750000000000178e-01
9.403669724770642446e-01
3.794520547945205435e-01
8.969087863560225582e-01
7.770594369134514734e-01
5.626757820951062694e-01
9.495575221238937713e-01
9.516786338055501782e-01
9.682583664296050552e-01
9.096932161889672575e-01
8.952139231327048696e-01
8.814979058881498020e-01
7.421763869132290692e-01
9.358047016274864127e-01
9.706568856285427982e-01
9.695878351340536661e-01
9.442630597014924909e-01
8.337312727940597856e-01
0.000000000000000000e+00
9.359442416196481762e-01
8.613234330639877312e-01
9.146496815286624393e-01
8.152818991097923185e-01
8.886153846153845848e-01
9.695983731570919639e-01
8.345905172413793371e-01
9.595827900912646813e-01
9.614331923364021204e-01
9.199355185384201494e-01
8.874936708860760026e-01
9.088830829523187882e-01
9.721931841940204544e-01
8.379068283343968915e-01
8.621867881548974655e-01
2.758665539442023973e-01
6.590800191662673502e-01
9.626024590163934080e-01
9.297573435504470352e-01
8.861656577587480044e-01
7.882551228599308235e-01
8.378267973856209361e-01
9.132343011478730732e-01
4.933741080530071321e-01
9.285714285714286031e-01
7.835870284579748990e-01
9.039445950015055908e-01
8.620205799812908909e-01
9.752066115702479054e-01
8.738938053097344838e-01
8.954251641028210251e-01
9.464090411957710725e-01
9.405684754521963509e-01
7.206174200661521478e-01
9.480578139114724801e-01
8.457620953073845538e-01
6.956154252509244573e-01
8.534244978827550954e-01
9.022614028363357130e-01
6.577669902912621769e-01
9.267139479905437405e-01
7.844660194174757351e-01
8.634205381249417943e-01
8.797153024911031904e-01
9.257106957750903531e-01
2.273645785802750896e-01
7.060024053354714280e-01
0.000000000000000000e+00
9.551876781274634132e-01
9.071870537839124005e-01
8.600665131747250447e-01
9.428297668476525173e-01
8.719839142091152517e-01
7.754137115839243588e-01
7.973877030901560525e-01
9.194763982546608760e-01
9.500181093806592258e-01
9.434194341943419326e-01
9.537864077669903073e-01
8.940568475452196351e-01
9.642660802638812756e-01
8.427483877224457576e-01
8.004385964912280604e-01
9.353455123113582070e-01
9.679158184476875926e-01
8.968729208250166840e-01
9.633286318758814692e-01
3.045248342445038836e-01
8.897338403041824550e-01
1.625887088232178812e-01
8.130909090909090864e-01
8.647010195646183117e-01
9.339255968906162719e-01
8.156424581005586871e-01
8.163934426229507713e-01
6.930278665051217146e-01
7.151394422310757282e-01
9.304538799414348027e-01
5.993936769164139866e-01
9.110225763612217476e-01
6.701981557779085330e-01
