9.715275772451631431e-01
9.986856703934454682e-01
9.999839905223892877e-01
9.830218068535825360e-01
7.212701888858472632e-01
3.515750892603241584e-01
1.000000000000000000e+00
9.999027978032303254e-01
9.793485588385208995e-01
9.647177069975392261e-01
1.783082457304508706e-01
9.620881670533643071e-01
7.482819027085299002e-01
9.989244613343849499e-01
1.000000000000000000e+00
5.580987630271744271e-01
8.551789714580412261e-01
9.609406786557083135e-01
9.721853592051935555e-01
9.803647141151772271e-01
2.866889901558448139e-01
3.898065442793662294e-01
9.952764488584751046e-01
9.665246399788611775e-01
6.261985587517122642e-01
9.947192656324542748e-01
9.767052450135434993e-01
8.547607357329002342e-01
9.727703515100077913e-01
9.799922861826245724e-01
9.946975567973243004e-01
9.475175058939442341e-01
1.000000000000000000e+00
9.866096430935288319e-01
8.641898608349900535e-01
9.989446893041157294e-01
6.822935448972232697e-01
9.273137113611588100e-01
9.997477341117537719e-01
9.085036337660724604e-01
5.305108225108224884e-01
1.000000000000000000e+00
9.641666666666666163e-01
1.000000000000000000e+00
9.985011753940330470e-01
9.623143242962500787e-01
9.989282393178557928e-01
9.987693745618817509e-01
9.988812263095496746e-01
1.000000000000000000e+00
9.978786246960722472e-01
9.990724996135414981e-01
9.960086767895878213e-01
9.999022689883211301e-01
8.221133195361005619e-01
9.999839478626578737e-01
9.978579743888241760e-01
1.000000000000000000e+00
9.968757726281719522e-01
9.999157908919428239e-01
9.999841792178205679e-01
9.885515096628676446e-01
9.822601319808200726e-01
1.000000000000000000e+00
9.115662767558122548e-01
7.250954906681631451e-01
9.967346459926089697e-01
1.000000000000000000e+00
9.999293997211289309e-01
1.000000000000000000e+00
9.998257563757325661e-01
9.999681908548707643e-01
1.000000000000000000e+00
1.000000000000000000e+00
9.501662892725728504e-01
9.964219598326099492e-01
6.703006107755826726e-01
9.999845783727099313e-01
9.932843651626442893e-01
9.613987284287012214e-01
9.993762395240227692e-01
9.575349559813568501e-01
9.998555390457322112e-01
9.983485914928412752e-01
9.997495695727031118e-01
9.988303538969762752e-01
9.186587436332767087e-01
1.000000000000000000e+00
1.000000000000000000e+00
9.997783687943262443e-01
9.995080740027804111e-01
9.936682045005178487e-01
1.000000000000000000e+00
9.998039568051494408e-01
9.996733840676748084e-01
1.000000000000000000e+00
9.954345736646985632e-01
9.889809497573689434e-01
1.000000000000000000e+00
1.000000000000000000e+00
9.981733876633412939e-01
1.000000000000000000e+00
1.000000000000000000e+00
1.000000000000000000e+00
9.999622798083813713e-01
9.989872234340916313e-01
9.986438269910719034e-01
9.371486112276579128e-01
8.301250965758716349e-01
9.998137715908561596e-01
9.993960584869675534e-01
8.485578427078771524e-01
9.593489020801796441e-01
9.999473859590662927e-01
1.000000000000000000e+00
9.576757532281204854e-01
9.987504279356385073e-01
9.981091478124796135e-01
1.000000000000000000e+00
9.937992264691605238e-01
9.970144039130365288e-01
1.000000000000000000e+00
6.963719270420301033e-01
9.981925705135319404e-01
1.000000000000000000e+00
1.000000000000000000e+00
9.999613115388334972e-01
9.997780490511597451e-01
1.000000000000000000e+00
9.986320762219853542e-01
1.000000000000000000e+00
1.000000000000000000e+00
9.548205489092188580e-01
9.122405372405372193e-01
9.985496158872844141e-01
1.000000000000000000e+00
1.000000000000000000e+00
9.999370356378289859e-01
1.000000000000000000e+00
9.982392982345820176e-01
9.990867726224045287e-01
1.000000000000000000e+00
9.997787655115544236e-01
9.999277978339350392e-01
6.735784590307817288e-01
9.381817010101660692e-01
1.000000000000000000e+00
9.983615247457954256e-01
9.952891954904027338e-01
6.362107623318385974e-01
9.520620187743908946e-01
9.982548269898938731e-01
1.000000000000000000e+00
1.000000000000000000e+00
1.000000000000000000e+00
9.936870964250928973e-01
9.996035018714711784e-01
1.000000000000000000e+00
1.000000000000000000e+00
9.979592167279441872e-01
8.937096774193548088e-01
9.621453775582216039e-01
9.999823542905542650e-01
9.983530776860741751e-01
9.996197316995880655e-01
8.217580975176620450e-01
9.874436787702093321e-01
1.000000000000000000e+00
1.000000000000000000e+00
9.983737783602002480e-01
9.999686702069332522e-01
1.000000000000000000e+00
9.978732521783293397e-01
1.000000000000000000e+00
1.000000000000000000e+00
9.998846309150690725e-01
1.000000000000000000e+00
9.992277207600853695e-01
9.975201487910725362e-01
9.872834380366497520e-01
1.000000000000000000e+00
1.000000000000000000e+00
9.890281288657021275e-01
1.000000000000000000e+00
9.938827032625582314e-01
9.944912566820693911e-01
9.971278878929428213e-01
1.000000000000000000e+00
9.980395876810219669e-01
9.992032838561061281e-01
9.970560274770768894e-01
1.000000000000000000e+00
9.999190201437392345e-01
1.000000000000000000e+00
9.732146115388825569e-01
1.000000000000000000e+00
1.000000000000000000e+00
9.981678767727488744e-01
9.998893717898064137e-01
9.997279521195729934e-01
9.889274986748336493e-01
9.981078975402668529e-01
1.000000000000000000e+00
1.000000000000000000e+00
9.956218841876518511e-01
9.931618257261410898e-01
9.970983068141959782e-01
9.986560511721275235e-01
9.978428404919715833e-01
9.991868011572444530e-01
8.607752683705371943e-01
9.735572249226690511e-01
9.989735529502333788e-01
1.000000000000000000e+00
9.960572568641733460e-01
9.426021420071399870e-01
9.973564047104060970e-01
9.642156506575600972e-01
9.926427467078957623e-01
9.055252007136485037e-01
9.965219673852413473e-01
9.876148893155060060e-01
1.000000000000000000e+00
9.998329913632676424e-01
9.548660084626233724e-01
9.566543365339209570e-01
9.958428371716576688e-01
9.925286290118563448e-01
1.000000000000000000e+00
1.000000000000000000e+00
9.638099418413256236e-01
1.000000000000000000e+00
8.720006954909006458e-01
8.653627311522048560e-01
9.381439804772234714e-01
9.904682751993351131e-01
9.509084302325581106e-01
9.535589655337253223e-01
9.278551532033426641e-01
9.835613026422299621e-01
8.583331593125482772e-01
1.000000000000000000e+00
9.998097609906263505e-01
1.000000000000000000e+00
9.929798385554152729e-01
9.858586252633221303e-01
9.123458949025093911e-01
1.000000000000000000e+00
9.623212001395511361e-01
7.960607304062371492e-01
9.949172256656203528e-01
9.987596789340326131e-01
9.808983766955747807e-01
9.788824048028884617e-01
8.704049338635072575e-01
9.969847811736159970e-01
9.999415921967175214e-01
9.993753103426182838e-01
1.000000000000000000e+00
9.981757108936121226e-01
8.965708578404172346e-01
1.000000000000000000e+00
9.996992694015460756e-01
9.912388615507381484e-01
8.761663632225762388e-01
9.839993836038627428e-01
1.000000000000000000e+00
1.000000000000000000e+00
9.737687696965952044e-01
9.857527539779681325e-01
1.000000000000000000e+00
1.000000000000000000e+00
9.467810367090943036e-01
9.750192520801638230e-01
1.000000000000000000e+00
9.916643850202305766e-01
9.846255160710215559e-01
9.860840187423330905e-01
8.263831201196212284e-01
9.898251406623765902e-01
9.909290416971470172e-01
9.947045280122793764e-01
9.555488642565443946e-01
9.902205957100742584e-01
9.415977119402658690e-01
9.988489987982193119e-01
9.988794505693113779e-01
9.944462821427949573e-01
9.816787218822032868e-01
8.716020499108734221e-01
9.986040459008636017e-01
9.966164542294322359e-01
9.993056519927787651e-01
9.963418612237289196e-01
9.954824212349608903e-01
1.000000000000000000e+00
9.975119372130037965e-01
9.154075335177697115e-01
9.991669299933928494e-01
5.537323780910561322e-01
9.577051710830974951e-01
9.950372208436724097e-01
9.666363441780821963e-01
1.000000000000000000e+00
9.738697245981765560e-01
9.908828308358909043e-01
9.967353775681127015e-01
1.000000000000000000e+00
9.915093333333333536e-01
9.994512438472794580e-01
1.000000000000000000e+00
8.634761749637219763e-01
9.964623250529359710e-01
9.981896774670262484e-01
9.998220851619025185e-01
9.476384220767734012e-01
8.795406784749324469e-01
9.583979692568044273e-01
7.406037808027032820e-01
1.000000000000000000e+00
9.405540773203944216e-01
1.000000000000000000e+00
8.696400443381366863e-01
1.000000000000000000e+00
9.738133893610925185e-01
1.000000000000000000e+00
1.000000000000000000e+00
9.964785381174454670e-01
9.928567897572792011e-01
9.946931530917761943e-01
1.000000000000000000e+00
9.419841840402588540e-01
1.000000000000000000e+00
9.840925004937429721e-01
9.331465960566339701e-01
7.850583059245653805e-01
9.811625082140226217e-01
8.840399796282149003e-01
1.000000000000000000e+00
1.000000000000000000e+00
9.313162365504409346e-01
8.496935745424678554e-01
9.657854297989776349e-01
9.819832600368846309e-01
8.702799337228569465e-01
1.000000000000000000e+00
9.885434430888976332e-01
9.780128026718619694e-01
9.900666032350142753e-01
9.963267026636424273e-01
9.763603092205997980e-01
9.300094581813268535e-01
1.000000000000000000e+00
9.993759880189699851e-01
9.873503982282039182e-01
9.897151898734176667e-01
7.684751060504576570e-01
9.975836314567250174e-01
9.888556728285847752e-01
9.674034939068457684e-01
9.607008875468935338e-01
9.990192873488068503e-01
9.698500752716998630e-01
9.100210027241156796e-01
9.999545433883357815e-01
9.278377541050022437e-01
9.744071435542109860e-01
9.988496302382908754e-01
9.319742489270386177e-01
9.022187822497420573e-01
9.896551724137930828e-01
9.749303092939904936e-01
9.858481724461105600e-01
9.982792615164007843e-01
9.866326164159451295e-01
9.801567577900974770e-01
9.955320950510746503e-01
9.402521413922065863e-01
9.482674600528354647e-01
9.759795918367346612e-01
1.000000000000000000e+00
9.171865803413772333e-01
9.750792597507925707e-01
9.983545053643124723e-01
9.789223761992441597e-01
9.999009492364836493e-01
9.997029280157447850e-01
9.610231425091352309e-01
1.000000000000000000e+00
9.999148138683022768e-01
9.991767554479419333e-01
9.906582104902297292e-01
1.000000000000000000e+00
9.358407079646017257e-01
1.000000000000000000e+00
1.000000000000000000e+00
9.859517677358932142e-01
9.429676283980920060e-01
9.710628825820812882e-01
9.924286220465099451e-01
7.185631503712015533e-01
1.000000000000000000e+00
8.823157228725087009e-01
9.794926240500670955e-01
9.966632317581823886e-01
9.984778096273598802e-01
9.991538412414585624e-01
9.684502484687391721e-01
9.999839848817283494e-01
1.000000000000000000e+00
8.956243964044275918e-01
1.000000000000000000e+00
9.998447901217535350e-01
9.995158389818785682e-01
9.952309505947916080e-01
9.959982443910877503e-01
9.368716191339319099e-01
9.712782494320220117e-01
8.846868510219696446e-01
1.000000000000000000e+00
9.984574194577917616e-01
4.021016066000868694e-01
9.842130896998807499e-01
1.000000000000000000e+00
9.650871703173893312e-01
9.983325479392467505e-01
9.589490100711056675e-01
9.728147711648006402e-01
1.000000000000000000e+00
9.995798396083374060e-01
9.231611820639508137e-01
9.959787866425782177e-01
9.933267220362794747e-01
1.000000000000000000e+00
5.820546070167855746e-01
1.000000000000000000e+00
1.000000000000000000e+00
9.844629354693920087e-01
1.000000000000000000e+00
1.000000000000000000e+00
9.895626963034549473e-01
9.996828058091850044e-01
1.000000000000000000e+00
1.000000000000000000e+00
1.000000000000000000e+00
1.000000000000000000e+00
9.760402997079117293e-01
9.938854092644312521e-01
9.973855449686265251e-01
9.984121147288894660e-01
9.699708865514650169e-01
9.292646882613732062e-01
9.998637787767333807e-01
9.980339863917666587e-01
9.109714353163361755e-01
6.792989843460631727e-01
9.928419158631749397e-01
9.991798929036614929e-01
9.057241287928978757e-01
9.994298431148957995e-01
9.944664308478968762e-01
8.526279029160118705e-01
9.994424858571779868e-01
9.986812824528146226e-01
6.716232753851569814e-01
9.419357354546872285e-01
9.863498612066111670e-01
9.903561861295763213e-01
9.791930760152117719e-01
9.000544133079404485e-01
9.761663628384309455e-01
9.981032894380317266e-01
9.998724754116653513e-01
9.964332645015956391e-01
1.000000000000000000e+00
9.999686461403398674e-01
1.000000000000000000e+00
9.984875652919622535e-01
9.999537258410328144e-01
1.000000000000000000e+00
9.994948378745303064e-01
9.992811713781194483e-01
9.995470943761615157e-01
1.000000000000000000e+00
1.000000000000000000e+00
9.998450957308383513e-01
9.987287337560424305e-01
9.999846949707673627e-01
9.994253676870272773e-01
9.994315521968836213e-01
9.999840265797712568e-01
1.000000000000000000e+00
9.999481775781654536e-01
9.986208100558658929e-01
9.999684149018492896e-01
9.953572018424384771e-01
1.000000000000000000e+00
9.967482042321879065e-01
9.997505612372162842e-01
9.999210509694941296e-01
1.000000000000000000e+00
9.996691767226441039e-01
1.000000000000000000e+00
9.992365963943860008e-01
9.913774484557491551e-01
8.798870625472071660e-01
9.993166959141521755e-01
9.919664802626152467e-01
9.824377668573269773e-01
9.526113830973669261e-01
1.000000000000000000e+00
1.000000000000000000e+00
9.775629907603039515e-01
9.995002901541040208e-01
9.998879210964518593e-01
9.983667385513129711e-01
9.996559069310175794e-01
8.765989313471502786e-01
1.000000000000000000e+00
9.970991437795349022e-01
9.997775765375022106e-01
9.968086277099152959e-01
9.995350403232271530e-01
1.000000000000000000e+00
9.998677183061328577e-01
1.000000000000000000e+00
9.999055816954379727e-01
9.983949898506710996e-01
9.999225238626503476e-01
9.992677284603991295e-01
9.914397755531467737e-01
9.985119989868929125e-01
1.000000000000000000e+00
1.000000000000000000e+00
8.245536559207621297e-01
7.518169259414979599e-01
9.982239406513265800e-01
9.998413504251808526e-01
9.964346212793417923e-01
1.000000000000000000e+00
1.000000000000000000e+00
9.999839532719279056e-01
1.000000000000000000e+00
9.996605621736951441e-01
1.000000000000000000e+00
9.994666666666666144e-01
9.994456587158287997e-01
9.995357400144080362e-01
1.000000000000000000e+00
9.888981605775859496e-01
9.998751930607341354e-01
9.990588382927326760e-01
1.000000000000000000e+00
9.994623740927562894e-01
9.921093240426986926e-01
9.999831547739370663e-01
1.000000000000000000e+00
9.985513341744941540e-01
1.000000000000000000e+00
9.991748018746010596e-01
9.643363451585905688e-01
9.991594095692815092e-01
9.875169276710996646e-01
9.847661230789880316e-01
8.143334221790188288e-01
1.000000000000000000e+00
1.000000000000000000e+00
9.997189876530200303e-01
1.000000000000000000e+00
9.994632313472893159e-01
9.952497480927018358e-01
9.995303914969553283e-01
1.000000000000000000e+00
1.000000000000000000e+00
9.993303953781709215e-01
9.998084566393717898e-01
9.997217713888244539e-01
9.932952406116853927e-01
9.999069363444595959e-01
9.996544900587367444e-01
1.000000000000000000e+00
1.000000000000000000e+00
9.995412921968706010e-01
9.997266093247250129e-01
9.992433133609240903e-01
9.989148474403165556e-01
9.070919114211853929e-01
9.999689296256020210e-01
7.529413602912454762e-01
1.000000000000000000e+00
9.998582342285579072e-01
9.997213363470290881e-01
1.000000000000000000e+00
9.999691434213774377e-01
1.000000000000000000e+00
1.000000000000000000e+00
9.999219725343321263e-01
1.000000000000000000e+00
9.999369979524334040e-01
1.000000000000000000e+00
