6.112405358182877446e-01
8.660624370594158794e-01
7.419459811259355719e-01
7.570214057993016610e-01
8.027994208094877404e-01
1.000000000000000000e+00
2.106351550960118280e-01
8.217379889734838239e-01
8.785244859020563402e-01
9.997445721583652078e-01
1.000000000000000000e+00
2.772245714545537032e-01
9.621752888365590062e-01
3.936455649124671052e-01
3.686168151879116728e-01
9.820581984632990036e-01
9.939776312016059823e-01
7.176178939658571787e-01
8.359934520155514193e-01
9.900884955752212724e-01
8.146182747801835600e-01
8.161883878348746846e-01
5.992310058443556242e-01
8.244382022471909988e-01
7.567440696000500289e-01
9.429353548115392281e-01
9.974031594892880381e-01
9.849785407725322184e-01
7.361915367483296002e-01
1.000000000000000000e+00
5.853385016699578225e-01
1.000000000000000000e+00
5.948610582413399461e-01
9.980341751096325487e-01
5.415876027830487383e-01
9.481818181818182367e-01
5.763079425318514692e-01
8.270393411022518571e-01
1.557924096025500582e-01
1.000000000000000000e+00
1.000000000000000000e+00
4.719882055602359072e-01
7.200013171759747088e-01
3.386804657179818823e-01
8.509057129586623525e-01
8.579391988966151850e-01
9.272379128769746570e-01
9.254287844891871950e-01
9.711453354576030650e-01
2.187159956474428735e-01
9.266745005875440810e-01
8.947990543735224733e-01
9.555049930476551268e-01
8.877624909485879456e-01
7.998323788238580478e-01
5.035504785427601382e-01
9.279927992799279490e-01
1.098435048136053339e-02
6.459966737942504089e-01
6.759740259740260049e-01
8.676975945017182390e-01
9.960074148010836792e-01
9.936034115138592249e-01
2.253365003958828217e-01
8.764077270859021995e-01
9.952404079650315483e-01
5.934829430973389552e-01
5.823429541595925851e-01
8.597815069264557186e-01
1.344022636170714435e-01
8.865336658354114885e-01
7.485907553551296445e-01
3.717172939610310922e-01
3.891466445733222645e-01
9.998889875666074900e-01
9.505976095617529875e-01
1.000000000000000000e+00
7.080924855491329550e-01
8.158998825249934583e-01
8.402960643370578353e-01
8.452855245683931207e-01
2.724165132789902466e-01
7.094847775175644466e-01
9.652448657187994163e-01
6.889428918590522199e-01
9.660643455266637591e-01
7.539180229053646931e-01
6.561286744315030228e-01
7.105263157894736725e-01
8.707770270270269730e-01
8.656088600181034431e-01
5.766094048238764591e-01
7.755505364201016327e-01
9.045086705202312061e-01
1.822789885162805212e-01
6.609406952965235504e-01
8.784748928689155578e-01
8.393567729626600915e-01
7.133777239709443441e-01
1.125784801905174298e-01
9.393122049898853243e-01
5.397923875432526497e-01
8.593044694513319870e-01
8.554857882375497269e-01
7.376538277129615073e-01
9.749262536873156693e-01
9.138170697803725817e-01
6.338424812100188488e-01
7.380395492238996935e-01
8.125568698817106084e-01
9.453363914373088539e-01
1.000000000000000000e+00
9.813139552128132825e-01
3.779499823881648513e-01
1.360911270983213295e-01
7.818959372772630312e-01
7.585722315907813540e-01
8.992061459667093359e-01
7.802547770700637431e-01
8.995815899581589559e-01
9.723412543825477039e-01
6.686303387334314730e-01
9.876322751322751392e-01
9.370686155095412362e-01
7.415094339622640973e-01
8.019565217391304568e-01
7.307275485875297516e-01
9.133794225294835645e-01
8.343824205646225289e-01
9.688788901387326291e-01
5.420566248749190130e-01
4.202152810613856704e-01
7.797200425137378321e-01
5.841075545910755507e-01
9.731567644953471596e-01
4.603971358972466232e-01
5.485636114911081052e-01
7.465139442231075728e-01
5.054109075324119127e-01
8.997402597402597291e-01
9.509615384615384137e-01
1.661702940053455535e-01
6.498893455580145861e-01
5.836621941594317686e-01
1.000000000000000000e+00
9.524084222670896605e-01
6.470032397408207459e-01
5.956561537821419838e-01
2.467398764584763093e-01
9.909836065573770503e-01
6.462427745664739431e-01
9.788423153692614731e-01
5.005240632369639675e-01
5.362517099863201020e-01
4.952373865158505861e-01
9.604715672676837901e-01
8.667471819645732323e-01
6.256537540998138303e-01
4.679018224319293484e-01
8.455862977602107700e-01
9.906674208144796712e-01
7.810766829397894906e-01
7.284827975183305604e-01
6.223250433776749135e-01
7.300148343497609993e-01
7.354697742170429597e-01
8.359133126934984448e-01
6.722827531225086251e-01
6.716466918404202513e-01
9.649840836743974748e-01
6.998234255444378826e-01
2.798099336560875283e-01
8.529062870699881671e-01
6.698369565217391353e-01
5.598717474411147865e-01
7.636188927489097056e-01
7.827270747113918015e-01
8.770436592982671087e-01
9.817421072651197900e-01
7.080325602825986442e-01
1.077605321507760505e-01
6.712117879920826979e-01
5.840211640211639965e-01
7.144436372824611303e-02
1.000000000000000000e+00
9.517920973818955188e-01
8.980627306273062382e-01
7.221624529316837682e-02
8.637895783831573970e-01
8.499807667649699194e-01
7.837033437604397079e-01
5.038956332668961258e-01
6.798835264233938913e-01
5.615774399647499582e-01
8.377783022578868533e-01
3.776110976691668952e-01
4.261545271233954657e-01
9.535519125683059594e-01
8.367978770455550830e-01
8.808664259927797557e-01
9.075279128707445242e-01
8.516836927733636431e-01
5.818181818181817899e-01
8.190114068441064488e-01
9.796747967479674246e-01
8.492243662504729285e-01
7.627798098024871631e-01
8.938406870002961746e-01
9.009064944741089764e-01
8.585795097423004618e-01
9.657018740213163532e-01
9.174199308112933604e-01
8.709576138147566704e-01
5.066085176449646177e-01
7.896725440806044993e-01
9.952368351415717962e-01
9.649821477616039589e-01
9.788476716653512488e-01
9.458996502747840651e-01
9.740426105717367999e-01
7.859608089221027383e-01
9.673408239700374001e-01
2.715590648707230104e-01
9.117348234696469600e-01
8.922936893203883280e-01
9.897362697117998431e-01
7.626208378088077389e-01
9.572320999519461360e-01
3.528376507810955243e-01
6.706974735478298255e-01
9.896349707075259294e-01
5.497528476251880569e-01
9.998388552275364605e-01
8.788486209108402614e-01
9.946436500888099497e-01
8.520696925979358571e-01
9.871632996632996315e-01
9.949362815427462703e-01
9.832661168964064169e-01
9.805265886962032384e-01
9.983568474134512094e-01
5.380300379998793625e-01
8.160487425460202227e-01
8.126212336738652953e-01
9.804646251319957262e-01
9.630641996075133271e-01
7.990952135389808308e-01
4.803153963203762866e-01
8.320793175469941572e-01
7.517217689995706609e-01
9.553153153153153276e-01
9.416419386745795705e-01
9.028493630263542125e-01
9.911721980109509111e-01
9.955734898508192821e-01
9.390745230315168390e-01
8.301700416284484296e-01
9.690821256038647524e-01
3.718751493714449463e-01
8.963937810463841194e-01
6.586289252543122696e-01
8.206448405653007372e-01
8.386810258687686925e-01
9.994427934621099574e-01
9.997037914691943028e-01
8.170300751879698842e-01
7.362151123213069859e-01
8.898083623693380240e-01
9.368706662646970607e-01
6.386025581343796054e-01
7.049344298733051239e-01
7.793753098661377887e-01
9.950830025261638845e-01
9.960146400976006564e-01
7.725766362883181859e-01
9.305678861166386540e-01
6.968336211859528229e-01
9.905117338225061241e-01
9.980248864309697598e-01
9.739229024943311108e-01
5.242695570216776568e-01
7.968843172331544489e-01
9.121703363174449297e-01
9.850773652987584450e-01
9.985810571124512647e-01
8.223633266222704075e-01
9.467960023515579193e-01
9.455353834753612574e-01
9.992111490928214934e-01
8.738021183591122565e-01
8.919255726010915097e-01
6.654158849280800148e-01
9.205348133198789640e-01
8.384914669732072001e-01
9.346015604453405956e-01
7.418840954103160801e-01
9.541149425287356323e-01
9.653205505864710378e-01
7.113751017087062145e-01
1.000000000000000000e+00
9.915997899947498473e-01
8.285262413118574809e-01
9.534446022727273151e-01
7.564286775999603529e-01
9.325319716209499177e-01
9.925093632958801315e-01
9.597439544807966350e-01
6.991115024413672163e-01
9.692406623439258073e-01
9.316666666666666430e-01
7.151559201190599291e-01
9.999370455475463659e-01
7.726221559119731408e-01
5.465179755127504979e-01
8.787290969899665960e-01
8.234891371507773172e-01
9.320654255726652515e-01
7.569809557191260474e-01
9.182544560540872869e-01
3.577003121748179026e-01
9.852341400970497931e-01
6.993684959530374057e-01
9.980482498240225153e-01
5.890392391623556767e-01
9.897579849783779693e-01
7.607869438855354716e-01
8.293711656441717928e-01
8.732405199600030699e-01
9.547810830209745303e-01
9.900604570140383309e-01
8.170793329964628482e-01
9.867430268321136788e-01
5.056088109320824309e-01
9.789612765524952076e-01
9.968748424819798837e-01
9.871810089020771617e-01
8.717111705947639955e-01
9.955158264947244762e-01
6.964651289750238838e-01
6.242559163722596338e-01
9.723624246582055486e-01
9.379604497867390922e-01
8.789860025557966194e-01
9.002142474558114671e-01
9.998826346180930136e-01
5.225672093903824811e-01
9.537816110811634385e-01
8.802631855542242256e-01
9.866779608809487234e-01
8.892282242158172645e-01
9.997496244366549378e-01
1.000000000000000000e+00
7.157794090432422207e-01
8.556701030927834628e-01
9.787921197114867189e-01
9.986471861471861722e-01
9.995132240791821943e-01
8.278289278289278075e-01
9.921163600806698346e-01
9.118816167499704806e-01
8.637946837763519348e-01
6.556409343035978221e-01
9.988266353769433836e-01
9.746661317131884994e-01
7.078651685393257953e-01
9.973700954400848140e-01
9.872494704252892106e-01
7.849265507170567480e-01
9.002036177668339967e-01
8.281704278000830977e-01
9.277268248313499388e-01
9.716472701710536786e-01
9.710323321844739342e-01
8.669004542918625766e-01
9.193590242636564547e-01
9.504007258430364757e-01
9.751720011965300250e-01
6.250772081531810187e-01
9.986062455268015503e-01
9.945573294629898031e-01
8.166751918158567936e-01
9.107650475837349990e-01
9.692484934420417808e-01
7.157388385027809719e-01
9.638911788953009596e-01
8.651481556137875506e-01
7.872741286289286489e-01
9.284617799951156991e-01
6.810179536343036188e-01
8.713670613562970457e-01
9.311210262130507065e-01
5.456671864557808282e-01
8.085618085618085926e-01
6.418424934265375414e-01
6.960377691493117025e-01
5.389245585874798961e-01
9.933086986917007977e-01
9.791498881431767165e-01
7.044870928503851326e-01
9.686896667506085246e-01
1.000000000000000000e+00
7.483612330028712734e-01
9.844254544805808305e-01
9.380772460117547951e-01
9.627187997272107500e-01
8.012173098789379111e-01
9.544827586206896530e-01
8.020498215635603056e-01
8.714054927302100628e-01
6.295084521305600589e-01
9.978928954796644213e-01
7.712326632382733305e-01
8.002649006622516437e-01
9.012201453790238403e-01
9.768586387434554652e-01
9.013170167518561593e-01
9.189797201177755115e-01
9.934235487542684151e-01
1.000000000000000000e+00
5.624789868878179444e-01
9.318156944292437238e-01
6.907423690491144574e-01
9.933255464708826699e-01
4.909059711736444842e-01
8.836795537603385764e-01
5.267595984083902616e-01
9.560007218913553206e-01
9.713081010952820948e-01
6.159147869674185261e-01
8.809634089856415162e-01
9.988509810853809512e-01
3.039874320441532385e-01
9.700011672697560483e-01
6.380868591538030321e-01
9.434796420818551965e-01
9.004779308405960192e-01
8.233396186884558432e-01
8.782161703989281865e-01
6.684049860086491712e-01
6.821783847580509264e-01
8.420418813139760594e-01
7.864386186270386769e-01
6.302738074737386231e-01
5.155189388051194532e-01
6.414236861051115790e-01
8.288803650552212243e-01
8.967146231479493634e-01
9.329353233830846026e-01
9.235971223021582910e-01
8.340925017519271734e-01
9.437325662482566324e-01
9.767401664238622994e-01
8.645710928319624289e-01
9.545583641011076148e-01
8.605283114256825350e-01
9.769646744855677856e-01
7.895175286358903088e-01
8.838459241564645685e-01
8.915275994865211606e-01
8.615315718763995045e-01
9.710557532621589827e-01
9.367647058823529438e-01
7.440123049879147077e-01
4.261691301187303105e-01
1.000000000000000000e+00
9.267271633410207876e-01
9.901404697552247391e-01
9.830262201968166247e-01
7.008837525492862541e-01
9.531893734905526605e-01
9.978202151352888460e-01
8.983983492188267750e-01
8.198358901177309477e-01
9.968982630272953394e-01
4.635089415176413818e-01
8.146453089244851675e-01
5.038387715930902067e-01
9.764453961456103226e-01
8.397163120567375794e-01
5.242463958060288309e-01
8.009132420091323867e-01
8.626053143227478959e-01
8.318936877076411607e-01
9.271523178807947185e-02
6.492042440318301910e-01
9.285714285714286031e-01
9.692307692307692291e-01
4.191919191919191712e-01
7.855274629468177450e-01
6.219426974143955622e-01
8.819918144611187394e-01
7.831853236737555957e-01
7.590897201150929030e-01
9.597868217054263962e-01
4.022573363431151128e-01
9.679434936158652913e-01
7.825403949730700415e-01
9.868421052631578538e-01
8.922413793103448620e-01
8.389292196007259728e-01
6.904384574749075076e-01
8.965014577259474704e-01
2.341504649196956833e-01
8.152813343483977793e-01
6.971000935453695035e-01
6.547834843907351932e-01
9.387576552930884111e-01
9.977619532044761375e-01
9.899899269705363380e-01
9.999208422385814643e-01
8.103052182474564935e-01
7.881057268722466702e-01
9.872280037842952050e-01
8.871428571428571219e-01
9.451298701298701532e-01
9.801779935275081179e-01
8.985796715490457220e-01
9.851190476190476719e-01
0.000000000000000000e+00
9.950599858856740143e-01
7.605090628615502890e-01
9.314997405293201638e-01
6.944707740916271632e-01
7.995570321151715953e-01
9.424787507412532017e-01
7.161349976883957247e-01
9.250879839115133674e-01
9.732997481108311977e-01
8.559999999999999831e-01
8.041842539915581289e-01
9.925106990014265218e-01
9.835025380710660237e-01
7.210323997803405049e-01
7.577577577577577772e-01
9.948405253283302274e-01
8.823529411764705621e-01
9.827405857740585393e-01
8.722044728434504846e-01
8.451140523796113468e-01
6.505124450951683679e-01
7.209138840070298260e-01
8.405842137973896788e-01
3.274695534506089079e-01
8.716271463614063686e-01
6.441784548422198053e-01
8.404255319148936643e-01
7.685571309424520381e-01
9.605991533702377128e-01
7.760314341846757946e-01
8.583093179634966319e-01
9.032707028531663518e-01
9.176470588235293713e-01
5.632540503274733323e-01
9.145969498910675455e-01
8.685095255883451548e-01
5.333765392093324786e-01
7.443247272480856269e-01
8.790141896938012955e-01
4.900542495479204286e-01
8.983957219251337278e-01
8.381742738589211816e-01
7.659398744631648048e-01
8.563869992441420775e-01
9.935940660822656367e-01
9.937321937321936804e-01
5.455979271109108186e-01
0.000000000000000000e+00
9.159204558669612473e-01
8.301393728222996593e-01
7.661804922515952354e-01
9.797543976103550989e-01
7.870538415003024424e-01
6.332046332046331605e-01
6.630463576158940331e-01
8.786959818043972303e-01
9.085555940422583854e-01
9.120095124851367308e-01
9.859494179044560047e-01
8.129699248120301203e-01
9.419978517722878975e-01
7.282326321964300853e-01
6.672760511882998014e-01
8.820973782771535099e-01
9.385043091465109510e-01
8.641025641025641413e-01
9.512534818941503767e-01
9.901664145234493342e-01
8.027444253859348233e-01
1.000000000000000000e+00
6.850490196078431460e-01
7.649926864943930038e-01
8.927813163481953529e-01
6.886792452830188260e-01
6.916666666666666519e-01
5.302545086802629148e-01
5.565891472868217393e-01
8.729395604395604469e-01
4.279529993815708311e-01
8.382209188660801891e-01
5.039834759516081952e-01
