5.923429073121786459e-01
8.565737051792828849e-01
7.417046193884190286e-01
7.539025588691083968e-01
5.942125140349086010e-01
5.170740723626449792e-02
2.106351550960118280e-01
8.204456094364350749e-01
6.937887158881633765e-01
7.934319886478815587e-01
1.494803434252146290e-01
2.721692743789478341e-01
4.903431464466528888e-01
3.933320946035622212e-01
3.686168151879116728e-01
5.638492584944622132e-01
2.778802212779604153e-01
7.112066558713495690e-01
7.215011037527593318e-01
9.373324396782841683e-01
3.883912906978891355e-01
3.554715884319139541e-01
5.963693136594624411e-01
5.860790186849237360e-01
5.433077942795515591e-01
8.832347140039448208e-01
7.630794701986755024e-01
6.113056775020964118e-01
6.284220532319391150e-01
7.266739846322721741e-01
5.834892706991664513e-01
7.446280284222240864e-01
5.948610582413399461e-01
8.916509051607673930e-01
4.453691362439452517e-01
8.929794520547945647e-01
4.821060443638162663e-01
6.150387697921417818e-01
1.555754501143937207e-01
1.621160409556313964e-01
2.231009484512450347e-01
4.719882055602359072e-01
7.179680830104420153e-01
3.386804657179818823e-01
8.149466192170818912e-01
7.769450949778818893e-01
8.980064904960592953e-01
8.739436619718309318e-01
9.597620713785863789e-01
2.187159956474428735e-01
8.992018244013683104e-01
8.355408388520971785e-01
9.285100110551529617e-01
8.864786695589298438e-01
4.887959366596952293e-01
5.033950617283950990e-01
8.254603682946357601e-01
1.098435048136053339e-02
6.417579305135951984e-01
6.754257907542579042e-01
8.673250322026621051e-01
9.091500715866197568e-01
6.722446624350836286e-01
2.253365003958828217e-01
7.622435118324157877e-01
4.021035281189906385e-01
5.866758241758242010e-01
5.823429541595925851e-01
8.593943487560509187e-01
1.344022636170714435e-01
8.824989656599089294e-01
7.480285392414569579e-01
3.717172939610310922e-01
3.891466445733222645e-01
7.616913319238900471e-01
8.033670033670033961e-01
2.637253781384539253e-01
7.070707070707070718e-01
8.127821165006806625e-01
7.992012725488205627e-01
8.344804981973124036e-01
2.058414464534075172e-01
7.091941241879791136e-01
9.348225214198286892e-01
6.823104693140794597e-01
9.355527102005974927e-01
4.378227006213354366e-01
6.561286744315030228e-01
7.105263157894736725e-01
8.656591099916036702e-01
8.645500957243139606e-01
5.699584065863384508e-01
7.755505364201016327e-01
9.020059949273691036e-01
1.822268029431131642e-01
6.609406952965235504e-01
8.752771163478118011e-01
8.162205141796978758e-01
7.133777239709443441e-01
1.125784801905174298e-01
8.706249999999999822e-01
5.397923875432526497e-01
8.593044694513319870e-01
8.554857882375497269e-01
7.375359539789070329e-01
9.303307529908515505e-01
8.929638685139907883e-01
6.251103590347263372e-01
2.308306178094034766e-01
8.037803780378037777e-01
9.318010550113037249e-01
1.421229842282473732e-01
7.245154932661775904e-01
3.778169014084507005e-01
1.360911270983213295e-01
4.017579197949093794e-01
7.508693837807761673e-01
8.952172139506424653e-01
7.802547770700637431e-01
7.274045432576123904e-01
9.059891107078039685e-01
6.686303387334314730e-01
8.701200326302295229e-01
8.956150562669771276e-01
7.415094339622640973e-01
8.019565217391304568e-01
7.306219750054179229e-01
9.082086534573392544e-01
8.343824205646225289e-01
9.386124228114783863e-01
5.420566248749190130e-01
4.202152810613856704e-01
7.631019830028328288e-01
5.784684094763176132e-01
9.424610051993067561e-01
4.603971358972466232e-01
5.485636114911081052e-01
7.450298210735586402e-01
5.054109075324119127e-01
8.502700049091801437e-01
9.338999055712936537e-01
1.661702940053455535e-01
6.494376342727158358e-01
5.834319526627218533e-01
7.677645285695287869e-02
4.520810514786418599e-01
6.470032397408207459e-01
5.939756036843415465e-01
2.240573387348083478e-01
1.794700512135381787e-01
4.913421815944449267e-01
9.376673040152964100e-01
5.005240632369639675e-01
5.362517099863201020e-01
4.952373865158505861e-01
9.282841823056300345e-01
8.581108011159824800e-01
6.256537540998138303e-01
4.679018224319293484e-01
8.184136699821473737e-01
3.459411416156428776e-01
7.477743863665268220e-01
7.284006316264380887e-01
6.178328274956935706e-01
7.292935945990449698e-01
4.397317540498171251e-01
7.289908876139048477e-01
6.722827531225086251e-01
6.716466918404202513e-01
9.218071242397914977e-01
6.990005878894768321e-01
2.798099336560875283e-01
8.099887345099512359e-01
6.698369565217391353e-01
5.598717474411147865e-01
7.632803841891392382e-01
7.827270747113918015e-01
8.750076363858513284e-01
9.267504488330341461e-01
6.874440799284222692e-01
1.077605321507760505e-01
6.712117879920826979e-01
5.757354475276444949e-01
7.144436372824611303e-02
9.082969432314410563e-01
9.246363209760676272e-01
8.285106382978723039e-01
7.221624529316837682e-02
8.593732820230896019e-01
8.449968132568514978e-01
7.814250673772824562e-01
5.038956332668961258e-01
6.797150820687519746e-01
5.615774399647499582e-01
8.219569300434815817e-01
3.776110976691668952e-01
4.261545271233954657e-01
9.381720430107527431e-01
8.342151675485008910e-01
8.759791122715404610e-01
8.737716810657522037e-01
8.149891383055756222e-01
5.818181818181817899e-01
8.190114068441064488e-01
8.964662120272783863e-01
7.878202878202877901e-01
7.607541002743244407e-01
8.835065125128055419e-01
8.872447107741225913e-01
8.314059646987218555e-01
7.306707433594495926e-01
7.861719422396480361e-01
8.538011695906432275e-01
5.066085176449646177e-01
7.149372862029647058e-01
8.353137146029983029e-01
9.449973103819258036e-01
9.541223233747916366e-01
9.366739698918651325e-01
8.741717847094061522e-01
7.835916394141902996e-01
8.720961642355483656e-01
2.715590648707230104e-01
9.114647255491133970e-01
8.714669948942377342e-01
8.608335796630209868e-01
7.474995613265484895e-01
8.938079569249177680e-01
3.528376507810955243e-01
6.706974735478298255e-01
9.141535615171137996e-01
5.497528476251880569e-01
8.752433347439695366e-01
7.980923256152614442e-01
9.466941384684470773e-01
8.406569343065692923e-01
9.532857469454111277e-01
9.195429195429195568e-01
9.188064234890457316e-01
9.377376163975976731e-01
7.211558138583064048e-01
5.380300379998793625e-01
8.148867313915857391e-01
8.126212336738652953e-01
9.540550458715596482e-01
9.164943640365503796e-01
7.632256475697942744e-01
4.803153963203762866e-01
8.122129154282626828e-01
7.329526425078706220e-01
8.568196509372979497e-01
9.344530483149743327e-01
8.666511085180863549e-01
9.384257300042319061e-01
9.234416114690137123e-01
9.226387738193868593e-01
8.299943566591422295e-01
9.570610687022901297e-01
3.718751493714449463e-01
8.945758892644455340e-01
6.479454200532571706e-01
8.206448405653007372e-01
8.371010638297872175e-01
9.103366604635425574e-01
8.744278435098021829e-01
7.983322925467435383e-01
7.362151123213069859e-01
8.898083623693380240e-01
9.134895205620389147e-01
6.345094929738778200e-01
7.049344298733051239e-01
7.793753098661377887e-01
9.012502042817454040e-01
8.987889908256880833e-01
7.725766362883181859e-01
9.228270439296881733e-01
6.809691696046807907e-01
9.489727895279074232e-01
8.697929474253676130e-01
8.871348480377692081e-01
5.208875247112683127e-01
7.808209173239848422e-01
7.662082514734773753e-01
9.569272813688213253e-01
8.793734380578365206e-01
8.137931034482758230e-01
9.410790806388780183e-01
9.096958174904943295e-01
9.421098301723069834e-01
8.334302150774719475e-01
8.896699528504071752e-01
6.611042073495473348e-01
9.159136546184738492e-01
8.327113062568606283e-01
9.267614204372581765e-01
7.418840954103160801e-01
9.423303968758514060e-01
9.073677851335363309e-01
7.107042986278208074e-01
8.619531026594223766e-01
9.340162486753796900e-01
8.214831015557297889e-01
9.130139082531369965e-01
7.564286775999603529e-01
9.209621993127147244e-01
9.454511313491691382e-01
9.343581221437473605e-01
6.991115024413672163e-01
9.490004722178498886e-01
9.260077305356156918e-01
7.151559201190599291e-01
8.732235630446136820e-01
7.686941032396927831e-01
5.458227322290877259e-01
8.782004144662076683e-01
8.194386746207148464e-01
9.042681680509876418e-01
7.483828738641613576e-01
7.416319969742813933e-01
3.577003121748179026e-01
9.325162017469710296e-01
6.993684959530374057e-01
8.731909414102958511e-01
5.890392391623556767e-01
8.965090709180868478e-01
7.607869438855354716e-01
8.293711656441717928e-01
8.609889276505384714e-01
9.439034966689004991e-01
9.609149676777722915e-01
8.170793329964628482e-01
9.462496821764556643e-01
5.056088109320824309e-01
8.980885780885781156e-01
8.638507906001572367e-01
8.818415081536145061e-01
8.210047346737994189e-01
8.994783253449143423e-01
6.964651289750238838e-01
6.242559163722596338e-01
9.335246518630033741e-01
6.722111949186184710e-01
8.513816925734024599e-01
8.881314732614669083e-01
9.346161441077736054e-01
5.225672093903824811e-01
9.479605860839991349e-01
8.730142184047032794e-01
9.485490079952620945e-01
8.789937106918238596e-01
9.042119565217391353e-01
8.717715983166928195e-01
7.157794090432422207e-01
8.542024013722127052e-01
9.484665136657626228e-01
9.239048811013766960e-01
8.922733104333071541e-01
8.259400835629834292e-01
9.599668854591686395e-01
8.672380881086948490e-01
8.007477270796159452e-01
6.541429731925264557e-01
9.199221916031772306e-01
7.809773123909249382e-01
7.077994428969359708e-01
8.838476863511633974e-01
9.467906395280697440e-01
7.832535885167464240e-01
8.676433673352959008e-01
8.174473027911585143e-01
9.137023627337538256e-01
8.807079646017699215e-01
9.143806506452361038e-01
8.657963862134840927e-01
8.810619248943049042e-01
8.812394840157038445e-01
9.516395835360513811e-01
5.890398998864991853e-01
9.280913037389720843e-01
9.284706148026873329e-01
8.166751918158567936e-01
8.851120052849679176e-01
8.655428933206711362e-01
7.130591054313099031e-01
9.305212892956625792e-01
8.641030803301791297e-01
7.861968699221756340e-01
9.233077750407661100e-01
6.810179536343036188e-01
8.711795092552733211e-01
9.180643387407203537e-01
5.445652778035089403e-01
8.085618085618085926e-01
6.397602876548141859e-01
6.960377691493117025e-01
5.389245585874798961e-01
9.215232094876308899e-01
8.819570386490952485e-01
6.805718762240501318e-01
9.367643477554996601e-01
2.538989726938840549e-02
7.483612330028712734e-01
9.652084171491542852e-01
9.309059095548566365e-01
9.200521399087551178e-01
7.971120574926803259e-01
9.373518455807653416e-01
7.982189096507803505e-01
8.711240310077519311e-01
6.295084521305600589e-01
8.546717515663306841e-01
7.712326632382733305e-01
7.993120783172377175e-01
8.979565442317640755e-01
9.502903127228277125e-01
8.961347280955560546e-01
8.558664037466108265e-01
9.455501163630527506e-01
6.270327598397360536e-01
5.624789868878179444e-01
9.230268863833477333e-01
1.297392945617553417e-01
8.586470503389586062e-01
4.909059711736444842e-01
8.219429287056086997e-01
5.261218581392288485e-01
9.052566819331464565e-01
9.548230446619085932e-01
6.159147869674185261e-01
8.790904048807542948e-01
8.718225650916103797e-01
3.035544730215085085e-01
9.520536174600446877e-01
6.380868591538030321e-01
7.217732952589261952e-01
9.004779308405960192e-01
8.233396186884558432e-01
8.675417983415714129e-01
6.684049860086491712e-01
6.821783847580509264e-01
8.380051934216659060e-01
7.859244384252557225e-01
6.302738074737386231e-01
5.155189388051194532e-01
6.414236861051115790e-01
8.288803650552212243e-01
8.847665905506250095e-01
8.689527340129750144e-01
9.147132169576059901e-01
8.204377046355333380e-01
8.939024893696073670e-01
9.358173645611544966e-01
8.635563380281690016e-01
9.392203437194355242e-01
7.856339247079185961e-01
4.532746823069403463e-01
7.699546408503148420e-01
8.705882352941176627e-01
7.363291603800513618e-01
8.591461236155769621e-01
9.359707294763320862e-01
6.978316711997581967e-01
7.384950926935659465e-01
4.258389424240957011e-01
2.310289325952969708e-01
8.933810202750054330e-01
9.703413542249580415e-01
9.524540858770077500e-01
6.931494146284918889e-01
6.981426564694864778e-01
9.501398790722859200e-01
8.892238864034234247e-01
8.175026680896477771e-01
8.733695652173912860e-01
4.635089415176413818e-01
8.137142857142857233e-01
5.038387715930902067e-01
9.132176234979972884e-01
8.361581920903954357e-01
5.242463958060288309e-01
7.893789378937894341e-01
8.376337319068596354e-01
8.161668839634941275e-01
9.271523178807947185e-02
6.492042440318301910e-01
9.191919191919192267e-01
9.279326670173593250e-01
4.170854271356783660e-01
7.609797297297297147e-01
6.182702327196943903e-01
8.816911012615069598e-01
7.831853236737555957e-01
7.587919989541116461e-01
9.506898620275945344e-01
4.018944519621109879e-01
9.462641643059490626e-01
7.825403949730700415e-01
9.363057324840764473e-01
8.821022727272727071e-01
8.370303304662742860e-01
6.904384574749075076e-01
8.874458874458874824e-01
2.341504649196956833e-01
8.130866924351187741e-01
6.354024556616644226e-01
3.914745017761454560e-01
9.039595619208087296e-01
9.078119215105516782e-01
9.384698018620195592e-01
8.343461030383091392e-01
8.103052182474564935e-01
7.881057268722466702e-01
5.900480633305060785e-01
8.793542905692438572e-01
9.429867184969226157e-01
9.409708737864077577e-01
8.944113099182681159e-01
7.148706411698537710e-01
0.000000000000000000e+00
8.796007485963818207e-01
7.564250095895665993e-01
8.427230046948356312e-01
6.881653099561678699e-01
7.995570321151715953e-01
9.409907242944542949e-01
7.161349976883957247e-01
9.223057644110275177e-01
9.257307139434595156e-01
8.517412935323382950e-01
7.977425814673220206e-01
8.329841364860820496e-01
9.458909682668836805e-01
7.210323997803405049e-01
7.577577577577577772e-01
1.600030175015087486e-01
4.915133107021618653e-01
9.279012345679011897e-01
8.687350835322196207e-01
7.955991516436903277e-01
6.505124450951683679e-01
7.209138840070298260e-01
8.403230817023920052e-01
3.274695534506089079e-01
8.666666666666666963e-01
6.441784548422198053e-01
8.247252747252746818e-01
7.575010275380189562e-01
9.516129032258064946e-01
7.760314341846757946e-01
8.106514244238794964e-01
8.982698961937716220e-01
8.878048780487804992e-01
5.632540503274733323e-01
9.012451696006870128e-01
7.327450362433028941e-01
5.332901344565040835e-01
7.443247272480856269e-01
8.219273743016759504e-01
4.900542495479204286e-01
8.634361233480176701e-01
6.453674121405750252e-01
7.596657929226736661e-01
7.852604828462516062e-01
8.616959064327485152e-01
1.282635875560785566e-01
5.455979271109108186e-01
0.000000000000000000e+00
9.142193847939640294e-01
8.301393728222996593e-01
7.544883303411130671e-01
8.918429003021147716e-01
7.730243612596553460e-01
6.332046332046331605e-01
6.630463576158940331e-01
8.509544787077826244e-01
9.047947568126940565e-01
8.928987194412106865e-01
9.116555308092056942e-01
8.084112149532710623e-01
9.309978768577494845e-01
7.282326321964300853e-01
6.672760511882998014e-01
8.785437182930468936e-01
9.378264251583509070e-01
8.130277442702050772e-01
9.292517006802720747e-01
1.796103183315038432e-01
8.013698630136986134e-01
8.848792298380123156e-02
6.850490196078431460e-01
7.616504854368931765e-01
8.760416666666667185e-01
6.886792452830188260e-01
6.897506925207755879e-01
5.302545086802629148e-01
5.565891472868217393e-01
8.699520876112252221e-01
4.279529993815708311e-01
8.365853658536585025e-01
5.039834759516081952e-01
