6.235682391768588850e-01
8.828945475471154936e-01
8.060527172144483776e-01
7.235653560042507593e-01
7.901468661656209092e-01
1.000000000000000000e+00
3.273264401772525978e-01
9.010238907849829060e-01
9.194403222387110830e-01
1.000000000000000000e+00
1.000000000000000000e+00
2.889783112808620991e-01
9.597468540731474151e-01
4.098770023643173999e-01
3.924060441689267709e-01
9.720451201569396682e-01
9.997132205334098298e-01
7.059740454861306302e-01
8.600368324125230446e-01
9.905014749262537332e-01
8.056706821086880854e-01
8.243397845361807308e-01
6.094124884650876650e-01
8.537319422150883019e-01
7.482318332603117295e-01
9.639924194567277560e-01
9.987015797446440191e-01
9.872039421395644165e-01
7.530066815144765835e-01
1.000000000000000000e+00
5.933835539627977385e-01
1.000000000000000000e+00
6.203273696231442758e-01
9.998487827007409567e-01
5.526960784313725839e-01
9.945454545454545103e-01
5.806944478671234311e-01
8.537632524314378024e-01
2.555035362087857420e-01
1.000000000000000000e+00
1.000000000000000000e+00
5.463352990732940340e-01
6.958969968387777039e-01
4.043984476067270517e-01
9.331165815141663211e-01
8.656973737141543390e-01
9.688846337960747013e-01
9.724086502609992078e-01
9.879624712338467285e-01
7.486398258977149389e-01
9.541715628672150507e-01
9.799054373522458894e-01
9.723170269245354769e-01
9.196234612599565317e-01
8.215532895655818235e-01
6.526705773386848319e-01
9.711971197119712018e-01
1.855464608337927673e-02
6.483250178189593482e-01
7.469155844155843660e-01
9.497422680412370699e-01
9.994296306858690970e-01
9.970149253731342975e-01
5.247822644497228683e-01
8.766543362104397552e-01
9.969888295288975577e-01
6.567776002223303378e-01
6.740237691001698117e-01
8.963847280099109804e-01
3.249233671303937698e-01
9.767248545303408580e-01
9.083051484404359721e-01
4.136512162652789537e-01
4.069041701187517401e-01
1.000000000000000000e+00
9.888446215139442552e-01
1.000000000000000000e+00
9.205202312138728304e-01
7.880894728009397721e-01
8.440680378620738500e-01
9.213147410358565326e-01
3.523534052064160038e-01
7.305620608899296986e-01
9.902053712480253234e-01
8.122721749696233395e-01
9.885412075804319576e-01
7.774261603375527407e-01
8.180809761508597289e-01
7.483552631578946901e-01
9.252533783783783994e-01
8.733294286779191840e-01
6.045462432760715377e-01
8.294748729531338238e-01
9.558381502890173076e-01
2.089693290185858643e-01
7.374233128834355444e-01
8.757828810020876764e-01
8.591441809757427439e-01
8.123486682808717108e-01
2.038103485602944243e-01
9.878624409979770427e-01
7.347174163783160017e-01
8.699218004958992889e-01
8.659349086900254289e-01
7.767300623301901519e-01
1.000000000000000000e+00
9.635807617458993501e-01
6.335440795240493417e-01
7.731235381671273110e-01
9.772520473157415566e-01
9.816513761467889898e-01
1.000000000000000000e+00
9.979237728014237474e-01
4.410003522367030859e-01
2.312949640287769726e-01
8.624376336421952782e-01
7.984822934232714831e-01
9.048399487836107369e-01
7.940239790183589719e-01
9.910340705319784504e-01
9.972730814179976422e-01
8.210603829160529887e-01
9.768518518518518601e-01
9.748274462038164501e-01
9.509433962264151052e-01
8.756521739130435078e-01
7.555812441297593551e-01
9.654331028873526233e-01
8.453884135539557754e-01
9.913760779902511810e-01
5.700158926364118361e-01
4.529802798097516403e-01
7.744736663576129443e-01
5.771056557710565471e-01
9.978525411596277372e-01
4.762678083708570265e-01
7.934336525307797983e-01
8.635458167330677393e-01
5.400192864030858297e-01
9.729870129870129558e-01
9.846153846153846700e-01
1.715158457426498584e-01
6.702497628833385956e-01
6.499605367008681744e-01
1.000000000000000000e+00
9.650995096625324399e-01
6.835853131749459743e-01
6.246567362902554210e-01
6.046671242278655045e-01
9.940573770491802907e-01
6.949132947976878194e-01
9.976047904191617244e-01
5.572102367018954006e-01
8.084815321477427652e-01
5.748623307039738561e-01
9.740439865266494746e-01
9.371980676328502957e-01
6.399698608279408285e-01
4.848274966451668888e-01
9.106719367588932412e-01
9.966063348416289713e-01
7.917704493374514430e-01
7.736040609137055934e-01
6.674378253325621291e-01
7.406735893632218071e-01
7.377276037873270464e-01
8.755804953560371029e-01
6.979537602976348953e-01
7.754063372188474412e-01
9.899954524783992627e-01
8.599175985874043526e-01
3.477676169983862087e-01
9.228944246737841306e-01
6.872573757763975610e-01
6.119126896041435781e-01
7.784019513637371324e-01
7.958505772162927094e-01
8.873308431816789854e-01
9.977177634081400015e-01
7.256949777299953608e-01
1.821138211382113958e-01
7.809544754783374065e-01
6.434215167548500425e-01
9.048987713590853077e-02
1.000000000000000000e+00
9.645444884552216713e-01
9.571033210332103858e-01
1.173480365788058116e-01
8.750069072221915434e-01
9.070393640210283603e-01
7.849788927020378004e-01
5.732922630911396755e-01
6.999566321789232326e-01
5.898325622383785438e-01
8.342380615215168049e-01
4.264860069360432160e-01
4.946146658141936658e-01
9.723740133576198597e-01
9.433878814683768210e-01
9.675090252707581051e-01
9.125967532022741802e-01
9.474082482027998964e-01
9.563636363636364157e-01
9.140684410646388036e-01
9.928861788617886486e-01
9.125993189557320973e-01
7.741623994147769361e-01
9.311519099792715526e-01
9.288463926487023903e-01
9.560025141420490646e-01
9.631257261201192632e-01
9.419707621917197127e-01
9.494505494505494081e-01
5.615682435138623640e-01
8.841309823677582225e-01
9.974199523683514590e-01
9.846196099972535087e-01
9.697184951328597924e-01
9.538219970023552596e-01
9.723570658036677639e-01
7.786873556005590169e-01
9.773782771535580727e-01
3.201734014553336283e-01
9.147828295656591502e-01
8.849654592979835366e-01
9.926590538336051983e-01
8.039742212674543254e-01
9.716482460355598816e-01
3.585722760529958530e-01
6.777308202486349575e-01
9.914876571027990693e-01
5.682713661437065467e-01
9.998710841820290796e-01
8.767104981825957211e-01
9.930339698046181107e-01
8.548440794584396540e-01
9.847169612794612892e-01
9.960334205418178710e-01
9.817010774694516773e-01
9.829463616984501773e-01
9.983001869794322358e-01
5.471982628626576028e-01
8.379569613689396013e-01
8.189900426742532380e-01
9.867249962286921416e-01
9.688113260442948738e-01
7.878439829356336244e-01
4.893069580854890188e-01
8.339163038828355523e-01
7.412795191069128098e-01
9.823423423423423007e-01
9.549401033080557877e-01
9.153457162306719574e-01
9.940775505643089094e-01
9.802396674003424071e-01
9.491936333930641734e-01
8.460452973964580625e-01
9.909822866344605297e-01
3.889871421060178691e-01
8.964260370298690050e-01
6.461565678903140597e-01
8.280306796392301605e-01
8.581103586099699809e-01
1.000000000000000000e+00
9.997037914691943028e-01
8.173684210526316329e-01
7.544247787610619538e-01
9.066855400696863798e-01
9.392221887247512724e-01
6.202700006650262443e-01
7.163073275542712892e-01
9.291026276648487459e-01
9.945416817033562173e-01
9.978039853599024456e-01
7.975352112676056260e-01
9.297413133323129131e-01
7.071195547879485233e-01
9.934847238914542578e-01
9.964730114838745711e-01
9.860706187236799591e-01
5.212325897999791069e-01
8.411598091830649881e-01
9.247519961287200552e-01
9.900311907528591693e-01
9.990371458977347352e-01
8.539569459501316073e-01
9.589457182049774264e-01
9.555390885513153076e-01
9.997370496976071275e-01
8.606884667114996779e-01
8.992737742254307554e-01
7.081658179219154636e-01
9.429868819374369604e-01
8.427800866566451665e-01
9.367055316910668505e-01
7.446826831998621943e-01
9.625747126436781098e-01
9.602592255369288843e-01
7.165500406834824920e-01
9.999792651571700608e-01
9.920123003075076440e-01
8.340200607649727038e-01
9.542613636363636020e-01
7.658920874002873580e-01
9.186813683401870989e-01
9.960575596294105605e-01
9.726884779516358215e-01
7.069959177139197859e-01
9.735812657413858151e-01
9.529629629629630116e-01
7.241892499913473724e-01
9.993389782492366757e-01
7.759045132413278090e-01
5.565000389924354973e-01
8.883612040133779253e-01
7.973214434814555052e-01
9.198843177813529337e-01
7.515675507263309685e-01
8.992887874264641201e-01
3.619601977107180235e-01
9.854127593700693355e-01
7.184915058258471987e-01
9.981122416330709957e-01
5.931280637947002887e-01
9.924891889841438442e-01
7.721141664803636839e-01
9.447852760736196176e-01
8.838550880701484536e-01
9.543025759629955029e-01
9.931345424736141014e-01
9.161192521475493011e-01
9.837204369498355749e-01
5.478278604935753471e-01
9.838398211200325427e-01
9.985886385402490406e-01
9.821958456973294282e-01
8.832016713455637102e-01
9.950468933177022413e-01
7.087939584186342401e-01
6.377583119585732430e-01
9.613122948008036017e-01
9.371295629535256744e-01
8.670391393503521504e-01
8.908409212640600039e-01
9.992488615557955089e-01
5.519121544869367568e-01
9.483441535613003071e-01
8.624371991339261356e-01
9.923764053596180190e-01
9.018896736018323645e-01
9.998330829577699586e-01
1.000000000000000000e+00
7.153167602245389389e-01
8.676403207331042644e-01
9.832597696199806281e-01
1.000000000000000000e+00
9.988178299065854082e-01
8.261954261954261858e-01
9.948664670292733936e-01
9.155417371797394122e-01
8.708982584784601411e-01
6.776754363645616230e-01
9.997653270753886767e-01
9.744368659368373153e-01
7.259726994149874324e-01
9.978366914103923291e-01
9.846830699038617851e-01
7.857983522950175992e-01
8.776636045080026260e-01
8.097051086806036357e-01
9.293185780338057977e-01
9.763336717956728750e-01
9.754636468078122791e-01
8.618262001540872852e-01
9.347346568055014959e-01
9.621200665356116621e-01
9.857413500847541643e-01
6.285052501544162729e-01
9.989452668851470651e-01
9.961901306240928955e-01
8.377493606138107785e-01
8.978288633461046775e-01
9.724388514711095333e-01
7.447011073808689208e-01
9.659934047815333935e-01
8.953839951622656335e-01
8.150209814164597333e-01
9.008477828559466882e-01
7.263378072163151344e-01
8.864908503767492398e-01
9.679308421639709614e-01
5.507165664216232548e-01
8.980278980278980638e-01
6.347078817418072560e-01
7.115690081186022420e-01
5.423509075194468121e-01
9.958054529112154718e-01
9.795973154362416224e-01
7.101635356129206711e-01
9.757407873751363647e-01
1.000000000000000000e+00
7.580583996966249183e-01
9.756658876420530868e-01
9.219143576826196451e-01
9.859058877017503608e-01
8.103136913918801421e-01
9.817241379310345240e-01
7.896735404250830870e-01
9.224555735056543249e-01
6.454000155799641814e-01
9.989265693953007785e-01
7.822191055010129235e-01
8.335099337748343995e-01
9.264018691588784549e-01
9.856544502617801129e-01
9.069507144722606107e-01
9.188473880967347185e-01
9.944774672231355694e-01
1.000000000000000000e+00
6.109492323209683162e-01
9.588486374083396990e-01
6.740359251350332981e-01
9.974970799265809873e-01
5.392930679478380451e-01
8.894979803808424901e-01
5.359561516772510803e-01
9.565060458401010157e-01
9.682143659090342025e-01
6.547619047619047672e-01
9.044928207503474260e-01
9.989835601909139440e-01
3.360067800814436345e-01
9.755456986109489748e-01
6.552827321442853403e-01
9.284428442844284701e-01
9.204385718301939523e-01
8.395977372721559195e-01
8.727203127990593723e-01
6.925718646654794863e-01
6.949924127465857415e-01
8.214803416516134327e-01
8.032618346651713148e-01
6.657482348889272039e-01
5.160543724199871951e-01
6.513228941684665596e-01
8.321539580715561213e-01
8.821129482499463492e-01
9.564179104477611437e-01
9.348920863309352347e-01
8.672039243167484202e-01
9.488319386331938166e-01
9.735055186547816319e-01
8.873384253819036616e-01
9.654927577392785620e-01
8.616026289180991338e-01
9.777372006461128029e-01
8.309614717112113746e-01
9.340101522842639836e-01
8.987854251012146189e-01
8.768472906403941280e-01
9.827995255041518385e-01
9.364604462474644953e-01
7.890573500329597367e-01
4.064695905015749955e-01
1.000000000000000000e+00
9.219141682542866256e-01
9.913967033385359118e-01
9.870550161812298162e-01
6.965939192198598029e-01
9.573803097030828546e-01
9.980571482727573773e-01
9.141200746781958930e-01
9.065287192293970397e-01
1.000000000000000000e+00
6.080231996133397265e-01
9.147597254004576905e-01
6.497120921305182817e-01
9.942897930049964250e-01
9.574468085106383475e-01
7.470511140235910341e-01
9.406392694063926418e-01
9.377835385612443009e-01
9.222591362126245640e-01
1.597949156163213091e-01
7.113174182139699875e-01
9.948979591836735192e-01
9.956043956043956200e-01
9.494949494949495028e-01
9.276373147340889469e-01
6.703354297693920882e-01
9.454297407912687357e-01
8.033419023136246784e-01
7.947946638765367444e-01
9.745639534883721034e-01
7.345372460496614186e-01
9.741917957076881018e-01
8.303411131059246220e-01
9.986573576799140373e-01
9.662356321839080664e-01
9.333030852994554927e-01
7.955625990491284050e-01
9.552964042759961583e-01
3.677092138630599916e-01
8.285002422312962578e-01
7.408793264733395389e-01
6.173212487411883220e-01
9.921259842519685179e-01
9.995930824008137927e-01
9.923193150339965074e-01
9.999208422385814643e-01
8.549392845421726062e-01
8.563876651982378352e-01
1.000000000000000000e+00
9.502857142857142891e-01
9.737012987012987342e-01
9.979773462783171345e-01
9.540612516644474406e-01
9.915054563492063933e-01
1.093261936635430559e-01
1.000000000000000000e+00
9.101426918627072427e-01
9.797612869745718767e-01
7.902053712480252567e-01
8.848283499446290001e-01
9.632338406799763053e-01
8.164586222838650098e-01
9.793866264454499371e-01
9.939546599496221768e-01
9.579999999999999627e-01
8.517159111763625834e-01
9.985734664764621682e-01
9.961928934010152448e-01
8.094453596924766625e-01
8.908908908908909074e-01
1.000000000000000000e+00
8.785682211816023823e-01
9.958158995815900028e-01
9.373003194888178680e-01
9.146719234018586553e-01
6.888726207906296084e-01
8.049209138840069944e-01
8.931013051584835161e-01
4.401701140537405688e-01
9.067865903515944792e-01
8.683351468988030897e-01
9.619260918253079717e-01
8.944954128440366636e-01
9.905568218821231286e-01
8.140144073346431419e-01
8.843419788664745873e-01
9.693806541405706190e-01
9.742296918767506808e-01
7.507755946225439514e-01
9.673202614379085018e-01
9.432200224131490618e-01
6.928062216461439160e-01
7.596394931219082602e-01
9.544436146377893726e-01
8.625678119349005080e-01
9.679144385026737796e-01
8.918300186006581365e-01
8.214403700033036104e-01
9.215167548500882155e-01
9.973027646662171453e-01
1.000000000000000000e+00
5.577085563003435498e-01
2.246537688973464578e-02
9.459239446447261779e-01
9.303135888501742334e-01
8.368277119416590581e-01
9.980086292731497055e-01
8.814277071990320733e-01
7.924710424710424972e-01
7.221192052980132114e-01
9.545109931766490030e-01
9.532386560443366630e-01
9.904875148632580339e-01
9.933761541549578356e-01
9.426691729323308788e-01
9.774436090225563367e-01
7.742395038967568865e-01
9.085923217550274655e-01
9.087640449438202372e-01
9.446761189880455989e-01
9.910256410256410575e-01
9.763231197771587988e-01
9.962178517397881627e-01
9.339622641509434109e-01
1.000000000000000000e+00
8.529411764705882026e-01
9.151633349585568400e-01
9.851380042462845044e-01
8.619210977701543541e-01
8.861111111111110716e-01
6.061014663745154518e-01
6.085867620751341800e-01
9.457417582417582125e-01
5.689548546691404196e-01
9.139784946236558794e-01
5.770138683977574789e-01
