9.231872558593750000e-01
9.947662353515625000e-01
9.882049560546875000e-01
9.509887695312500000e-01
9.861755371093750000e-01
9.849700927734375000e-01
9.761962890625000000e-01
9.925231933593750000e-01
9.710845947265625000e-01
9.754486083984375000e-01
9.279785156250000000e-01
9.735565185546875000e-01
9.843750000000000000e-01
9.762268066406250000e-01
9.426116943359375000e-01
9.802246093750000000e-01
9.711151123046875000e-01
9.903564453125000000e-01
9.924011230468750000e-01
9.918518066406250000e-01
9.709167480468750000e-01
9.586486816406250000e-01
9.696502685546875000e-01
9.354858398437500000e-01
9.132843017578125000e-01
9.900665283203125000e-01
9.920349121093750000e-01
9.972229003906250000e-01
8.944396972656250000e-01
9.959411621093750000e-01
9.527587890625000000e-01
9.738769531250000000e-01
9.648132324218750000e-01
8.988494873046875000e-01
9.607849121093750000e-01
8.765258789062500000e-01
8.989562988281250000e-01
9.551696777343750000e-01
9.823760986328125000e-01
9.878997802734375000e-01
9.874877929687500000e-01
9.662780761718750000e-01
9.313507080078125000e-01
9.876708984375000000e-01
9.925537109375000000e-01
9.980621337890625000e-01
9.772338867187500000e-01
9.906921386718750000e-01
9.930572509765625000e-01
9.726257324218750000e-01
9.377746582031250000e-01
9.922790527343750000e-01
9.852142333984375000e-01
9.933624267578125000e-01
9.871215820312500000e-01
9.972839355468750000e-01
9.984893798828125000e-01
9.983825683593750000e-01
9.628753662109375000e-01
9.929809570312500000e-01
9.962768554687500000e-01
9.928283691406250000e-01
9.809875488281250000e-01
9.989929199218750000e-01
9.977722167968750000e-01
9.963531494140625000e-01
9.916687011718750000e-01
9.946289062500000000e-01
9.937591552734375000e-01
9.847259521484375000e-01
9.376983642578125000e-01
9.836730957031250000e-01
9.925842285156250000e-01
9.973754882812500000e-01
9.892730712890625000e-01
9.663696289062500000e-01
9.756469726562500000e-01
9.960327148437500000e-01
9.969177246093750000e-01
8.643493652343750000e-01
9.939117431640625000e-01
9.864654541015625000e-01
9.890441894531250000e-01
9.917755126953125000e-01
9.951324462890625000e-01
9.814758300781250000e-01
9.581909179687500000e-01
9.420471191406250000e-01
9.751129150390625000e-01
9.540710449218750000e-01
9.932403564453125000e-01
9.530792236328125000e-01
9.105224609375000000e-01
9.642333984375000000e-01
9.800720214843750000e-01
9.594116210937500000e-01
9.659271240234375000e-01
9.766082763671875000e-01
9.678955078125000000e-01
9.101104736328125000e-01
9.776153564453125000e-01
9.956207275390625000e-01
9.840545654296875000e-01
9.590301513671875000e-01
9.788513183593750000e-01
8.615417480468750000e-01
9.603881835937500000e-01
9.752655029296875000e-01
9.256286621093750000e-01
9.701538085937500000e-01
9.799957275390625000e-01
8.605804443359375000e-01
8.586730957031250000e-01
9.767456054687500000e-01
9.592285156250000000e-01
9.740447998046875000e-01
9.800567626953125000e-01
9.521179199218750000e-01
9.845733642578125000e-01
9.639587402343750000e-01
9.054412841796875000e-01
9.660797119140625000e-01
9.533386230468750000e-01
9.847564697265625000e-01
9.713592529296875000e-01
9.261016845703125000e-01
9.381561279296875000e-01
9.718780517578125000e-01
9.833221435546875000e-01
9.823760986328125000e-01
9.521789550781250000e-01
9.855346679687500000e-01
9.164276123046875000e-01
9.570007324218750000e-01
9.828796386718750000e-01
9.721984863281250000e-01
9.592437744140625000e-01
9.380035400390625000e-01
9.626922607421875000e-01
8.912811279296875000e-01
9.892730712890625000e-01
9.719696044921875000e-01
9.719390869140625000e-01
9.832611083984375000e-01
9.895782470703125000e-01
9.646759033203125000e-01
9.766998291015625000e-01
9.810333251953125000e-01
9.106140136718750000e-01
9.118957519531250000e-01
9.140930175781250000e-01
9.862518310546875000e-01
9.129943847656250000e-01
9.568023681640625000e-01
9.812011718750000000e-01
9.880218505859375000e-01
9.880981445312500000e-01
9.090576171875000000e-01
9.785614013671875000e-01
9.705505371093750000e-01
8.053588867187500000e-01
9.532775878906250000e-01
9.845275878906250000e-01
9.691619873046875000e-01
9.799499511718750000e-01
9.818878173828125000e-01
9.848785400390625000e-01
9.959259033203125000e-01
9.929656982421875000e-01
9.460296630859375000e-01
8.535156250000000000e-01
9.950561523437500000e-01
9.903411865234375000e-01
9.852752685546875000e-01
9.937896728515625000e-01
9.102783203125000000e-01
9.237518310546875000e-01
9.911346435546875000e-01
9.825744628906250000e-01
9.768524169921875000e-01
9.832153320312500000e-01
9.375610351562500000e-01
9.463195800781250000e-01
9.642181396484375000e-01
9.175720214843750000e-01
9.565124511718750000e-01
9.964752197265625000e-01
9.855651855468750000e-01
9.840850830078125000e-01
9.719390869140625000e-01
9.902801513671875000e-01
9.869537353515625000e-01
9.903564453125000000e-01
9.694061279296875000e-01
9.905395507812500000e-01
9.941253662109375000e-01
