9.182394023063180644e-01
9.957588798453238521e-01
9.898828092066436213e-01
9.876875462558030172e-01
9.876845308047715877e-01
9.862893583100836858e-01
9.757156867323588667e-01
9.922413652589200384e-01
9.997701262663579724e-01
9.997092706326997646e-01
9.259576289321634901e-01
9.888753354476701452e-01
9.842291650271504100e-01
1.000000000000000000e+00
9.395807863356898659e-01
9.990040003265572288e-01
9.922538406689570545e-01
9.977473462442265628e-01
9.932994529505065895e-01
9.969227352759227889e-01
9.740528344458023735e-01
9.990495521618660835e-01
9.737675088610474594e-01
9.858252142700169030e-01
9.833834852641826219e-01
9.941944603372261380e-01
9.989290186515521475e-01
9.975369458128078293e-01
8.919694675750693413e-01
9.966926979619400440e-01
9.500468704932217845e-01
9.753159770984120014e-01
9.850647657132921564e-01
1.000000000000000000e+00
9.548812244247223413e-01
8.324334427046559126e-01
9.613191860004750566e-01
1.000000000000000000e+00
9.821822501272696737e-01
9.928964962238454595e-01
9.875795977555008598e-01
9.720413242865423298e-01
9.305574875195128381e-01
9.902213155892305441e-01
9.923822063387567338e-01
9.989506984902587483e-01
9.944109845009092563e-01
9.925144607009186437e-01
9.930942851518929082e-01
9.945377860748115806e-01
9.852350756069190307e-01
9.978539957459738874e-01
9.972817879794624307e-01
9.930117114077786633e-01
9.859724482775978904e-01
9.972845851718954435e-01
9.984802902955680626e-01
9.988143340769747303e-01
9.623622632165408364e-01
9.983658120859617568e-01
9.961811750712117330e-01
9.967220865180048683e-01
9.807867264961218634e-01
9.996459686605301265e-01
9.990111287259256789e-01
9.962247319878299034e-01
9.976763348714567936e-01
9.962673244831056207e-01
1.000000000000000000e+00
9.834315413135593653e-01
1.000000000000000000e+00
9.969885319093058085e-01
9.992218529626327728e-01
9.977015113350126141e-01
9.890790933586939282e-01
9.654236543620475786e-01
9.890706161778052286e-01
9.970907554284228480e-01
9.985039605675500862e-01
8.824226572397727564e-01
9.962367140750283401e-01
9.880002016772827522e-01
9.999189259307302846e-01
9.978413472629601433e-01
9.949673429463919971e-01
9.955927869734894076e-01
9.966181555648440105e-01
9.480146060082202952e-01
9.761824665276189750e-01
9.768951410920020395e-01
9.934438512690830780e-01
9.524547036109815012e-01
9.027923124200594174e-01
9.638188279867863084e-01
9.927436883464303419e-01
9.465492913253163998e-01
9.735686525228393062e-01
9.800019670196373767e-01
9.673225961762467184e-01
9.599411802727684240e-01
9.758068555590803106e-01
9.980740085880273060e-01
9.865853452499619980e-01
9.563745959051723755e-01
9.873721787579028408e-01
8.438134609805627573e-01
9.596287777652678930e-01
9.990168141445450178e-01
9.206886451654896497e-01
9.999143028537149647e-01
9.776370662279526558e-01
1.000000000000000000e+00
9.980868733423192696e-01
9.757887251099043313e-01
9.583169215488157588e-01
9.767556287008601901e-01
9.878086146006354040e-01
9.529369691551184962e-01
9.841372053211038251e-01
9.945226917057903293e-01
8.991465242035311389e-01
9.721204003947554462e-01
1.000000000000000000e+00
9.918020419453804637e-01
9.997776181189914624e-01
9.224188597923332900e-01
9.358864844343204314e-01
9.999836371371535471e-01
9.941523494100600322e-01
9.984348227230789297e-01
9.766760109199509321e-01
9.863894329767465274e-01
9.032166843407564150e-01
9.435973143504287064e-01
9.802672710221944641e-01
9.700881003042186590e-01
9.662071284465366672e-01
9.401954829090507504e-01
9.619863492902563928e-01
9.015591460472236474e-01
9.967446829822043108e-01
9.822761351191980905e-01
9.816878719137324127e-01
9.890863980402625488e-01
9.901939110661950316e-01
9.605012305452528265e-01
9.981653195814945700e-01
9.866051307937766524e-01
9.834797430182247169e-01
1.000000000000000000e+00
9.910289729521609692e-01
1.000000000000000000e+00
9.141149350251943639e-01
9.886131386861314319e-01
9.833504624871531874e-01
9.924616834291648537e-01
9.887966674030359560e-01
9.900211609476785579e-01
9.966186825993467169e-01
9.999493320272255792e-01
7.937490904975180728e-01
9.662246637620761636e-01
9.834822458870462469e-01
9.982826948480845175e-01
9.850117459762750549e-01
9.996248499399760234e-01
9.841899494612377230e-01
9.997913255642235653e-01
9.995911242510496786e-01
9.899069750340111495e-01
8.379096868171886925e-01
9.957555621270895996e-01
9.938879006925784854e-01
9.886353021764174853e-01
9.940518870999283108e-01
9.907585213634181320e-01
9.708616110947182465e-01
9.993614915557258449e-01
9.845547001235623874e-01
9.746076983827215434e-01
9.813287533796997142e-01
9.281317553951562438e-01
9.898523469938741437e-01
9.810883378083151696e-01
8.863280229825019063e-01
9.550693457297629863e-01
9.978945689448919243e-01
9.840564027998511820e-01
9.904323232323232196e-01
9.697531173318644226e-01
9.899545327708747511e-01
9.904587865263305702e-01
9.990988230629201938e-01
9.875414128990021023e-01
9.993619658742890488e-01
9.994795393923622262e-01
