7.655398037077426610e-01
6.512717536813922292e-01
7.207129509846198490e-01
3.707929536449133257e-01
2.352941176470588203e-01
7.593636062313556812e-01
5.054852320675105037e-01
5.100612423447069554e-01
7.266291900895274214e-01
8.926994268533308130e-01
4.495307412373108491e-01
0.000000000000000000e+00
2.538226299694189558e-01
3.240839558875844850e-01
1.737262241234435733e-01
4.771528011676209879e-01
0.000000000000000000e+00
6.160271469590185289e-02
2.550499897980004205e-01
4.222994314592545817e-01
7.856618995232857172e-02
5.900792919048497218e-03
4.410810810810810723e-01
1.884478329327919088e-01
5.277629649380082277e-01
7.301812004530011668e-01
6.369376479873717356e-01
2.256944444444444406e-02
5.006823208319608615e-02
9.218434493407767771e-01
5.198811819271457191e-01
6.523363261026279281e-01
3.636703652911108531e-01
5.821453361097762569e-01
5.891855807743657802e-01
4.648339305770979313e-01
2.274710757035910136e-01
1.252483114819229193e-01
2.620167573129501826e-02
2.830065359477124121e-01
5.584299732381802217e-01
5.542951822584756272e-01
2.564732622784654525e-02
3.466384622459303122e-01
5.951825951825951977e-01
7.146507666098806943e-01
3.177159590043923676e-01
7.854654460017823636e-01
7.530621172353455517e-01
6.534084102072601485e-01
7.906561818542258147e-01
9.651527916060350654e-01
4.501935938049982378e-01
8.753016894609815246e-01
8.415447962515972824e-01
9.505594587561800868e-01
6.977985323549033003e-01
8.679012345679012475e-01
1.901504787961696419e-01
9.244690073688773824e-01
8.041125541125541121e-01
7.991208791208791462e-01
3.096045197740112873e-02
7.756410256410256610e-01
5.950723085163364123e-01
8.914879792072774034e-01
5.512434061793519691e-01
8.836879432624114017e-01
6.651745747538048148e-01
7.515044767356524602e-01
7.210722082962723878e-01
7.501954652071931573e-01
8.820348980093388747e-01
8.043852106620807962e-01
5.935039370078739607e-01
7.632874015748031260e-01
8.595010317013693779e-01
9.029545454545454541e-01
7.665656128194023866e-01
8.827489782748978442e-01
9.332378223495702008e-01
4.968182523669098516e-01
7.645767260307392288e-01
8.651947585711721178e-01
7.742167806985955636e-01
6.041030117852466130e-01
6.919287608942781276e-01
8.666044776119402604e-01
6.080417126240850179e-01
5.781444787087461901e-01
0.000000000000000000e+00
7.838977635782747866e-01
5.888520971302427798e-01
2.717114291315428365e-01
6.413421418636995330e-01
7.651408899655743889e-01
6.609421000981354766e-01
2.416128860205877527e-01
6.379746835443037556e-01
9.832269875885092658e-02
3.019423190111830690e-01
5.889223813112283157e-01
5.031426775612821700e-01
8.401826484018264374e-01
6.710235953148870891e-01
3.559370803759830948e-01
1.530027297543221088e-01
6.561537513859800885e-01
2.040351173391862227e-01
6.639788683442235939e-01
7.393251340271207450e-01
1.452631578947368440e-01
4.451837444979015457e-01
1.836083022884512916e-01
2.290859595853837194e-01
5.393360618462937905e-01
4.672340425531915087e-01
6.951466127401415562e-01
7.105018587360595328e-01
7.137485311398354959e-01
7.105882352941176316e-01
1.123000317830278628e-02
6.254612546125460915e-01
5.302614930409109695e-01
5.994665169170293462e-02
1.775383340240364594e-01
2.067738942158985349e-01
2.086971862044632586e-01
7.542091679980337249e-01
6.961074886386089400e-01
7.035415577626764616e-01
5.353557639271925295e-01
1.282486475018563832e-01
5.157203907203907756e-01
7.461277705345501499e-01
8.247887864823348902e-01
6.646773853822930400e-01
6.152414049894501247e-01
1.471790678659035123e-02
3.394562821454812362e-01
7.484996510816468440e-01
3.889009321482765902e-01
8.405603735823882761e-02
5.132133282267330454e-01
6.835913312693499000e-01
6.109465148916264354e-01
5.564795564795564919e-01
6.952993567540821651e-01
1.934634066024532861e-01
1.882633777600954961e-01
5.089633671083397815e-01
3.984895601954686617e-01
6.165376081148394860e-01
5.148247978436657490e-01
7.180765519459633150e-01
8.732797021474636434e-01
5.044020542920029104e-01
7.786844571869658838e-01
1.627329698054854612e-01
0.000000000000000000e+00
6.061840843720038841e-01
7.283110290724503777e-01
8.618458610846813084e-01
5.568619892058597198e-01
8.051432516396271888e-01
8.456578842633128978e-01
7.185802841625980042e-01
8.970089423373419635e-01
8.208174904942965311e-01
3.491317813272088455e-01
5.455787316765617900e-01
7.592273197654363370e-01
6.443846192919184812e-01
8.192281651997291858e-01
8.775337837837837718e-01
7.791979854248540782e-01
4.508617920993469586e-01
1.787059226292365688e-01
6.722585924713584404e-01
7.630906768837802945e-01
8.433341702234496973e-01
2.501427755568246813e-01
5.856132580898635309e-01
5.622635561160150841e-01
6.181950377169862509e-01
7.446633825944171114e-01
9.526261585993820447e-01
6.780686317641883010e-01
7.089502762430939242e-01
6.408242258652094847e-01
8.498526160648489647e-01
8.002970410145092695e-01
9.512405402816361821e-01
4.863737755794782514e-01
3.415414134953629888e-01
9.332204210016936674e-01
