7.615661621093750000e-01
9.897308349609375000e-01
9.716949462890625000e-01
9.688720703125000000e-01
9.807586669921875000e-01
9.824066162109375000e-01
9.355163574218750000e-01
9.733734130859375000e-01
9.368591308593750000e-01
9.891510009765625000e-01
9.656524658203125000e-01
9.487609863281250000e-01
9.712066650390625000e-01
9.888610839843750000e-01
9.925689697265625000e-01
9.512176513671875000e-01
9.860839843750000000e-01
9.943389892578125000e-01
9.621276855468750000e-01
9.071197509765625000e-01
9.788665771484375000e-01
8.754882812500000000e-01
8.678588867187500000e-01
9.813385009765625000e-01
9.676055908203125000e-01
9.702911376953125000e-01
9.860992431640625000e-01
8.618469238281250000e-01
9.107971191406250000e-01
9.789886474609375000e-01
9.711914062500000000e-01
9.544830322265625000e-01
9.737701416015625000e-01
9.682922363281250000e-01
9.933166503906250000e-01
9.734039306640625000e-01
8.727111816406250000e-01
9.762878417968750000e-01
9.348602294921875000e-01
9.813385009765625000e-01
9.799652099609375000e-01
9.093475341796875000e-01
9.323272705078125000e-01
9.682312011718750000e-01
9.865875244140625000e-01
9.845733642578125000e-01
9.486999511718750000e-01
9.667663574218750000e-01
8.923187255859375000e-01
9.544067382812500000e-01
9.659576416015625000e-01
9.639587402343750000e-01
9.461212158203125000e-01
9.565887451171875000e-01
9.962158203125000000e-01
9.630279541015625000e-01
9.277496337890625000e-01
9.125976562500000000e-01
9.334411621093750000e-01
9.836425781250000000e-01
9.562072753906250000e-01
9.551239013671875000e-01
9.794158935546875000e-01
9.830322265625000000e-01
9.904022216796875000e-01
8.877868652343750000e-01
9.697570800781250000e-01
9.736633300781250000e-01
8.150482177734375000e-01
9.377746582031250000e-01
9.538879394531250000e-01
9.975891113281250000e-01
9.539947509765625000e-01
9.369201660156250000e-01
9.844360351562500000e-01
9.898681640625000000e-01
9.861907958984375000e-01
9.918518066406250000e-01
9.903106689453125000e-01
9.937133789062500000e-01
9.776153564453125000e-01
9.685821533203125000e-01
9.562988281250000000e-01
9.637451171875000000e-01
9.869842529296875000e-01
9.962158203125000000e-01
9.973754882812500000e-01
9.844055175781250000e-01
8.827514648437500000e-01
9.893188476562500000e-01
9.846496582031250000e-01
9.926605224609375000e-01
9.839172363281250000e-01
9.958038330078125000e-01
9.971618652343750000e-01
9.970397949218750000e-01
9.851226806640625000e-01
9.937133789062500000e-01
9.969329833984375000e-01
9.914398193359375000e-01
9.734649658203125000e-01
9.971313476562500000e-01
9.961547851562500000e-01
9.971466064453125000e-01
9.939727783203125000e-01
9.954071044921875000e-01
9.952850341796875000e-01
9.837493896484375000e-01
9.113311767578125000e-01
9.932708740234375000e-01
9.915161132812500000e-01
9.970092773437500000e-01
9.921722412109375000e-01
9.767150878906250000e-01
9.773712158203125000e-01
9.927520751953125000e-01
9.968261718750000000e-01
8.413085937500000000e-01
9.903106689453125000e-01
7.355957031250000000e-01
9.940643310546875000e-01
8.991088867187500000e-01
9.859619140625000000e-01
9.725952148437500000e-01
9.279632568359375000e-01
9.671936035156250000e-01
9.093627929687500000e-01
9.961853027343750000e-01
9.304656982421875000e-01
9.898529052734375000e-01
9.799194335937500000e-01
9.896392822265625000e-01
9.932250976562500000e-01
9.675292968750000000e-01
9.624938964843750000e-01
9.532928466796875000e-01
9.873352050781250000e-01
9.909210205078125000e-01
9.930114746093750000e-01
9.380340576171875000e-01
8.920135498046875000e-01
9.852905273437500000e-01
9.661560058593750000e-01
9.721832275390625000e-01
9.784851074218750000e-01
9.742279052734375000e-01
9.935150146484375000e-01
9.858093261718750000e-01
9.616394042968750000e-01
9.748840332031250000e-01
9.789276123046875000e-01
9.651641845703125000e-01
9.695281982421875000e-01
9.774932861328125000e-01
9.871368408203125000e-01
9.862060546875000000e-01
9.844055175781250000e-01
9.717712402343750000e-01
9.511718750000000000e-01
9.411315917968750000e-01
9.512176513671875000e-01
9.147186279296875000e-01
9.926910400390625000e-01
9.947204589843750000e-01
9.968109130859375000e-01
9.886779785156250000e-01
9.556732177734375000e-01
9.462280273437500000e-01
9.783020019531250000e-01
9.778594970703125000e-01
9.761505126953125000e-01
9.897918701171875000e-01
8.714752197265625000e-01
9.486999511718750000e-01
9.904785156250000000e-01
9.897918701171875000e-01
9.671478271484375000e-01
9.781036376953125000e-01
9.368286132812500000e-01
8.809051513671875000e-01
9.766845703125000000e-01
9.278869628906250000e-01
9.657897949218750000e-01
9.963989257812500000e-01
9.789581298828125000e-01
9.821319580078125000e-01
9.797973632812500000e-01
9.885101318359375000e-01
9.680175781250000000e-01
9.862670898437500000e-01
9.600219726562500000e-01
9.877929687500000000e-01
9.886016845703125000e-01
9.412994384765625000e-01
8.966369628906250000e-01
9.279022216796875000e-01
