2.063346956334695670e-01
9.043037974683544311e-01
7.938088829071332508e-01
6.362010373815060182e-01
5.041572184429327086e-01
6.820609487904492063e-01
6.632287759972723684e-01
6.167968750000000222e-01
5.995726976273473285e-01
8.575388026607538849e-01
6.957319871500687869e-01
8.539138710444920122e-01
7.446399120395822413e-01
8.459535691039270500e-01
7.768469154607768878e-01
5.015967638918458205e-01
8.630849220103986585e-01
8.662533215234721196e-01
7.667727717923604747e-01
5.503896801934963223e-01
8.067504963600264922e-01
5.530630835800500744e-01
2.953886693017127585e-01
7.241258741258741471e-01
7.368611161278670885e-01
6.881256952169076957e-01
9.308480364257256667e-01
4.109148264984227028e-01
7.247210174942742000e-01
7.923497267759562757e-01
7.371026576341844772e-01
7.165586998522559536e-01
7.248585111014366200e-01
8.383541513592945860e-01
8.049019607843137525e-01
8.113118431928209029e-01
3.509961848240780169e-01
8.197410645125594586e-01
3.020755562192026233e-01
8.331797235023041814e-01
7.892149978935543153e-01
4.463240770294712445e-01
3.621604745551045834e-01
4.663048394391677842e-01
8.745340017997171866e-01
7.592895059207840358e-01
7.617052735337604963e-01
7.053542802180186033e-01
5.770246762450873534e-01
8.626040878122633870e-01
8.825638445087432560e-01
8.029722403962986643e-01
7.920446146610226057e-01
8.214206682894445999e-01
7.723177723177723220e-01
8.344752673796791420e-01
5.710308687464177302e-01
2.888659083074801570e-01
7.662594322673373926e-01
4.745762711864406902e-01
8.414169839430557518e-01
8.467082616179001375e-01
8.826766629446483048e-01
9.229847801578353605e-01
8.489626556016597325e-01
5.740295431123325631e-01
7.055827619980411525e-01
7.114021571648689868e-01
2.432895864934379870e-01
7.759846658010264298e-01
6.374457133665755171e-01
8.628532046864231253e-01
4.701527799653488771e-01
8.603222341568206311e-01
8.568904593639575795e-01
7.003199431212229209e-01
6.992230854605993029e-01
9.228693501236788777e-01
9.481623974891161266e-01
9.364232977850697193e-01
8.121526491293071803e-01
8.608687749909124109e-01
7.392060568856149150e-01
8.223991691189198594e-01
7.878478427367883175e-01
8.697886921758994916e-01
8.882554161915621194e-01
8.218470020675395782e-01
3.399934757788288797e-01
9.511179645335389177e-01
6.410447761194030258e-01
8.879589632829373302e-01
8.602898550724638049e-01
9.475180972078593999e-01
8.936170212765957022e-01
9.317137229152987477e-01
4.951140065146579783e-01
9.601860254083484092e-01
9.177852348993288389e-01
7.374830852503383438e-01
4.494750656167978975e-01
7.832585949177877094e-01
9.420828905419765809e-01
9.571478749560941024e-01
9.177573744872045136e-01
9.453525250060990093e-01
8.270440251572327428e-01
8.351003099005056551e-01
6.845292320883125115e-01
9.485720787347821092e-01
8.467284904688304747e-01
9.078514339445228343e-01
7.987627365356623210e-01
7.116200169635283901e-01
9.226929303831624685e-01
8.814687037949728854e-01
9.055155875299760737e-01
7.502595427219391766e-01
9.226208123332345634e-01
1.111752967125301944e-01
9.557177003396654102e-01
6.633980388232939562e-01
8.203991130820399436e-01
8.231765378023233604e-01
6.282243155207324348e-01
7.538064516129032722e-01
6.614936954413190850e-01
8.121693121693122075e-01
7.693299661490516916e-01
8.675277363801954245e-01
5.429606625258799335e-01
8.839337877312560821e-01
8.484609313338594694e-01
6.395215467802719544e-01
8.082330772575735400e-01
3.969849246231155759e-01
6.641711229946524186e-01
6.076923076923076428e-01
7.344782034346103439e-01
7.108817393214010849e-01
1.092145619415922086e-01
8.735250737463127191e-01
5.484775641025640969e-01
8.951529289787454324e-01
8.958684316085038235e-01
8.964265773310999830e-01
8.392967304133250872e-01
7.983497685651036457e-01
2.317946186126882135e-01
5.783236994219652649e-01
6.280000000000000027e-01
8.127215071814959391e-01
4.882311815427639035e-01
6.126831733198585539e-01
7.797093928386091832e-01
8.265632131446828401e-01
7.026642984014209725e-01
4.285143769968051131e-01
0.000000000000000000e+00
6.770664817810646552e-01
7.147444474177147011e-01
7.331903740767214961e-01
9.045993824150820872e-01
9.281667341157425755e-01
7.977346278317152262e-01
6.026694045174537662e-01
7.437559415780831129e-01
7.562057493815576015e-01
8.868798235942667585e-01
9.063255596287340676e-01
7.721160651096956595e-01
8.981700753498385037e-01
6.218002342312196618e-01
7.626645099625027902e-01
7.595987547561396935e-01
8.161400837457175594e-01
7.954346876365224750e-01
8.275437299827543836e-01
7.288037585833032628e-01
5.998095464825615730e-01
7.563434132777198116e-01
8.187364942163467552e-01
8.575579384296091456e-01
9.259771705292286770e-01
8.321396015106133914e-01
7.137912673056443502e-01
8.329337728498651394e-01
8.815840061514802484e-01
8.387418871692461364e-01
9.068427847849835910e-01
8.567048369939302965e-01
9.389462442150231514e-01
7.691549642769155426e-01
7.296993085705096860e-01
7.223538212192993635e-01
7.386467819815414337e-01
