4.776025236593059997e-01
9.135579293344289198e-01
8.528010071036776774e-01
8.042093068159876790e-01
7.183852140077821025e-01
8.835504885993484825e-01
8.203219210402139527e-01
8.051336394677970354e-01
6.747186037688124305e-01
9.105642256902760634e-01
8.700444444444443981e-01
8.984760141137608791e-01
7.999717673630717396e-01
7.806283193806823340e-01
3.418116912092815651e-01
6.004031242126480761e-01
9.052043081476609521e-01
8.947596362061498443e-01
8.574236197963194250e-01
7.933713102019679386e-01
8.504356243949661165e-01
7.040137221269296974e-01
3.982473799514477109e-01
8.488383993450004938e-01
8.194501436192039856e-01
8.461719670200235077e-01
9.074024534719302704e-01
5.834189026295816261e-01
8.172515053540176933e-01
7.378914510119827241e-01
8.668581125179480873e-01
7.924241271773028172e-01
8.481051344743276710e-01
8.538885922762057268e-01
4.187247418051189829e-01
7.627802394021558907e-01
8.508964719491035611e-01
8.196446061284454743e-01
6.317294922872611629e-01
7.725127932478235149e-01
8.909325834156722745e-01
5.336252736940881869e-01
5.311355311355311359e-01
8.138957816377171417e-01
9.174842091116784948e-01
7.586857412356547981e-01
8.725262970226421722e-01
8.727356463002763354e-01
6.394800742751035605e-01
9.256613361231504911e-01
9.390723822909345930e-01
9.105871182149074539e-01
8.908614422182771220e-01
8.937803941643204242e-01
7.148311306901615758e-01
9.290874244434615958e-01
5.651172405646447405e-01
4.515612489991993606e-01
8.863366336633663467e-01
7.849232562657858514e-01
8.751518498067366592e-01
7.443298969072165150e-01
7.949683042789223997e-01
9.612385748927438911e-01
7.133891213389120800e-01
7.309494629082258221e-01
8.244138634046891401e-01
6.625092484938167603e-01
8.132332238385734380e-01
9.131117030982008886e-01
7.333860759493671111e-01
7.947704469443599429e-01
8.847001920477985948e-01
7.952326249282022363e-01
9.072467636460697094e-01
8.336700336700336722e-01
5.027131782945736260e-01
9.328790459965928816e-01
9.548808875241444616e-01
9.718387631143015071e-01
8.944931942237269729e-01
9.086029100155389449e-01
5.479724837074583244e-01
2.724602756231643830e-01
9.234835137175937403e-01
8.629416186419444079e-01
9.455801900374316560e-01
6.898508089934860532e-01
7.000736241487207634e-01
9.651819942299332267e-01
8.529938333001790829e-01
9.431670281995662153e-01
9.380460683081810469e-01
9.694311536416799768e-01
8.567931456548347757e-01
8.788249694002447931e-01
5.028064992614476036e-01
9.707356884691616949e-01
9.222128615557427800e-01
8.503820557061868568e-01
6.483672503549455790e-01
8.571428571428570953e-01
9.379026024220561419e-01
8.313997287931294000e-01
9.486240452024693459e-01
9.475573791511732180e-01
9.061425061425061322e-01
8.927637314734089280e-01
8.952386574962364341e-01
9.380096879023851475e-01
9.381178063642519049e-01
9.466477809254013609e-01
8.055326856578297612e-01
6.484641638225255855e-01
9.559121801942852548e-01
9.237337025499019472e-01
9.318011491381463784e-01
7.108719782930439379e-01
9.633923123856009685e-01
2.927131356223766634e-01
9.794533700313640123e-01
7.319895345837785783e-01
8.937623980603923712e-01
9.029839087642556050e-01
7.886339013099576967e-01
8.603517068124723055e-01
8.015294384498233837e-01
7.136150234741783782e-01
9.009264620729589002e-01
8.802640970735189363e-01
9.382500000000000284e-01
9.526866135210684261e-01
9.125265392781316542e-01
8.131103161558541625e-01
8.573998425964096670e-01
6.861594039286520452e-01
2.069365839500798276e-01
4.208658623136976584e-01
6.757105943152454941e-01
7.256410256410256165e-01
3.661753297129557994e-01
8.826958105646630637e-01
7.557113501752689144e-01
9.387486126526082275e-01
9.498473250512402544e-01
9.145785077560187881e-01
9.596024366784225990e-01
8.453895440616584489e-01
7.394393241167435127e-01
5.779061371841155426e-01
8.215799614643545246e-01
8.708614308168128870e-01
8.104665651391388392e-01
7.045489355184560987e-01
8.588579795021962227e-01
5.326326255237554541e-01
8.596815994076267842e-01
5.722095671981777265e-01
3.064121390112579668e-01
9.340613882683874714e-01
6.836752586358056938e-01
8.275488995814708204e-01
8.993131439275678929e-01
9.341403364792778552e-01
7.820773930753563974e-01
8.516242317822650953e-01
8.707955936352509418e-01
7.984199584199583866e-01
9.479837043159945464e-01
9.649544684038317000e-01
6.986852696538771168e-01
9.543970001209628462e-01
8.373501271648298161e-01
4.914868768824143808e-01
7.203896391410228306e-01
5.602696733697547504e-01
8.463741015602174178e-01
9.327859727247425070e-01
8.514207463197535075e-01
7.473761065985214946e-01
7.639236076392360575e-01
8.219170481342765733e-01
8.926346061671193155e-01
9.670555936856554125e-01
9.245186324035434833e-01
8.249852681202121119e-01
8.889961389961390514e-01
9.023865414710484645e-01
9.429976528445288553e-01
9.633609661242452660e-01
9.183336144375104926e-01
9.716858522094318218e-01
9.706457925636007289e-01
8.307877441451448908e-01
8.119565553733328889e-01
7.417066307320360208e-01
