5.952213183011978437e-01
9.350017379214459190e-01
8.668559837728194717e-01
7.491457523270884655e-01
7.261180206403810011e-01
7.979761474521142040e-01
9.002189192303260423e-01
7.486644303640204168e-01
6.855337802991232632e-01
8.351177730192719251e-01
7.774051561517502096e-01
9.355588642478385175e-01
8.444218723548332362e-01
8.530303030303030276e-01
6.918849013902360623e-01
4.806749068079262388e-01
9.143089430894308922e-01
8.418592573357569497e-01
9.057726952298895684e-01
6.912468336616943709e-01
8.674483306836248131e-01
7.689127410057642331e-01
5.154354169866379731e-01
5.748472505091649642e-01
7.549582947173308911e-01
8.338709677419354760e-01
7.446193981179539678e-01
6.501466400306031845e-01
8.305512816791011943e-01
8.282699072593540102e-01
6.879992159553094400e-01
8.198924731182796188e-01
7.619047619047618625e-01
8.672925882459149305e-01
8.778354741732713462e-01
6.089853091902972526e-01
3.945299471101157973e-01
7.955277445477132447e-01
4.314322520201428479e-01
8.148714810281517673e-01
8.590018249623105895e-01
9.164752810346911138e-01
6.418967760589850968e-01
6.279863481228669109e-01
9.320699505329895773e-01
8.150851581508515853e-01
8.925959562162421035e-01
7.833549545953497617e-01
8.039867109634551978e-01
9.148979532419133642e-01
9.483373911883400398e-01
9.169805315367884901e-01
8.431651526759330606e-01
8.353996101364522531e-01
8.115234375000000000e-01
9.376133843983067706e-01
8.356555174267168429e-01
3.851934316726969287e-01
8.922172650662134608e-01
7.506991610067919041e-01
9.498388763908311994e-01
8.698359708535293722e-01
9.220665863086578984e-01
9.649425498329723405e-01
8.610427388677556193e-01
7.603949184330656141e-01
7.904639175257731631e-01
4.509731913330884967e-01
4.478300455235204591e-01
8.897890766866880519e-01
6.521953626048346830e-01
8.487326246933769580e-01
8.413221743173556755e-01
8.402729809631697133e-01
6.929214402618657509e-01
8.758671047827674139e-01
8.523206751054852592e-01
9.379760609357997714e-01
9.646580218662598183e-01
9.193661151246795837e-01
9.195322770359094511e-01
9.426115600391168359e-01
8.346545071904595270e-01
6.727736549165120872e-01
7.169361702127660108e-01
8.901259888661001707e-01
9.067357512953367893e-01
8.750471876179690689e-01
8.245713208969286390e-01
9.621698786581013296e-01
5.115753811405985285e-01
9.825254520589575824e-01
9.324236517218973397e-01
9.743167147369866665e-01
9.367088607594936667e-01
9.279645363871444896e-01
7.372881355932203729e-01
9.680294746850487408e-01
9.660238751147841585e-01
8.497297297297297103e-01
1.912072575017445819e-01
9.027384324834749618e-01
9.075780089153046015e-01
9.700107104605497632e-01
9.232460963272487442e-01
9.550945378151260989e-01
8.478260869565217295e-01
9.148955250650165905e-01
8.389127859859111247e-01
9.651500484027105697e-01
9.213420576360852321e-01
9.592875318066157453e-01
8.663829787234043067e-01
8.123990958992572953e-01
9.420278814656813937e-01
9.583279907680471998e-01
9.182755884686590875e-01
9.572341925090616099e-01
9.595842060352183234e-01
7.919933966157656213e-01
9.753014011078526835e-01
9.115392374420011601e-01
8.160609037328094839e-01
8.732364143554530722e-01
8.246276067527308351e-01
8.864348370927318532e-01
9.179044789762339507e-01
9.131652661064425525e-01
8.653061224489796421e-01
9.434778845321561969e-01
7.754713991443511478e-01
9.457895864581101764e-01
9.571045576407506417e-01
7.890601690701143367e-01
8.227135941384273732e-01
6.264429370462929469e-01
7.198731501057082927e-01
7.587849910661107478e-01
8.757627532340737098e-01
8.373340143003064062e-01
4.363295880149812844e-01
9.505047535038714246e-01
6.877045960455676621e-01
9.203509493453971846e-01
9.161427432923049397e-01
9.072605001409415060e-01
9.020006781959986064e-01
8.653412985995495577e-01
3.704746580852775750e-01
8.182031433262960674e-01
4.255065554231227676e-01
8.858026365757065701e-01
6.264404609475031638e-01
7.605453087409783652e-01
8.134963627921374396e-01
9.267949978923704091e-01
8.320294523699953704e-01
5.776585038577658482e-01
2.798906288839174694e-01
8.511203613497475562e-01
7.851820082560445613e-01
8.157917470556051986e-01
9.496317616185557808e-01
9.150849150849150737e-01
5.617977528089888040e-01
5.732064421669106347e-01
8.360597439544807941e-01
7.122727913202762107e-01
9.455257836198179833e-01
9.745888221997037748e-01
7.830540037243948204e-01
9.507514450867051714e-01
4.867057518618285727e-01
8.625727099151903055e-01
7.332895025202716965e-01
7.209967320261437829e-01
8.963126378821304474e-01
9.187453017153009993e-01
8.560882679790442484e-01
7.043095004897159672e-01
7.028842812463801382e-01
9.220750278568775604e-01
9.371725830677364311e-01
9.335043048177321667e-01
8.920364214481861787e-01
8.509229789942711619e-01
8.333962976955043844e-01
8.740372082000237297e-01
9.356123464985064420e-01
9.714984958955794614e-01
9.285926905903754136e-01
9.595871068263706061e-01
9.457001818654195979e-01
8.662921887752652594e-01
8.699796804053884225e-01
6.968673293314214812e-01
