9.035797119140625000e-01
9.885864257812500000e-01
9.749603271484375000e-01
9.675140380859375000e-01
9.842071533203125000e-01
9.829406738281250000e-01
9.735717773437500000e-01
9.691314697265625000e-01
9.255676269531250000e-01
9.906005859375000000e-01
9.675903320312500000e-01
9.623565673828125000e-01
9.719543457031250000e-01
9.822387695312500000e-01
9.854583740234375000e-01
9.596099853515625000e-01
9.839172363281250000e-01
9.907073974609375000e-01
9.816436767578125000e-01
9.163055419921875000e-01
9.796447753906250000e-01
9.113006591796875000e-01
9.037170410156250000e-01
9.490356445312500000e-01
9.596557617187500000e-01
9.685668945312500000e-01
9.163513183593750000e-01
8.744049072265625000e-01
9.109344482421875000e-01
9.836120605468750000e-01
9.028472900390625000e-01
9.631958007812500000e-01
9.754333496093750000e-01
9.551391601562500000e-01
9.931793212890625000e-01
9.301452636718750000e-01
8.061065673828125000e-01
9.321899414062500000e-01
9.259185791015625000e-01
9.630737304687500000e-01
9.728851318359375000e-01
9.894561767578125000e-01
9.622039794921875000e-01
9.634094238281250000e-01
9.851226806640625000e-01
9.768066406250000000e-01
9.657135009765625000e-01
9.668731689453125000e-01
9.342803955078125000e-01
9.553985595703125000e-01
9.763641357421875000e-01
9.761199951171875000e-01
9.344024658203125000e-01
9.355773925781250000e-01
9.941101074218750000e-01
9.811096191406250000e-01
9.393463134765625000e-01
8.988800048828125000e-01
9.535522460937500000e-01
9.809570312500000000e-01
9.748229980468750000e-01
9.381256103515625000e-01
9.713897705078125000e-01
9.854278564453125000e-01
9.905242919921875000e-01
8.966827392578125000e-01
9.751892089843750000e-01
9.315643310546875000e-01
8.611907958984375000e-01
9.518432617187500000e-01
9.354553222656250000e-01
9.943542480468750000e-01
9.713592529296875000e-01
9.117889404296875000e-01
9.541931152343750000e-01
9.896240234375000000e-01
9.935913085937500000e-01
9.921722412109375000e-01
9.893951416015625000e-01
9.894409179687500000e-01
9.822540283203125000e-01
9.829864501953125000e-01
9.640350341796875000e-01
9.138793945312500000e-01
9.746246337890625000e-01
9.942779541015625000e-01
9.956054687500000000e-01
9.797973632812500000e-01
9.431762695312500000e-01
9.854431152343750000e-01
9.736022949218750000e-01
9.982452392578125000e-01
9.873046875000000000e-01
9.971466064453125000e-01
9.980926513671875000e-01
9.970245361328125000e-01
9.933776855468750000e-01
9.917907714843750000e-01
9.983062744140625000e-01
9.915161132812500000e-01
9.115753173828125000e-01
9.984283447265625000e-01
9.952545166015625000e-01
9.974365234375000000e-01
9.893493652343750000e-01
9.947814941406250000e-01
9.910278320312500000e-01
9.855194091796875000e-01
9.211425781250000000e-01
9.912109375000000000e-01
9.913787841796875000e-01
9.975585937500000000e-01
9.904174804687500000e-01
9.911346435546875000e-01
9.767761230468750000e-01
9.950408935546875000e-01
9.952850341796875000e-01
9.481506347656250000e-01
9.920501708984375000e-01
9.846191406250000000e-01
9.942169189453125000e-01
9.732360839843750000e-01
9.771423339843750000e-01
9.639434814453125000e-01
9.461059570312500000e-01
9.778747558593750000e-01
9.561462402343750000e-01
9.962158203125000000e-01
9.315185546875000000e-01
9.900360107421875000e-01
9.783782958984375000e-01
9.922790527343750000e-01
9.970703125000000000e-01
9.676361083984375000e-01
9.379730224609375000e-01
9.521026611328125000e-01
9.919128417968750000e-01
9.938201904296875000e-01
9.922332763671875000e-01
9.611206054687500000e-01
9.908142089843750000e-01
9.922943115234375000e-01
9.636077880859375000e-01
9.645385742187500000e-01
9.710998535156250000e-01
9.648590087890625000e-01
9.911804199218750000e-01
9.790191650390625000e-01
9.522399902343750000e-01
9.881744384765625000e-01
9.705810546875000000e-01
9.678802490234375000e-01
9.643859863281250000e-01
9.772186279296875000e-01
9.816131591796875000e-01
9.920501708984375000e-01
9.888610839843750000e-01
9.807891845703125000e-01
9.557952880859375000e-01
9.486999511718750000e-01
9.388580322265625000e-01
9.023895263671875000e-01
9.909210205078125000e-01
9.883270263671875000e-01
9.946441650390625000e-01
9.822082519531250000e-01
9.437255859375000000e-01
8.753662109375000000e-01
9.868469238281250000e-01
9.900512695312500000e-01
9.928894042968750000e-01
9.934997558593750000e-01
7.528533935546875000e-01
9.527740478515625000e-01
9.814300537109375000e-01
9.791564941406250000e-01
9.748992919921875000e-01
9.818572998046875000e-01
9.446716308593750000e-01
9.078674316406250000e-01
9.608612060546875000e-01
9.519805908203125000e-01
9.738311767578125000e-01
9.944610595703125000e-01
9.772033691406250000e-01
9.821319580078125000e-01
9.663543701171875000e-01
9.837799072265625000e-01
9.822387695312500000e-01
9.914703369140625000e-01
9.670562744140625000e-01
9.873352050781250000e-01
9.936218261718750000e-01
9.575042724609375000e-01
9.209136962890625000e-01
8.096771240234375000e-01
