4.237118103055175777e-01
8.779373368146213830e-01
7.650007160246312665e-01
5.989073097211755625e-01
5.700041545492313677e-01
6.638604930847865626e-01
8.185437401781037181e-01
5.982922954725973241e-01
5.215301618440412179e-01
7.169117647058823595e-01
6.358649065660895161e-01
8.789202453987730035e-01
7.307354233811895750e-01
7.437252311756935574e-01
5.289174493326742610e-01
3.163739669421487544e-01
8.421446757525834492e-01
7.269058295964125893e-01
8.277738010021474802e-01
5.281720430107527120e-01
7.659238462888225962e-01
6.245802118315680884e-01
3.471963583695427125e-01
4.033583422650946493e-01
6.063718922137859568e-01
7.150760719225449646e-01
5.931423482262134783e-01
4.816424208073556423e-01
7.102075265614139488e-01
7.068777292576419180e-01
5.243893329349368360e-01
6.947608200455580585e-01
6.153846153846154188e-01
7.656810392922610564e-01
7.822698490014612371e-01
4.377993368537393959e-01
2.457410814981896008e-01
6.604782641913057306e-01
2.750485291921755948e-01
6.875806868060935217e-01
7.528511821974964713e-01
8.458277554663097275e-01
4.726421119863742915e-01
4.577114427860696777e-01
8.727818371607515280e-01
6.878850102669404887e-01
8.060255524861877907e-01
6.438648293963254998e-01
6.722222222222222765e-01
8.431446203380734694e-01
9.017506025624761890e-01
8.466888714733542542e-01
7.288552507095553690e-01
7.173272629887520457e-01
6.828266228430567297e-01
8.825538373968314643e-01
7.177047084724096360e-01
2.385384350224060701e-01
8.054081697884037938e-01
6.008954269267668957e-01
9.044696618805002641e-01
7.696546239491024455e-01
8.554021747512917662e-01
9.322598950205702728e-01
7.559921414538310902e-01
6.134170710819297767e-01
6.535265288727892807e-01
2.911332385016595636e-01
2.885186923197247122e-01
8.014594866633115711e-01
4.838945827232796759e-01
7.372159090909090606e-01
7.261053553188384635e-01
7.245437651879734764e-01
5.301299107841602742e-01
7.791490743747969683e-01
7.426470588235294379e-01
8.831967213114754189e-01
9.317288801571709245e-01
8.507655811947379965e-01
8.510502049180327377e-01
8.914524922118379768e-01
7.162292318805683067e-01
5.069019744889043944e-01
5.587689042186256838e-01
8.020063357972544438e-01
8.293838862559241853e-01
7.778523489932885893e-01
7.015068932350112529e-01
9.270976616231086931e-01
3.437025796661608568e-01
9.656511350059737708e-01
8.734023128423615834e-01
9.499196572040706776e-01
8.809523809523809312e-01
8.656099241902136532e-01
5.838926174496644750e-01
9.380398479788091270e-01
9.342806394316163221e-01
7.387218045112782239e-01
1.057098765432098741e-01
8.227194492254733538e-01
8.307943416757345156e-01
9.417677642980936126e-01
8.574346405228757684e-01
9.140487559688363906e-01
7.358490566037735325e-01
8.431404958677686245e-01
7.225234899328859539e-01
9.326473339569690824e-01
8.541559112028910272e-01
9.217603911980439824e-01
7.642642642642643036e-01
6.840674279499727728e-01
8.904089861751152135e-01
9.199901526341703883e-01
8.488997555012225416e-01
9.179761990972071795e-01
9.223083805547270808e-01
6.556200888281517036e-01
9.517934367845332089e-01
8.374571402094337369e-01
6.892760838000414614e-01
7.749952390020948823e-01
7.015883744508280007e-01
7.960331973554648499e-01
8.482656670714323610e-01
8.402061855670103219e-01
7.625899280575539896e-01
8.930034409306898402e-01
6.332815734989648560e-01
8.971544715447153928e-01
9.177377892030847972e-01
6.516097240473062158e-01
6.988219604356523673e-01
4.560734708022872730e-01
5.623451692815855107e-01
6.113243761996161041e-01
7.789839339991315725e-01
7.201844937403909519e-01
2.790419161676646609e-01
9.056779977586850716e-01
5.240470963879465538e-01
8.524538124563519892e-01
8.452614379084967267e-01
8.302623820754716499e-01
8.214947498455836827e-01
7.626445710340065132e-01
2.273512712910392419e-01
6.923382294561334360e-01
2.702498107494322732e-01
7.950141201674943980e-01
4.560708459566534811e-01
6.136128364389233925e-01
6.856248369423427746e-01
8.635768525792092420e-01
7.123719464144996349e-01
4.061320754716981063e-01
1.627167630057803349e-01
7.408263953129817780e-01
6.463371579876434625e-01
6.888921311156501748e-01
9.040941328175370328e-01
8.434622467771638599e-01
3.906250000000000000e-01
4.017444843509492269e-01
7.183012526733882908e-01
5.531239741766057483e-01
8.966798513724080211e-01
9.504370961611554591e-01
6.434583014537107459e-01
9.061260467166152299e-01
3.216200368570950041e-01
7.583541536539663008e-01
5.788927335640138283e-01
5.637176620887894840e-01
8.121073672187321124e-01
8.497029452660852522e-01
7.483866490875026312e-01
5.435785017764003246e-01
5.418824790141096859e-01
8.554167049526785194e-01
8.817730594236867780e-01
8.753005839917553654e-01
8.051134881294025325e-01
7.405273653888765351e-01
7.143782383419688964e-01
7.762576299726373641e-01
8.790146554412223701e-01
9.445766408883601306e-01
8.667037105636846706e-01
9.223137401722201201e-01
8.969935929029078103e-01
7.641229778944693685e-01
7.698796785508147389e-01
5.347631480790749903e-01
