8.542011399154256779e-01
9.549165779197728021e-01
8.642614463679015868e-01
6.760952786048489704e-01
7.400215749730313375e-01
1.000000000000000000e+00
9.968104108190865009e-01
5.984111221449851525e-01
9.966260543580131026e-01
9.380637402285026960e-01
6.477471184072650656e-01
9.919680939456045898e-01
8.178389899983603550e-01
7.456953642384105407e-01
9.312445604873803573e-01
3.354326396495070917e-01
9.964557859294701503e-01
7.395072992700729708e-01
9.109815660942177651e-01
9.993489583333333703e-01
7.809983896940418946e-01
9.313366718027734636e-01
9.979185251263752443e-01
4.085398950606115576e-01
9.977951984321411505e-01
7.189542483660130712e-01
6.026240386065450094e-01
4.825236593059936685e-01
7.321629644794759306e-01
7.068777292576419180e-01
9.827803443931121263e-01
8.321964529331514759e-01
7.307801418439716645e-01
9.995838102174591233e-01
8.611260053619302912e-01
4.441814104161475041e-01
1.000000000000000000e+00
9.832802547770700397e-01
2.750485291921755948e-01
9.047052828265670366e-01
7.647640576434020510e-01
8.849206349206348854e-01
9.568965517241379004e-01
4.577114427860696777e-01
8.843204653622421807e-01
6.921487603305784830e-01
8.521493109427763502e-01
6.763742891607789076e-01
9.862661902635104783e-01
9.766285430134261647e-01
9.905936454849498807e-01
9.970008074749105997e-01
9.626791069643452214e-01
9.558390578999018672e-01
6.828266228430567297e-01
9.241084732293632920e-01
8.319749732444224888e-01
2.385384350224060701e-01
9.270105216687514194e-01
6.008954269267668957e-01
9.458134043712538297e-01
7.704423973615376342e-01
9.227185758256384318e-01
9.710380495012929103e-01
8.899167437557816696e-01
6.198223145263643818e-01
6.648601777585085859e-01
2.911332385016595636e-01
1.000000000000000000e+00
9.995292640828494779e-01
1.000000000000000000e+00
7.403708987161198296e-01
7.985877066281495962e-01
7.259273404306105792e-01
9.906405381690552847e-01
8.534329420135182698e-01
9.344641480339244133e-01
9.268817204301075252e-01
9.783393501805054404e-01
8.628608923884514281e-01
8.647839666840186901e-01
9.162497498499099224e-01
7.416780950006233164e-01
5.069905627403006321e-01
5.587689042186256838e-01
8.739930955120828182e-01
8.313539192399049815e-01
8.283008754690012188e-01
7.153833578551577199e-01
9.419254658385093348e-01
3.448800913589645800e-01
9.829735481909395167e-01
9.664926755346018306e-01
9.672757022088901424e-01
8.809523809523809312e-01
8.740431454418928769e-01
6.619565217391304435e-01
9.441288976469224270e-01
9.610231425091352309e-01
7.554060547813551407e-01
1.000000000000000000e+00
8.385964912280702288e-01
8.357963875205254300e-01
9.847770931496918623e-01
8.644975288303130556e-01
9.282797345584481441e-01
7.358490566037735325e-01
9.962890625000000444e-01
7.225234899328859539e-01
9.471559197244983075e-01
8.592573357569462944e-01
9.350198412698412787e-01
8.323793949304987283e-01
7.016174010039040176e-01
8.994108662448178082e-01
9.323852295409181812e-01
8.530712530712530883e-01
9.260233277327294399e-01
9.449961802902979713e-01
9.017857142857143016e-01
9.612074502247912600e-01
8.979531001589825534e-01
7.172458450248219153e-01
7.749952390020948823e-01
9.386232621227534878e-01
9.301446416831031794e-01
9.116545619609622841e-01
8.846675712347353837e-01
7.833931094446255905e-01
9.030654515327257714e-01
6.332815734989648560e-01
9.101030927835052076e-01
9.962790697674418494e-01
6.516097240473062158e-01
7.310494496977212320e-01
4.560734708022872730e-01
9.551192145862552607e-01
6.923913043478261420e-01
8.575525812619503307e-01
9.534748473393428458e-01
2.790419161676646609e-01
9.948707427164547035e-01
5.277331189710611214e-01
9.570888873048685186e-01
8.463678010471203939e-01
8.598580261048774931e-01
8.214947498455836827e-01
9.229162314602047390e-01
2.273512712910392419e-01
8.715642178910544269e-01
2.702498107494322732e-01
8.974387160602396163e-01
4.560708459566534811e-01
6.193834900731451931e-01
6.859827721221612995e-01
8.794666666666666188e-01
7.252306458082631302e-01
5.023337222870478680e-01
1.627167630057803349e-01
7.521327385145182287e-01
6.698682766190998672e-01
6.964110127826942387e-01
9.180032733224222641e-01
8.509496284062758598e-01
3.906250000000000000e-01
4.021571648690292489e-01
8.440136420750313784e-01
9.523360964581762955e-01
9.294322276059138188e-01
9.852639873916470004e-01
6.459293394777265718e-01
9.856184084372003884e-01
3.216200368570950041e-01
8.586456859971711708e-01
5.788927335640138283e-01
7.323651452282157193e-01
9.753086419753086433e-01
9.989597265566948492e-01
9.849315068493150749e-01
6.079127567841744462e-01
5.444105508702673513e-01
9.505309373085563118e-01
9.490280457041103679e-01
8.968673002463921629e-01
9.658841940532081338e-01
9.128653373395246851e-01
9.797477349440397720e-01
7.994797311944504825e-01
9.805217391304348329e-01
9.476773102556450556e-01
9.278868398440082155e-01
9.226591760299625022e-01
8.983218163869693962e-01
9.930654925701706270e-01
9.975837072833966257e-01
9.545272969374167804e-01
