4.091585675510025499e-01
8.595391127135915132e-01
7.790648988136775754e-01
5.916283818274630235e-01
5.909448818897637956e-01
4.284051222351571431e-01
8.026045939294503828e-01
6.645059909644470686e-01
4.844703524911194159e-01
5.981751824817518326e-01
6.787817600538448293e-01
8.738957382778370642e-01
7.542275723703066870e-01
8.465747428321295232e-01
4.792626728110598866e-01
4.139180171591992363e-01
8.022196926579396870e-01
8.127133105802047952e-01
8.220927005273382937e-01
5.090306545153272522e-01
7.796524379956133455e-01
6.179046179046179255e-01
3.066033427710292969e-01
4.867486575437380836e-01
5.599451303155006388e-01
7.414480010990520675e-01
6.101682462713980959e-01
5.339933579798232799e-01
7.274433305348412260e-01
6.765341400172860675e-01
5.029948659440958147e-01
6.981827111984283407e-01
6.507900160293107472e-01
7.406922068912356050e-01
7.504302925989673190e-01
5.161837798521032861e-01
2.378900189622479011e-01
6.370381253213839301e-01
3.653874869344482801e-01
6.867152184831742945e-01
8.055402425578831460e-01
8.582010582010581867e-01
4.412050534499514232e-01
5.998666962897134525e-01
8.784217966842308156e-01
7.589158345221113100e-01
8.114907360190378727e-01
7.095435684647303232e-01
6.493915848116111889e-01
8.341269841269841612e-01
8.914171407138838932e-01
8.152091971353184752e-01
7.211592049043283881e-01
7.074572286796395604e-01
7.668789808917197970e-01
8.882545624707534060e-01
7.255781359495444560e-01
3.148339652993220605e-01
7.928950289872949142e-01
7.425742574257425677e-01
9.021154945683247384e-01
8.019639005562493317e-01
8.649992351231451382e-01
9.330655957161980707e-01
7.302654867256637150e-01
6.424214786524540255e-01
6.922917099522127860e-01
4.128338865180970485e-01
2.737256065890034673e-01
7.822031297944154193e-01
4.550774526678141307e-01
8.242264647794601551e-01
7.396024249259833816e-01
7.419032672278499385e-01
4.712643678160919336e-01
7.797305213825425074e-01
5.736293611236973344e-01
8.930585683297179722e-01
9.173076923076922684e-01
8.829381879762913110e-01
8.510772332115408290e-01
8.964162514373322788e-01
7.473646808006633169e-01
5.923766425898528976e-01
6.854287217254076969e-01
8.033492822966507019e-01
8.968838526912181752e-01
7.909915748541801461e-01
7.094853920263178848e-01
9.375999999999999890e-01
5.139092240117130173e-01
9.447482014388489668e-01
8.737201365187713398e-01
9.518294287970519019e-01
9.234194122885128753e-01
9.348404255319149314e-01
4.465558194774346679e-01
9.465631422699246622e-01
9.215463331438317196e-01
8.023307933662034985e-01
9.337513631406761661e-02
8.205521472392638405e-01
8.900817995910020874e-01
8.991843393148449826e-01
8.861854011662979591e-01
9.259168704156479635e-01
8.235294117647058432e-01
8.168878938109707111e-01
7.387967584393281273e-01
9.495545528173088279e-01
8.933673469387755084e-01
9.268867924528302327e-01
8.117229129662522080e-01
7.891480247501190259e-01
8.842443729903537442e-01
9.264846743295018783e-01
9.185606060606060774e-01
8.996142719382834718e-01
9.277286135693215696e-01
4.789993114528345308e-01
9.591115598182735624e-01
8.566618128867855564e-01
7.646586345381526373e-01
8.004949552636588805e-01
6.965067305310099766e-01
7.771157752200406055e-01
8.558332023678558720e-01
8.176171654432523583e-01
6.970264088168017791e-01
9.091345384738441782e-01
7.852713178294573604e-01
9.200876843363889890e-01
8.343034536282498692e-01
7.376538146021328624e-01
7.146832662028560490e-01
5.361289204643908679e-01
3.885558583106267228e-01
6.355555555555555403e-01
7.515772870662460470e-01
6.405872693905148019e-01
5.453852021357742386e-01
8.559634639030387904e-01
5.666470933646505781e-01
8.480060195635816811e-01
8.658725626172799616e-01
8.470802919708029233e-01
8.853620955315870678e-01
7.327779557834027679e-01
4.364161849710982422e-01
6.416243654822334497e-01
5.177895533686600604e-01
7.955393892983632087e-01
5.900462962962963465e-01
7.117251680358476218e-01
7.884515794924908949e-01
8.898477157360406009e-01
7.956204379562044071e-01
4.232447441491471452e-01
3.093907210732252389e-01
7.577233297823771085e-01
6.586784752973864343e-01
6.976046455359302678e-01
9.180898165717900072e-01
8.751254768118851279e-01
7.613333333333333064e-01
6.265947006869480029e-01
7.159480829479337727e-01
5.416090241566456909e-01
9.001527076236344183e-01
9.461937326219282962e-01
4.291323125245386505e-01
8.767441860465116088e-01
3.646142898999623072e-01
7.557164634146341653e-01
7.658336186237589827e-01
5.524613220815752790e-01
7.959138352209638168e-01
8.348635235732010385e-01
7.320045788162413691e-01
5.537927981109799225e-01
6.092576419213974193e-01
8.508453008543901408e-01
8.789601949634443523e-01
8.977763026883505137e-01
7.947570332480818900e-01
6.674961715160796505e-01
6.941147069848806472e-01
8.574062692071297009e-01
8.577768811781318892e-01
9.484384207424867430e-01
8.664958203673195358e-01
9.365034965034965131e-01
9.430178527757397955e-01
7.529705027004569562e-01
7.598215066934990158e-01
5.391450438678364598e-01
