5.207155070366960015e-01
6.698280972139892819e-01
7.434402332361516041e-01
4.983529861077958811e-01
2.463783553472518040e-01
0.000000000000000000e+00
2.361616897305171270e-01
7.049319727891156795e-01
7.766654532216964446e-01
8.858282674772036680e-01
4.852686308492201173e-01
4.043126684636118816e-03
2.419812659665058208e-01
5.528169014084507449e-01
1.753571149793146378e-01
1.808869403928842490e-01
0.000000000000000000e+00
3.406793368378487896e-01
3.107133979617200947e-01
4.076108277755982612e-01
8.756066411238824787e-02
2.418688693856479166e-01
3.044491091542084749e-01
2.407407407407407274e-01
5.304513631965394049e-01
6.404392618589380692e-01
6.853613516967201891e-01
5.390625000000000000e-01
5.612554397995516559e-02
8.912943871706758836e-01
7.742010369109340040e-01
6.384714193962749418e-01
4.371026056601421406e-01
4.508779362613566932e-01
6.429127450286603596e-01
4.591489024486885007e-01
4.667885236805170424e-01
1.780058101396307657e-01
2.827794082652494712e-02
2.085406301824212216e-01
4.477198286722096077e-01
3.026650062266500463e-01
2.119988828801381078e-02
7.237324079429342527e-01
4.687162891046386393e-01
6.204863669859985720e-01
0.000000000000000000e+00
7.901305057096248419e-01
7.577773781693939448e-01
7.029929402406284167e-01
5.547983522351624952e-01
9.655590957366105842e-01
7.514195583596214867e-01
8.079096045197740050e-01
8.433546552949537922e-01
9.117354549975136280e-01
4.829650092081031465e-01
9.225306649451259222e-01
1.722921914357682660e-01
9.105553200508690326e-01
6.922428330522765183e-01
6.518332811031024576e-01
4.546359593814296163e-02
8.483333333333333837e-01
3.985784581738655019e-01
6.814028155100024797e-01
6.330125591257543816e-01
8.338212114388651175e-01
6.067304519960409204e-01
7.301768397033656655e-01
7.387779232295933474e-01
7.398523985239852108e-01
8.780716124502691011e-01
8.122977346278317246e-01
5.891152132399745112e-01
7.149362477231330226e-01
8.479185938945420498e-01
7.515469716857303695e-01
7.134275618374558148e-01
7.036995690906249212e-01
9.056133056133056636e-01
4.326847017876918056e-01
7.962786259541985157e-01
8.148771457421744024e-01
7.270882651335813796e-01
6.801474695564740935e-01
5.331845607074965354e-01
5.693528441879637247e-01
7.032784944963901275e-01
7.554266551864775581e-01
0.000000000000000000e+00
8.108263113777738340e-01
2.339912280701754443e-01
2.405106382978723367e-01
7.894579215333932254e-01
7.930228455499691576e-01
8.066676815344800966e-01
7.783069928555964578e-01
4.599358974358974117e-01
3.112940571134550916e-01
4.264983750283425357e-01
6.858605246321177740e-01
5.878367732787143085e-01
4.812372428952739756e-01
7.071611253196931068e-01
6.118174409127954405e-01
1.047467763034946736e-01
3.041482300884955636e-01
2.219191806746075857e-01
7.626157887460252027e-01
6.242167225773783690e-01
4.274583913533585577e-01
4.758687752699728990e-01
1.023035041183861515e-01
3.770280434081874077e-01
5.757313733967430736e-01
5.143812709030100017e-01
8.654793482379689040e-01
3.720580871306960469e-01
6.965623884857856662e-01
6.425417546554040849e-01
0.000000000000000000e+00
6.727524553009317509e-01
7.419216471261080859e-01
6.446446446446446599e-02
1.230256734248463546e-01
1.495211908599601847e-01
1.514454439332555136e-01
7.814850764377577752e-01
7.988485694347522426e-01
5.735325057858194908e-01
5.893046865777358256e-01
1.819169920695624110e-01
6.380253502334889415e-01
7.450327681264953261e-01
8.053822516062948411e-01
6.186062478544456233e-01
5.780433159073935512e-01
1.878956306932221820e-01
3.827151167182896163e-01
7.920692141312184464e-01
4.072436902894624455e-01
2.009832272990167701e-01
5.383751403968550786e-01
5.925925925925925597e-01
5.632233484293005521e-01
5.405670799067141541e-01
7.566045907319185471e-01
4.305140751096142582e-01
2.179139299571424826e-01
5.931713582361125559e-01
6.908914728682170603e-01
6.172119735468152291e-01
5.282907133243607278e-01
8.263209764233189203e-01
8.463709930368232826e-01
5.535714285714286031e-01
3.544899445409220862e-01
1.242464715012814441e-01
1.676363277783256191e-03
6.697840124693832387e-01
7.524590163934425924e-01
3.700503031084741434e-01
5.766121451400638698e-01
7.055421444377388829e-01
8.807423882199555409e-01
5.677784139707987565e-01
9.223744292237442410e-01
7.379134860050891032e-01
4.069044973871538406e-01
3.706170421155729477e-01
8.213265306122449205e-01
5.380405283155418328e-01
8.615916955017300927e-01
8.975195822454308248e-01
4.320786895649069703e-01
2.757304462488722185e-01
6.609349811929070562e-01
1.970241988227599828e-01
7.217633595382625389e-01
8.339323336225058503e-01
2.228100518872723479e-01
5.358241428464250999e-01
6.181764093410679894e-01
6.681461754697440858e-01
8.081124284001598435e-01
9.090035245113745610e-01
6.478988168094654831e-01
4.484632683658170693e-01
5.485569422776911397e-01
7.771226415094339979e-01
8.352927747973976080e-01
9.169769173492181569e-01
3.783742949234488173e-01
4.166634085311021751e-01
8.782279608192341547e-01
