9.137573242187500000e-01
9.850158691406250000e-01
9.754943847656250000e-01
9.566345214843750000e-01
9.647216796875000000e-01
9.880828857421875000e-01
9.802398681640625000e-01
9.747467041015625000e-01
9.698181152343750000e-01
9.931793212890625000e-01
9.671478271484375000e-01
9.416351318359375000e-01
9.725341796875000000e-01
8.999328613281250000e-01
7.708587646484375000e-01
9.579772949218750000e-01
9.839782714843750000e-01
9.599914550781250000e-01
9.773406982421875000e-01
8.961944580078125000e-01
9.486694335937500000e-01
9.772644042968750000e-01
9.750976562500000000e-01
9.535827636718750000e-01
9.823760986328125000e-01
9.703674316406250000e-01
9.942779541015625000e-01
9.546508789062500000e-01
8.721771240234375000e-01
9.521636962890625000e-01
9.540863037109375000e-01
9.590454101562500000e-01
9.741821289062500000e-01
9.635467529296875000e-01
9.480133056640625000e-01
9.741363525390625000e-01
9.827728271484375000e-01
9.847106933593750000e-01
9.640808105468750000e-01
9.810485839843750000e-01
8.542327880859375000e-01
9.332580566406250000e-01
9.841918945312500000e-01
9.631042480468750000e-01
9.433593750000000000e-01
9.766082763671875000e-01
9.956512451171875000e-01
9.743041992187500000e-01
9.221191406250000000e-01
9.149780273437500000e-01
9.513854980468750000e-01
9.860076904296875000e-01
9.056396484375000000e-01
9.169769287109375000e-01
9.815673828125000000e-01
9.841156005859375000e-01
9.899291992187500000e-01
8.895263671875000000e-01
9.735107421875000000e-01
9.858551025390625000e-01
8.837890625000000000e-01
9.332885742187500000e-01
9.930267333984375000e-01
9.894256591796875000e-01
9.925079345703125000e-01
9.951934814453125000e-01
9.808349609375000000e-01
9.375915527343750000e-01
9.343719482421875000e-01
9.774017333984375000e-01
9.908447265625000000e-01
9.881439208984375000e-01
8.926544189453125000e-01
9.773559570312500000e-01
9.616546630859375000e-01
9.918365478515625000e-01
9.883117675781250000e-01
9.861755371093750000e-01
9.689636230468750000e-01
9.568481445312500000e-01
9.352416992187500000e-01
9.258575439453125000e-01
9.182281494140625000e-01
9.825286865234375000e-01
9.930419921875000000e-01
9.975433349609375000e-01
9.905090332031250000e-01
9.675445556640625000e-01
9.466705322265625000e-01
9.948120117187500000e-01
9.799957275390625000e-01
9.313201904296875000e-01
9.939727783203125000e-01
8.995513916015625000e-01
9.427185058593750000e-01
9.914245605468750000e-01
9.845123291015625000e-01
9.704742431640625000e-01
9.821624755859375000e-01
9.072265625000000000e-01
9.602661132812500000e-01
9.790191650390625000e-01
9.506530761718750000e-01
9.450225830078125000e-01
9.940795898437500000e-01
9.877777099609375000e-01
9.801940917968750000e-01
9.804382324218750000e-01
9.855194091796875000e-01
9.865875244140625000e-01
9.802093505859375000e-01
9.531250000000000000e-01
9.904632568359375000e-01
9.962768554687500000e-01
9.505157470703125000e-01
9.746398925781250000e-01
9.849395751953125000e-01
9.737396240234375000e-01
9.578857421875000000e-01
9.185791015625000000e-01
9.790496826171875000e-01
9.591674804687500000e-01
9.904479980468750000e-01
9.887847900390625000e-01
9.944458007812500000e-01
9.979095458984375000e-01
9.587860107421875000e-01
9.673156738281250000e-01
9.468841552734375000e-01
9.316711425781250000e-01
9.807434082031250000e-01
9.772796630859375000e-01
9.824066162109375000e-01
9.674530029296875000e-01
9.738311767578125000e-01
9.718322753906250000e-01
9.709625244140625000e-01
9.967193603515625000e-01
9.551086425781250000e-01
9.965820312500000000e-01
9.680633544921875000e-01
9.534454345703125000e-01
9.153137207031250000e-01
8.752899169921875000e-01
9.885711669921875000e-01
9.933624267578125000e-01
9.721221923828125000e-01
9.571533203125000000e-01
9.731292724609375000e-01
9.391479492187500000e-01
9.870147705078125000e-01
9.561157226562500000e-01
8.844909667968750000e-01
9.929199218750000000e-01
9.912109375000000000e-01
9.939270019531250000e-01
9.847412109375000000e-01
9.972991943359375000e-01
9.972991943359375000e-01
9.966583251953125000e-01
9.607086181640625000e-01
9.913330078125000000e-01
9.959259033203125000e-01
9.919281005859375000e-01
9.773406982421875000e-01
9.987335205078125000e-01
9.970855712890625000e-01
9.937286376953125000e-01
9.896850585937500000e-01
9.947509765625000000e-01
9.953460693359375000e-01
9.850769042968750000e-01
9.382629394531250000e-01
9.709930419921875000e-01
9.936370849609375000e-01
9.969787597656250000e-01
9.923706054687500000e-01
9.714813232421875000e-01
9.859466552734375000e-01
9.934997558593750000e-01
9.971313476562500000e-01
8.662261962890625000e-01
9.935607910156250000e-01
9.716186523437500000e-01
9.951782226562500000e-01
9.783782958984375000e-01
9.514007568359375000e-01
9.899291992187500000e-01
8.901367187500000000e-01
9.911956787109375000e-01
9.671936035156250000e-01
9.682617187500000000e-01
9.828796386718750000e-01
9.881439208984375000e-01
9.803619384765625000e-01
9.714660644531250000e-01
