9.988753514526710342e-01
7.065544197233915025e-01
7.665036674816625428e-01
9.848778596355176607e-01
8.808001311690440982e-01
9.128035320088300208e-01
9.625761531766753309e-01
5.276560788608981589e-01
9.936204146730462927e-01
9.311131386861314363e-01
9.435953994012920010e-01
9.921875000000000000e-01
8.720701377706208124e-01
9.040832049306625207e-01
1.000000000000000000e+00
8.869187624389360813e-01
9.634982851543361093e-01
6.287025448477263634e-01
9.530236766701855045e-01
6.471293375394321368e-01
9.069505578871941420e-01
9.849890829694323280e-01
8.122637547249055290e-01
9.605881461270274757e-01
9.089361702127659592e-01
9.662886276141920971e-01
9.034852546916890548e-01
6.521305756292050670e-01
1.000000000000000000e+00
9.084394904458599207e-01
6.956846349111542871e-01
9.072532699167658032e-01
7.482339643967221843e-01
8.629785247432306683e-01
1.000000000000000000e+00
5.583446404341926295e-01
8.681914331041776789e-01
7.785123966942149032e-01
9.048097106872319273e-01
9.813889367568499056e-01
9.489727556945064535e-01
9.957732471407260144e-01
9.727564102564102422e-01
9.944630291844502867e-01
9.580139953348884019e-01
9.164064590953697742e-01
8.751027115858668326e-01
8.331181086718982831e-01
6.404873631349304874e-01
3.236814891416752715e-01
9.627694798028106904e-01
6.149664214902462733e-01
9.728764303444935591e-01
6.660980325258728518e-01
9.348639880209632658e-01
9.368304396010344037e-01
6.766882516188713614e-01
5.884965962847582555e-01
5.491003685237372256e-01
8.421052631578946901e-01
1.000000000000000000e+00
9.900360897536482074e-01
8.972659486329742640e-01
8.178053830227742793e-01
9.402061855670102997e-01
9.995348837209302451e-01
8.030551905387647293e-01
7.928228181677259290e-01
9.387925631919782354e-01
9.338434954332263116e-01
7.121439280359820323e-01
6.033308099924299395e-01
9.795536990216554551e-01
6.420414821719878651e-01
7.371995820271682875e-01
8.467762986165492389e-01
8.965333333333332932e-01
6.979542719614921786e-01
7.841306884480746531e-01
3.028901734104046395e-01
9.747984659935822194e-01
6.631906330040249209e-01
7.665683382497542331e-01
9.014729950900163269e-01
9.302229562345168956e-01
8.454861111111111605e-01
6.430405752439650735e-01
8.502961766289715007e-01
9.321778447626224429e-01
9.903093551994036625e-01
9.228526398739165248e-01
8.602150537634408733e-01
9.918504314477468720e-01
7.372256659406936086e-01
8.197489391796322078e-01
9.415224913494809611e-01
9.560165975103734892e-01
9.978052126200274152e-01
9.998513895080992642e-01
9.916894977168949632e-01
8.313466903373065708e-01
7.523775345415395499e-01
9.830508474576271638e-01
9.775931147054459647e-01
9.750087997184090360e-01
9.973395931142410298e-01
8.317399617590822691e-01
9.877420500977083240e-01
9.971818773032733452e-01
9.305507246376811814e-01
8.693922212274942662e-01
8.279463282437702354e-01
9.569288389513108672e-01
9.257156959526160467e-01
3.900537168601628801e-01
1.000000000000000000e+00
6.467391304347825942e-01
9.961759082217973571e-01
9.851701075894154780e-01
9.940119760479041444e-01
9.267164710067591349e-01
1.000000000000000000e+00
9.875746714456391517e-01
8.747678429291588786e-01
9.764096662830840101e-01
9.281472684085511071e-01
4.874039664105770941e-01
9.561737042225335603e-01
7.863109337987782554e-01
6.132471163928696622e-01
6.613425426289660791e-01
8.535517044372500362e-01
9.714813295034878671e-01
5.592845659163987460e-01
9.705609808254330728e-01
8.685373036649214340e-01
9.832837188000915774e-01
8.949969116738727415e-01
9.370300751879698797e-01
9.858702633269107451e-01
9.618441971383148159e-01
9.985690698954320377e-01
9.997123461051662385e-01
4.091211717709720141e-01
9.891696750902526647e-01
9.989063867016623188e-01
8.174128058302967403e-01
7.425115858483101183e-01
8.688362919132149864e-01
9.402519291874715801e-01
9.592944369063771681e-01
9.005542875774372735e-01
3.196828510707863114e-01
9.701863354037266740e-01
7.860677578987438352e-01
1.000000000000000000e+00
9.991581074254924921e-01
9.934551404417780729e-01
1.000000000000000000e+00
9.916492693110646739e-01
1.000000000000000000e+00
9.544453460067230388e-01
1.000000000000000000e+00
9.264776549735703748e-01
1.000000000000000000e+00
9.280701754385964897e-01
9.124247400109468664e-01
9.996375498368974544e-01
8.972405271828665096e-01
9.831546707503828753e-01
8.247978436657682488e-01
1.000000000000000000e+00
8.398926174496644803e-01
8.436052725329533652e-01
8.886003635419371660e-01
9.880952380952381375e-01
9.660670482420278260e-01
9.525934188510876144e-01
9.655247654374863320e-01
9.645708582834331413e-01
9.788697788697788837e-01
8.303991039033774557e-01
9.715813598166539444e-01
9.725163893091275380e-01
8.409415121255349179e-01
9.388541165142031408e-01
9.354561512388408495e-01
9.885931558935361352e-01
4.070601213458356349e-01
9.522541711040113377e-01
9.521113088497007437e-01
7.190557209698000829e-01
7.351672060409923937e-01
9.923007246376811530e-01
9.896657310538402585e-01
5.741807348560079571e-01
