9.185791015625000000e-01
9.899902343750000000e-01
9.777069091796875000e-01
9.589080810546875000e-01
9.694366455078125000e-01
9.904937744140625000e-01
9.863891601562500000e-01
9.698486328125000000e-01
9.744720458984375000e-01
9.952545166015625000e-01
9.729461669921875000e-01
9.514160156250000000e-01
9.760894775390625000e-01
9.066467285156250000e-01
7.790069580078125000e-01
9.618377685546875000e-01
9.896240234375000000e-01
9.592590332031250000e-01
9.785461425781250000e-01
9.085540771484375000e-01
9.485168457031250000e-01
9.819641113281250000e-01
9.719085693359375000e-01
9.618072509765625000e-01
9.848175048828125000e-01
9.775543212890625000e-01
9.945678710937500000e-01
9.533996582031250000e-01
8.818359375000000000e-01
9.642639160156250000e-01
9.523315429687500000e-01
9.613952636718750000e-01
9.724121093750000000e-01
9.703826904296875000e-01
9.506072998046875000e-01
9.701995849609375000e-01
9.820404052734375000e-01
9.824676513671875000e-01
9.678344726562500000e-01
9.855346679687500000e-01
8.596038818359375000e-01
9.421691894531250000e-01
9.850616455078125000e-01
9.665679931640625000e-01
9.476623535156250000e-01
9.792480468750000000e-01
9.970092773437500000e-01
9.741058349609375000e-01
9.204559326171875000e-01
9.101867675781250000e-01
9.545288085937500000e-01
9.816284179687500000e-01
9.181518554687500000e-01
9.097137451171875000e-01
9.819793701171875000e-01
9.835052490234375000e-01
9.883117675781250000e-01
8.882141113281250000e-01
9.682617187500000000e-01
9.840087890625000000e-01
8.893280029296875000e-01
9.449005126953125000e-01
9.904785156250000000e-01
9.892120361328125000e-01
9.945068359375000000e-01
9.956359863281250000e-01
9.789733886718750000e-01
9.382019042968750000e-01
9.402008056640625000e-01
9.837493896484375000e-01
9.882812500000000000e-01
9.838562011718750000e-01
9.006652832031250000e-01
9.765167236328125000e-01
9.667663574218750000e-01
9.902343750000000000e-01
9.885864257812500000e-01
9.864654541015625000e-01
9.768524169921875000e-01
9.595031738281250000e-01
9.402465820312500000e-01
9.284667968750000000e-01
9.180908203125000000e-01
9.836120605468750000e-01
9.934387207031250000e-01
9.978637695312500000e-01
9.893646240234375000e-01
9.648742675781250000e-01
9.532012939453125000e-01
9.954528808593750000e-01
9.841918945312500000e-01
9.642333984375000000e-01
9.952850341796875000e-01
8.998413085937500000e-01
9.444732666015625000e-01
9.934539794921875000e-01
9.912719726562500000e-01
9.731750488281250000e-01
9.830932617187500000e-01
9.199371337890625000e-01
9.620666503906250000e-01
9.722442626953125000e-01
9.528045654296875000e-01
9.551391601562500000e-01
9.963226318359375000e-01
9.891815185546875000e-01
9.831390380859375000e-01
9.844360351562500000e-01
9.879455566406250000e-01
9.867401123046875000e-01
9.799499511718750000e-01
9.545440673828125000e-01
9.906311035156250000e-01
9.950561523437500000e-01
9.462890625000000000e-01
9.795684814453125000e-01
9.868621826171875000e-01
9.860992431640625000e-01
9.729156494140625000e-01
9.288482666015625000e-01
9.855499267578125000e-01
9.674224853515625000e-01
9.941253662109375000e-01
9.894561767578125000e-01
9.963684082031250000e-01
9.972686767578125000e-01
9.549102783203125000e-01
9.750518798828125000e-01
9.517822265625000000e-01
9.320678710937500000e-01
9.757232666015625000e-01
9.763793945312500000e-01
9.874725341796875000e-01
9.664764404296875000e-01
9.752960205078125000e-01
9.728698730468750000e-01
9.737854003906250000e-01
9.946746826171875000e-01
9.718322753906250000e-01
9.965667724609375000e-01
9.717407226562500000e-01
9.599761962890625000e-01
9.162139892578125000e-01
8.637847900390625000e-01
9.911804199218750000e-01
9.946289062500000000e-01
9.720764160156250000e-01
9.602508544921875000e-01
9.758605957031250000e-01
9.483489990234375000e-01
9.963378906250000000e-01
9.651947021484375000e-01
8.718109130859375000e-01
9.924774169921875000e-01
9.900512695312500000e-01
9.951324462890625000e-01
9.856567382812500000e-01
9.979248046875000000e-01
9.978942871093750000e-01
9.978637695312500000e-01
9.685668945312500000e-01
9.922790527343750000e-01
9.969329833984375000e-01
9.932098388671875000e-01
9.870758056640625000e-01
9.987030029296875000e-01
9.973297119140625000e-01
9.951782226562500000e-01
9.906311035156250000e-01
9.955596923828125000e-01
9.940490722656250000e-01
9.853820800781250000e-01
9.404296875000000000e-01
9.795837402343750000e-01
9.930419921875000000e-01
9.973297119140625000e-01
9.924926757812500000e-01
9.779205322265625000e-01
9.875183105468750000e-01
9.942016601562500000e-01
9.974670410156250000e-01
8.889312744140625000e-01
9.941864013671875000e-01
9.778289794921875000e-01
9.953918457031250000e-01
9.831237792968750000e-01
9.591522216796875000e-01
9.951629638671875000e-01
8.935241699218750000e-01
9.932098388671875000e-01
9.735717773437500000e-01
9.676818847656250000e-01
9.813385009765625000e-01
9.891204833984375000e-01
9.802703857421875000e-01
9.667358398437500000e-01
