9.114632647298217538e-01
9.973697806584942427e-01
9.979267680989800660e-01
9.490343912558178996e-01
9.785318909097027174e-01
9.962626626889158343e-01
9.868141084380387396e-01
9.959440243035356799e-01
9.726679244652964851e-01
9.974741096236423576e-01
9.760935308925644538e-01
9.471982758620689502e-01
9.857874455769263244e-01
9.071293878735131599e-01
7.670532224599102555e-01
9.687380226299387997e-01
9.913593907638234004e-01
1.000000000000000000e+00
9.850212342656005093e-01
9.919494424988930525e-01
9.661724422800991308e-01
9.817849754331523515e-01
9.914373298169301130e-01
9.619437045080506676e-01
9.891309606360162432e-01
9.794903889137237529e-01
9.972357902341725255e-01
9.954442705616414200e-01
8.738680044302560290e-01
9.729134357817567080e-01
9.815428542293377356e-01
9.667387550503780957e-01
9.995552362379828137e-01
9.778945993600208775e-01
9.487946089597569799e-01
1.000000000000000000e+00
9.968950527841026199e-01
9.987313826281797313e-01
9.804870004946957263e-01
9.859374215257897811e-01
8.454577589254153036e-01
9.247290082510920550e-01
9.885120350109408704e-01
9.623155784549914937e-01
9.453411043861615903e-01
9.922138163344192963e-01
9.993159097622786868e-01
9.996935225080675336e-01
9.841540392215625266e-01
1.000000000000000000e+00
9.523727018962363511e-01
1.000000000000000000e+00
8.997123564332197843e-01
9.990615224191866650e-01
9.925628328506026499e-01
9.956539297321205240e-01
9.989427841070470659e-01
9.959960167627899263e-01
1.000000000000000000e+00
9.991724231113513488e-01
8.827267288631622799e-01
9.340026520174274927e-01
9.999327742390884399e-01
9.999513555584381708e-01
9.988465214382229451e-01
9.955037389959927596e-01
9.969889651460099866e-01
9.738382034426416034e-01
9.403117746794186216e-01
9.870374888184110240e-01
9.969780435980168942e-01
9.998410023213660791e-01
8.879498219316429575e-01
9.999510164095027909e-01
9.810073248201205409e-01
9.991410744672231115e-01
9.941734373482665754e-01
9.978744666338847935e-01
9.820281407665067963e-01
9.961015529351118225e-01
9.318789211319395971e-01
9.815764412863526855e-01
9.862819718559164839e-01
9.920573486352775028e-01
9.984841494760430258e-01
9.992149014778325400e-01
9.999685480193115650e-01
9.883443026804427101e-01
9.572651128914785312e-01
9.961730478195069960e-01
9.989213942398668111e-01
9.663418127471432584e-01
9.955185450752884746e-01
9.930388862217954804e-01
9.704927707288285577e-01
9.958496951122178809e-01
9.926179387257231257e-01
9.700923668578099734e-01
9.811757103746152620e-01
9.055435459641666407e-01
9.908578025210866835e-01
9.926788186048063345e-01
9.399103334203882110e-01
9.493257520457950571e-01
9.972884600047851045e-01
9.883001386399756782e-01
9.920969696969696994e-01
9.841253943612598976e-01
9.872461960179242935e-01
9.952557502064627304e-01
9.999819764612584150e-01
9.925407185509949048e-01
9.971926498468718369e-01
9.996259189382603605e-01
1.000000000000000000e+00
9.793437514462459692e-01
9.917048409062770853e-01
9.857669756005296158e-01
9.714787411776739656e-01
9.280072950959027400e-01
9.881865284974092889e-01
9.667647379317859668e-01
9.945722156118074198e-01
9.964544174073534100e-01
9.969121289068623160e-01
9.990916494393284886e-01
9.985652079614274479e-01
9.784487414929242677e-01
9.748587325045640073e-01
9.995193374251275520e-01
9.996387698471339567e-01
9.998182941454373251e-01
9.887573769410833435e-01
9.999339498018493533e-01
9.765857067971344119e-01
9.967924669867946896e-01
9.714122246591017085e-01
9.998555330829239640e-01
9.730002523340903764e-01
9.980086924901733214e-01
9.735361984424574233e-01
9.537652123080193611e-01
8.860738464094364275e-01
9.989706231688969540e-01
9.915295213194605939e-01
9.943081162653368832e-01
9.926190970061535834e-01
9.942316851593783200e-01
9.868128910717890445e-01
9.513274336283186194e-01
9.971902219724642080e-01
9.904315356218440503e-01
9.985366402761622906e-01
9.979299604983288274e-01
9.985693620944539051e-01
9.948752550323710642e-01
9.843112908367870340e-01
9.981897234479303327e-01
9.978600006202896777e-01
9.980030889717468323e-01
9.681193512442738403e-01
9.980143738248783425e-01
9.968541647103014158e-01
9.953983137656606806e-01
9.869392916069142929e-01
9.993227226549271647e-01
9.997645544585537225e-01
9.949822387180018435e-01
9.981048121292023234e-01
9.963484696030380228e-01
1.000000000000000000e+00
9.841432733050847759e-01
9.803457611221249035e-01
9.996323207563687641e-01
9.995622922914808584e-01
9.976227959697733239e-01
9.935171976541449235e-01
9.786329479315375446e-01
9.933574062988781428e-01
9.961318424132102889e-01
9.980630226295649221e-01
9.871674363480321679e-01
9.966944110118493017e-01
9.781711872665258545e-01
9.987682040727227095e-01
9.877750611246943757e-01
9.702841507995245696e-01
9.955245745931065038e-01
9.375509592824933236e-01
9.970618677172715660e-01
9.758065874820992525e-01
9.868987737120689108e-01
9.885053861373700457e-01
9.890096008084890977e-01
9.789940725848382819e-01
9.994049685129171579e-01
