8.060103162143978928e-01
7.539503386004514640e-01
8.347262247838617144e-01
6.028017344070139005e-01
9.111111111111110938e-01
7.925481528260183151e-01
2.688510817055240754e-01
9.142287234042553168e-01
8.227057710501418653e-01
8.413937547600913724e-01
6.325349301397205082e-01
4.010891089108911123e-01
4.757679180887371961e-01
5.714903742158771172e-01
4.156483097920964931e-01
8.492957746478873027e-01
4.918485406258217285e-01
5.398068389454450111e-01
6.686472568825509999e-01
5.683810637054353965e-01
4.193867457962413559e-01
1.702312138728323820e-01
8.321608040201005085e-01
5.665851395799949008e-01
5.287610619469026441e-01
7.465613856342333543e-01
6.404837852206273219e-01
7.051460361613351990e-01
3.569926393270241860e-01
9.663497623217413013e-01
7.209507690043417405e-01
7.717382379505706158e-01
4.215185139010098614e-01
6.265368852459016757e-01
7.381493949595123727e-01
7.448581560283688008e-01
4.665007531599973944e-01
6.468260250118726962e-01
3.649897330595482381e-01
3.770491803278688270e-01
6.777777777777778123e-01
7.045902562658405976e-01
4.977810650887574129e-01
8.644540157081327392e-01
7.293814432989690344e-01
9.039772727272726849e-01
0.000000000000000000e+00
9.257240892118275832e-01
8.817162736760726371e-01
7.636363636363636687e-01
8.074195715458685196e-01
9.501699629171816985e-01
7.844268204758471086e-01
9.060606060606060108e-01
8.658768465701330852e-01
9.496234744222279422e-01
8.145849495733126222e-01
8.492016558249556590e-01
2.566964285714285476e-01
9.268545140885566802e-01
8.856526429341963214e-01
8.307830783078308245e-01
5.393700787401575214e-01
8.606158833063208835e-01
9.172113289760348565e-01
8.712745719720988991e-01
8.276792598303778226e-01
9.373446046742913706e-01
8.005378753922007817e-01
8.252740167633784152e-01
6.614312516751541526e-01
7.339015151515151381e-01
8.923037846075692059e-01
8.709256844850065127e-01
8.583902809415338009e-01
3.455143078112915545e-01
9.088572420979507127e-01
9.287226534932957467e-01
9.227467811158798217e-01
8.777910305343511466e-01
9.452500739863864965e-01
6.819611039944101227e-01
7.613810741687979666e-01
9.184071832910404298e-01
8.150113722517058346e-01
8.389857881136950635e-01
5.797905113986444592e-01
6.585006145022531676e-01
7.954273759713090808e-01
6.862607380193419537e-01
1.977278874763321592e-01
7.002601815961344567e-01
7.981161695447409610e-01
7.275842375785265270e-01
7.732348393746778514e-01
8.406504065040650842e-01
6.969435543505052566e-01
7.977180429317346499e-01
6.249285305889079600e-01
3.854872149274360948e-01
7.464508425102825973e-01
8.817755014938113423e-01
7.926162868186058530e-01
8.511331444759206999e-01
7.839147286821704919e-01
6.219563216467240974e-01
2.643478260869565055e-01
7.706806282722512558e-01
6.243093922651933303e-01
7.608605135322692448e-01
8.847091605712295026e-01
2.584544088176352616e-01
7.491943879827475117e-01
5.773602778654878254e-01
7.616707616707616424e-01
6.887677868604299425e-01
7.503797468354430622e-01
7.403166869671132799e-01
4.853060124022647859e-01
6.850345915766477001e-01
6.522924833816260426e-01
5.799687709123354518e-01
7.574438202247191221e-01
8.192730910303434033e-01
7.912462159434914266e-01
5.843498273878020566e-01
3.840442065273700356e-01
6.925645983476885759e-01
8.298217179902754870e-01
6.414104882459312762e-01
7.287177941841193052e-01
6.935125962668059474e-01
3.835874593112900688e-01
8.532495874807047853e-01
7.728400165357586227e-01
8.869985297206469665e-01
3.991704686851928474e-01
6.200844440764964327e-01
3.125321006676938795e-01
5.407013149655603979e-01
7.660186199342825519e-01
7.091681845780206661e-01
6.787506971556050983e-01
5.497423701942132368e-01
7.452073893342627819e-01
8.395075421472937283e-01
6.612346625766871711e-01
9.075565040256087235e-01
3.176092862435169195e-01
2.310697460645754209e-01
8.055793991416309030e-01
6.424688199552286427e-01
8.413143552568919104e-01
7.914204305614183088e-01
8.510013938815934598e-01
8.373103318012969920e-01
8.073984720546844018e-01
7.371222712119582798e-01
3.427270756557554976e-01
8.205128205128204844e-01
6.422353760445682624e-01
8.645032525133057311e-01
8.478794251664913961e-01
7.394695787831513378e-01
9.077549929864404676e-01
8.096362008627003837e-01
8.230060171552938675e-01
8.930465527401296733e-01
8.681043129388164026e-01
8.043234587670136104e-01
7.938401281823037614e-01
9.090600994125621614e-01
9.590508993494067935e-01
7.989452867501648514e-01
9.186124082721814910e-01
7.433880761237213752e-01
7.186016047158997333e-01
5.982698961937715776e-01
6.917506297229218948e-01
7.997116557613397347e-01
8.752766566853273922e-01
5.122568515438571390e-01
7.617521367521367104e-01
6.755838013597398328e-01
8.612437950735225556e-01
7.845952224935962560e-01
9.532203389830508078e-01
8.994244604316546932e-01
6.147512864493996920e-01
7.801120448179271749e-01
8.773800456968773309e-01
9.409370875494940112e-01
9.371774513695910747e-01
8.314900857273738177e-01
9.296650273731094094e-01
9.344141488577745180e-01
