9.919928536624980087e-01
9.942308292013596338e-01
9.880448528791838658e-01
9.991029177599856093e-01
9.956372651609060043e-01
9.943244320446392726e-01
9.460763710518532710e-01
9.946700135287118716e-01
9.892944518332430492e-01
9.999636588290874428e-01
9.963291576816079020e-01
9.016182808815158545e-01
9.853781380341544160e-01
9.685025598626260113e-01
8.262548946650365433e-01
9.889133806841374774e-01
9.387761716471122453e-01
1.000000000000000000e+00
9.789758197649952587e-01
9.852640261408879274e-01
9.634922127166181127e-01
1.000000000000000000e+00
9.592865672207585570e-01
9.830598490953044166e-01
1.000000000000000000e+00
9.706862316157910398e-01
9.558426151716865604e-01
9.977986453201970196e-01
9.435717890487004267e-01
9.963810150473585425e-01
9.364544274588981754e-01
9.606604011378776509e-01
1.000000000000000000e+00
9.950454780743918093e-01
9.662362048502241008e-01
8.924699921086514109e-01
9.950708686356798394e-01
9.908642181879026012e-01
9.809481202659550148e-01
9.764764145103379533e-01
9.847424500346761977e-01
9.961812540488935719e-01
9.920093970726882038e-01
9.971182022762964392e-01
9.907520611931408538e-01
9.988097475411890080e-01
1.000000000000000000e+00
9.961676904066903981e-01
9.901253198609014650e-01
9.930685196708842755e-01
9.781809312971370129e-01
9.987845639623215144e-01
9.976632914209413450e-01
9.945218243449484019e-01
9.849321274560800532e-01
9.970259742358854593e-01
9.962937691902118420e-01
9.960373796783100753e-01
9.587718212207503310e-01
9.988051099123161913e-01
9.966820045700691688e-01
9.977779528799937125e-01
9.909793218300412265e-01
9.992765446541267416e-01
9.998587326751322557e-01
9.937078866463832094e-01
9.945286750164799017e-01
9.983121815054042392e-01
9.999210235349865750e-01
9.820577330508474256e-01
9.993604911428023430e-01
9.995272695439026966e-01
9.986058198913836392e-01
9.955132241813602345e-01
9.970201299730543365e-01
9.469902577537925303e-01
9.875258269449861404e-01
9.960505785983617688e-01
9.990236374230326843e-01
9.651395643467244323e-01
9.963892797206354013e-01
9.571099645384111287e-01
9.992541185627189515e-01
9.955014336090696192e-01
9.923011390527877174e-01
9.982505719284080481e-01
9.984420716647034455e-01
9.407645222177142275e-01
9.897732624638363452e-01
9.815286358323592752e-01
9.075895226499328672e-01
9.908558577672168521e-01
9.828075945582299688e-01
9.986222660592112277e-01
9.984116368500250971e-01
9.398310974454014977e-01
9.660985581371872577e-01
9.894928367701537608e-01
9.906813487194620071e-01
9.421013509146144438e-01
9.683769388743258544e-01
9.976161909573124653e-01
9.804693439659396548e-01
9.845770474137931494e-01
9.899411146512753223e-01
9.715876124165941929e-01
8.506264777314911374e-01
9.966171740905530596e-01
9.603931395840791252e-01
9.997600479904019677e-01
9.790909438726709269e-01
9.976250855371734394e-01
9.862385321100917146e-01
9.568463925523661429e-01
9.898960491839775555e-01
9.998472997505896132e-01
9.931463772556481384e-01
9.516495306213679228e-01
9.710386204080350137e-01
9.962962962962963465e-01
9.718711316698156466e-01
9.969335965035951430e-01
9.928108907357364732e-01
9.981391138158225429e-01
9.854596462417462011e-01
9.990041141513746892e-01
9.450930144267274402e-01
9.792682527735052656e-01
9.921168840129718225e-01
9.886318703044681966e-01
9.575477747851738330e-01
9.688949157082349384e-01
7.456344998232591337e-01
9.454174081863776502e-01
9.968349484213816503e-01
9.850000879244552587e-01
9.990472988119255549e-01
9.839858633828483248e-01
9.583793280368164691e-01
9.310614506547747471e-01
9.721211311809287992e-01
9.931429534158874306e-01
9.888713548344675308e-01
9.894946766747275690e-01
9.895622789287519261e-01
9.795833477763526975e-01
9.970083139121667104e-01
9.956372027619030396e-01
1.000000000000000000e+00
1.000000000000000000e+00
9.925113100394648002e-01
1.000000000000000000e+00
9.514065974418083327e-01
9.715119916579770809e-01
9.699149771092216987e-01
9.548470221726504947e-01
9.948717139520939501e-01
9.737770217003444140e-01
1.000000000000000000e+00
9.817088618284381951e-01
9.667728426601128744e-01
9.851865883690092973e-01
9.862846592595034823e-01
9.974900924702774230e-01
9.817112237171646827e-01
9.988182773109243184e-01
9.519214265280824261e-01
9.974959067706828941e-01
9.992608784538206113e-01
9.752178549104680849e-01
9.887472687545521000e-01
9.860316245412006353e-01
9.929039094728078219e-01
9.966528629697667396e-01
9.947037350889772478e-01
9.840854536725875956e-01
9.833652994983771434e-01
1.000000000000000000e+00
9.878655387637423901e-01
9.703498952717782844e-01
9.838114510177360383e-01
9.472575385630015443e-01
9.762600778297055859e-01
9.801043977119223705e-01
9.615652476712805985e-01
9.364362826078604929e-01
9.982614243560092859e-01
9.905319041017144333e-01
9.649454545454545507e-01
9.747775719031165353e-01
9.895113503931192156e-01
9.917942049867336518e-01
9.995854586089433225e-01
9.969845457972107416e-01
9.982317339944581924e-01
9.996909765142151238e-01
