7.710163111668757452e-01
6.215730337078652079e-01
7.963695919202947726e-01
6.000665683990300536e-01
8.614318706697459138e-01
7.641996557659208600e-01
2.452464105549088114e-01
8.696925329428989437e-01
8.029053084648493099e-01
8.438569798402434374e-01
6.731404156146824080e-01
3.713788045471213550e-01
5.118811881188118917e-01
5.783712784588441735e-01
3.804707255397782317e-01
8.334317779090372191e-01
4.516829533116177853e-01
5.699844479004665398e-01
6.422454804947669293e-01
5.292587776332899896e-01
3.887111517367458635e-01
3.283236994219653204e-01
7.872300232982809565e-01
5.634252065101823526e-01
5.248770894788593600e-01
7.182793107603325788e-01
6.167113836719049225e-01
6.279329608938547524e-01
3.215619166148102059e-01
9.625901068854089138e-01
6.887553041018387168e-01
7.290197597830297971e-01
4.597930432614387164e-01
6.526546805098336623e-01
6.996327152199229849e-01
7.416873010258224763e-01
4.817485641352903802e-01
6.566741237882177673e-01
2.972071696540224961e-01
2.771919252786984034e-01
5.540254237288135819e-01
7.216178521617852004e-01
2.487277353689567316e-01
8.695981804397270309e-01
6.579461147989066339e-01
9.092409240924091973e-01
2.412006432017152133e-02
9.156084391560843638e-01
8.212351029252438206e-01
7.657602731374222316e-01
7.832382623957876433e-01
9.512458535832755135e-01
7.952332997650217727e-01
8.912984548658172690e-01
8.562536189924725427e-01
9.373080859774820528e-01
7.281553398058252524e-01
7.217478653942742683e-01
2.283445023579051825e-01
9.181734950789653960e-01
8.743343982960596339e-01
8.764342453662842258e-01
4.223181257706535296e-01
8.499999999999999778e-01
9.122157588577471943e-01
8.254688445251058271e-01
8.247065614777756570e-01
9.381925634080275911e-01
8.346666666666666679e-01
8.168474792597320011e-01
6.609439778888062111e-01
7.259900403130187252e-01
9.035597071446603845e-01
8.489451476793249407e-01
8.851656626506023695e-01
3.126853952189844743e-01
8.925428123081121656e-01
9.209790209790209570e-01
9.159187529522909710e-01
8.489712326157363709e-01
9.398276617496713614e-01
6.345721323765664001e-01
7.757033248081841581e-01
9.152908805031446660e-01
8.049419692998877052e-01
8.534804478338471334e-01
6.083948339483394863e-01
6.439682539682539675e-01
7.912928371819385465e-01
6.886333244182936131e-01
1.772563176895306791e-01
6.881039125613812590e-01
7.723812423873325228e-01
7.416073245167853489e-01
7.729684908789385966e-01
8.335226734829120909e-01
6.754478398314014420e-01
7.024807241032517968e-01
4.743429286608260576e-01
3.553658536585365679e-01
7.083648274124464406e-01
7.296360485268630347e-01
7.458426408538099128e-01
8.292014792494178943e-01
7.685784767190873001e-01
5.967819790828640114e-01
2.424657534246575374e-01
8.004770829783608432e-01
5.739351917362388589e-01
8.090009488952148997e-01
8.833541753508405980e-01
2.704488778054862652e-01
7.561023142509135653e-01
5.202386024712398749e-01
7.712024123633621775e-01
7.506415094339622396e-01
7.393518518518518157e-01
7.161812043652351356e-01
4.143121815655396167e-01
6.965435041716329101e-01
6.041699573527088418e-01
5.690443286913999810e-01
7.833725273205145445e-01
8.337361043982600695e-01
7.808368708308065509e-01
6.181330951317552946e-01
3.770218442554610916e-01
6.351091142490372654e-01
8.248808505438103289e-01
6.118629908103592197e-01
7.052929644957525168e-01
5.931074766355139971e-01
3.848401512547267034e-01
8.237406381450702586e-01
7.680980754742825489e-01
8.891440501043841316e-01
4.300411522633744710e-01
6.253567060741949124e-01
2.594329567256448699e-01
5.363941769316908914e-01
7.284287011807447643e-01
7.220328937620388299e-01
7.073391178597252527e-01
5.833333333333333703e-01
7.285714285714285365e-01
8.403948535936113240e-01
6.712354844850562108e-01
9.079298513152878058e-01
3.442002140446200897e-01
2.963345972653108062e-01
8.068868587491215827e-01
7.246562200191877245e-01
8.245632279534109710e-01
7.845507366673584171e-01
8.476624692430163588e-01
8.079760961034209155e-01
7.296633941093969566e-01
7.230565838180856852e-01
4.246694125298070555e-01
7.792998477929984347e-01
6.048532546319068670e-01
8.443699157984871917e-01
7.987452534257883929e-01
7.380907550367162839e-01
8.994331443814604921e-01
8.218502345139899745e-01
7.777710770715233757e-01
8.159604886924876066e-01
8.501182033096926771e-01
7.845169155745199685e-01
7.838606776446245261e-01
8.629534234814337790e-01
9.573402155761348009e-01
6.421520236920039704e-01
8.975418751359581782e-01
7.254894013699185740e-01
6.598305840392331145e-01
6.615916955017301371e-01
6.146397037880945158e-01
7.890718726142436079e-01
8.707588707588707067e-01
4.973436282496281335e-01
7.325983094450569943e-01
6.438041125541125176e-01
8.456019381289601178e-01
7.477650786465995791e-01
8.921661909292737391e-01
8.912175648702594932e-01
5.712032802397097875e-01
7.446354791416767149e-01
8.639264264264264748e-01
8.944073455759599112e-01
9.442301987540788755e-01
8.469767138477594104e-01
9.197593706617306353e-01
9.537906137184115618e-01
