9.296520423600604932e-01
9.864479315263908754e-01
9.364467982667308288e-01
6.024729078149615447e-01
9.818660427025446280e-01
9.477054429028815008e-01
9.745566692367000350e-01
9.935483870967741771e-01
9.663285128426505333e-01
8.449819082079603749e-01
7.240442866095675445e-01
1.000000000000000000e+00
7.751124437781109489e-01
1.000000000000000000e+00
8.600637572826206334e-01
9.864833372174318660e-01
9.780564263322883978e-01
5.740015661707126293e-01
9.000000000000000222e-01
8.162855996791015256e-01
9.924154025670944845e-01
3.283236994219653204e-01
9.784769507709164538e-01
6.301683132089279660e-01
5.248770894788593600e-01
9.756137479541734381e-01
9.964905037159372814e-01
9.756944444444444198e-01
9.713345864661654394e-01
9.948619139370584730e-01
9.677066772655007476e-01
9.413648188913348314e-01
4.597930432614387164e-01
6.756378888500523816e-01
8.596587782058338068e-01
9.650212863882177139e-01
5.025965379494008456e-01
7.629526945070178590e-01
1.000000000000000000e+00
1.000000000000000000e+00
1.000000000000000000e+00
7.522535620820005597e-01
9.365269461077844193e-01
9.129742637304324449e-01
9.695051783659378586e-01
9.815914489311163837e-01
2.412006432017152133e-02
9.445074780814852744e-01
9.947506561679789749e-01
8.172826652785007973e-01
8.754291319274154493e-01
9.573757763975154766e-01
9.017891130567187163e-01
9.996959562176953584e-01
9.959589156423640510e-01
9.989091900736296603e-01
1.000000000000000000e+00
1.000000000000000000e+00
1.000000000000000000e+00
9.299872493334878643e-01
1.000000000000000000e+00
9.543488707352234535e-01
1.000000000000000000e+00
9.842105263157894246e-01
9.441707717569786107e-01
9.891264951069227429e-01
8.826194398682042364e-01
9.724349157733537252e-01
8.436657681940701314e-01
1.000000000000000000e+00
6.676510067114094227e-01
7.271107944424652914e-01
9.293689950662166188e-01
9.980158730158730229e-01
9.611610793131643016e-01
9.994422755158951510e-01
9.514873809004291694e-01
9.857784431137724956e-01
9.528255528255528128e-01
8.680936031363382099e-01
9.831932773109243184e-01
9.817729908864953892e-01
7.849378881987577605e-01
9.602061855670103174e-01
1.000000000000000000e+00
8.639947437582128353e-01
6.133932723608742643e-01
9.171470554990391877e-01
8.842866535174227494e-01
7.304811620517476234e-01
9.993215739484395677e-01
7.081838930551026534e-01
9.508903467666354192e-01
8.767288033674083270e-01
8.140062871114215337e-01
9.754057497368858742e-01
9.458927693064437259e-01
9.251655629139072801e-01
9.895561357702349348e-01
7.979189485213581401e-01
9.964557859294701503e-01
9.603102189781022036e-01
9.469040491570820395e-01
9.853515625000000000e-01
8.919305779209161233e-01
7.143682588597842775e-01
1.000000000000000000e+00
8.500090464990048833e-01
9.936305732484076447e-01
8.299262967598386442e-01
9.587543356959734586e-01
2.736908517350157832e-01
7.942982905107994762e-01
9.997270742358078666e-01
8.593028139437210999e-01
7.538274973472790519e-01
9.060992907801418417e-01
9.491207990843825160e-01
9.592493297587131318e-01
7.281335659107899261e-01
9.239130434782608647e-01
6.088489535941765673e-01
8.456025085859339985e-01
8.790555461185662889e-01
9.095789771121786105e-01
6.461251167133520434e-01
9.745689655172413701e-01
8.950701040253279395e-01
8.923849814912744316e-01
7.566115702479339067e-01
8.865565391986858224e-01
8.748922970877132110e-01
1.000000000000000000e+00
9.981352560914967809e-01
7.814241917502786627e-01
9.825816126427500130e-01
4.352715761412862538e-01
6.842715674904095158e-01
1.000000000000000000e+00
9.687442544585401771e-01
9.964501242456513808e-01
7.883837566736774383e-01
8.321990642279880612e-01
7.966558791801510164e-01
9.701086956521739468e-01
9.667006889512630430e-01
7.002979145978153186e-01
9.462600576139862385e-01
3.442002140446200897e-01
2.963345972653108062e-01
8.448237804429401532e-01
7.246562200191877245e-01
9.601017133862081998e-01
8.599454111224837938e-01
9.743781715331503168e-01
9.789434798670114679e-01
9.625346901017576284e-01
7.887965847467405256e-01
4.246694125298070555e-01
9.710763394973921381e-01
1.000000000000000000e+00
9.283696846069354747e-01
9.926138695116947241e-01
7.877813504823151236e-01
9.613657423907620014e-01
8.313972513089005201e-01
9.844286695672086474e-01
9.694255713403335806e-01
9.234720082177709788e-01
9.240710823909531468e-01
8.564431047475509207e-01
9.990060877127593386e-01
9.938534278959810786e-01
9.992319508448540555e-01
9.889741131351869052e-01
7.497068185625732628e-01
7.850070721357850223e-01
6.615916955017301371e-01
8.954356846473029430e-01
9.924554183813443231e-01
9.992569475404963208e-01
6.411872146118721139e-01
8.425902443148195475e-01
8.539386326933429139e-01
9.265877067592404037e-01
9.805609140822080239e-01
9.901443153819077247e-01
9.782472613458529365e-01
9.893471729035782092e-01
9.925386391899093663e-01
9.978322133102103253e-01
9.938550724637681411e-01
9.498657117278423989e-01
8.582854121224139377e-01
9.305243445692883419e-01
9.780355380059230219e-01
