7.352432224572197361e-01
7.210072895957587713e-01
6.178059666431759966e-01
4.503270158017854685e-01
3.396073669297712816e-01
4.093490607252074920e-01
1.442393238434163671e-01
7.122671804752729319e-01
6.644588045234248730e-01
8.559576345984113432e-01
5.086896257596759119e-01
2.577916295636687449e-01
2.005035477225909912e-01
4.874310239117106147e-01
2.004406742315743006e-01
7.227653631284916003e-01
2.608188838700276763e-02
6.928921568627450789e-01
1.956487713257160643e-01
4.964826839826839699e-01
9.977878682035161428e-02
1.409831121833534373e-01
3.338328338328338529e-01
4.392246434965121349e-01
6.126328955597247772e-01
4.745738432889270997e-01
5.293410556223363539e-01
3.129330254041570170e-01
8.778153617688309873e-02
9.194925302347640717e-01
4.171544065013263469e-01
4.835014865721109500e-01
4.566762249096122939e-01
6.994448850118952787e-01
6.675975600793708775e-01
5.372442356431971211e-01
5.339112288305642995e-01
2.114030568435514290e-01
1.509136025265057635e-01
1.851063829787233939e-01
6.042088223391339774e-01
6.243523316062176143e-01
4.821788369346209635e-02
2.683708345200797596e-01
4.791838985387372740e-01
6.809543065103114134e-01
4.080489047376464340e-01
8.277127977460940755e-01
8.193350831146106739e-01
7.890591741166453899e-01
7.640496444010598243e-01
9.671844068828993057e-01
6.354768786127167335e-01
8.411764705882353033e-01
8.461538461538461453e-01
9.332143767524853084e-01
1.843075302790942727e-01
1.732786687567828277e-01
2.287173666288308815e-01
9.274639488235931761e-01
8.220211161387631638e-01
7.831526271893244351e-01
3.006363835856923350e-02
8.168789808917197304e-01
9.234375000000000222e-01
7.812765957446808907e-01
5.837055565481508168e-01
8.793498168498168344e-01
6.014654348518636562e-01
7.700406076101669051e-01
7.897216047422461749e-01
6.123472949389179298e-01
8.710956866633614570e-01
8.238993710691824290e-01
5.039391469709317839e-01
5.743220048060418970e-01
8.607730626142884311e-01
9.020192748967416074e-01
8.015873015873016261e-01
8.902574345317354476e-01
9.306122448979591288e-01
3.618737616756297903e-01
7.932083122149011789e-01
8.878906981096762463e-01
7.522743177046885554e-01
8.323175263862048201e-01
4.340409783669212374e-01
8.395638629283489474e-01
6.147225597407857123e-01
7.116516074805631087e-01
8.493098159509201994e-02
7.795145507688397979e-01
2.872758602121587290e-01
3.974809607498535624e-01
6.995985337755280531e-01
7.701144461239473049e-01
6.451877356943761521e-01
4.344794188861985651e-01
5.909592061742006130e-01
3.116215289681179557e-01
2.979408658922914621e-01
7.161084529505582497e-01
4.967701276193477455e-01
6.604595448110639477e-01
6.964348746911401822e-01
2.783826945412311016e-01
1.467021462222997674e-01
4.036663745252702107e-01
5.856415154409423396e-01
7.241997792494481168e-01
8.091181681886329136e-01
1.264353312302839150e-01
4.791730163568017620e-01
1.390359206432583150e-01
2.220943613348676515e-01
6.619524921049018129e-01
5.689914701455093260e-01
7.611785454922709304e-01
8.103368712505768512e-01
6.197903972702900610e-01
7.124463519313304349e-01
2.894825081032748396e-02
6.068601583113456543e-01
6.393026404874746493e-01
3.052616730145295554e-01
2.259330450104116705e-01
1.206713057715923104e-01
4.590682948891904036e-02
7.039282556523935863e-01
6.284077439747135507e-01
3.726617236922658560e-01
4.178773512769536902e-01
3.332709055154977063e-01
4.589504959147114316e-01
7.698021143941448097e-01
7.990766389658356950e-01
5.882168353338039779e-01
5.394772058167544015e-01
2.238223090065901977e-01
2.926829268292682751e-01
6.854789130702078070e-01
3.009676564156946177e-01
1.169157321530695931e-01
5.214910612400152079e-01
5.696594427244582315e-01
6.064126394052045121e-01
3.307772743116068059e-01
6.582052553296975361e-01
2.046595867292335669e-01
2.490759075907590658e-01
6.202792064658338989e-01
5.046866384855724919e-01
5.426211498555559842e-01
5.977559176145096353e-01
7.530483215414722764e-01
7.928151130380922673e-01
1.742986133505320945e-01
6.387763255521945460e-01
1.176695661046348457e-01
6.270416699864553300e-02
6.496710526315789824e-01
7.212972597988206447e-01
8.105743628756181263e-01
5.645914396887159459e-01
8.579421821572893458e-01
9.306326304106548042e-01
6.981861757176316408e-01
8.930332922318126032e-01
6.845173041894353494e-01
5.908269458465756907e-01
5.726742571507914548e-01
8.141122035858877615e-01
8.190647763765959155e-01
8.367486338797813783e-01
8.418604651162790997e-01
7.137744552250675500e-01
9.139749721548844075e-02
6.636971046770601124e-01
1.876070372100264727e-01
7.035333268082607505e-01
8.523174603174603625e-01
4.606534151891126250e-01
7.969462334467037889e-01
5.943533993185137199e-01
5.051561949796267159e-01
7.987058658039105641e-01
9.427519250083695734e-01
6.989978113120608461e-01
7.021464925868554641e-01
7.178990837527422508e-01
8.510716925351071716e-01
7.263145703034514788e-01
9.599070307960487769e-01
7.222647702407002379e-01
3.538415664446873943e-01
9.408926417370325757e-01
