1.000000000000000000e+00
9.465049928673323620e-01
9.229658160808859035e-01
9.369838162982766505e-01
1.000000000000000000e+00
8.729989327641408670e-01
1.000000000000000000e+00
9.978494623655913554e-01
8.448089790632419271e-01
8.417444296324509967e-01
9.034886149989554971e-01
4.875339422364848296e-01
9.670164917541229643e-01
8.383800151400454537e-01
9.489941739034846169e-01
8.555115357725472380e-01
7.609717868338558011e-01
8.580005220569042468e-01
9.671999999999999487e-01
9.606899318090653672e-01
7.695449241540256446e-01
3.421965317919075100e-01
9.535102136651796290e-01
7.811013538236369902e-01
8.160766961651917395e-01
9.574468085106383475e-01
9.502477291494632050e-01
9.427083333333333703e-01
9.577067669172932840e-01
9.960179833012202666e-01
9.727742448330684022e-01
9.906944166499900284e-01
6.621368906620122008e-01
7.154840964697658512e-01
9.962575674188222097e-01
1.000000000000000000e+00
8.765645805592543471e-01
4.448102581874891492e-01
1.000000000000000000e+00
9.086956521739130155e-01
9.885277246653919603e-01
9.764466414655422755e-01
8.299401197604789893e-01
9.270363491642344966e-01
9.884925201380897475e-01
9.697149643705462729e-01
5.985349294264784570e-01
9.872099020113460632e-01
9.809711286089238813e-01
8.537220197813638611e-01
4.074709825077652559e-01
9.722826086956521952e-01
7.049866768176626941e-01
1.000000000000000000e+00
9.986529718807880540e-01
9.970002727024815936e-01
1.000000000000000000e+00
9.965205288796102900e-01
9.695652173913043015e-01
9.420424249449402820e-01
1.000000000000000000e+00
8.611244593945218684e-01
1.000000000000000000e+00
9.614035087719298156e-01
9.359605911330048933e-01
9.989126495106922521e-01
9.108319604612850062e-01
9.918325676365492560e-01
8.360287511230907187e-01
1.000000000000000000e+00
8.847248322147650557e-01
8.854055337845861962e-01
8.857439626071150762e-01
9.940476190476190688e-01
9.901880621422730622e-01
9.966536530953709061e-01
8.989017383082406054e-01
9.690618762475049497e-01
9.194103194103193655e-01
7.964058733289502978e-01
9.671504965622612637e-01
9.421706710853355871e-01
8.245341614906832595e-01
9.150515463917525683e-01
1.000000000000000000e+00
8.051905387647831924e-01
7.661602852270965602e-01
7.941675144116649987e-01
9.595660749506903509e-01
8.917385383567861812e-01
1.000000000000000000e+00
9.011520486903596971e-01
9.956888472352389829e-01
9.939867708959710946e-01
7.827453719874257754e-01
9.975627319559076112e-01
9.721265781275618689e-01
9.207505518763796637e-01
9.408181026979982597e-01
9.173055859802847767e-01
9.950381003012581660e-01
9.306569343065693722e-01
9.650228454387900223e-01
9.791666666666666297e-01
8.418321703345857943e-01
9.432781201848998709e-01
1.000000000000000000e+00
8.934322417224533908e-01
1.000000000000000000e+00
7.806980948407732379e-01
9.547579550595687303e-01
4.612618296529968354e-01
7.986999692906131543e-01
9.833515283842795274e-01
9.080218395632086992e-01
9.611944823404577898e-01
8.320567375886525063e-01
1.000000000000000000e+00
9.302949061662197927e-01
6.603538499875405421e-01
9.922705314009662159e-01
9.934030937215651003e-01
5.415857846797073050e-01
9.019874299303549670e-01
7.757841198078553324e-01
9.119981325863678601e-01
1.000000000000000000e+00
6.763907734056987531e-01
8.837916446324696196e-01
8.849173553719008600e-01
9.277174409053573489e-01
9.550232638290538922e-01
1.000000000000000000e+00
9.996892093485827413e-01
9.903149386845039315e-01
9.974622217095396870e-01
9.510996334555148479e-01
9.902756713355339580e-01
9.096138044371404607e-01
6.420297848869277457e-01
9.666311679091231790e-01
9.572884646497330507e-01
8.838792003402807795e-01
7.723840345199568524e-01
1.000000000000000000e+00
9.956621587139576901e-01
6.224428997020854393e-01
9.127843448892420941e-01
6.813204906561290963e-01
2.757669769045156816e-01
9.896254874549333946e-01
7.486408698433002495e-01
9.995156505418659743e-01
9.608779711133856871e-01
9.539139838615755540e-01
9.834503140007387900e-01
9.972247918593895033e-01
7.105688242759893303e-01
6.247561239973986602e-01
6.559190769717085923e-01
1.000000000000000000e+00
9.988231602071238058e-01
9.591711120229791110e-01
5.395900321543408706e-01
9.217335519281488754e-01
7.981020942408376673e-01
9.870238913060072061e-01
9.104385423100679331e-01
8.104776579352850341e-01
9.095315024232633050e-01
9.816314996232102796e-01
9.993788048204745866e-01
8.596532702915681279e-01
8.402457757296466490e-01
9.913710450623202108e-01
3.827274250293181690e-01
7.698019801980198196e-01
8.124567474048443039e-01
8.800829875518672019e-01
9.986282578875171900e-01
1.000000000000000000e+00
9.485844748858447417e-01
8.824921802350156330e-01
7.801902027633231818e-01
9.876965489074943649e-01
9.513280902211010970e-01
9.683210137275607421e-01
9.970266040688575693e-01
9.087680961485933295e-01
9.987564398649848574e-01
9.932798612616519085e-01
9.753043478260869925e-01
9.356411021585596677e-01
9.315222420516887647e-01
9.583333333333333703e-01
9.975320829220137853e-01
