9.737209680038979576e-01
9.965073128137961200e-01
9.884832644802292734e-01
9.718316176635493076e-01
9.834505851860199099e-01
9.935591869270625764e-01
9.817244975793520956e-01
9.912144871314241268e-01
9.848775922368355751e-01
1.000000000000000000e+00
9.526905792687945240e-01
9.952508741969585682e-01
9.867474620288030351e-01
9.971221420167265537e-01
9.553145874306773200e-01
9.919666911584619218e-01
9.881538860439489369e-01
9.983793857872133026e-01
9.928624607516265410e-01
9.705121900924765788e-01
9.791294537933628028e-01
9.962304272182486153e-01
9.390435755037055410e-01
9.650941322980001180e-01
9.601955925303123918e-01
9.922929357520277049e-01
9.965234297765768190e-01
9.985067733990147243e-01
9.425782235680040255e-01
9.941646032103340636e-01
9.209871646957022984e-01
9.595801375535630839e-01
9.994262366339216053e-01
9.975966871256377599e-01
9.374501780305043441e-01
8.510196453046475762e-01
8.629543115052656921e-01
1.000000000000000000e+00
9.740215664193264677e-01
9.934845858610870106e-01
9.891873147973015978e-01
9.561526134542602806e-01
9.946986909012225375e-01
9.878090242362426165e-01
9.926800213172827236e-01
9.986374741589926218e-01
9.989155641568928656e-01
9.909385576905858084e-01
9.961288629355029567e-01
9.925499550577335794e-01
9.963040786462046272e-01
9.964676390154968422e-01
9.977109793511261815e-01
9.941523286262792247e-01
9.836736748494051552e-01
9.964602628133637507e-01
9.981391309741649565e-01
9.979406855021139000e-01
9.672526928314968409e-01
9.987523941731536459e-01
9.961655241493724278e-01
9.938854306201244659e-01
9.843024779880032993e-01
9.992919373210602529e-01
9.989797359870662419e-01
9.943291332812972394e-01
9.980224126565589993e-01
9.958129118114836809e-01
9.998104564839678243e-01
9.822563559322033955e-01
9.926030142184135707e-01
9.986868598441740463e-01
9.989462592202318358e-01
9.967096977329974461e-01
9.913139958789031203e-01
9.738951728032881894e-01
9.938980825303647126e-01
9.978546352879990033e-01
9.986771861860442856e-01
9.469941558706935769e-01
9.963384245054330846e-01
9.808910774608829986e-01
9.999837851861460569e-01
9.986158257258676008e-01
9.940365380367904846e-01
9.976786435203875980e-01
9.669985180681688330e-01
9.655135917020938319e-01
9.642905200834286372e-01
9.636416764067456953e-01
9.868877025381661561e-01
9.581618364662451981e-01
9.481736183784322813e-01
9.832949759679363577e-01
9.913893997659254387e-01
9.214245098245688048e-01
9.599071285562864597e-01
9.885093269514474423e-01
9.865345488996225543e-01
9.216760390407859882e-01
9.748718548077405233e-01
9.962585248800202020e-01
9.601953065603405779e-01
9.094827586206896131e-01
9.828014746359283738e-01
8.374310995068174890e-01
7.379891592813601076e-01
9.839524071389291748e-01
9.356103752400168894e-01
9.984231725083554387e-01
9.842751654742318834e-01
9.782232419595057182e-01
9.828470803078395157e-01
9.857447633824670818e-01
9.346154504820782805e-01
9.571251633044334239e-01
9.809066133427940537e-01
8.912472060795708639e-01
9.931208870600429783e-01
9.925925925925925819e-01
8.156231676330705227e-01
9.620400394755392881e-01
1.000000000000000000e+00
9.932438096196080091e-01
9.990420472818091202e-01
9.629726376281591005e-01
9.657523411794481927e-01
9.981837222240402818e-01
9.943593458911198502e-01
9.930143666798471047e-01
9.698785247073049565e-01
9.877454673296167664e-01
8.619123365146694749e-01
9.084088335220837918e-01
9.737027195998749773e-01
9.670634990416234755e-01
9.464806097287603581e-01
9.326854050472140889e-01
9.945894681198401699e-01
8.715243689368853408e-01
9.950752896397448977e-01
9.897565495745935804e-01
9.875727389288884162e-01
9.881285135517100526e-01
9.800562152602324550e-01
9.673472217407882434e-01
1.000000000000000000e+00
9.941228433900016759e-01
9.894360261477083140e-01
1.000000000000000000e+00
8.701126191163730539e-01
1.000000000000000000e+00
9.117485056814704780e-01
9.424191866527632522e-01
9.817994954685602682e-01
9.795965462202650409e-01
9.823744753368889304e-01
9.849591303265424758e-01
9.993434335144362191e-01
1.000000000000000000e+00
8.195223697188223078e-01
9.291153627580981400e-01
9.880979855593287065e-01
9.984973579920739528e-01
9.871667928631059352e-01
9.995310624249700293e-01
9.708400877276628371e-01
9.998876368422742189e-01
9.990092626083127980e-01
9.721844321064823102e-01
8.762927895120175004e-01
9.830048532711743725e-01
9.943798963024638171e-01
9.881371236416850445e-01
9.925200443256632088e-01
9.980076812289966348e-01
9.597226320448509762e-01
9.997286339111834952e-01
9.843646041250831979e-01
9.697489956391854848e-01
9.756831669699185250e-01
9.450774923973179753e-01
9.686819222820116648e-01
9.949302069609592403e-01
8.366849482023156481e-01
9.591033078489377139e-01
9.976872158864342754e-01
9.874040509924593145e-01
9.818666666666666654e-01
9.716894519839084365e-01
9.850959407777030163e-01
9.785630194514240987e-01
9.980534578159075965e-01
9.750034717400360984e-01
9.985234067376403955e-01
9.948767158935658550e-01
