5.320535851768207758e-01
8.740151337857867686e-01
5.222946103731279655e-01
1.634377421693372912e-01
6.769464105156723921e-01
7.621677597514670000e-01
7.823309208884452470e-01
7.606856151008896116e-01
5.977785257489061088e-01
4.455044810638912889e-01
8.749635674730399382e-01
8.940510758692576943e-01
8.232177639267627134e-01
8.902728351126927286e-01
6.069511161345012562e-01
2.880012617798982655e-01
6.369793430409752544e-01
8.130928026780732676e-01
6.936299292214358481e-01
9.163849447825107575e-01
7.823042647994907783e-01
6.857980217364757491e-01
2.815639651707970703e-01
4.024212368728121159e-01
3.273779983457402731e-01
8.277547031517225040e-01
8.730372955001810542e-01
6.758143001183639642e-01
5.679102836619511763e-01
3.447548019418841814e-01
3.632809773123909514e-01
7.671957671957672087e-01
5.513683908869465577e-01
9.221532091097308648e-01
8.923766816143497982e-01
8.423638778220451373e-01
7.940264215967834938e-01
0.000000000000000000e+00
7.517065434737640883e-01
8.684851436921577905e-01
7.807600318894498681e-01
3.886341071344144305e-01
4.227642276422764467e-01
2.721481982952272394e-01
8.981796359271854158e-01
9.014396456256921208e-01
7.515696298075273951e-01
6.615302157309392861e-01
4.421651013346515335e-01
6.982716049382715617e-01
9.056925457013860203e-01
8.781431334622823437e-01
8.289723783718202510e-01
6.922759809616609861e-01
2.568865435356200710e-01
8.498251388603168532e-01
5.605272285813388544e-01
4.369708372530574092e-01
7.106546322232596413e-01
7.361563517915309385e-01
8.146446349150245902e-01
7.823441848424049772e-01
9.169563538045577555e-01
9.475443940857418701e-01
9.037238873751135548e-01
8.344316309719934655e-01
4.547773950759025352e-01
3.300314725857214082e-01
7.713884992987377620e-01
9.053073843592690517e-01
8.066840731070495929e-01
8.056872037914691864e-01
7.873898102495143769e-01
4.836397857246271803e-01
4.064142054720057962e-01
6.627237851662404200e-01
2.170348058902275834e-01
8.733349479292806805e-01
8.946615604669404531e-01
7.465199820386170249e-01
8.693215929557734922e-01
8.864542838390467860e-01
6.914190104374153822e-01
2.652504153809636667e-01
8.989313763357795750e-01
7.659762009695901819e-01
8.555414012738853380e-01
5.364928909952606517e-01
7.893734465282933321e-01
9.829802014588399084e-01
8.220518675583102786e-01
9.133574007220216506e-01
9.240595061920710007e-01
9.689030038375016085e-01
8.052147239263803824e-01
9.463220675944333804e-01
1.365693130399012745e-01
9.624696653310006456e-01
9.277290595706078058e-01
8.475495307612096463e-01
1.015717674970344070e-01
9.204448246364413944e-01
9.554347826086956319e-01
9.035532994923858308e-01
8.222858401233208436e-01
9.336219336219335752e-01
8.695841497931635633e-01
8.802544485515344519e-01
8.835939065945078719e-01
9.242341056330295457e-01
9.477952356817029855e-01
9.153234960272417231e-01
7.624217118997912435e-01
8.958214081282197538e-01
9.332473176694282557e-01
8.619354838709677447e-01
9.043160538935830495e-01
7.652202264508862761e-01
9.637090801362760972e-01
1.478085712301173971e-01
9.724724409448819440e-01
8.001597125174685354e-01
8.563212034067028133e-01
9.432538484757018171e-01
8.858469229853588311e-01
8.262820070398233518e-01
7.757374140607673496e-01
0.000000000000000000e+00
9.131180550376613025e-01
3.704385722616088117e-01
8.886657462030876919e-01
8.778100072516316077e-01
8.506429277942630929e-01
8.767951625094482226e-01
7.421861409104087981e-01
3.944364705078258759e-01
1.556087120735238638e-01
3.594504270330486362e-01
7.881040892193308389e-01
4.991539763113367334e-01
4.088627739013343115e-02
6.810591769719834820e-01
7.245757683635931645e-01
8.749570915899516077e-01
9.311949898442789531e-01
8.687491709775831961e-01
9.641838351822503705e-01
5.218576256404665603e-01
0.000000000000000000e+00
2.082314376398355926e-01
5.428920208633891686e-01
3.428043863285224480e-01
6.608857231340972138e-01
8.904159660793917186e-02
7.964001565149341211e-01
7.286201852754753405e-01
5.888093689004554321e-01
2.502189781021897930e-01
6.659287583014691370e-01
5.936796699174793357e-01
5.712425958471653020e-01
8.420241854733112596e-01
8.216183846096264398e-01
8.458580915763719288e-01
6.564102564102564097e-01
9.142720306513409945e-01
4.823978579928600019e-01
7.918083578931459643e-01
9.364746945898778652e-01
6.948653899528171030e-01
8.485069191551347645e-01
9.287622439893142845e-01
8.565078071459001352e-01
9.878419452887537630e-03
8.163841807909604231e-01
5.165150193194565365e-01
9.161050131587393786e-01
9.179410158383397578e-01
5.545097044272485620e-01
9.358564757925780242e-01
7.888770467977909151e-01
7.580532422662912273e-01
8.179524979524979145e-01
9.642061996917280497e-01
8.009107007336200290e-01
4.838752312979117121e-01
7.068410081485693164e-01
8.951198214805472508e-01
9.034365924491771782e-01
9.684315187670892167e-01
7.815447495284008061e-01
7.003313974472552550e-01
9.601047993330951158e-01
8.062772116166690983e-01
7.727411728729034479e-01
2.102147417295414933e-01
