9.866943359375000000e-01
9.917449951171875000e-01
9.786834716796875000e-01
8.789672851562500000e-01
9.576721191406250000e-01
9.802093505859375000e-01
9.457702636718750000e-01
9.900817871093750000e-01
9.809417724609375000e-01
9.659576416015625000e-01
9.526062011718750000e-01
9.857940673828125000e-01
9.749298095703125000e-01
9.844360351562500000e-01
9.260101318359375000e-01
9.813385009765625000e-01
9.726104736328125000e-01
9.814605712890625000e-01
9.614562988281250000e-01
9.828033447265625000e-01
9.092407226562500000e-01
9.610137939453125000e-01
9.400024414062500000e-01
9.076995849609375000e-01
8.739013671875000000e-01
9.704589843750000000e-01
9.761505126953125000e-01
9.958190917968750000e-01
9.844055175781250000e-01
9.948272705078125000e-01
9.738769531250000000e-01
9.701538085937500000e-01
9.201507568359375000e-01
9.201202392578125000e-01
9.449310302734375000e-01
9.353790283203125000e-01
8.694915771484375000e-01
9.622650146484375000e-01
9.539337158203125000e-01
9.752807617187500000e-01
9.856872558593750000e-01
9.509429931640625000e-01
9.233856201171875000e-01
9.914703369140625000e-01
9.935302734375000000e-01
9.971466064453125000e-01
9.210815429687500000e-01
9.896240234375000000e-01
9.964447021484375000e-01
9.802398681640625000e-01
9.384613037109375000e-01
9.915466308593750000e-01
9.846954345703125000e-01
9.925994873046875000e-01
9.840087890625000000e-01
9.975585937500000000e-01
9.976043701171875000e-01
9.973297119140625000e-01
9.817657470703125000e-01
9.893188476562500000e-01
9.961853027343750000e-01
9.952087402343750000e-01
9.872741699218750000e-01
9.982147216796875000e-01
9.972686767578125000e-01
9.933319091796875000e-01
9.760437011718750000e-01
9.955139160156250000e-01
9.920043945312500000e-01
9.841613769531250000e-01
9.128265380859375000e-01
9.598999023437500000e-01
9.944763183593750000e-01
9.957427978515625000e-01
9.929809570312500000e-01
9.723815917968750000e-01
9.862670898437500000e-01
9.946289062500000000e-01
9.953002929687500000e-01
8.355560302734375000e-01
9.939117431640625000e-01
9.882049560546875000e-01
9.867401123046875000e-01
9.915924072265625000e-01
9.932403564453125000e-01
9.753723144531250000e-01
9.364624023437500000e-01
9.538726806640625000e-01
9.763336181640625000e-01
8.859252929687500000e-01
9.688568115234375000e-01
9.544677734375000000e-01
9.760284423828125000e-01
9.764862060546875000e-01
9.687500000000000000e-01
9.530334472656250000e-01
9.530181884765625000e-01
9.751739501953125000e-01
9.795532226562500000e-01
9.298400878906250000e-01
9.832153320312500000e-01
9.956054687500000000e-01
9.729461669921875000e-01
9.913787841796875000e-01
9.676666259765625000e-01
9.035186767578125000e-01
9.233398437500000000e-01
9.777374267578125000e-01
9.720153808593750000e-01
9.600982666015625000e-01
9.632415771484375000e-01
8.122100830078125000e-01
9.382019042968750000e-01
9.772491455078125000e-01
9.430847167968750000e-01
9.586486816406250000e-01
9.808959960937500000e-01
9.445190429687500000e-01
9.471282958984375000e-01
9.523773193359375000e-01
9.778442382812500000e-01
9.342193603515625000e-01
9.682312011718750000e-01
9.643859863281250000e-01
9.616851806640625000e-01
9.737243652343750000e-01
9.677276611328125000e-01
9.606933593750000000e-01
9.723205566406250000e-01
9.760284423828125000e-01
9.506835937500000000e-01
9.649200439453125000e-01
8.486022949218750000e-01
9.235992431640625000e-01
8.889160156250000000e-01
9.897155761718750000e-01
8.997497558593750000e-01
9.319763183593750000e-01
9.246826171875000000e-01
9.075012207031250000e-01
9.847412109375000000e-01
9.750366210937500000e-01
9.712982177734375000e-01
9.833679199218750000e-01
9.887695312500000000e-01
9.788513183593750000e-01
9.707794189453125000e-01
9.841308593750000000e-01
8.574676513671875000e-01
9.146423339843750000e-01
9.385986328125000000e-01
9.787445068359375000e-01
9.305725097656250000e-01
9.062347412109375000e-01
9.629211425781250000e-01
9.709625244140625000e-01
9.901733398437500000e-01
8.647766113281250000e-01
9.714355468750000000e-01
9.634399414062500000e-01
9.736480712890625000e-01
9.723510742187500000e-01
9.775390625000000000e-01
9.706420898437500000e-01
9.676971435546875000e-01
9.605255126953125000e-01
9.578094482421875000e-01
9.953155517578125000e-01
9.948272705078125000e-01
9.708862304687500000e-01
9.290924072265625000e-01
9.859771728515625000e-01
9.913482666015625000e-01
9.827880859375000000e-01
9.946136474609375000e-01
7.166900634765625000e-01
9.437713623046875000e-01
9.844512939453125000e-01
9.839172363281250000e-01
9.850463867187500000e-01
9.888763427734375000e-01
9.630432128906250000e-01
9.329071044921875000e-01
9.585876464843750000e-01
9.025573730468750000e-01
9.075012207031250000e-01
9.968414306640625000e-01
9.870452880859375000e-01
9.594573974609375000e-01
9.779052734375000000e-01
9.896087646484375000e-01
9.887237548828125000e-01
9.767303466796875000e-01
9.496154785156250000e-01
9.846801757812500000e-01
9.962615966796875000e-01
