8.327767175572519109e-01
7.133105802047781108e-01
7.923041261010662639e-01
6.268141634756299041e-01
6.282240235814295914e-01
2.660974742084667444e-01
2.851176082655528798e-01
9.167773351040283680e-01
6.802822925577416413e-01
7.858503142258617125e-01
6.166830777887185588e-01
8.440616500453309579e-01
4.167550371155885336e-01
7.429637165140725585e-01
5.636517686930735405e-01
6.847244826784468774e-01
7.134820172794856807e-01
6.690159227355781946e-01
6.041117554032683357e-01
6.270352139341158759e-01
2.308020477815699578e-01
3.097765363128491822e-01
7.521745330101240468e-01
4.852648863538155943e-01
5.971635339258827280e-01
7.478222996515679899e-01
7.127819548872180722e-01
7.420289855072463858e-01
8.811312417145382714e-01
9.597989949748744198e-01
8.840113159691737055e-01
8.712060525144637024e-01
3.179154718862984841e-01
5.856468053368691917e-01
7.460956764754232973e-01
8.045665091470547425e-01
4.059195211173927675e-01
5.230898404701931348e-01
2.395028552233792463e-01
4.564131038312048694e-01
6.544863987007714101e-01
5.273196615516994035e-01
1.501390176088971407e-01
8.764186633039091623e-01
8.562814070351758566e-01
9.099254159495123728e-01
0.000000000000000000e+00
9.405147952979326931e-01
9.599655617735686208e-01
8.260976509654408551e-01
7.057723941976969950e-01
9.561227637260949486e-01
6.315393300715091973e-01
8.827160493827160836e-01
8.440450807188547566e-01
9.642478813559322015e-01
8.936170212765957022e-01
9.326732673267327245e-01
4.246334310850439775e-01
9.280790441176470784e-01
8.813104189044038694e-01
8.295199641094661569e-01
5.956521739130434812e-01
8.499184339314844738e-01
9.351063829787233939e-01
8.944805194805194315e-01
6.957849725106902694e-01
9.372509960159361997e-01
7.542677448337825608e-01
8.367380290897205031e-01
6.941270688734649807e-01
6.953069447736430764e-01
8.948724555526925695e-01
8.805429864253393468e-01
7.575757575757575690e-01
5.706612957368244476e-01
9.535111671217531004e-01
9.226558781532603337e-01
8.554040895813047607e-01
7.480770149538961133e-01
9.422677352330067757e-01
8.966021785075597439e-01
7.594412829798241615e-01
9.219255663430421244e-01
8.359253499222395467e-01
6.910315374507227659e-01
6.662851037851037495e-01
7.138068300858998461e-01
7.772639116813366833e-01
6.017092156115616541e-01
5.651811745106205542e-01
8.824165636588380268e-01
7.965851255951403864e-01
5.721726190476190688e-01
5.881942018861334720e-01
8.606244872351720421e-01
7.221787855095126440e-01
6.594570734937099665e-01
5.845070422535211252e-01
1.905825045666734441e-01
8.544352959453160867e-01
8.499087591240875872e-01
8.115901455767077222e-01
9.300787401574802660e-01
7.286372417892703623e-01
5.617067833698030643e-01
3.613383985973115387e-01
7.089777777777778178e-01
7.184065934065934078e-01
6.305103601724377782e-01
8.425498686732448839e-01
2.302055517605415269e-01
7.944555810883489055e-01
7.392131979695431010e-01
6.286410455199911151e-01
6.724607601504735133e-01
6.519004648619086684e-01
7.504910047922067617e-01
4.187247418051189829e-01
5.955307262569832227e-01
7.905462184873949250e-01
7.145005750685659018e-01
6.456099681251811218e-01
5.488364192288092136e-01
7.037893384714194456e-01
5.067693744164332159e-01
5.584286424664346438e-01
6.935328185328185624e-01
7.743529717778644406e-01
7.231900890437475971e-01
7.617819057447540176e-01
7.709616930083043052e-01
4.859411180946079933e-01
7.856478990363449100e-01
4.667642140468227230e-01
9.295852738966511319e-01
4.119460179940019895e-01
6.425531914893617413e-01
2.292333772838575923e-01
3.486791625561767027e-01
8.614134849715677777e-01
7.702640818195695127e-01
6.345646437994723055e-01
5.296874999999999778e-01
7.661883094154707807e-01
8.509098881824160854e-01
5.894716165782754036e-01
9.213217193713312270e-01
2.084465300074092309e-01
3.203493048374123631e-01
7.235897078306952057e-01
4.739366805244643599e-01
7.649095607235142369e-01
6.120709252102750630e-01
7.875269530602090340e-01
8.803618325065655226e-01
6.738334858188471665e-01
4.841107706276245870e-01
4.701929330153912789e-01
5.531847637110794969e-01
5.873320537428022847e-01
8.723799613497844607e-01
8.184631253223311198e-01
6.051844466600199146e-01
8.791791247621636440e-01
7.776779148623254034e-01
8.028784567854720944e-01
8.758854327071142754e-01
7.776639344262294973e-01
8.410134470318136879e-01
7.170652614511552336e-01
9.221508828250400969e-01
9.583689320388349975e-01
8.086828550404708826e-01
9.358799454297408449e-01
1.945688104104774385e-01
6.217360621030345591e-01
5.896193771626297986e-01
7.742808798646362289e-01
8.918339013000126103e-01
9.080693203357703691e-01
8.100812439940595633e-01
6.910782442748091281e-01
5.487050960735171401e-01
7.552145583529320527e-01
7.179044018363489599e-01
9.180098107918710504e-01
8.909817351598173785e-01
6.527001862197392423e-01
8.259314456035767860e-01
8.815411155836687662e-01
9.058582174606792936e-01
9.218291967949970855e-01
8.149362936798284496e-01
9.237226277372262428e-01
9.207167403043691190e-01
