9.963293811921389853e-01
9.990176817288801692e-01
9.959531236826574263e-01
9.953800264639260931e-01
9.676578070415505772e-01
1.000000000000000000e+00
9.493765469574557692e-01
9.945722156118074198e-01
9.992939592466709708e-01
1.000000000000000000e+00
9.617771485950386001e-01
9.941286492640480921e-01
9.869678130164476482e-01
9.951187712659395057e-01
9.938872056556636858e-01
9.998367213650093399e-01
9.813800479678486122e-01
1.000000000000000000e+00
9.685851163694040311e-01
9.976523959836937072e-01
9.166745009557832891e-01
9.980668857529479965e-01
9.763263139938209711e-01
9.882975606182696771e-01
9.944906628905212376e-01
9.869080873691650213e-01
9.921571212021353947e-01
9.982450738916256450e-01
9.978709311127933468e-01
9.969697494415681316e-01
9.966289299105854926e-01
9.776565481977602667e-01
1.000000000000000000e+00
9.884825852251719613e-01
9.454216931498113929e-01
9.171200730988079419e-01
9.997030643756433799e-01
9.969212749937254037e-01
9.650741249247951625e-01
9.863656060418471982e-01
9.941523233087447009e-01
9.983804425653789449e-01
9.295219548384104913e-01
9.968267845289555673e-01
9.960500329163923805e-01
9.990759882227651101e-01
1.000000000000000000e+00
9.969019179455955726e-01
9.987861688865560250e-01
9.922733872640531194e-01
9.786124348054482391e-01
9.983287754481919851e-01
9.995231206981513017e-01
9.929795813452857445e-01
9.894793362081983901e-01
9.982382129984321839e-01
9.980615947647550890e-01
9.987831323421582086e-01
9.878513061780364035e-01
9.986469626948285550e-01
9.965567971953548376e-01
9.976676384839650025e-01
9.928297173520840291e-01
9.993381153218606761e-01
9.991680924202231973e-01
9.948866623126304543e-01
9.990936058009228793e-01
9.984095556493232104e-01
1.000000000000000000e+00
9.834646451271186196e-01
9.977617189998081448e-01
9.997023548980127350e-01
9.995136581016454969e-01
9.969458438287153168e-01
9.979711523220795577e-01
9.813940354234974572e-01
9.896885318709328638e-01
9.968469639838772878e-01
9.997007921135100394e-01
9.675099104989987042e-01
9.967283144886508461e-01
9.980504529335640918e-01
9.999675703722921138e-01
9.984510430741851961e-01
9.933423784431893999e-01
1.000000000000000000e+00
9.961621765398791517e-01
9.876695655241757299e-01
9.895882392518333681e-01
9.844089163466355208e-01
9.855296431581904715e-01
9.784868672296007652e-01
9.874420690686200874e-01
9.839525308033127970e-01
1.000000000000000000e+00
9.438114693679843237e-01
9.735013543752207843e-01
9.999836081696882317e-01
9.891748334291083911e-01
9.793969362032188819e-01
9.867430250613594689e-01
1.000000000000000000e+00
9.865346601564479734e-01
9.965315193965517127e-01
9.809832018282816923e-01
9.396939367565999568e-01
9.440110658967718615e-01
9.983669116299221935e-01
9.834998535489960503e-01
1.000000000000000000e+00
9.842177755672035788e-01
9.949080223805498724e-01
9.801078307752510987e-01
9.828032066201189965e-01
9.677016080694603728e-01
9.811330358506251681e-01
9.978713454064601640e-01
9.442467590523021537e-01
9.593378461151859105e-01
9.994957398713266716e-01
9.899016222555215849e-01
9.557486254053292329e-01
9.965159163140093757e-01
1.000000000000000000e+00
9.879058469328406700e-01
1.000000000000000000e+00
9.730764363452290011e-01
9.706450240534083562e-01
9.978437866556268965e-01
9.946289706076183457e-01
9.877058942083951631e-01
9.721594428540337729e-01
8.377165075998586063e-01
9.119276816049183276e-01
1.000000000000000000e+00
9.938628730195016026e-01
1.000000000000000000e+00
9.813904688276547938e-01
9.363796078919137678e-01
9.386991031166280752e-01
9.913024606857867571e-01
9.937663212871704621e-01
9.900713416839267422e-01
9.889136647718350659e-01
9.897517685699848133e-01
9.777461957086900357e-01
9.990743954645378011e-01
9.910760965584380910e-01
1.000000000000000000e+00
1.000000000000000000e+00
9.855616517470401350e-01
1.000000000000000000e+00
9.422060833554336545e-01
9.997914494264859009e-01
9.993086050640007656e-01
9.966731409011365672e-01
9.996212957995392889e-01
9.940251441848886316e-01
1.000000000000000000e+00
1.000000000000000000e+00
9.922550810871990645e-01
9.865883690092820402e-01
9.844548481751344005e-01
9.993560105680316941e-01
9.866620071058302965e-01
9.997186374549820176e-01
9.967578907218460627e-01
9.998555330829239640e-01
9.999213700482787459e-01
9.806228628157517280e-01
9.686999271667880995e-01
9.882930053751283195e-01
9.964992620065851181e-01
9.991126194850079578e-01
9.963170588618733836e-01
9.994479116658665507e-01
9.995573915609323734e-01
1.000000000000000000e+00
9.913664734024015823e-01
9.891323009305360570e-01
9.888278606288366523e-01
9.908951013080277148e-01
9.860911985402275315e-01
9.931290962760368490e-01
8.618220597196830646e-01
9.032425371700795180e-01
9.997926469415423512e-01
9.895512798836776369e-01
9.723797979797980107e-01
9.819553641477624106e-01
9.900858460679874407e-01
9.973818769657887273e-01
9.967377394877710017e-01
9.856170769932747211e-01
9.948957269943123904e-01
9.996421833322490791e-01
