4.325444432326316924e-01
7.215665236051501674e-01
7.814500521065952388e-01
7.179157744468237512e-01
4.759849644995127194e-01
7.771208986107005501e-01
4.796296296296296280e-01
8.757881462799496086e-01
7.339728217426059187e-01
8.221291182631880190e-01
5.128717265867731578e-01
8.498269896193771933e-01
6.034378769601930204e-01
8.110465116279069742e-01
7.996191857829358929e-01
7.768959435626102694e-01
6.160520607375271629e-01
8.341793570219966369e-01
6.247281244771624165e-01
5.912806539509536385e-01
3.354231974921629833e-01
3.090766823161189558e-01
7.336611104448974574e-01
4.853687867450561244e-01
7.130746500024220946e-01
7.857237102520121530e-01
8.485607008760951420e-01
5.568627450980392357e-01
2.832401472794218167e-01
9.407669760625305688e-01
6.303905355552729128e-01
8.521560574948665590e-01
6.098654708520179213e-01
5.034663510314507651e-01
7.298578199052132565e-01
7.007823211549318865e-01
2.774303916941953663e-01
5.747704037428521540e-01
2.335407795610874582e-01
4.244705882352940995e-01
5.661705006765900272e-01
7.351047641343789740e-01
6.899115921672312191e-02
8.603262118079485488e-01
7.429184549356223632e-01
8.893028206492815668e-01
5.213525956501031677e-01
9.368026068924656391e-01
9.163763066202090801e-01
8.456595538312318139e-01
7.117775015537600725e-01
9.453378691820009116e-01
6.712864250177682512e-01
8.798822899946495690e-01
8.675778953556730899e-01
9.465254456212864875e-01
8.770903010033445080e-01
8.882681564245810124e-01
2.773462783171520840e-01
9.404309252217997184e-01
8.561001042752867107e-01
8.093023255813953654e-01
2.766558966074313397e-01
8.604269293924465822e-01
9.165792235047219849e-01
8.039044289044289249e-01
8.707118778504858714e-01
9.377298357440548848e-01
8.239784463403682091e-01
8.282109349725007563e-01
7.625046709016174429e-01
8.480478367921210348e-01
8.935631018753167343e-01
8.902169101372288118e-01
8.394967594357606311e-01
6.067994505494505031e-01
9.260304135415949878e-01
9.330819981149858222e-01
9.030418250950570380e-01
4.407718807969355779e-01
9.309287383177570208e-01
7.683856792038257222e-01
8.087023686920700172e-01
9.093050647820966059e-01
7.945306725794530900e-01
8.277643260694108607e-01
7.841495744383981670e-01
6.474497681607418453e-01
8.046343229543808651e-01
7.751317062681432057e-01
2.673845592261361315e-01
8.406583302684810244e-01
7.188089463756399677e-01
6.495420151334130310e-01
7.481739707835325381e-01
8.263023848112989178e-01
7.028378692719237097e-01
7.902364607170099253e-01
5.002209456473707405e-01
4.603078780561424832e-01
8.722169959234870040e-01
8.988068935041979568e-01
8.212207335228041138e-01
8.344646072863277642e-01
7.159863945578230915e-01
4.772772277227722570e-01
2.737321745000421691e-01
6.480243873842185254e-01
6.143889223359422225e-01
7.273227804542325980e-01
8.295501162313687615e-01
7.047093497209506729e-01
5.183232674787593419e-01
6.651265939752356582e-01
5.026547052361772794e-01
6.974287699791521522e-01
6.129107981220657253e-01
8.600300808422636223e-01
8.454288407163054186e-01
7.403900992357704824e-01
3.480161398789509142e-01
5.051614320228420274e-01
6.815082230244685624e-01
7.626802374893978387e-01
8.073075854404001550e-01
2.920198304813689250e-01
3.914059690758719956e-01
7.726520860136004698e-01
8.138737136323211940e-01
6.792944477851272644e-01
7.316804407713498604e-01
7.672565176279886323e-01
4.154181548309290872e-01
8.517701495749488982e-01
8.761881400625498584e-01
8.339855214243787618e-01
7.480967308553515549e-01
8.137086903304773244e-01
7.111650485436893376e-01
2.968666069829901666e-01
7.992429756878730585e-01
7.825413223140496033e-01
7.645254728233089603e-01
5.513264129181084661e-01
7.244174265450861183e-01
7.922264383140190658e-01
6.679403897592662842e-01
9.209979209979209935e-01
4.165378041832831224e-01
3.198896932092382128e-01
7.659448935040414908e-01
6.786056923568916099e-01
7.853101014062412455e-01
8.057869355545813628e-01
8.367928062944922640e-01
9.230333097094259864e-01
7.637161667885881133e-01
6.485556307831189526e-01
6.742378959952182171e-01
7.830188679245283501e-01
4.108475331328655944e-01
8.321733515103680867e-01
7.829930879279858313e-01
6.074966012818022731e-01
8.694453560879553677e-01
8.372608816190739711e-01
6.543593859737132368e-01
9.339393939393939581e-01
7.361530715005035752e-01
7.980448065173115779e-01
5.643189440657795375e-01
9.507494646680941797e-01
9.308813734921926875e-01
8.643825838686652885e-01
9.093327421857680948e-01
5.711120229790725977e-01
7.863625601767816331e-01
6.843015214384509104e-01
2.046882962459656841e-01
8.487483840639322707e-01
8.608372807579055541e-01
7.875925453152923250e-01
8.121835443037974667e-01
5.352042510793756369e-01
8.430037357544805099e-01
7.404683094274856492e-01
9.336238685886690813e-01
8.951236749116607827e-01
7.317367679613604459e-01
7.917668694299052623e-01
8.266092881477496990e-01
9.190221543162719886e-01
9.478705616209304186e-01
8.822497807841663819e-01
9.202152333240560811e-01
9.317239697634722706e-01
