9.648437500000000000e-01
9.866943359375000000e-01
9.638824462890625000e-01
8.489990234375000000e-01
8.728179931640625000e-01
9.299316406250000000e-01
9.421539306640625000e-01
9.707641601562500000e-01
9.106445312500000000e-01
9.679718017578125000e-01
8.404998779296875000e-01
9.349060058593750000e-01
9.569396972656250000e-01
9.777832031250000000e-01
5.537109375000000000e-01
9.870605468750000000e-01
7.260284423828125000e-01
9.753417968750000000e-01
9.468841552734375000e-01
9.107208251953125000e-01
7.665100097656250000e-01
9.566192626953125000e-01
7.492675781250000000e-01
8.033905029296875000e-01
7.720489501953125000e-01
9.548187255859375000e-01
9.684600830078125000e-01
9.715881347656250000e-01
6.932067871093750000e-01
9.889831542968750000e-01
9.102783203125000000e-01
8.060302734375000000e-01
9.368591308593750000e-01
8.603057861328125000e-01
8.763275146484375000e-01
6.979522705078125000e-01
7.016448974609375000e-01
5.761260986328125000e-01
8.883666992187500000e-01
9.774475097656250000e-01
9.842834472656250000e-01
9.501800537109375000e-01
3.762664794921875000e-01
8.807067871093750000e-01
9.505157470703125000e-01
9.824981689453125000e-01
9.154968261718750000e-01
9.848175048828125000e-01
9.863891601562500000e-01
9.722747802734375000e-01
7.812347412109375000e-01
9.922180175781250000e-01
9.532012939453125000e-01
9.942321777343750000e-01
9.802246093750000000e-01
9.940338134765625000e-01
9.701080322265625000e-01
9.392242431640625000e-01
9.445953369140625000e-01
9.867706298828125000e-01
9.945983886718750000e-01
9.920959472656250000e-01
6.946105957031250000e-01
9.978790283203125000e-01
9.838562011718750000e-01
9.931488037109375000e-01
9.647369384765625000e-01
9.762420654296875000e-01
9.908142089843750000e-01
9.749298095703125000e-01
9.140777587890625000e-01
9.308929443359375000e-01
9.892272949218750000e-01
9.927825927734375000e-01
9.733581542968750000e-01
9.741058349609375000e-01
9.774017333984375000e-01
9.907226562500000000e-01
9.949188232421875000e-01
9.373168945312500000e-01
9.927825927734375000e-01
9.416503906250000000e-01
9.858245849609375000e-01
9.875030517578125000e-01
9.893493652343750000e-01
9.818267822265625000e-01
8.910064697265625000e-01
9.763793945312500000e-01
9.272460937500000000e-01
8.378753662109375000e-01
9.764251708984375000e-01
9.484558105468750000e-01
9.077758789062500000e-01
9.000091552734375000e-01
9.783782958984375000e-01
9.232940673828125000e-01
9.728240966796875000e-01
9.305572509765625000e-01
9.834442138671875000e-01
3.826599121093750000e-01
6.840057373046875000e-01
9.556274414062500000e-01
9.546051025390625000e-01
9.704742431640625000e-01
9.673461914062500000e-01
9.142303466796875000e-01
7.023162841796875000e-01
9.772033691406250000e-01
8.751373291015625000e-01
9.619598388671875000e-01
9.558410644531250000e-01
8.424224853515625000e-01
8.563537597656250000e-01
5.233764648437500000e-01
8.897552490234375000e-01
8.930053710937500000e-01
9.313507080078125000e-01
9.678497314453125000e-01
9.701843261718750000e-01
9.644775390625000000e-01
9.791717529296875000e-01
9.144897460937500000e-01
9.481964111328125000e-01
9.101715087890625000e-01
8.903961181640625000e-01
7.504425048828125000e-01
6.753234863281250000e-01
7.643737792968750000e-01
9.705200195312500000e-01
9.730987548828125000e-01
8.691406250000000000e-01
9.069824218750000000e-01
8.380279541015625000e-01
9.219207763671875000e-01
9.483947753906250000e-01
9.645385742187500000e-01
9.081573486328125000e-01
8.883819580078125000e-01
8.555297851562500000e-01
8.475952148437500000e-01
9.636840820312500000e-01
7.554473876953125000e-01
5.831756591796875000e-01
9.797058105468750000e-01
9.774475097656250000e-01
9.348449707031250000e-01
9.782409667968750000e-01
9.713897705078125000e-01
8.442535400390625000e-01
5.200958251953125000e-01
8.867645263671875000e-01
9.621887207031250000e-01
7.873992919921875000e-01
8.173217773437500000e-01
9.458465576171875000e-01
9.748840332031250000e-01
9.857940673828125000e-01
8.992767333984375000e-01
7.053070068359375000e-01
8.513336181640625000e-01
9.734191894531250000e-01
9.366912841796875000e-01
7.558135986328125000e-01
9.505767822265625000e-01
9.460296630859375000e-01
9.838714599609375000e-01
8.633728027343750000e-01
9.953002929687500000e-01
9.937744140625000000e-01
9.549407958984375000e-01
8.649902343750000000e-01
9.765930175781250000e-01
9.301300048828125000e-01
9.930419921875000000e-01
9.930419921875000000e-01
8.573913574218750000e-01
8.094940185546875000e-01
9.472503662109375000e-01
8.730163574218750000e-01
9.729766845703125000e-01
9.787292480468750000e-01
7.620239257812500000e-01
9.397430419921875000e-01
9.589233398437500000e-01
8.674163818359375000e-01
9.510498046875000000e-01
9.968872070312500000e-01
9.723815917968750000e-01
9.730224609375000000e-01
9.560394287109375000e-01
9.866790771484375000e-01
9.582824707031250000e-01
9.881439208984375000e-01
8.912200927734375000e-01
8.526458740234375000e-01
9.955749511718750000e-01
