9.675328893941854691e-01
9.958212492593632170e-01
9.867970660146698769e-01
9.998654376639978247e-01
8.996410000482959468e-01
9.874691111996811710e-01
9.493921138249350467e-01
9.920783687307460630e-01
9.316125642414987418e-01
1.000000000000000000e+00
8.481785708406722746e-01
9.613564283971700597e-01
9.722987329818210123e-01
9.974878366775845606e-01
4.718191321603855681e-01
9.978447220181239086e-01
7.113178194075322480e-01
9.988493639089214282e-01
9.592788010228854301e-01
9.371381438066082037e-01
7.821284196671993705e-01
1.000000000000000000e+00
9.726681703595595474e-01
9.331550802139036982e-01
9.920789450393839859e-01
9.853431158078955754e-01
9.789593356620311937e-01
9.880233990147783141e-01
6.796303305576583131e-01
9.918789285034025349e-01
9.088368906835880834e-01
8.024017860357927079e-01
9.978788142223767865e-01
9.974303039266434467e-01
8.957502967175071662e-01
5.951738173360467954e-01
9.495803309842426598e-01
5.604952731531832599e-01
9.124384863397251300e-01
9.911322273121208060e-01
9.953502301242039829e-01
9.682396263084319665e-01
3.596698659989799318e-01
8.860394709148898817e-01
9.616288911878115853e-01
9.892877278707009614e-01
9.996663274328900783e-01
9.870525241310148523e-01
1.000000000000000000e+00
9.933796584387748485e-01
7.427676259802633574e-01
9.985376785171680147e-01
9.871560508035416293e-01
9.943129789387440409e-01
9.797137439804016745e-01
9.948762708303027225e-01
9.716527618397792221e-01
9.506544563877751264e-01
9.568992200074285526e-01
9.924792212128134006e-01
9.979810310827307296e-01
9.954928689622567495e-01
6.809147121863965424e-01
9.997998953298649072e-01
1.000000000000000000e+00
9.946636507000972127e-01
9.868490441661172952e-01
9.990100295368236072e-01
9.998894329489812494e-01
9.763804290254237683e-01
9.420818144997974430e-01
9.366366103475444183e-01
9.973089081624382235e-01
9.948677581863979436e-01
9.888096370264700674e-01
9.889242740379335928e-01
9.787205283179176707e-01
9.928162787673904255e-01
9.983622305160548827e-01
8.655441579140953356e-01
9.950839958637758276e-01
1.000000000000000000e+00
9.970975483201452993e-01
9.888442144810993817e-01
9.901397784999842466e-01
9.901090028259992293e-01
8.931869134019835288e-01
9.899627793751873961e-01
9.643241606674292088e-01
7.956253130739689983e-01
1.000000000000000000e+00
9.482114821572538155e-01
9.543030846663677069e-01
9.142204061183911712e-01
9.996990469821099845e-01
9.159699260788071173e-01
9.999831754630953418e-01
9.388584729370881288e-01
9.978877723764113528e-01
3.247366039687156758e-01
6.614128529210425711e-01
9.784825713564031524e-01
9.977867509165554427e-01
9.777242726293103869e-01
9.960798705523211671e-01
9.935451116913257552e-01
7.057404339504286250e-01
9.943175190388108264e-01
9.169785530640804927e-01
1.000000000000000000e+00
9.577418984581245187e-01
8.900293845348790089e-01
1.000000000000000000e+00
5.202029997414016060e-01
9.608685972633705941e-01
9.107382208724273953e-01
9.562335714631274852e-01
9.843719266875279317e-01
9.834932700915643977e-01
9.964701790992870345e-01
9.941690012378656682e-01
9.480649936557169477e-01
9.798263056816057803e-01
9.319854482053345768e-01
1.000000000000000000e+00
7.270456474890615306e-01
6.664768413059984908e-01
8.677553424747194155e-01
9.913578969157523790e-01
9.961447212336892454e-01
8.999065574671577528e-01
9.347764217434249012e-01
9.128137150936727062e-01
9.445680310629348542e-01
9.495936230071897466e-01
9.668876501310074145e-01
9.462004034969737631e-01
8.888582104662506866e-01
9.013666257249024483e-01
8.576634440987070951e-01
9.715869253113418313e-01
8.254233004801617701e-01
5.899168228293388827e-01
9.878929681856725153e-01
9.815563415866599417e-01
9.330306076467121956e-01
9.951736334936612804e-01
9.889487822026717945e-01
9.998876172994437539e-01
4.425421849981524547e-01
9.241505438444508336e-01
9.776154080340976327e-01
8.339827413859931537e-01
9.340980187695515635e-01
9.892553489675791623e-01
9.847695236630065185e-01
9.998264272414555398e-01
9.432803618107132859e-01
7.053329612789914771e-01
9.580638078670472568e-01
9.922389121541869139e-01
9.490623224095472432e-01
7.479641291088325872e-01
9.924537648612945517e-01
9.464150503815015325e-01
9.973364345738294778e-01
8.413273576809383592e-01
9.999518443609746177e-01
9.995911242510496786e-01
9.919292569033348883e-01
8.503641660597232033e-01
9.887278863047297417e-01
9.364757976005753104e-01
9.982408070492262420e-01
9.951274362818590680e-01
9.939750360057608702e-01
9.882524343464148542e-01
9.778277942725792649e-01
8.834077875994044149e-01
9.794320640043951975e-01
9.768905062322512656e-01
7.006375261055948211e-01
9.590183774926918092e-01
9.891433050381068792e-01
9.915556716287977634e-01
9.667294171885204568e-01
9.995055427067549569e-01
9.730159266898860126e-01
9.888646464646464462e-01
9.716560669037007658e-01
9.878371058549316741e-01
9.987875806083182928e-01
9.962691274804895691e-01
8.905707540619358653e-01
8.599059355403237959e-01
9.990566651486565419e-01
