7.541503906250000000e-01
9.823303222656250000e-01
9.880981445312500000e-01
7.348022460937500000e-01
7.661895751953125000e-01
9.827728271484375000e-01
9.642791748046875000e-01
9.911651611328125000e-01
9.751281738281250000e-01
9.672546386718750000e-01
9.377136230468750000e-01
4.987335205078125000e-01
9.357757568359375000e-01
6.652832031250000000e-01
7.474365234375000000e-01
7.805938720703125000e-01
9.607543945312500000e-01
7.507324218750000000e-01
9.503021240234375000e-01
9.889678955078125000e-01
7.068786621093750000e-01
6.799011230468750000e-01
8.035278320312500000e-01
9.703979492187500000e-01
7.573547363281250000e-01
9.913024902343750000e-01
9.756164550781250000e-01
8.258209228515625000e-01
9.358062744140625000e-01
9.849700927734375000e-01
5.115966796875000000e-01
9.668426513671875000e-01
7.696075439453125000e-01
9.927520751953125000e-01
6.900024414062500000e-01
9.983825683593750000e-01
6.354064941406250000e-01
8.728332519531250000e-01
8.728637695312500000e-01
9.222869873046875000e-01
9.324188232421875000e-01
9.661712646484375000e-01
7.177734375000000000e-01
9.319610595703125000e-01
9.922485351562500000e-01
9.366455078125000000e-01
9.976501464843750000e-01
9.982299804687500000e-01
9.965667724609375000e-01
9.963226318359375000e-01
9.941711425781250000e-01
9.979248046875000000e-01
9.913177490234375000e-01
9.923095703125000000e-01
8.366394042968750000e-01
9.815826416015625000e-01
9.971771240234375000e-01
2.932128906250000000e-01
8.744354248046875000e-01
9.712829589843750000e-01
9.958648681640625000e-01
9.588775634765625000e-01
9.744720458984375000e-01
8.847961425781250000e-01
8.937072753906250000e-01
6.488952636718750000e-01
9.206237792968750000e-01
9.865264892578125000e-01
9.764251708984375000e-01
9.672546386718750000e-01
9.961700439453125000e-01
9.927825927734375000e-01
8.369445800781250000e-01
6.300048828125000000e-01
9.569091796875000000e-01
9.958801269531250000e-01
7.996063232421875000e-01
9.984741210937500000e-01
8.442077636718750000e-01
8.482055664062500000e-01
9.937896728515625000e-01
9.181976318359375000e-01
9.195251464843750000e-01
9.967041015625000000e-01
9.929199218750000000e-01
9.979705810546875000e-01
9.549713134765625000e-01
9.940032958984375000e-01
9.645843505859375000e-01
9.958953857421875000e-01
9.535675048828125000e-01
8.571014404296875000e-01
9.868774414062500000e-01
9.923858642578125000e-01
4.878997802734375000e-01
9.883728027343750000e-01
9.317779541015625000e-01
9.723968505859375000e-01
9.885253906250000000e-01
8.509368896484375000e-01
9.968872070312500000e-01
9.953155517578125000e-01
9.611663818359375000e-01
9.611206054687500000e-01
9.522094726562500000e-01
9.978027343750000000e-01
9.951782226562500000e-01
6.669769287109375000e-01
9.100952148437500000e-01
9.981536865234375000e-01
9.981231689453125000e-01
8.763732910156250000e-01
9.666595458984375000e-01
9.129791259765625000e-01
8.993835449218750000e-01
9.171142578125000000e-01
9.727325439453125000e-01
9.577484130859375000e-01
9.202575683593750000e-01
9.867553710937500000e-01
9.968872070312500000e-01
9.937591552734375000e-01
8.069458007812500000e-01
9.965820312500000000e-01
9.989013671875000000e-01
9.576873779296875000e-01
9.447784423828125000e-01
9.969940185546875000e-01
9.088134765625000000e-01
9.973602294921875000e-01
8.271179199218750000e-01
8.203277587890625000e-01
8.571929931640625000e-01
6.372985839843750000e-01
9.978179931640625000e-01
8.267517089843750000e-01
9.954223632812500000e-01
9.955749511718750000e-01
9.299011230468750000e-01
9.952392578125000000e-01
9.966430664062500000e-01
4.943847656250000000e-01
9.230651855468750000e-01
9.271240234375000000e-01
5.375976562500000000e-01
9.531555175781250000e-01
9.618377685546875000e-01
8.289031982421875000e-01
9.799804687500000000e-01
8.476257324218750000e-01
9.129486083984375000e-01
9.979400634765625000e-01
8.176574707031250000e-01
9.961853027343750000e-01
8.933258056640625000e-01
9.896087646484375000e-01
9.949645996093750000e-01
8.539886474609375000e-01
8.133087158203125000e-01
9.880065917968750000e-01
9.850616455078125000e-01
8.583984375000000000e-01
9.560852050781250000e-01
9.034729003906250000e-01
9.185943603515625000e-01
8.281402587890625000e-01
9.756164550781250000e-01
8.652038574218750000e-01
9.653625488281250000e-01
9.968719482421875000e-01
9.935760498046875000e-01
8.751678466796875000e-01
9.912719726562500000e-01
8.989410400390625000e-01
9.515686035156250000e-01
9.478149414062500000e-01
9.279937744140625000e-01
9.636688232421875000e-01
9.966125488281250000e-01
7.899169921875000000e-01
9.153289794921875000e-01
9.818420410156250000e-01
7.904205322265625000e-01
5.655822753906250000e-01
9.925689697265625000e-01
9.831237792968750000e-01
9.964141845703125000e-01
4.814300537109375000e-01
9.522552490234375000e-01
9.725036621093750000e-01
8.024597167968750000e-01
9.571838378906250000e-01
9.151611328125000000e-01
8.475952148437500000e-01
9.109344482421875000e-01
8.827667236328125000e-01
8.730316162109375000e-01
9.942779541015625000e-01
9.962921142578125000e-01
9.963378906250000000e-01
9.620513916015625000e-01
9.939422607421875000e-01
9.990997314453125000e-01
9.978942871093750000e-01
9.937133789062500000e-01
9.752502441406250000e-01
8.444671630859375000e-01
9.855651855468750000e-01
9.827575683593750000e-01
9.964447021484375000e-01
9.545745849609375000e-01
9.504241943359375000e-01
9.954223632812500000e-01
8.265533447265625000e-01
9.904632568359375000e-01
9.569549560546875000e-01
9.945983886718750000e-01
9.676055908203125000e-01
9.597167968750000000e-01
8.435668945312500000e-01
9.046020507812500000e-01
9.899749755859375000e-01
8.401947021484375000e-01
9.576873779296875000e-01
9.568634033203125000e-01
9.529571533203125000e-01
9.492950439453125000e-01
9.827575683593750000e-01
4.203338623046875000e-01
8.174438476562500000e-01
9.657440185546875000e-01
6.790924072265625000e-01
9.586944580078125000e-01
8.735046386718750000e-01
9.741363525390625000e-01
9.477386474609375000e-01
9.573822021484375000e-01
9.669799804687500000e-01
9.647827148437500000e-01
9.880523681640625000e-01
8.886566162109375000e-01
7.491912841796875000e-01
9.756622314453125000e-01
9.096069335937500000e-01
9.915313720703125000e-01
9.831542968750000000e-01
7.477111816406250000e-01
7.163085937500000000e-01
8.864593505859375000e-01
3.571777343750000000e-01
9.942932128906250000e-01
9.889221191406250000e-01
9.530487060546875000e-01
9.862518310546875000e-01
9.490203857421875000e-01
9.905090332031250000e-01
9.680023193359375000e-01
9.976654052734375000e-01
7.971343994140625000e-01
9.425506591796875000e-01
3.743286132812500000e-01
9.377746582031250000e-01
9.761199951171875000e-01
9.934387207031250000e-01
9.395751953125000000e-01
9.212493896484375000e-01
9.522705078125000000e-01
9.864196777343750000e-01
9.582519531250000000e-01
4.044342041015625000e-01
8.864593505859375000e-01
9.963073730468750000e-01
9.684906005859375000e-01
9.789886474609375000e-01
9.610748291015625000e-01
9.478302001953125000e-01
8.624725341796875000e-01
9.859924316406250000e-01
9.388732910156250000e-01
9.869232177734375000e-01
7.138977050781250000e-01
9.378204345703125000e-01
9.615478515625000000e-01
9.878234863281250000e-01
9.661102294921875000e-01
9.834899902343750000e-01
9.891204833984375000e-01
9.848480224609375000e-01
9.917907714843750000e-01
9.038391113281250000e-01
9.561004638671875000e-01
8.607177734375000000e-01
9.892883300781250000e-01
9.375000000000000000e-01
9.702453613281250000e-01
9.036407470703125000e-01
9.887084960937500000e-01
9.577026367187500000e-01
8.589782714843750000e-01
9.087524414062500000e-01
9.777069091796875000e-01
9.122009277343750000e-01
9.439697265625000000e-01
9.236145019531250000e-01
9.513397216796875000e-01
9.947052001953125000e-01
9.911346435546875000e-01
9.015808105468750000e-01
9.881896972656250000e-01
9.930725097656250000e-01
8.682098388671875000e-01
9.117126464843750000e-01
8.986511230468750000e-01
5.977020263671875000e-01
9.706573486328125000e-01
1.229553222656250000e-01
8.249816894531250000e-01
5.421142578125000000e-01
7.644500732421875000e-01
6.969909667968750000e-01
9.407196044921875000e-01
9.572753906250000000e-01
9.386749267578125000e-01
7.725067138671875000e-01
9.834899902343750000e-01
9.511718750000000000e-01
9.262695312500000000e-01
9.551696777343750000e-01
9.485778808593750000e-01
9.948425292968750000e-01
9.965209960937500000e-01
9.736328125000000000e-01
9.565734863281250000e-01
9.814605712890625000e-01
9.500885009765625000e-01
4.864654541015625000e-01
9.306640625000000000e-01
9.253692626953125000e-01
8.626556396484375000e-01
8.904266357421875000e-01
9.540252685546875000e-01
9.368286132812500000e-01
8.924102783203125000e-01
9.356842041015625000e-01
9.705200195312500000e-01
7.820434570312500000e-01
9.454650878906250000e-01
8.529815673828125000e-01
9.897613525390625000e-01
9.770050048828125000e-01
9.865875244140625000e-01
9.526062011718750000e-01
8.641815185546875000e-01
9.550018310546875000e-01
9.831390380859375000e-01
9.907684326171875000e-01
9.277801513671875000e-01
8.992309570312500000e-01
9.890594482421875000e-01
9.390716552734375000e-01
9.153747558593750000e-01
9.040222167968750000e-01
9.773254394531250000e-01
9.145965576171875000e-01
8.858184814453125000e-01
9.472351074218750000e-01
9.793243408203125000e-01
9.088134765625000000e-01
9.108734130859375000e-01
7.321166992187500000e-01
9.638366699218750000e-01
9.696044921875000000e-01
9.839935302734375000e-01
9.125976562500000000e-01
9.777832031250000000e-01
9.643554687500000000e-01
9.932861328125000000e-01
7.751007080078125000e-01
9.761047363281250000e-01
9.770660400390625000e-01
9.701843261718750000e-01
9.114685058593750000e-01
9.793548583984375000e-01
8.999633789062500000e-01
9.715118408203125000e-01
9.887237548828125000e-01
9.616394042968750000e-01
6.497955322265625000e-01
9.737091064453125000e-01
9.648437500000000000e-01
9.963684082031250000e-01
6.459655761718750000e-01
9.954071044921875000e-01
4.475402832031250000e-01
8.560638427734375000e-01
7.427673339843750000e-01
9.807281494140625000e-01
9.647827148437500000e-01
6.124114990234375000e-01
9.895477294921875000e-01
7.081909179687500000e-01
9.276733398437500000e-01
9.664459228515625000e-01
9.291381835937500000e-01
9.933166503906250000e-01
9.533538818359375000e-01
9.973602294921875000e-01
6.251678466796875000e-01
9.944305419921875000e-01
9.198760986328125000e-01
9.216461181640625000e-01
9.506683349609375000e-01
9.735717773437500000e-01
9.846649169921875000e-01
9.910278320312500000e-01
9.500122070312500000e-01
9.341888427734375000e-01
9.800872802734375000e-01
9.722290039062500000e-01
8.371887207031250000e-01
9.907379150390625000e-01
4.249420166015625000e-01
9.842529296875000000e-01
9.609680175781250000e-01
9.293212890625000000e-01
4.389953613281250000e-01
9.585723876953125000e-01
9.736328125000000000e-01
9.713134765625000000e-01
9.725189208984375000e-01
9.632110595703125000e-01
4.910278320312500000e-01
9.871063232421875000e-01
9.323425292968750000e-01
7.704772949218750000e-01
9.898376464843750000e-01
9.102020263671875000e-01
9.283142089843750000e-01
9.196472167968750000e-01
9.219055175781250000e-01
5.857543945312500000e-01
9.297637939453125000e-01
9.640350341796875000e-01
1.767730712890625000e-01
8.784637451171875000e-01
9.294891357421875000e-01
8.939514160156250000e-01
9.870452880859375000e-01
9.756164550781250000e-01
9.844665527343750000e-01
9.640502929687500000e-01
9.704742431640625000e-01
9.857482910156250000e-01
9.914703369140625000e-01
6.789703369140625000e-01
9.590148925781250000e-01
9.618988037109375000e-01
9.941711425781250000e-01
9.598388671875000000e-01
9.748535156250000000e-01
9.932861328125000000e-01
9.333801269531250000e-01
9.770660400390625000e-01
3.751068115234375000e-01
7.441253662109375000e-01
9.284667968750000000e-01
9.808044433593750000e-01
9.896850585937500000e-01
7.605285644531250000e-01
9.611663818359375000e-01
9.871520996093750000e-01
9.839172363281250000e-01
9.932403564453125000e-01
9.953918457031250000e-01
9.849090576171875000e-01
9.971771240234375000e-01
9.932556152343750000e-01
9.975128173828125000e-01
9.987335205078125000e-01
9.960327148437500000e-01
9.931182861328125000e-01
9.970855712890625000e-01
9.969482421875000000e-01
9.518280029296875000e-01
9.768981933593750000e-01
9.990081787109375000e-01
9.970550537109375000e-01
9.986724853515625000e-01
9.966735839843750000e-01
9.646148681640625000e-01
9.947814941406250000e-01
9.362792968750000000e-01
9.706420898437500000e-01
9.905853271484375000e-01
9.909362792968750000e-01
9.873962402343750000e-01
9.852142333984375000e-01
9.973602294921875000e-01
9.980926513671875000e-01
9.958648681640625000e-01
9.924926757812500000e-01
9.960937500000000000e-01
9.524841308593750000e-01
9.506072998046875000e-01
9.649505615234375000e-01
8.437042236328125000e-01
9.988403320312500000e-01
9.926147460937500000e-01
9.811706542968750000e-01
9.670715332031250000e-01
9.907226562500000000e-01
9.925079345703125000e-01
7.870788574218750000e-01
9.949340820312500000e-01
9.965362548828125000e-01
9.985046386718750000e-01
9.928436279296875000e-01
9.512176513671875000e-01
9.040679931640625000e-01
9.953765869140625000e-01
9.917297363281250000e-01
9.921417236328125000e-01
9.834594726562500000e-01
9.938049316406250000e-01
9.935302734375000000e-01
9.918212890625000000e-01
9.977569580078125000e-01
9.983825683593750000e-01
9.985656738281250000e-01
9.789733886718750000e-01
9.934082031250000000e-01
9.976196289062500000e-01
9.934997558593750000e-01
9.974670410156250000e-01
9.931488037109375000e-01
9.222259521484375000e-01
9.976501464843750000e-01
9.963836669921875000e-01
9.889678955078125000e-01
9.684143066406250000e-01
9.893341064453125000e-01
9.930419921875000000e-01
9.239044189453125000e-01
9.910278320312500000e-01
9.973602294921875000e-01
9.958953857421875000e-01
9.881896972656250000e-01
9.978942871093750000e-01
9.839019775390625000e-01
9.655761718750000000e-01
9.979553222656250000e-01
9.984588623046875000e-01
9.830780029296875000e-01
9.968109130859375000e-01
9.833984375000000000e-01
9.491882324218750000e-01
9.401092529296875000e-01
9.966888427734375000e-01
9.968109130859375000e-01
9.969024658203125000e-01
8.112335205078125000e-01
9.749755859375000000e-01
9.659271240234375000e-01
9.883575439453125000e-01
8.942565917968750000e-01
6.246490478515625000e-01
7.785491943359375000e-01
9.860687255859375000e-01
9.985809326171875000e-01
9.938201904296875000e-01
9.931640625000000000e-01
9.954071044921875000e-01
9.936828613281250000e-01
9.814300537109375000e-01
9.975128173828125000e-01
9.961395263671875000e-01
9.983520507812500000e-01
9.948120117187500000e-01
9.977569580078125000e-01
9.983825683593750000e-01
9.461059570312500000e-01
9.982757568359375000e-01
9.860229492187500000e-01
9.772491455078125000e-01
9.983215332031250000e-01
9.968566894531250000e-01
9.105834960937500000e-01
9.979705810546875000e-01
9.895324707031250000e-01
9.963836669921875000e-01
9.926757812500000000e-01
9.987182617187500000e-01
9.968414306640625000e-01
9.981994628906250000e-01
9.692077636718750000e-01
9.439239501953125000e-01
9.981842041015625000e-01
9.880523681640625000e-01
9.968414306640625000e-01
9.645080566406250000e-01
