4.528894065877175912e-01
8.196461958866676500e-01
7.175398633257402681e-01
6.644057520698736230e-01
4.872220153674305387e-01
5.304347826086956985e-01
2.466765140324962968e-01
8.236220472440944906e-01
7.750922509225092183e-01
8.287468247248095388e-01
4.858541243882057992e-01
2.418970177391146226e-01
7.266102165463631524e-01
4.147650293547273104e-01
3.313831848120883383e-01
2.570704593755108736e-01
5.722006052745352012e-01
6.949893092869758870e-01
6.727879799666109939e-01
9.573245079254485423e-01
5.036421143432213698e-01
0.000000000000000000e+00
6.170225803486626415e-01
6.457360318284034451e-01
5.746266589089297216e-01
9.073697068403908661e-01
8.038702928870292697e-01
5.032840355658817488e-01
5.567313345091122745e-01
8.066176470588235503e-01
1.999561178965845176e-01
7.925711529184756854e-01
4.050943396226415194e-01
9.493506493506493893e-01
1.359108159392789505e-01
9.379844961240310086e-01
3.811330984006505718e-01
2.138789100148952849e-01
1.295834133230946428e-01
2.166888424253944068e-01
3.930450404208905568e-01
4.898904802021903926e-01
7.004112259776856808e-01
3.936610608020698621e-01
8.392857142857143016e-01
6.950175277282915065e-01
9.393939393939394478e-01
9.371345029239765978e-01
9.618576726116898623e-01
4.972796517954298223e-01
9.159682899207247653e-01
9.109826589595375612e-01
9.227862451190326221e-01
8.699010378952449773e-01
4.016598453842655791e-01
5.585057116393948862e-01
8.998330550918196558e-01
1.401670978412994546e-02
5.822664770033191273e-01
6.453601557430239666e-01
8.595360824742268591e-01
7.444882309085099070e-01
7.343750000000000000e-01
5.069779033061970752e-01
7.426411511211744587e-01
3.048022264329701692e-01
5.986243312721462040e-01
6.056876061120542998e-01
8.044479388970010580e-01
3.343551049280830134e-01
8.749480681346073485e-01
7.899285982713265541e-01
3.267578361369962714e-01
3.256835128417563952e-01
8.142714841981345542e-01
9.181818181818182101e-01
3.122500370315509088e-01
7.846820809248554740e-01
7.647802643508135878e-01
6.391360045548359903e-01
8.392857142857143016e-01
2.371811727583486851e-01
6.396955503512881114e-01
9.440820130475302552e-01
6.688942891859052109e-01
9.622964867180805459e-01
4.911091018685955212e-01
7.150776053215077699e-01
6.685855263157894912e-01
8.827498945592576751e-01
8.342395607876260666e-01
5.644169121469415629e-01
7.507058159232071759e-01
8.800554656806101050e-01
9.221340817320082886e-03
6.601226993865030312e-01
8.560300611645959012e-01
8.816609368285346360e-01
7.124697336561743866e-01
5.809482571985278287e-01
9.196940726577438330e-01
6.101499423298730740e-01
8.282153983088562654e-01
8.725396522071469096e-01
7.157206632653061451e-01
9.353912419239052145e-01
9.182613449972663044e-01
5.909678372290535497e-01
3.684710351377017967e-01
8.906955736224029252e-01
9.569486404833836835e-01
1.799820466786355433e-01
7.927631578947368363e-01
2.804978278736644515e-01
1.585131894484412551e-01
4.202726733847065854e-01
7.150885080078673850e-01
8.496440825523633444e-01
7.269576620457099958e-01
5.147796988287786091e-01
9.280769230769230216e-01
7.260677466863033613e-01
7.866356437260184631e-01
9.238699444885012380e-01
7.924528301886792914e-01
5.523301427898948956e-01
6.922910194350119228e-01
9.134146341463414975e-01
7.634666566705401447e-01
9.422303473491773218e-01
3.043145564777208767e-01
6.776737856527896842e-01
7.757810027578100343e-01
6.104745487730683928e-01
9.530583214793740821e-01
5.333653207352181402e-01
5.047879616963064642e-01
8.109452736318407684e-01
4.837672774027643730e-01
9.231531978185424370e-01
9.336297237218164069e-01
1.535700649102710869e-01
6.448940878912424735e-01
4.975388856074030586e-01
5.206673681046144336e-02
5.916827852998065573e-01
6.353941684665226353e-01
4.962162162162161994e-01
5.813819022838970785e-01
2.451358378911503710e-01
3.034682080924855363e-01
9.625876851130164003e-01
4.454537514193379066e-01
5.882352941176470784e-01
4.424745938728580907e-01
9.399276000391351138e-01
8.839427662957074494e-01
5.586827408917649507e-01
4.495909267997056369e-01
7.818563188253802032e-01
6.286037309214245195e-01
6.576002125469098125e-01
6.360970107163000931e-01
4.299034573809720206e-01
6.812263062469094965e-01
4.624828800626100689e-01
7.187442964044533644e-01
5.096997076800424686e-01
5.708422262354293508e-01
8.877961555654895198e-01
7.125220458553791492e-01
2.047695893849739990e-01
8.356643356643356224e-01
6.546972049689441242e-01
5.530891601923788592e-01
7.373983739837398632e-01
7.379655848399041540e-01
8.508010272716155509e-01
9.418733802295445878e-01
2.930798479087452502e-01
1.578713968957871361e-01
7.218528844091786079e-01
5.199902316494557919e-01
8.834212438015223712e-02
9.199901526341703883e-01
8.826735513482500961e-01
9.067758071850841040e-01
5.594405594405594401e-02
7.951820542571412798e-01
7.597808079520835811e-01
6.000303490136570383e-01
4.546113426345352315e-01
6.797482413920770128e-01
4.037232870676360497e-01
8.517876545764991869e-01
3.555125413339785267e-01
6.092946280806905701e-01
9.457986373959121895e-01
8.450331125827814649e-01
8.615939652345031563e-01
8.325955186269835551e-01
9.047794117647058876e-01
7.909090909090908950e-01
8.365019011406844562e-01
9.328406169665809378e-01
8.064987221613727497e-01
6.728788765359859925e-01
8.502737091285693660e-01
8.501551831160769623e-01
8.715929739551786515e-01
8.358411755825071454e-01
6.164203612479474126e-01
9.073846153846153451e-01
4.587690801477459779e-01
8.303886925795053164e-01
8.813758982212274162e-01
9.430058912179750674e-01
9.404365233113780587e-01
8.909213610854584964e-01
7.447420984608154049e-01
8.249097985738230721e-01
9.299886621315193169e-01
1.572998916240904155e-01
8.772590680154060960e-01
9.506001636810038624e-01
8.428300912377345577e-01
7.293345008756567660e-01
8.709394205443371506e-01
2.409781341971675150e-01
6.427491748156831664e-01
9.116085324544539459e-01
2.319292212909234152e-01
9.221115241635687854e-01
7.613464250274194489e-01
9.584039149256540213e-01
8.659561914595471643e-01
9.395375809989662264e-01
9.217861870279530079e-01
9.395039322444040941e-01
9.597296213553302424e-01
7.179853181076671920e-01
5.003317449785873450e-01
8.004926108374383897e-01
8.010981912144702344e-01
9.664779499404052565e-01
9.418280665987087685e-01
6.654626532887402135e-01
5.091224326487062690e-01
8.281242393262255863e-01
2.676232910363054440e-01
9.342059937995177421e-01
9.174634575228046707e-01
8.622304199772985456e-01
9.581495427649273644e-01
9.301714601769911495e-01
9.462878473662380552e-01
8.479808302205934512e-01
9.744735162731333888e-01
3.549065532240332499e-01
8.674764789276968591e-01
2.574613003095975183e-01
8.516596045197739606e-01
8.303541689796825054e-01
9.329289428076256163e-01
8.902824991208533323e-01
8.016386049308478201e-01
7.243873383253913723e-01
9.009244154431755858e-01
9.222001835459900931e-01
1.076012502493848555e-01
7.139734755871675054e-01
8.662041625371654785e-01
9.149499462232150160e-01
9.075742906084754980e-01
7.234527013040777943e-01
9.037124017703911383e-01
6.693421348736028342e-01
9.537110447032993710e-01
8.981102322150723571e-01
9.133563183930445417e-01
5.080201351034141499e-01
6.873187058386016624e-01
8.274313094257692569e-01
9.586931577993840214e-01
9.084711410014280064e-01
8.280984063128578043e-01
9.360748392126291284e-01
8.982359294371774494e-01
9.699853119611724361e-01
8.685292373141348943e-01
8.743930213570538790e-01
5.767890645939426353e-01
9.149359532396468264e-01
8.123398993021817560e-01
9.185401842231631919e-01
7.231550848187375813e-01
9.331740049636915169e-01
9.357788631403928248e-01
6.918275794811781232e-01
8.835879960426513691e-01
9.578729281767955905e-01
7.648429373829831457e-01
8.907251602564102422e-01
7.433979091314472099e-01
9.227637779596893353e-01
9.761490923136345588e-01
9.279619527206601770e-01
7.584434375356966518e-01
9.628759147481438241e-01
9.268157457031971358e-01
6.989582251756480957e-01
8.477158714910876247e-01
7.600502048802096899e-01
3.027568142327342615e-01
8.639646869983949040e-01
0.000000000000000000e+00
8.018323339912852843e-01
4.489633018592426583e-01
6.500994035785288006e-01
3.487578043704474551e-01
9.044522261130565344e-01
7.419957310565634678e-01
9.101814012289418665e-01
6.537751564540092986e-01
9.408841797588600731e-01
7.558685446009389963e-01
5.020644095788604488e-01
7.687456740752134365e-01
8.962123001811166390e-01
9.735470941883767049e-01
8.950025239777890107e-01
9.614423696072118553e-01
4.070976952885987932e-01
9.019223590892123665e-01
8.666490973777836171e-01
1.811858231202384817e-01
7.545367717287487785e-01
8.858344874441453909e-01
5.921932578135662428e-01
6.419687363887141007e-01
9.376300359372045090e-01
7.795241213708796746e-01
8.288568909785483108e-01
8.785881352328300808e-01
9.598260790796684372e-01
4.390761075350246290e-01
9.196758069790255119e-01
8.169355006990380863e-01
9.613969207660533201e-01
9.132579778929619252e-01
9.354360215473495055e-01
8.749120119249720329e-01
7.206808615233354365e-01
8.173539518900343470e-01
9.504784814098206081e-01
9.381430204496380432e-01
8.924651008657470408e-01
7.972015533750334004e-01
9.659084124425338924e-01
8.533461538461538654e-01
7.807292107266728953e-01
6.583274129706688793e-01
9.228936538878059759e-01
7.724076919495274085e-01
6.528557509395443992e-01
8.830629950961901287e-01
9.541922952411783232e-01
7.367871590760798339e-01
8.860947761023271196e-01
7.401677983696669516e-01
9.216104868913858050e-01
8.761891535310047940e-01
9.383668380863331437e-01
8.471128086788148881e-01
9.114747761097867773e-01
8.776316685971247145e-01
9.661201106282102380e-01
5.705845678829083445e-01
9.490445859872611578e-01
9.241441038263593644e-01
7.853708439897698623e-01
8.788750075930913397e-01
9.186516113080029911e-01
7.168350998274587438e-01
9.333359506890188673e-01
8.401531949203789873e-01
7.752097243622667611e-01
6.356772967412340769e-01
6.893846958340595910e-01
8.845907245137849539e-01
9.493600445186421988e-01
5.577194153868981763e-01
8.518518518518518601e-01
3.850285384467388994e-01
5.562566184256971802e-01
4.676503272008890044e-01
9.020492913243658428e-01
9.160055408638710928e-01
1.340721719151236613e-01
9.524868247694334711e-01
2.495030860968720440e-02
7.359011864131318470e-01
9.674309813233157307e-01
9.057750125271420982e-01
9.150709619283622365e-01
7.925108659311267401e-01
9.515796703296702796e-01
5.650335911873564099e-01
8.772213247172859774e-01
5.802757653657396597e-01
8.380684670213833787e-01
7.464547296244350427e-01
7.603973509933774633e-01
8.639667705088265315e-01
9.512753774076001534e-01
8.813155740754520240e-01
8.671954314720812240e-01
9.583762196879245243e-01
8.758053577483893015e-01
3.939258097052560914e-01
9.108997485514376269e-01
1.024969026970361241e-01
8.704270514502259193e-01
5.293411118737131327e-01
7.918894640030799126e-01
0.000000000000000000e+00
9.113990729034976424e-01
9.627248411081936741e-01
6.865601503759398705e-01
8.328855951829550186e-01
9.111066317274743032e-01
2.778683955154543361e-01
9.453516855243205841e-01
6.366762635956494387e-01
6.726340561438897137e-01
9.058195108237279136e-01
7.534464697255395249e-01
8.653097632176451892e-01
6.606432046502811462e-01
7.027482717922778344e-01
4.045981616256036917e-01
7.730307699491058004e-01
5.942827621835715668e-01
5.240340604867264190e-02
6.431335493160547090e-01
8.441927281133383421e-01
8.290531407839510925e-01
8.684981684981685213e-01
8.791654799202506254e-01
8.294343575418994252e-01
9.100174847541473433e-01
9.600009803681281984e-01
8.683091362369849131e-01
9.445458374280499836e-01
3.293099089989888761e-01
8.538664377261299121e-01
8.004153686396676681e-01
9.586388970372543561e-01
8.634906544360605452e-01
8.422182468694097146e-01
9.579303111525463432e-01
7.937256094470630519e-01
6.629312239068336776e-01
0.000000000000000000e+00
2.632167456838715447e-01
8.818318211045224064e-01
9.599394476443656732e-01
9.618979151689431850e-01
6.330728191688506090e-01
8.739440770087093524e-01
9.669622754215870808e-01
9.046878039291966767e-01
8.207412687099073789e-01
8.564593301435406980e-01
4.693088448525857825e-01
8.661327231121281889e-01
5.278310940499040260e-01
9.180865006553079466e-01
8.597733711048158867e-01
5.609436435124508513e-01
8.109783089862770966e-01
8.973531310522917526e-01
8.758300132802124827e-01
1.999572740867336107e-01
6.348364279398762688e-01
9.590818363273453384e-01
9.304979253112033444e-01
3.232323232323232598e-01
8.517566409597258081e-01
5.732751091703056634e-01
8.714188267394270548e-01
7.281491002570693594e-01
7.342401255558461681e-01
9.215591332768430233e-01
5.753610108303248705e-01
9.205190592051906151e-01
7.684021543985637415e-01
9.513888888888888395e-01
9.206236711552090446e-01
8.694670280036134180e-01
7.099841521394611998e-01
8.688046647230320829e-01
2.550718512256973658e-01
7.537184365271532016e-01
5.378858746492048981e-01
3.650093225605966496e-01
9.346689895470383647e-01
9.269077826169286327e-01
9.186605783866057529e-01
8.669869595058339318e-01
7.909419100754840892e-01
7.678414096916299503e-01
1.511835800615032588e-01
8.930710008554320067e-01
9.156665585468699575e-01
9.633950120675784934e-01
9.001987193640980101e-01
8.402987728970300330e-01
3.837572512271307523e-02
8.534378769601930204e-01
7.537572254335259681e-01
8.626710712600282882e-01
6.107424960505529743e-01
7.591362126245847497e-01
9.088752717928444413e-01
7.327785483125288657e-01
9.185929648241205614e-01
9.452811244979919536e-01
9.015904572564612529e-01
7.008625435859791031e-01
9.096880131362889976e-01
9.556285949055053353e-01
7.539813289401428031e-01
8.060000000000000497e-01
8.514074757729580556e-01
6.943201159931916555e-01
9.423459244532803591e-01
9.079365079365079305e-01
8.002739726027396916e-01
6.685212298682283727e-01
7.472759226713532321e-01
8.499067743940336150e-01
4.652039435530639921e-01
8.296135002721829466e-01
7.366702937976060683e-01
8.801089918256130851e-01
6.271893244370309040e-01
9.571010724731882080e-01
7.537655533726260737e-01
7.829571625978811733e-01
8.915159944367176958e-01
9.381959910913140188e-01
5.467080317132023692e-01
9.213822894168466338e-01
6.430437622468974102e-01
4.160725858716785575e-01
7.111201463712136794e-01
9.021970233876682732e-01
5.027124773960216508e-01
8.883018867924528106e-01
3.586681727717712653e-01
6.876445325404690889e-01
8.289998921134965615e-01
9.134421134421134569e-01
2.314703122905776844e-01
2.673350982932461983e-01
8.515699333967649554e-02
8.510465116279070097e-01
9.181184668989547104e-01
7.988219302220208595e-01
8.737894407997500723e-01
8.143712574850299202e-01
7.166988416988416821e-01
6.521854304635761324e-01
8.790627362055933869e-01
9.078356920952709297e-01
9.358533791523482304e-01
9.440464666021297635e-01
8.505639097744360777e-01
9.468884120171673358e-01
6.407441548646610752e-01
7.239488117001827705e-01
8.570585632099129159e-01
9.090353072004447865e-01
8.867684478371501422e-01
9.331022530329289300e-01
1.971109040074557339e-01
8.533447684391081145e-01
8.323353293413173759e-01
6.519607843137255054e-01
7.025841053144807891e-01
9.127234490010515122e-01
7.712082262210796513e-01
8.044382801664354821e-01
6.170571380414630047e-01
5.233154442456767752e-01
9.072802197802197766e-01
4.712430426716140985e-01
8.734115347018572839e-01
6.093242844496902233e-01
