4.786772794926551500e-01
8.341245863904473978e-01
7.461763748779693950e-01
6.706770912403218210e-01
5.142729090532993652e-01
6.246648793565683366e-01
3.084194977843426888e-01
8.487792071409818728e-01
9.103243587025652284e-01
9.998722860791826594e-01
5.683192261185006089e-01
2.543763924885190653e-01
7.950548237545073116e-01
4.172621735780888685e-01
3.586981790003874737e-01
4.244319110675167650e-01
8.026957269859478217e-01
7.017108945104888473e-01
7.452424800491098678e-01
9.748082595870206646e-01
7.999380253321455303e-01
0.000000000000000000e+00
6.181482620732082767e-01
7.869181380417334948e-01
6.452400325467859687e-01
9.437776373973467692e-01
9.980523696169659731e-01
9.002543315848037242e-01
6.730512249443206807e-01
9.945619335347432033e-01
2.196786854872132544e-01
9.519429753966428542e-01
4.309097830224590808e-01
9.944049599274157325e-01
1.968690702087286526e-01
9.881818181818181612e-01
4.111732669607432444e-01
2.701305528782966814e-01
2.440482119733041189e-01
1.000000000000000000e+00
4.902388903159516920e-01
5.330665543386688965e-01
6.972964963119072657e-01
4.231565329883570370e-01
9.312587087784486295e-01
7.613930233894603550e-01
9.703207276208711818e-01
9.574944071588367134e-01
9.658346610019472589e-01
8.454842219804135084e-01
9.605170387779083940e-01
9.527186761229314849e-01
9.351535836177474748e-01
8.790731354091237959e-01
5.134795362480792935e-01
6.292065452300092954e-01
9.675967596759675882e-01
1.777004962042495403e-02
6.102637205987170299e-01
7.103896103896103487e-01
8.844501718213058084e-01
9.991444460288037011e-01
9.927505330490404845e-01
9.778305621536025338e-01
8.517057131113850987e-01
1.000000000000000000e+00
6.391996109219759692e-01
6.252122241086587318e-01
8.329766865638021933e-01
4.939872671539731197e-01
9.031587697423109073e-01
8.252536640360766951e-01
3.533825487111218466e-01
3.579121789560894551e-01
9.972246891651864731e-01
9.760956175298804993e-01
9.032071655590869774e-01
8.583815028901734534e-01
7.568986598259451748e-01
6.466799516048680196e-01
8.794820717131474064e-01
2.951617144359716116e-01
6.914519906323185472e-01
9.677725118483412325e-01
7.229647630619684406e-01
9.911855442926399418e-01
5.553044002411090529e-01
7.881308929561841037e-01
6.818804824561403022e-01
8.944256756756756577e-01
8.477716841488738275e-01
6.017265313204928079e-01
7.571993224167137271e-01
8.860115606936416199e-01
3.960594518743377340e-02
6.883435582822086118e-01
8.844083067794747954e-01
9.323521395475606877e-01
7.723970944309926923e-01
5.771379086382333323e-01
9.797707349966284784e-01
6.470588235294117974e-01
8.381969610274015992e-01
8.829986099793893928e-01
7.557935112673804801e-01
9.941002949852507653e-01
9.646927995551848323e-01
6.023424532348607974e-01
7.924728896449074744e-01
9.526842584167425354e-01
9.789755351681956874e-01
1.000000000000000000e+00
9.469079044935488909e-01
3.303980274744628409e-01
2.183453237410072079e-01
9.187455452601568373e-01
7.528105677346823565e-01
8.588988476312420239e-01
7.552454102660172142e-01
7.447698744769873924e-01
9.672769770159719283e-01
7.952871870397643095e-01
8.034391534391533973e-01
9.626471782379212305e-01
8.660377358490566335e-01
8.032608695652173614e-01
7.389639476916407546e-01
9.227328182187881644e-01
7.904715238777278996e-01
9.696287964004499660e-01
3.330978868679733695e-01
6.740188579534391877e-01
7.886524501933470654e-01
5.972128034721280176e-01
9.803149606299212948e-01
5.809404296154130343e-01
5.909712722298221532e-01
8.705179282868525936e-01
5.077681345762348197e-01
9.859740259740259471e-01
9.516025641025640525e-01
1.565228458699249037e-01
6.826430603857097656e-01
5.626479873717442626e-01
1.000000000000000000e+00
9.353908278050186986e-01
6.623920086393088047e-01
5.374885578763418659e-01
8.452299245024021968e-01
6.391393442622951282e-01
3.404624277456647641e-01
9.852295409181637265e-01
4.781203598567560498e-01
6.580027359781122076e-01
4.922607530882571747e-01
9.529423419853377819e-01
8.909017713365539048e-01
5.758797978902580050e-01
4.703692480844984813e-01
8.079051383399209474e-01
7.536764705882352811e-01
6.918069808375676422e-01
6.753525098702763962e-01
4.788895315211104675e-01
7.072688313828910944e-01
6.739257101238164127e-01
7.995356037151702955e-01
5.315439808663300347e-01
6.273189952388770196e-01
9.449749886311960001e-01
7.628016480282518996e-01
2.665411511565357605e-01
8.651640964808224865e-01
6.800271739130434590e-01
6.085830558638549714e-01
7.472096976864512907e-01
7.430298409932476478e-01
8.570203906680545769e-01
9.710916698364396860e-01
3.266267342446116939e-01
1.797487065779748705e-01
7.937101385528919639e-01
5.494179894179894719e-01
1.007864565237990007e-01
1.000000000000000000e+00
9.058062022992947604e-01
9.437269372693727343e-01
8.733189887036041377e-02
8.299718185334585829e-01
7.865110911655340820e-01
6.091961004646642142e-01
4.915745606088059438e-01
7.242426119819094232e-01
4.498788279356686348e-01
8.620355073033855176e-01
3.803532542947011819e-01
6.709290316234692853e-01
9.556769884638737222e-01
8.982750995134896055e-01
9.333770922218576072e-01
8.421809712994040575e-01
9.576239122209609933e-01
9.109090909090908905e-01
9.095057034220532799e-01
9.837398373983740063e-01
9.180855088914112727e-01
7.043160204828090576e-01
8.630441220017767145e-01
8.646467155097479207e-01
9.208045254556882497e-01
8.570490478355305974e-01
7.040508871777703126e-01
9.497645211930926257e-01
4.941480129945262645e-01
9.479429051217463931e-01
9.933844932521831428e-01
9.620983246360890195e-01
9.625361746908708271e-01
9.081436014559988168e-01
7.888012405609492461e-01
8.244102798140278132e-01
9.731835205992509508e-01
1.892707849512308416e-01
8.829057658115315732e-01
9.668829350261388678e-01
9.976889613920608690e-01
7.375581811672037302e-01
9.434566714720487024e-01
2.491398062092149424e-01
6.309343862788043822e-01
9.943918682089029071e-01
2.466867254101296758e-01
9.974539125950754315e-01
7.988561043403891171e-01
9.862622113676732249e-01
8.799985203270077605e-01
9.735900673400673666e-01
9.980167102709089910e-01
9.770661530127009442e-01
9.647980641815981917e-01
9.888945549322908368e-01
5.042825260872187965e-01
7.932330827067669565e-01
8.096146385620069941e-01
9.790315281339568854e-01
9.716148023549201485e-01
6.758239182410575863e-01
5.326877853091713799e-01
8.604896952615818106e-01
2.855474452554744302e-01
9.383783783783783417e-01
9.224090559402131628e-01
8.867062141398424080e-01
9.921778969717286456e-01
9.770848618244069028e-01
9.613154843470012034e-01
8.571226980879136370e-01
9.755233494363929614e-01
3.645141245638353622e-01
8.804915811883103904e-01
2.745864661654135452e-01
8.647113131169661404e-01
8.266903519484845031e-01
9.994427934621099574e-01
9.998025276461295352e-01
8.078947368421052211e-01
7.338325391422736432e-01
9.077743902439023849e-01
9.445583358456436374e-01
1.349338298862804986e-01
7.243461509965177791e-01
8.899355478433317312e-01
9.958949837603753297e-01
9.868239121594144514e-01
7.369511184755592748e-01
9.174957906015612785e-01
6.889656495874112441e-01
9.860838762730090856e-01
9.945261138229734010e-01
9.846128927761580441e-01
5.142685097916012138e-01
7.047555158020274435e-01
9.119283813210742329e-01
9.696043055470613403e-01
9.992398520245274751e-01
8.381601362862010074e-01
9.417989417989417467e-01
9.197233543287637314e-01
9.969760715224822434e-01
8.926740080699394619e-01
8.768424218985002572e-01
5.922451532207629876e-01
9.341574167507568083e-01
8.202758864621098045e-01
9.236872096081353289e-01
7.393868939981055322e-01
9.343448275862068497e-01
9.627229393176583994e-01
7.010577705451587205e-01
9.998548561001907586e-01
9.840621015525388149e-01
7.626836475631580958e-01
9.476917613636363091e-01
7.519694792647277914e-01
9.391070540919156384e-01
9.932978513699980416e-01
9.413940256045518762e-01
7.940446650124070027e-01
9.664005144418841287e-01
9.229629629629629850e-01
7.010694631917765429e-01
9.994334099279171824e-01
7.802685565087653652e-01
3.159946970287764167e-01
8.718394648829431715e-01
4.016164854800193668e-02
8.084539952501340609e-01
4.173968921602991267e-01
7.752802411683787920e-01
3.542533818938605750e-01
8.968175999523682052e-01
7.526460909010050937e-01
9.743712804760991109e-01
6.652133643571961352e-01
9.704119566042029854e-01
7.615321558983531025e-01
8.316717791411042393e-01
7.746327205599569110e-01
8.842411675572214858e-01
9.910851521672302544e-01
8.943911066195048276e-01
9.861597200127266705e-01
4.195390577197634085e-01
9.835349120845614523e-01
9.922879177377892379e-01
2.156201780415430147e-01
8.247698635503035725e-01
9.919109026963657261e-01
5.905099858969109494e-01
6.524705996225136362e-01
9.610182780418483617e-01
8.132166398936464535e-01
7.970519183333828472e-01
8.922603106588109512e-01
9.933336463076850587e-01
4.591442635365391989e-01
9.198209388989148083e-01
8.056799310504298983e-01
9.858308948097951330e-01
9.403830247502703577e-01
9.997496244366549378e-01
9.997633696166587924e-01
7.259576830547159743e-01
8.310996563573883611e-01
9.751318764129616179e-01
9.945887445887445777e-01
9.977283790361837212e-01
8.056727056727056580e-01
9.844771741123266029e-01
8.708725254830965712e-01
8.414298808432630894e-01
6.831204518854002705e-01
9.994133176884717473e-01
9.307617355419269822e-01
6.550283220354722324e-01
9.910498409331919278e-01
9.527456411927651692e-01
7.413364718190139646e-01
9.012217066010038691e-01
7.120829295306658757e-01
9.306829379216251530e-01
9.836757010075763974e-01
9.820285573609059959e-01
8.490475810950824931e-01
9.285714285714286031e-01
9.780734916074398377e-01
9.716821218466447085e-01
5.920630018529956518e-01
9.984555693675367660e-01
9.984276729559747876e-01
8.001023017902813006e-01
8.952951839492440111e-01
9.803261254874158226e-01
7.268126471914616582e-01
9.780708985985160364e-01
8.510380971578310749e-01
7.857326368073991318e-01
5.996406517112653489e-01
6.996688164545930011e-01
8.879440258342303771e-01
9.408812046848856747e-01
5.702457859953961039e-01
8.552188552188552118e-01
4.196273969088693545e-01
5.837892693258029952e-01
4.796271144585751434e-01
9.965045440926795228e-01
9.682774049217002243e-01
1.417421273145019478e-01
9.712918660287080952e-01
1.000000000000000000e+00
7.432146920201527784e-01
9.663889533120439967e-01
9.085852225020990547e-01
9.211184360081836608e-01
7.967360042806501674e-01
9.527586206896552223e-01
5.709087073466588835e-01
8.830371567043618919e-01
5.909480408195061374e-01
9.934799029936787207e-01
7.480910082593111854e-01
7.709933774834436537e-01
8.698078920041536488e-01
9.506806282722513046e-01
8.874379733611909016e-01
9.063089291031197758e-01
9.797226086589941874e-01
9.775418154482240496e-01
4.021069147147820488e-01
9.446207726824997764e-01
5.442783569903278940e-01
9.931586851326548171e-01
5.610844200411805316e-01
9.104154645124061807e-01
3.117341695433344800e-02
9.378451543042771732e-01
9.729547665976397974e-01
7.055137844611528708e-01
8.333487725798981449e-01
9.983206646632490910e-01
3.128552824689418421e-01
9.544764795144158320e-01
6.458449972006717887e-01
8.340657595171281358e-01
9.063817824008996160e-01
7.537816886654096216e-01
8.811144833620430106e-01
6.790892902569320988e-01
7.123587927836789735e-01
3.963114114315024472e-01
7.872330482732837753e-01
5.941105562252454453e-01
6.815551755704095382e-02
6.416036717062635342e-01
8.504728523245816962e-01
8.422685085772910751e-01
9.373134328358209144e-01
9.009352517985611541e-01
8.291871058163979846e-01
9.307444211994421179e-01
9.646904861848440982e-01
8.714747356051704141e-01
9.471740982675376230e-01
3.352186552072800585e-01
9.744364070510569409e-01
8.286706004859424324e-01
9.746192893401015578e-01
8.718771600671472166e-01
8.547245857590685114e-01
9.759193357058125740e-01
7.858012170385395567e-01
6.697429136453526555e-01
7.681124303368064288e-03
1.000000000000000000e+00
9.299859620976637098e-01
9.888081008032281183e-01
9.727230698104484263e-01
6.329965540683091252e-01
9.204432447790878991e-01
9.956404302705776921e-01
9.177557236906750404e-01
8.490902604352479344e-01
9.993796526054590235e-01
5.219913001449976164e-01
8.941647597254004376e-01
5.758157389635316648e-01
9.992862241256245115e-01
8.978723404255318785e-01
6.592398427260812710e-01
8.972602739726027732e-01
9.073233959818535199e-01
8.890365448504983226e-01
3.255714590899380645e-01
6.653404067197170590e-01
9.816326530612244916e-01
9.813186813186812740e-01
6.212121212121212155e-01
8.971229293809939165e-01
5.973095737246680859e-01
8.833560709413369461e-01
7.560177611591493152e-01
7.483651582526811286e-01
9.275678294573643790e-01
7.620767494356659455e-01
9.367019831567509058e-01
7.825403949730700415e-01
9.685821697099892269e-01
9.396551724137931494e-01
8.865698729582577320e-01
7.400950871632329120e-01
8.804664723032069595e-01
3.419273034657649979e-01
7.768703716520174440e-01
5.970065481758652925e-01
6.335347432024168723e-01
9.588801399825022109e-01
9.969481180061037229e-01
9.704734323847897803e-01
9.997625267157445039e-01
8.004594683295044311e-01
7.837004405286344122e-01
1.000000000000000000e+00
9.148571428571428132e-01
9.272727272727272485e-01
9.737055016181229705e-01
9.245450510430537339e-01
8.990575396825396526e-01
6.485200059497248093e-02
9.971771347918136907e-01
8.175858079444658921e-01
9.610793980280227800e-01
6.575039494470774626e-01
7.751937984496124479e-01
9.167819727218817771e-01
7.554322699953768261e-01
9.291101055806938458e-01
9.627204030226700349e-01
9.210000000000000409e-01
7.471095613874105812e-01
9.893009985734664280e-01
9.801184433164128462e-01
7.660626029654036273e-01
8.378378378378378288e-01
9.207317073170732113e-01
7.287189685034318742e-01
9.900627615062761455e-01
9.297124600638977387e-01
8.496198254012954365e-01
6.969253294289897704e-01
7.543057996485061922e-01
8.586078309509012074e-01
5.231007152522714199e-01
8.435541019351321390e-01
8.204570184983678294e-01
9.232922732362821572e-01
6.772310258548790429e-01
9.596222728752848985e-01
7.697009386596812552e-01
8.274735830931796432e-01
9.081419624217118569e-01
9.630252100840336338e-01
6.239227852464667157e-01
9.346405228758170036e-01
7.994023160254015714e-01
4.604666234607906472e-01
7.340245307311784595e-01
9.574309185959671842e-01
6.220614828209765079e-01
9.457601222307104871e-01
9.838317355844898859e-01
7.291047241493228137e-01
9.889140841521794068e-01
9.929197572488199786e-01
9.960113960113959886e-01
3.071875176026587217e-01
2.328470239983084777e-01
8.959181300151179972e-01
9.285714285714286031e-01
8.377392889699180056e-01
9.555260537670096088e-01
8.529945553539020064e-01
8.083976833976833642e-01
6.776158940397351005e-01
9.037149355572403620e-01
9.241427086941461644e-01
9.845422116527943190e-01
9.755118426334805637e-01
8.750000000000000000e-01
9.495166487647690445e-01
7.040140786055476552e-01
8.007312614259597394e-01
8.898876404494382442e-01
9.170975813177647540e-01
9.205128205128204621e-01
9.425487465181058289e-01
9.931921331316188040e-01
8.945111492281303534e-01
1.000000000000000000e+00
7.095588235294117974e-01
7.952218430034129204e-01
9.426751592356688025e-01
8.336192109777015302e-01
8.458333333333333259e-01
6.598685319399966165e-01
5.617173524150268493e-01
9.210164835164834640e-01
5.157699443413729101e-01
9.007820136852394688e-01
6.568309235762761489e-01
