7.285210260322303455e-01
7.885273972602739878e-01
8.511407662505381388e-01
0.000000000000000000e+00
4.047783591667489245e-01
4.259850905218317760e-03
1.181507629241630580e-01
8.552771855010661284e-01
6.338317209029610266e-01
9.413541404480241237e-01
6.988321167883211338e-01
0.000000000000000000e+00
3.649461973372241652e-01
6.897243107769424064e-01
2.591553308168934033e-01
2.705036878270188350e-01
0.000000000000000000e+00
8.252215230512391919e-01
2.519737947253485877e-01
0.000000000000000000e+00
4.163295329165134229e-01
2.969957081545064326e-01
3.967457963949137523e-01
7.467418104966537518e-02
7.771907660503043491e-01
7.642522522522522399e-01
6.174539427551475335e-01
0.000000000000000000e+00
2.147109272525476731e-01
9.760070715999494828e-01
6.923396880415944032e-01
9.009859005618573446e-01
6.734894383494350878e-01
6.917122183955258796e-01
8.278100287973670923e-01
7.667450841138088169e-01
0.000000000000000000e+00
2.067967569638031189e-01
5.777255601020945402e-02
5.005393743257821049e-01
6.812140448323745767e-01
3.946951469984155692e-01
5.201195963622773366e-02
6.182871328092677254e-01
8.075815738963532109e-01
9.262485481997677628e-01
6.231990231990232054e-01
9.367174940322502419e-01
8.281079110462996606e-01
8.303726169844021232e-01
6.026052203088765324e-01
9.799388762636157546e-01
2.051061836352279788e-01
9.297573435504470352e-01
9.197645600991325443e-01
9.739084132055377818e-01
9.370816599732262331e-01
9.666893269884432316e-01
0.000000000000000000e+00
9.760248375783361352e-01
9.319060362771335315e-01
8.685739830129638461e-01
7.617035472033803489e-02
9.171171171171170755e-01
9.631712116952487746e-01
9.400549954170486222e-01
7.409491193737769432e-01
9.456956956956956706e-01
8.411418609718892547e-01
9.024411738785581560e-01
9.423181995576948022e-01
9.075331393469123764e-01
9.474651956921460449e-01
9.042888296583474483e-01
7.616511318242343842e-01
8.200063714558776251e-01
9.462232321145769287e-01
9.275665620276711820e-01
9.531667071099247934e-01
0.000000000000000000e+00
9.679016049197539662e-01
1.716365911579426362e-01
8.770662592026670090e-01
9.280554752961571729e-01
8.632804657699256756e-01
8.653552653891809499e-01
6.651754385964911975e-01
8.884900693945919636e-01
8.653548529736900807e-01
7.257389187962790533e-01
0.000000000000000000e+00
9.450452324009566141e-01
4.484889243831701178e-01
0.000000000000000000e+00
7.952921395544346739e-01
8.908522788492618805e-01
7.846966224967619752e-01
9.102365949352039243e-01
6.459918080748976443e-01
1.118170266836086418e-01
6.771464570708586317e-01
1.190075465551875822e-01
6.199173733420308974e-01
9.534276903613505549e-01
7.680204125026578454e-01
3.186528497409326643e-01
1.884139167460361919e-01
5.625889967637540678e-01
5.387260971247764818e-01
8.008004669390478281e-01
9.071019274179544789e-01
6.151500365942912385e-01
5.611606156565284165e-01
1.397486507618666274e-01
3.573639177134534939e-01
7.530650620534035111e-01
4.515911769658191854e-01
8.529822926374650560e-01
0.000000000000000000e+00
7.517600244872971738e-01
8.650856389986825157e-01
0.000000000000000000e+00
7.540930194672965658e-01
6.542461995656646545e-01
4.563891178895300715e-01
4.059603309080035971e-01
2.137327499158532540e-01
1.395524978697888774e-01
8.845160840136766511e-01
9.113511310372937047e-01
9.356207994340289824e-01
7.498071483671895354e-01
3.122368554009902764e-01
5.540381948148938029e-01
9.281315513626834379e-01
9.059355869044450893e-01
8.383911717729054525e-01
8.117466016927417094e-01
0.000000000000000000e+00
6.374077112387203092e-01
8.195628010374212957e-01
4.816110227874933480e-01
8.366966780502949064e-02
6.630546955624354588e-01
8.352359208523592038e-01
8.281399553334042318e-01
6.876614589740435157e-01
8.721546961325966629e-01
4.329605579605579346e-01
3.166926303175554014e-01
7.870312984195847461e-01
7.089893346876586788e-01
7.917573486872916400e-01
7.960794808322740890e-01
8.671449328005811363e-01
9.478863788861552342e-01
8.049247606019152013e-01
8.718656918494448460e-01
5.240761478163493692e-01
2.519713261648745539e-01
7.550954383694596928e-01
7.593107617896009964e-01
0.000000000000000000e+00
7.272727272727272929e-01
9.237629649203937809e-01
8.824226945179238779e-01
6.940032931428268270e-01
9.333772001974008914e-01
8.724679029957204124e-01
3.934296770117665654e-01
9.244048447723792750e-01
9.604776119402984591e-01
6.384745037860682926e-01
8.341399032116145751e-01
9.686402995553475836e-01
7.909624266633379364e-01
4.093521998673446682e-01
9.268379728765168135e-01
4.210342417889587630e-01
8.863918549788925016e-01
9.143789073117695176e-01
3.786615943282033436e-01
8.895159709974524986e-01
7.962833449895094784e-01
5.712452610090404947e-01
8.909366704588547181e-01
9.783072546230441313e-01
8.319141803553469217e-01
7.926167209554831894e-01
8.290370370370370168e-01
8.909494832415725263e-01
8.946566823200914342e-01
9.689137624014245720e-01
6.073603388933015435e-01
4.856532217725433309e-01
0.000000000000000000e+00
