7.071235347159603446e-01
8.050468050468050363e-01
8.570007460830638690e-01
1.015950697843030631e-01
3.921344024436808073e-01
5.973527719163629346e-01
1.140771361977219733e-01
7.647977288857346068e-01
7.615404233613873863e-01
9.464151698604092999e-01
6.553045859000684592e-01
1.317102374775493967e-01
3.349794927596886351e-01
5.493596584845250597e-01
2.710304041472388903e-01
2.652613358884802208e-01
2.229516318820833412e-03
5.743518598803433184e-01
2.552235758524467601e-01
0.000000000000000000e+00
3.800332778702162906e-01
2.853137626783210923e-01
4.101041549646129991e-01
1.241874786178583656e-01
7.509279046226521315e-01
7.097161936560935080e-01
5.556320256939665247e-01
8.222811671087533192e-01
2.002446598287381252e-01
9.693788276465441500e-01
6.747109438020972849e-01
8.884983199793228259e-01
6.692400847714199408e-01
6.406313107776431259e-01
7.820457488131203894e-01
7.516491197413830427e-01
3.011705156596013871e-02
2.053698205757067130e-01
5.733815842380377698e-02
3.212568130811157552e-01
5.902578796561605001e-01
4.020422702445974883e-01
5.303439296262187075e-02
5.958524616115244976e-01
7.213114754098360892e-01
8.978930307941652700e-01
7.223934002584235792e-01
9.310744280335939704e-01
5.850682528788225811e-01
7.940719245517670055e-01
6.012686236908098003e-01
9.805320716667959013e-01
2.003355448791275806e-01
9.184720638540478932e-01
9.147083750674166458e-01
9.653445776782184629e-01
8.641975308641974829e-01
8.755364806866953176e-01
0.000000000000000000e+00
9.674318670134569587e-01
9.043321299638988897e-01
8.177339901477832518e-01
7.648076815720426802e-02
9.176062445793582434e-01
9.584681769147788133e-01
8.880100665108754399e-01
7.458233890214797102e-01
9.241293532338308303e-01
7.909379968203497091e-01
8.929972965902154280e-01
9.224942309621751990e-01
8.753183306480951664e-01
9.495155532891381700e-01
8.915432393693263347e-01
7.718416090509113703e-01
7.743235463442716959e-01
9.301491729526772945e-01
8.831713780918727386e-01
9.349027143886620150e-01
7.274940311783156810e-02
9.540305488562449421e-01
1.775783433867882954e-01
8.833107191316146301e-01
9.226498181121960407e-01
8.513165709760442956e-01
8.716320716320716810e-01
6.818394919660742959e-01
8.907367564110019176e-01
8.397617697107203627e-01
7.295041116371792089e-01
5.503772747447847197e-03
9.309791332263241959e-01
4.425733128707121655e-01
2.065037663053463091e-01
8.532776285685864659e-01
8.898404255319148914e-01
8.257444764649375379e-01
9.320822162645219233e-01
8.084677419354838745e-01
1.148933492732649581e-01
6.339381003201707276e-01
1.154565326169971762e-01
6.492624429587180446e-01
9.355686032138442743e-01
7.939369111020073699e-01
3.845437616387337165e-01
1.904249596557288926e-01
7.055479763528876846e-01
4.844498941032214789e-01
8.130000824878330645e-01
8.942088618356173191e-01
5.779527258135401802e-01
5.875804236246656709e-01
1.392436477483152968e-01
3.529021558872305064e-01
7.014597080583883093e-01
4.056342249194575533e-01
8.640070531188009939e-01
3.652694610778443041e-01
7.801113172541743745e-01
8.683880671847581389e-01
0.000000000000000000e+00
7.741376594739328709e-01
7.076889327629702908e-01
4.559218719276397769e-01
3.919491525423728917e-01
2.292168424549456129e-01
1.584972327883037990e-01
8.805361708008014876e-01
8.105254046567991200e-01
9.109303207857353257e-01
7.287631600096440287e-01
3.016881699723987231e-01
5.482394493098352584e-01
9.060748853795211888e-01
9.014173560250803297e-01
8.022556390977443330e-01
7.890758351621556255e-01
0.000000000000000000e+00
5.960547945205479925e-01
7.888019180593752733e-01
4.388838337882923768e-01
1.040992022747018464e-01
6.796756208819056955e-01
7.741709071766976757e-01
8.134025974025973493e-01
7.505107832009080271e-01
8.875605815831987266e-01
4.413707312738797128e-01
3.155871708473730330e-01
7.709080158172881836e-01
7.462560045210511195e-01
7.650619775151340507e-01
7.706011960969467722e-01
8.849850252559117170e-01
9.480423358744726192e-01
8.983908045977011536e-01
8.431851236235196057e-01
5.358580911959952564e-01
2.600546661460367281e-01
7.670551670551670753e-01
7.198568466498139751e-01
1.265952016334864760e-01
7.297198091276153598e-01
9.044158025648479926e-01
8.964311334289813971e-01
6.815119273692151758e-01
9.539251886338095954e-01
8.792319353208690735e-01
4.483848858033562812e-01
9.055443282664089599e-01
9.407983168721875122e-01
6.303084488153777309e-01
8.752444270629644585e-01
9.590562109646079136e-01
8.040721041611513797e-01
4.229066519731717322e-01
9.120521172638436092e-01
3.486437613019891524e-01
8.670660131905366663e-01
9.112946912242686492e-01
3.904857000213964868e-01
8.739233173260156917e-01
8.313615023474177912e-01
5.911038686704086498e-01
8.682764603817235693e-01
9.737762237762237483e-01
8.257580828703393605e-01
7.374965460071842838e-01
7.515872485464144548e-01
8.610359309379375103e-01
9.071024512884977575e-01
9.682919533353275821e-01
6.086092177864329544e-01
4.849915989282957418e-01
0.000000000000000000e+00
