5.469382061654345373e-01
6.737057220708446703e-01
7.497824194952131815e-01
5.351601661335752408e-02
2.438850629304203377e-01
4.258752735229759390e-01
6.048876037683052070e-02
6.191680073546310670e-01
6.149093904448105219e-01
8.982809383607179843e-01
4.873256642573551844e-01
7.049775688955350894e-02
2.011864065956163183e-01
3.787014897921647805e-01
1.567583402260821490e-01
1.529114104482930669e-01
1.116002232004464087e-03
4.028706969954993222e-01
1.462786706194414144e-01
0.000000000000000000e+00
2.345932621199671442e-01
1.663941521592767203e-01
2.579440384382444273e-01
6.620463250045595383e-02
6.011886002431228171e-01
5.500465790290860468e-01
3.846886912325285790e-01
6.981981981981981722e-01
1.112621562271253750e-01
9.405772495755517770e-01
5.091047425817905037e-01
7.993675006976095343e-01
5.029006938914799552e-01
4.712711980618914942e-01
6.420978029766123418e-01
6.021136618141097463e-01
1.528875184685552814e-02
1.144357332949723083e-01
2.951525437761311557e-02
1.913674560733384378e-01
4.186991869918699205e-01
2.515975627879328269e-01
2.723951197233639987e-02
4.243517474633596298e-01
5.641025641025640969e-01
8.147058823529411686e-01
5.654271044032985749e-01
8.710376591709564353e-01
4.134957421580252035e-01
6.584737023031970171e-01
4.298671166420586220e-01
9.618076688983566713e-01
1.113182761981439950e-01
8.492356352134949882e-01
8.428226607979554252e-01
9.330106979113601540e-01
7.608695652173913526e-01
7.786259541984732468e-01
0.000000000000000000e+00
9.369181907786661156e-01
8.253706754530477641e-01
6.916666666666666519e-01
3.976085442303227413e-02
8.477564102564102422e-01
9.202485758674262550e-01
7.985774329130294058e-01
5.946717411988582391e-01
8.589595375722542947e-01
6.541748849441156866e-01
8.066803214116905485e-01
8.561385539364030350e-01
7.782809611829945018e-01
9.038834951456310440e-01
8.043103448275862322e-01
6.284544524053223835e-01
6.317519962423673308e-01
8.694195017073479415e-01
7.907850504251532353e-01
8.777627424447451698e-01
3.774776525456665505e-02
9.121017328116266532e-01
9.744086542342778046e-02
7.910085054678007710e-01
8.564066109827617179e-01
7.411237504308858526e-01
7.724715048333573586e-01
5.172659079151578077e-01
8.029985321870413140e-01
7.237839159129797473e-01
5.741884868098460215e-01
2.759480149546020885e-03
8.708708708708708945e-01
2.841695962501331607e-01
1.151403400942429822e-01
7.441013185287994602e-01
8.015428105984380158e-01
7.032068062827224741e-01
8.728033472803347070e-01
6.785109983079525842e-01
6.094793057409880060e-02
4.640624999999999889e-01
6.126498784203024406e-02
4.806725329981144101e-01
8.789374364929597450e-01
6.582880434782608647e-01
2.380403458213256607e-01
1.052318668252080897e-01
5.450553311083786712e-01
3.196528390703147759e-01
6.849200833912438835e-01
8.086598191770711930e-01
4.064230045686643145e-01
4.160098270037874690e-01
7.483174655285620980e-02
2.142569472412404474e-01
5.401909454881429484e-01
2.544172932330827086e-01
7.605743112145906260e-01
2.234432234432234543e-01
6.394938557002068924e-01
7.673903411608329339e-01
0.000000000000000000e+00
6.315045612231787731e-01
5.476150059412663307e-01
2.952712454367942829e-01
2.437417654808959055e-01
1.294437670012194008e-01
8.606950562897699997e-02
7.865695593136650121e-01
6.814146412458157442e-01
8.364297878928627084e-01
5.732709571374383639e-01
1.776400332602615373e-01
3.776376545355245584e-01
8.282787123813959429e-01
8.205275779376498546e-01
6.698053986189579367e-01
6.516310914216673078e-01
0.000000000000000000e+00
4.245570213098118773e-01
6.512575687005123237e-01
2.811346415387604436e-01
5.490751541409764902e-02
5.147792706333973456e-01
6.315488119095333808e-01
6.854916382103143357e-01
6.006540697674418450e-01
7.978507115887307766e-01
2.831787777439951359e-01
1.873573778265121559e-01
6.272175115761621234e-01
5.952219968447148846e-01
6.195144724556489457e-01
6.268114086742793134e-01
7.936978832584989929e-01
9.012171955252233913e-01
8.155258764607679067e-01
7.288850972116205362e-01
3.659878103166344654e-01
1.494614003590664375e-01
6.221325938996723481e-01
5.623252717994231542e-01
6.757493188010899043e-02
5.744557888653438749e-01
8.255100837362896460e-01
8.123019419842366640e-01
5.168889590403282774e-01
9.119091467157764974e-01
7.844905320108205293e-01
2.889794522499928853e-01
8.273924213230571256e-01
8.882145221805340940e-01
4.601827676240208831e-01
7.781641168289290533e-01
9.213333333333333375e-01
6.723416244063430414e-01
2.681557515300467265e-01
8.383233532934131205e-01
2.111257117827420038e-01
7.653279213843195983e-01
8.370444085085209096e-01
2.426108920104577404e-01
7.760779800988288901e-01
7.113932187048047640e-01
4.195510623714873155e-01
7.672160470167369573e-01
9.488926746166950199e-01
7.032265420134534706e-01
5.841540818559859405e-01
6.020342612419700146e-01
7.559816453621763799e-01
8.299976995629169130e-01
9.385329080893012321e-01
4.374107012684064766e-01
3.201246927642227846e-01
0.000000000000000000e+00
