5.371462704397820254e-01
7.927991528415108125e-01
8.830865728247392354e-01
7.632256786209629107e-01
7.294792586054722472e-01
7.932459134183581506e-01
8.337546388425751687e-01
8.339828526890101790e-01
6.700998555548577373e-01
7.743691241959426153e-01
8.840088180430727416e-01
8.662978446441534919e-01
6.782318598832359768e-01
6.927772932688496255e-01
4.504116032928263680e-01
0.000000000000000000e+00
7.289755845497997155e-01
7.084680025856496810e-01
8.743188010899182183e-01
8.691210895935305158e-01
8.169858207864347799e-01
6.310345935181318477e-01
6.858898605530607817e-01
9.165816089820915114e-01
7.070847046596223651e-01
8.767080502850004287e-01
9.323499681779042758e-01
3.502107508976426975e-01
8.944896510294358949e-01
7.592181252776544209e-01
8.028548949083961217e-01
8.550030883261272585e-01
7.374832500913631739e-01
8.290472903003106575e-01
2.966910594972955728e-01
8.230779963722617554e-01
7.168821774120626156e-01
7.315776757670935382e-01
7.516491684474588819e-01
6.937022900763358813e-01
8.864925425390378644e-01
5.587947564077480056e-01
4.080555799841702469e-01
8.364269141531323060e-01
9.022103148024112063e-01
8.398778359511344105e-01
8.511877135985823628e-01
8.869127252695364616e-01
5.764490071766484869e-01
8.745760842592847917e-01
9.313800059525777497e-01
8.051827427669159265e-01
8.854574390296356956e-01
8.811059907834101201e-01
4.765074393108849060e-01
9.467266366816591283e-01
6.784529184572702931e-01
5.808397880146759507e-01
8.594827041042180094e-01
9.136223967224308407e-01
9.183621494665950014e-01
8.838776083091606228e-01
8.949227373068432412e-01
9.635186066083647471e-01
4.662294327465194010e-01
8.524866197606590923e-01
7.788533134772896993e-01
8.392394122731201556e-01
7.350478468899521722e-01
8.948021997516409920e-01
4.926402086826905391e-01
6.344061125260477274e-01
8.758930544302865329e-01
8.293825645602097563e-01
5.559801609886982909e-01
8.032568467801628476e-01
2.473067022595099584e-01
9.097449313276650962e-01
9.277056484453600760e-01
9.606515760524645398e-01
9.082060128141942190e-01
8.458538675808870977e-01
7.046188630490956006e-01
7.443768996960485884e-01
8.482789855072463414e-01
7.611940298507462455e-01
8.032786885245901676e-01
8.148074236679305749e-01
8.888122142672302273e-01
9.736376851451695735e-01
7.859337657903721075e-01
8.789417423837520005e-01
9.147215160619366348e-01
9.365180738280750594e-01
6.255585344057194019e-01
7.326026000509814340e-01
3.504761904761904967e-01
9.652023121387283133e-01
8.547631441957314058e-01
8.255046971816909496e-01
1.453889419505465241e-01
7.322475570032572767e-01
7.086889061287819924e-01
8.207645396400417015e-01
9.401518987341772604e-01
9.265617548879351295e-01
7.590340208002820388e-01
8.615177519771158865e-01
8.966278773464707585e-01
9.537529297433259279e-01
9.269944806823883221e-01
8.861661840053464134e-01
7.897965773329027606e-01
6.367455228830422032e-01
9.391316295685627757e-01
9.008683884064508929e-01
8.693413430594293390e-01
9.300026587387909549e-01
9.660752728082547813e-01
3.465423465423465577e-01
9.793873279634680573e-01
8.081242145376413832e-01
8.879684816648146795e-01
9.225961784744634020e-01
7.920210611583636817e-01
7.952426003513988206e-01
6.290204141577324659e-01
4.914986853637160480e-01
9.270363769787189900e-01
9.008200526071483694e-01
9.625948208213445101e-01
9.027389603130240303e-01
8.723879082978291954e-01
8.328018223234624484e-01
7.772139232363662886e-01
7.345347244177468093e-01
3.803680981595092270e-01
4.913217623497997399e-01
7.994384275972723497e-01
8.476892163429337046e-01
1.872053872053872081e-01
8.718798931564889498e-01
7.285731035291358459e-01
9.278796552068425685e-01
9.223817729274363941e-01
8.278981496125257245e-01
9.353623188405797428e-01
7.269000075924378912e-01
6.596537728816367352e-01
6.517915309446253858e-01
6.393224440411373610e-01
6.193280457500766056e-01
8.429313819068829927e-01
7.077094764251836700e-01
8.732067816258513027e-01
5.385899949175924073e-01
4.883925947693211755e-01
5.145413870246084986e-01
6.529013883944464469e-01
8.561276233482622011e-01
7.177664974619288873e-01
8.249154576197229582e-01
8.019019863486464006e-01
8.154455779445241026e-01
5.535800096107640345e-01
8.598130841121495171e-01
8.809662790175564195e-01
7.386614366266242016e-01
9.310584152689416193e-01
9.377322715206674042e-01
6.477611940298507731e-01
9.264486517498565776e-01
8.791163176828705739e-01
0.000000000000000000e+00
8.898046944991936380e-01
5.673925838728663962e-01
7.858805695414433634e-01
9.047394957983193597e-01
8.642327438676554729e-01
8.083692599770596621e-01
8.752615776544445669e-01
9.076446980320100888e-01
8.832656958701360361e-01
9.264296247747009216e-01
8.229423201555411405e-01
6.718160919540230314e-01
8.278512824303347895e-01
9.053190443417559186e-01
8.596982112521235342e-01
9.697988286223580001e-01
9.346565192610721828e-01
9.247698377904427502e-01
9.650228649116302515e-01
8.379904036127575617e-01
8.662855408276839420e-01
5.408236536430833796e-01
