9.053649902343750000e-01
9.938049316406250000e-01
9.881896972656250000e-01
9.394683837890625000e-01
9.876861572265625000e-01
9.841156005859375000e-01
9.794464111328125000e-01
9.924774169921875000e-01
9.809722900390625000e-01
9.758300781250000000e-01
9.466094970703125000e-01
9.650421142578125000e-01
9.826507568359375000e-01
9.816284179687500000e-01
9.246520996093750000e-01
9.658508300781250000e-01
9.546661376953125000e-01
9.860992431640625000e-01
9.920043945312500000e-01
9.826202392578125000e-01
9.693145751953125000e-01
9.563446044921875000e-01
9.530029296875000000e-01
9.320678710937500000e-01
9.113922119140625000e-01
9.777374267578125000e-01
9.908905029296875000e-01
9.965057373046875000e-01
8.373107910156250000e-01
9.938201904296875000e-01
9.326629638671875000e-01
9.687347412109375000e-01
9.603881835937500000e-01
9.227905273437500000e-01
9.534912109375000000e-01
8.586883544921875000e-01
7.671966552734375000e-01
9.530334472656250000e-01
9.863586425781250000e-01
9.913787841796875000e-01
9.915313720703125000e-01
9.459991455078125000e-01
9.943237304687500000e-01
9.833068847656250000e-01
9.954681396484375000e-01
9.970550537109375000e-01
9.420013427734375000e-01
9.824066162109375000e-01
9.908447265625000000e-01
9.884796142578125000e-01
9.000091552734375000e-01
9.920043945312500000e-01
9.821319580078125000e-01
9.944610595703125000e-01
9.871826171875000000e-01
9.972991943359375000e-01
9.988555908203125000e-01
9.983520507812500000e-01
9.567871093750000000e-01
9.878082275390625000e-01
9.970397949218750000e-01
9.924621582031250000e-01
9.637603759765625000e-01
9.981536865234375000e-01
9.969024658203125000e-01
9.977874755859375000e-01
9.936218261718750000e-01
9.969329833984375000e-01
9.944763183593750000e-01
9.864807128906250000e-01
9.373016357421875000e-01
9.939117431640625000e-01
9.916992187500000000e-01
9.972686767578125000e-01
9.901275634765625000e-01
9.822540283203125000e-01
9.679412841796875000e-01
9.959411621093750000e-01
9.940185546875000000e-01
9.392242431640625000e-01
9.946136474609375000e-01
9.869232177734375000e-01
9.798583984375000000e-01
9.898834228515625000e-01
9.975128173828125000e-01
9.882507324218750000e-01
9.580535888671875000e-01
9.683227539062500000e-01
9.750823974609375000e-01
8.910980224609375000e-01
9.790344238281250000e-01
9.376678466796875000e-01
9.841308593750000000e-01
9.261779785156250000e-01
9.789886474609375000e-01
9.593048095703125000e-01
9.616088867187500000e-01
9.733428955078125000e-01
9.705200195312500000e-01
9.205474853515625000e-01
9.814605712890625000e-01
9.962310791015625000e-01
9.682312011718750000e-01
8.475036621093750000e-01
9.754333496093750000e-01
8.454895019531250000e-01
7.363891601562500000e-01
9.685211181640625000e-01
9.721069335937500000e-01
9.807586669921875000e-01
9.724884033203125000e-01
9.234161376953125000e-01
9.479522705078125000e-01
9.739379882812500000e-01
9.532318115234375000e-01
9.398956298828125000e-01
9.738922119140625000e-01
9.539337158203125000e-01
9.870605468750000000e-01
9.692687988281250000e-01
8.107757568359375000e-01
9.732208251953125000e-01
9.767150878906250000e-01
9.870300292968750000e-01
9.772644042968750000e-01
9.457397460937500000e-01
9.568176269531250000e-01
9.622039794921875000e-01
9.807128906250000000e-01
9.808197021484375000e-01
9.716033935546875000e-01
9.709777832031250000e-01
8.905944824218750000e-01
9.366912841796875000e-01
9.801025390625000000e-01
9.736175537109375000e-01
9.573516845703125000e-01
9.618225097656250000e-01
9.889984130859375000e-01
9.243774414062500000e-01
9.839935302734375000e-01
9.554595947265625000e-01
9.762573242187500000e-01
9.836425781250000000e-01
9.872436523437500000e-01
9.638214111328125000e-01
9.731445312500000000e-01
9.763793945312500000e-01
9.129333496093750000e-01
9.071197509765625000e-01
9.364776611328125000e-01
9.815521240234375000e-01
9.442749023437500000e-01
9.466552734375000000e-01
9.617004394531250000e-01
9.797821044921875000e-01
9.844818115234375000e-01
9.212646484375000000e-01
9.726409912109375000e-01
9.638214111328125000e-01
8.085784912109375000e-01
9.054718017578125000e-01
9.923553466796875000e-01
9.686431884765625000e-01
9.725799560546875000e-01
9.663543701171875000e-01
9.777374267578125000e-01
9.936065673828125000e-01
9.886322021484375000e-01
9.777221679687500000e-01
7.772216796875000000e-01
9.945526123046875000e-01
9.880981445312500000e-01
9.934997558593750000e-01
9.936828613281250000e-01
8.968963623046875000e-01
9.255676269531250000e-01
9.879760742187500000e-01
9.902038574218750000e-01
9.787902832031250000e-01
9.851989746093750000e-01
9.088287353515625000e-01
9.674835205078125000e-01
9.693145751953125000e-01
9.450836181640625000e-01
9.229278564453125000e-01
9.973144531250000000e-01
9.843139648437500000e-01
9.810180664062500000e-01
9.692687988281250000e-01
9.848022460937500000e-01
9.865264892578125000e-01
9.896087646484375000e-01
9.651794433593750000e-01
9.910278320312500000e-01
9.959411621093750000e-01
