5.875990814134380846e-01
7.544857768052516400e-01
9.381842126924027081e-01
8.854084269366661042e-01
9.252311038607938798e-01
8.753526970954357278e-01
7.509247842170160281e-01
9.586523736600306433e-01
8.019372928880958984e-01
9.053575151136126209e-01
7.469900093928785179e-01
5.413665905497979658e-01
7.157434402332361056e-01
8.432015429122469152e-01
7.999640303943168496e-01
4.753952744714869394e-01
7.377515755234803629e-01
8.141183723797780214e-01
9.123399465315885637e-01
6.964467005076142581e-01
6.712208021154694171e-01
1.256771397616467945e-01
8.828939301042305621e-01
7.879428873611845630e-01
8.441056416078717151e-01
8.981566820276497554e-01
9.415765069551776945e-01
1.419354838709677435e-01
3.242323584217775001e-01
9.807778274474743263e-01
8.573672498800122277e-01
9.027360269017170591e-01
8.586797066014669744e-01
6.348791639451338842e-01
8.666188083273510534e-01
7.946783705938829101e-01
0.000000000000000000e+00
5.970584660264981469e-01
7.084769124741557844e-01
0.000000000000000000e+00
7.778378378378378866e-01
8.147265578458239288e-01
0.000000000000000000e+00
8.904563120771555873e-01
9.113149847094801359e-01
8.929743926460932402e-01
0.000000000000000000e+00
9.512862616310892028e-01
9.521144947810179504e-01
9.541905257678292562e-01
6.609402795425667332e-01
9.761717521233091999e-01
6.092680358083201186e-01
9.654868556322514506e-01
9.385816630443531983e-01
9.873692788265652220e-01
9.286442405708460468e-01
9.374079528718703980e-01
4.512015693967631469e-01
9.445662768031188872e-01
9.655791679137982753e-01
8.386041439476553672e-01
4.390721986278993683e-01
8.000000000000000444e-01
8.027522935779816127e-01
9.665496211421179540e-01
9.442523768366465342e-01
9.690694626474443130e-01
8.478260869565217295e-01
9.352452278746917758e-01
8.665024181038415430e-01
9.602318268697207504e-01
8.884095484613172555e-01
9.601791936286709905e-01
8.588435374149659962e-01
7.887245325146525765e-01
9.110567437455607820e-01
9.621125143513202804e-01
8.271745309835133453e-01
9.558864213676718791e-01
9.692859370127845375e-01
9.444756930494174751e-01
6.972353337828725017e-01
9.077490774907749360e-01
9.649164115846480261e-01
9.302480995739704772e-01
8.770250053430219683e-01
8.847778919721365209e-01
8.655142610198790498e-01
7.515737857000861499e-01
7.465940054495913136e-01
9.082976236852356999e-01
9.191222570532915359e-01
4.277263374485596459e-01
8.415256782460707186e-01
9.321259800945114193e-01
8.504310344827585855e-01
6.912083152880034165e-01
6.482917025552684676e-01
6.059923796328368084e-01
9.213576158940397498e-01
9.070057342308651682e-01
8.655680832610581632e-01
5.699972168104647796e-01
8.720714646890275201e-01
6.351864255414154670e-01
2.903392903392903457e-01
7.191887675507020461e-01
8.443759630200308175e-01
8.832817337461300600e-01
9.367683217732760692e-01
8.784275503573749644e-01
9.064552167633995738e-01
8.280823616968494560e-01
7.530825165981662739e-01
7.810606997156632758e-01
8.184379001280409627e-01
8.803668195081283399e-01
7.825831126802000881e-01
8.606019614474129664e-01
4.157461337617995856e-01
9.150033639829557863e-01
8.337503235268742818e-01
9.250335871025525680e-01
8.406790728044400973e-01
7.089621762623439238e-01
6.368796390627273762e-01
7.623308354770159667e-01
9.122587810634458227e-01
8.152122079160706303e-01
9.029861688089536598e-01
8.859498988641667516e-01
7.273022575929836142e-01
8.937212863705972232e-01
9.550946923796004295e-01
9.155684131576127260e-01
8.744123572867696925e-01
9.042972093819551249e-01
9.051094890510948954e-01
5.826893353941267062e-01
8.811890934147061927e-01
7.814833250373319773e-01
7.969634895770574268e-01
7.084010840108401208e-01
8.454722282256321719e-01
8.788187372708757827e-01
7.509607041031362007e-01
9.195130720632800347e-01
6.863106847293236612e-01
3.680855053440840186e-01
7.976048958746092543e-01
6.738761662425785115e-01
9.081140098839214359e-01
8.903197978926612466e-01
9.066013148169759228e-01
9.453270679495785478e-01
8.990185387131951478e-01
8.280968201233982473e-01
6.775580395528805200e-01
6.695369106374041701e-01
3.853949017969076629e-01
8.213422689048555103e-01
9.723957283900865889e-01
7.214752208989627658e-01
9.348166050611316225e-01
8.962488235557746208e-01
9.519030627415997481e-01
8.891938250428816914e-01
6.220806794055201427e-01
9.149942107294480875e-01
5.987664799411531735e-01
9.792406957172246074e-01
9.675872267295472229e-01
6.914572864321607559e-01
9.612421476828256761e-01
8.269651048296068341e-01
7.549072397082579045e-01
7.826620323042322580e-01
8.228460793804452944e-01
9.203641959476789314e-01
9.410279784026365224e-01
8.042648709315376454e-01
8.975758117899633737e-01
7.568787618228718372e-01
9.109150120811009277e-01
8.510096994752742727e-01
9.429784093006089440e-01
9.367609254498714400e-01
8.835170340681363088e-01
8.632682964448215035e-01
9.004393955631765367e-01
9.581809872029249942e-01
9.554285714285714048e-01
9.314327531897291790e-01
9.689178818112048619e-01
9.532013371046541561e-01
