3.900472069236821659e-01
7.323665128543177527e-01
8.836789900811542475e-01
8.128950099047259625e-01
8.089940828402366613e-01
7.260526315789473939e-01
4.880273660205244890e-01
8.945454545454545325e-01
7.476219388787694875e-01
8.491859468723221838e-01
5.612539184952978211e-01
4.885018977450323874e-01
6.083362039269720745e-01
6.697750959956115802e-01
6.447993094518774670e-01
4.829020332717190445e-01
5.535687453042824613e-01
7.657495500128568278e-01
8.687045853169631515e-01
5.868697859992745292e-01
4.399888610414925960e-01
2.386907929749866875e-01
7.921446888918882712e-01
6.540254895865713625e-01
7.310702542490622458e-01
8.032897397869758205e-01
8.880135059088350991e-01
6.341853035143769635e-01
1.620559572461490183e-01
9.501906284589841656e-01
6.919586765321792399e-01
8.149720065017157511e-01
7.350750076538422606e-01
5.614111120741960281e-01
7.486392874814448151e-01
6.524040085575948389e-01
3.332699740226826440e-02
4.666435626407901549e-01
4.426433915211970271e-01
4.900722021660650074e-01
7.672955974842767812e-01
6.597769659680831067e-01
5.767918088737201687e-01
7.541020454034614851e-01
8.477703741670937765e-01
8.898401826484018118e-01
3.208861890298373987e-01
8.927940492794049776e-01
8.824911868390129532e-01
9.076791391538273635e-01
5.098361881965741693e-01
9.598867029013243846e-01
5.738719068413391522e-01
9.006024096385542022e-01
8.755739890386609048e-01
9.538942432925241466e-01
9.324324324324324564e-01
9.282392026578073496e-01
2.452025586353944464e-01
9.081503621105874169e-01
8.942202835332606625e-01
7.807367953839324803e-01
2.238562091503268070e-01
8.048387096774193283e-01
8.898534997287032011e-01
9.496877168632893440e-01
9.160979526294660280e-01
9.505535055350553542e-01
8.377409233527566279e-01
8.524808524808524801e-01
7.797019086425047707e-01
9.528535980148883366e-01
8.600102933607822742e-01
9.179275561668959194e-01
7.740921787709497126e-01
5.881728045325779197e-01
8.489792984473835125e-01
9.363026819923371269e-01
8.178438661710036861e-01
9.045164692908855830e-01
9.471477766132654352e-01
8.743770155379654296e-01
6.583850931677018847e-01
8.659793814432990011e-01
9.291304347826087051e-01
8.818112049117421414e-01
7.932927287765997315e-01
7.924622613216034672e-01
7.604518116473522049e-01
6.221210356329750502e-01
5.139724089140431662e-01
8.073749233743575671e-01
8.347895154884829028e-01
2.558067989540070974e-01
7.667682926829267887e-01
8.691556689398027835e-01
7.046601713816175172e-01
6.154523442659035615e-01
3.727272727272727404e-01
4.064067487460100159e-01
8.221604215456674858e-01
8.921397379912663350e-01
7.446338771004538115e-01
3.807163217251208209e-01
7.676096997690531332e-01
4.609241908006814215e-01
1.629439410824167767e-01
6.497453310696095219e-01
6.832438052330618294e-01
8.278028130547590013e-01
8.771882024385260213e-01
7.321771611526147749e-01
8.319952716347337462e-01
6.639118457300275944e-01
6.264472882388787411e-01
6.180178432893715934e-01
6.585511873877469835e-01
7.590774878301811412e-01
6.669285153181461201e-01
7.668711656441717928e-01
2.502871652258025770e-01
8.251469562618312104e-01
7.792884003471217680e-01
8.647573587907716464e-01
7.905832747716092790e-01
5.248530197755211235e-01
4.424743892828998937e-01
5.997737922119890097e-01
8.411860786530971357e-01
7.511383884379331244e-01
8.366970866970866449e-01
7.506227874655827526e-01
5.553764107652238158e-01
7.945632798573974975e-01
9.144244651529072065e-01
8.323312645461597992e-01
7.853467475616312532e-01
8.110129163834126631e-01
6.260373443983402453e-01
4.242565055762081982e-01
8.189506385916465181e-01
6.258172029227022648e-01
6.990328820116054054e-01
5.756136183689627428e-01
7.076923076923077316e-01
7.667715915797757020e-01
6.529968454258675559e-01
8.548795350145308447e-01
5.473224910749702188e-01
3.005860048259220707e-01
6.978955007256893994e-01
6.133674448353053643e-01
8.127467569091935129e-01
8.083018040247847980e-01
8.246594481313307412e-01
9.066572736879182637e-01
6.786729857819905343e-01
7.237687366167023795e-01
6.157308186883840850e-01
6.292415949960906696e-01
2.272391277565602996e-01
6.729317353888389919e-01
9.064775060668284201e-01
5.989461358313817874e-01
8.810327706057596853e-01
8.217317487266553311e-01
8.981643051580930903e-01
8.708384710234278181e-01
6.313706086095992598e-01
8.713316295055961724e-01
4.202668360864040831e-01
9.571119654012494316e-01
9.400461183704842405e-01
7.080191912268677390e-01
9.087502755124531317e-01
7.249114521841794057e-01
6.217725052337752523e-01
7.511054958938724324e-01
7.575528700906344337e-01
8.385598141695702612e-01
8.738949557982319538e-01
6.435176898753057761e-01
8.303749104513252766e-01
6.621303763440860024e-01
8.288553901754719400e-01
7.264850814967238612e-01
9.397672826830937298e-01
8.613807982740021574e-01
7.442434210526315264e-01
7.360419397116644280e-01
8.130279707152243684e-01
9.055816937553464729e-01
9.323599523241954401e-01
8.663230039247846737e-01
9.455605962410887910e-01
9.355620155038759655e-01
