9.352769205782036632e-01
9.990956434964293198e-01
9.699182193744203540e-01
1.000000000000000000e+00
9.133248547096608494e-01
1.000000000000000000e+00
8.302900107411385067e-01
1.000000000000000000e+00
9.859448631430307586e-01
9.989642766289930087e-01
9.071918879323116469e-01
7.914450679027404956e-01
8.770756276068308877e-01
9.231564219162400331e-01
7.824376760750545445e-02
4.781778104335047686e-01
5.647565955791793851e-02
8.903654485049833367e-01
8.853623798271452738e-01
1.000000000000000000e+00
6.264297577637805148e-01
4.513821766866421559e-01
4.935650789438768976e-02
1.000000000000000000e+00
5.538100716877599750e-01
5.115437687207619044e-01
9.598793910235285942e-01
1.000000000000000000e+00
6.297312641937925504e-01
9.897837266887153929e-01
4.470543697721373055e-01
9.853264196463936697e-01
8.435190819786142491e-01
2.295163795015898733e-01
9.157145134718605028e-01
5.618640196037711920e-01
8.718029931110935493e-01
8.620095373546390327e-01
6.673402958826342157e-01
9.917976971647889384e-01
9.954763255784628839e-01
5.167752054280746465e-01
2.963014482001823935e-01
9.948516197969790031e-01
9.852816702717953623e-01
9.920127795527156067e-01
9.937102721099785319e-01
9.669955767267778279e-01
9.859097172101568551e-01
9.475212611491391490e-01
8.993658774530036704e-01
9.971513217866909695e-01
9.672860798931790516e-01
9.915015984706090357e-01
9.804855949124956505e-01
9.956844300053337982e-01
9.899823217442546008e-01
9.993291627014462275e-01
9.697443357682308251e-01
9.942715563443391691e-01
9.955864400413184656e-01
9.939957450161531760e-01
6.817782300966831466e-01
9.999692146661330883e-01
1.000000000000000000e+00
9.885786195581184321e-01
9.907382992748846595e-01
9.954071862118212266e-01
9.941399462960037736e-01
9.783832097457627608e-01
7.827588412099507620e-01
9.828066182263853756e-01
9.962227445894463740e-01
9.950724181360200982e-01
9.937549532414011733e-01
9.989018402020614085e-01
9.681580319385173494e-01
9.846898972825380847e-01
9.919371348482700634e-01
9.035923004618088283e-01
9.952704649861843222e-01
8.307591469050940036e-01
9.937735114800881897e-01
9.784793856902744835e-01
9.919856119647871839e-01
9.918920737451217828e-01
8.100277387240186755e-01
9.905625429977596985e-01
9.609264616833748107e-01
5.633661713140758476e-01
5.500296587680684191e-01
8.668052785674884575e-01
6.810850318101028256e-01
9.778153523397993263e-01
9.993479351279049849e-01
9.391361118716171630e-01
9.997981055571445452e-01
9.965741074648395426e-01
9.990526037864786435e-01
2.562697951005106223e-01
7.979730519426310176e-01
9.588595604950744811e-01
9.988342428491781000e-01
9.845433728448276245e-01
9.948120840075399540e-01
9.784051348999129871e-01
3.632284110465958116e-01
7.601526437701011663e-01
6.114817587138346999e-01
9.998971634244580020e-01
9.037571259134560275e-01
5.367105422050476582e-01
9.986955954606722141e-01
5.257467028704422285e-01
9.384857774048259715e-01
9.991516652810532584e-01
9.826482398284175357e-01
1.000000000000000000e+00
9.969216754880557696e-01
9.971483220309511619e-01
9.528796664277803252e-01
1.000000000000000000e+00
9.175546831183398755e-01
9.734614159499740405e-01
1.000000000000000000e+00
5.385783321360935183e-01
8.653980005062009706e-01
3.859672088228556230e-01
9.899434209618436231e-01
9.939864241465664607e-01
6.906136059656644566e-01
9.659986941891416379e-01
2.138564863909508673e-01
9.649935285552500019e-01
9.655947170990935025e-01
9.703694585612042678e-01
8.217327953373683158e-01
5.800798866125499442e-01
9.509476204542981481e-01
8.943707672595969660e-01
9.774965777436479542e-01
5.790750568612584859e-01
4.941973238649439715e-01
9.882541377469300503e-01
9.778455027791813636e-01
9.503968941731082420e-01
9.927769788929108330e-01
9.889307541149110481e-01
7.169454381988799030e-01
2.259074833283479800e-01
7.435364327654249150e-01
9.586277620215033490e-01
8.495889349027927473e-01
7.861730969760166721e-01
9.782490890404559325e-01
9.198861560354608669e-01
9.991163568655915261e-01
5.471764657068171056e-01
4.930486023340938662e-01
2.771875897245351106e-01
9.928048248096108530e-01
6.011744648607690866e-01
9.087896871187893799e-01
9.962351387054161345e-01
9.285728153454869682e-01
9.972426470588234837e-01
7.171927147897396715e-01
9.998876368422742189e-01
9.990878925600339411e-01
5.631135787035335127e-01
7.620721048798252406e-01
9.875798006505818183e-01
9.404306853877303363e-01
9.640844412616371706e-01
9.940518870999283108e-01
8.704032645223235276e-01
4.122528769548539640e-01
7.939533250327235336e-01
4.461077844311377438e-01
9.617484462452356997e-01
9.779618072678422092e-01
2.820686622943611721e-01
8.945575064702925294e-01
9.879759184830645413e-01
2.164620875772612640e-01
6.373275961427637970e-01
9.994257915304251005e-01
9.475366043350352818e-01
9.669494949494950031e-01
9.832907673560685735e-01
9.851287691019812165e-01
9.926903410588462373e-01
9.982877638195483128e-01
5.179240978435534215e-01
8.221343152982353297e-01
1.000000000000000000e+00
