6.166510757717492686e-01
5.007132667617688604e-01
6.718682271348070945e-01
5.443738960232968882e-01
2.693139151211741966e-01
7.132294692368629230e-01
2.725741949063354985e-01
7.149638336347197143e-01
7.338657457371033921e-02
8.432267884322678375e-01
6.202646600934094145e-01
0.000000000000000000e+00
4.228813559322033844e-01
3.549541489599641886e-01
1.741285913902340943e-01
1.443857464921430855e-01
1.213966320997050680e-01
5.308705760785327188e-01
2.420085329832622201e-01
0.000000000000000000e+00
3.143223913442141915e-01
1.569730514472370830e-01
3.240261716372489498e-01
1.089878394440888659e-01
7.136491557223264559e-01
6.695514383227694211e-01
8.674963396778916369e-01
4.756944444444444198e-01
7.646149976644749102e-02
9.530414863833036598e-01
7.813310285220397278e-01
5.279263220439690540e-01
6.169491525423729250e-01
3.070069514702522540e-01
6.460674157303371024e-01
5.092880164078523730e-01
0.000000000000000000e+00
1.619042272497614177e-01
2.668712804581352752e-02
2.616762635956493832e-01
5.078369905956112706e-01
2.324085750315258436e-01
1.473988949496019343e-02
8.310134310134310587e-01
7.461822011585044212e-01
8.167976424361492738e-01
3.166718410431543229e-01
8.327062735147432448e-01
6.315681022048217352e-01
7.469128102781589229e-01
8.687738746161336456e-01
9.498235384379315471e-01
7.338854879366222272e-01
8.416069600818832930e-01
8.731354305124796600e-01
9.389332646225199142e-01
5.370563674321503500e-01
9.351092896174862945e-01
1.730885009030704302e-01
9.468977082168809067e-01
8.608078602620087283e-01
8.076923076923077094e-01
3.941538638586800092e-02
8.019480519480519654e-01
9.008174386920980714e-01
9.057627118644068220e-01
6.676794530953285012e-01
8.932584269662920962e-01
7.514323490524460469e-01
7.930607187112763690e-01
7.902944441507638862e-01
8.781256566505568628e-01
8.519373877341545054e-01
8.509803921568627194e-01
6.332230797500918440e-01
5.201965065502183183e-01
9.029914812124414381e-01
9.002802428771602417e-01
8.853080568720379517e-01
3.915082411898577197e-01
9.587969924812029809e-01
1.267750609192504763e-01
7.663527615169254403e-01
8.949822794254803648e-01
8.001488649050986224e-01
8.684170587342540104e-01
5.449760559126796133e-01
6.874442462087422268e-01
7.501277465508431330e-01
7.546157344247385046e-01
5.198927765237019993e-02
8.558244655805631318e-01
4.173347091038971390e-01
3.911211014329867841e-01
5.967882702042240917e-01
8.421483622350673937e-01
6.456796196097720486e-01
6.538796861377506042e-01
4.973958333333333148e-01
1.159365079365079348e-01
5.706031424227064885e-01
7.581889246307634000e-02
4.632572777340676629e-01
8.978201634877384096e-01
6.588801099278598361e-01
4.685369532428356187e-01
1.247912724034287019e-01
2.834241574519866802e-01
4.058419243986254310e-01
6.712024437656206599e-01
8.406740969517926265e-01
3.814472671285604188e-01
3.605282014535776680e-01
1.112611905135856699e-01
2.326736236056135276e-01
3.847203274215552637e-01
3.717472118959107563e-01
5.212777026324003637e-01
5.989637305699482273e-01
6.007905138339920681e-01
5.103864734299516925e-01
0.000000000000000000e+00
6.324292452830189148e-01
5.632750127399354101e-01
5.278327211076575542e-01
2.470858353938537588e-01
3.116207951070336657e-01
8.933874780289714768e-02
7.794988036771187678e-01
7.647410358565737143e-01
8.730539987545592462e-01
5.852985795062749519e-01
2.064593466884898088e-01
3.941070043939002288e-01
8.929789114787221038e-01
7.533345033345033581e-01
7.827349737797498763e-01
6.023613021549747426e-01
4.490248226950354637e-01
4.154768200246782839e-01
8.812386756712238256e-01
1.507891976287477620e-01
6.670871517085297242e-02
5.009846396218984310e-01
7.391304347826086474e-01
7.129815592477634079e-01
5.077563374952704933e-01
7.044462088130210020e-01
2.029481884422954241e-01
1.841471477143936664e-01
6.826404084609773992e-01
6.324637681159420710e-01
5.818853648880482066e-01
4.413483146067415652e-01
7.432303281299776909e-01
9.187530855490514403e-01
6.095107453132144748e-01
5.369402985074627210e-01
2.369390851940169074e-01
1.838661586880901144e-01
5.924947145877378363e-01
4.933018124507486113e-01
6.616078753076292118e-01
5.472986543482627475e-01
8.719740454205141544e-01
5.751901218415242933e-01
6.396277247122214016e-01
8.428042001235330760e-01
8.319878910191725874e-01
2.988080047306339582e-01
7.697403898004776535e-01
9.114382785956964828e-01
4.548266436483959230e-01
7.456340167046316969e-01
9.173515981735159697e-01
6.803914548275450391e-01
7.615118742334708868e-02
9.100346020761246324e-02
1.479889468836352584e-01
8.008166969147005876e-01
8.609756097560975485e-01
2.473651437928092167e-01
6.981087189247056068e-01
5.643294758339005845e-01
7.099207526380472144e-01
4.725722757598220802e-01
9.466437177280551118e-01
7.093114680444794207e-01
7.429755872869645561e-01
8.389482333607231057e-01
8.964977499510858872e-01
7.635816054673925102e-01
9.562144119379540896e-01
3.812247029638333728e-01
3.993269770050476564e-01
6.979269496544916462e-01
