8.310640443772062680e-01
5.007132667617688604e-01
7.462686567164179552e-01
5.443738960232968882e-01
6.923076923076922906e-01
9.608680184987549167e-01
9.984579799537394162e-01
7.557945041816009901e-01
7.338657457371033921e-02
8.440297086269281657e-01
9.987466053895968088e-01
0.000000000000000000e+00
9.975012493753123710e-01
6.006813020439061290e-01
1.000000000000000000e+00
1.000000000000000000e+00
1.000000000000000000e+00
5.364134690681284789e-01
9.831999999999999629e-01
0.000000000000000000e+00
1.000000000000000000e+00
1.000000000000000000e+00
1.000000000000000000e+00
1.090376875228686454e-01
7.480334316617502921e-01
8.990180032733223747e-01
9.785301403798513098e-01
4.756944444444444198e-01
1.000000000000000000e+00
9.619781631342324557e-01
9.880763116057234008e-01
5.334200520312187832e-01
7.034035656401944614e-01
8.220027962250960885e-01
1.000000000000000000e+00
1.000000000000000000e+00
0.000000000000000000e+00
9.994801594177785686e-01
1.000000000000000000e+00
4.445652173913043348e-01
5.420650095602294050e-01
8.038674033149171283e-01
1.000000000000000000e+00
9.028920137967630932e-01
8.153049482163405859e-01
9.875296912114014392e-01
3.644809719492585476e-01
9.816400206291903130e-01
6.703849518810148789e-01
7.792816241540864164e-01
9.480954716364230483e-01
9.611801242236024390e-01
7.757898743814236608e-01
1.000000000000000000e+00
9.954537800976595019e-01
9.937278429233705745e-01
9.799999999999999822e-01
9.526791927627000778e-01
6.250000000000000000e-01
9.818013214327112603e-01
9.604141291108404532e-01
8.375780874579529245e-01
1.000000000000000000e+00
8.666666666666666963e-01
9.047619047619047672e-01
9.684668358100760877e-01
7.240527182866557387e-01
9.739663093415007467e-01
7.659478885893979960e-01
1.000000000000000000e+00
8.026845637583892579e-01
9.925187032418952837e-01
8.621137366917683842e-01
9.687500000000000000e-01
7.044153720359771498e-01
5.315114333519241896e-01
9.945450578223871130e-01
9.618263473053891843e-01
9.179361179361179568e-01
4.147125429176711231e-01
9.741787624140565427e-01
1.000000000000000000e+00
7.792443064182195123e-01
9.892783505154638668e-01
1.000000000000000000e+00
9.398817345597897388e-01
9.790730119361339412e-01
6.968463886063072099e-01
9.651545036160420477e-01
9.415569677712211094e-01
1.000000000000000000e+00
9.877187262254102373e-01
9.855670103092784018e-01
8.370414912808178398e-01
5.971009430667132412e-01
9.684263003378940082e-01
6.456796196097720486e-01
9.933774834437085755e-01
4.986945169712793668e-01
1.000000000000000000e+00
9.975190501506291385e-01
1.000000000000000000e+00
4.638411848117220959e-01
9.653320312500000000e-01
6.863481839327250089e-01
7.478813559322033955e-01
1.000000000000000000e+00
9.692419033833906683e-01
5.786379225869672238e-01
6.722291753580864615e-01
9.441260744985673359e-01
5.627129337539432674e-01
3.605282014535776680e-01
9.667030567685589437e-01
4.526109477810443815e-01
3.847203274215552637e-01
4.539007092198581450e-01
5.212777026324003637e-01
6.198391420911527616e-01
6.060304011961126225e-01
5.103864734299516925e-01
0.000000000000000000e+00
8.008063311930715411e-01
5.632750127399354101e-01
5.278327211076575542e-01
9.796918767507002412e-01
4.392241379310344862e-01
1.000000000000000000e+00
8.183500793231094361e-01
7.931818181818182101e-01
8.956831249429588748e-01
7.313458555919352122e-01
1.000000000000000000e+00
9.477871705619095311e-01
9.854375696767001536e-01
9.903103010727880573e-01
8.082305898033989022e-01
9.376393969131947559e-01
8.323746918652423776e-01
8.667034381320095626e-01
9.495917642882498733e-01
1.000000000000000000e+00
3.823904721395151030e-01
6.860841423948219608e-01
9.855072463768116409e-01
9.964276601173769343e-01
5.330685203574975217e-01
7.050759908612297400e-01
4.975714168107351343e-01
8.961277720326323859e-01
6.886174674416893904e-01
6.977934122161816299e-01
8.008718290246412685e-01
4.467189810076196976e-01
7.763081274436403056e-01
9.624676763945326785e-01
6.165587419056429708e-01
9.131764162916811145e-01
2.369390851940169074e-01
8.771929824561403022e-01
6.077527785307671460e-01
9.822689471206652589e-01
6.618793598686910640e-01
5.476286173633440058e-01
9.962221113407940809e-01
5.754253926701570210e-01
9.967178078009312214e-01
8.428042001235330760e-01
8.469440164355418466e-01
8.616944893196912814e-01
9.412207987942727838e-01
9.998757609640949173e-01
9.965327029156816341e-01
7.542242703533026393e-01
9.630872483221476488e-01
7.163260177584185318e-01
2.415134370579915257e-01
9.100346020761246324e-02
1.000000000000000000e+00
9.684499314128943714e-01
9.967305691781840338e-01
9.795433789954337556e-01
9.923070420153858873e-01
5.950116633769961805e-01
8.552174800898508789e-01
4.729930256714646175e-01
9.679690249912002997e-01
9.882629107981221184e-01
8.811800054629882473e-01
9.069106413217267182e-01
9.932798612616519085e-01
7.642898550724637197e-01
9.688650154182830709e-01
9.649679423623505059e-01
1.000000000000000000e+00
6.979269496544916462e-01
