8.717346191406250000e-01
9.834136962890625000e-01
9.913024902343750000e-01
7.533569335937500000e-01
7.445678710937500000e-01
9.850463867187500000e-01
9.685211181640625000e-01
9.935302734375000000e-01
9.761810302734375000e-01
9.472808837890625000e-01
8.948822021484375000e-01
6.718444824218750000e-01
9.525146484375000000e-01
6.421661376953125000e-01
7.257537841796875000e-01
6.755523681640625000e-01
7.581024169921875000e-01
7.671203613281250000e-01
9.534759521484375000e-01
9.856262207031250000e-01
5.909576416015625000e-01
8.808441162109375000e-01
6.646270751953125000e-01
9.546813964843750000e-01
7.412872314453125000e-01
9.912109375000000000e-01
9.577789306640625000e-01
9.292449951171875000e-01
9.348449707031250000e-01
9.774475097656250000e-01
6.076049804687500000e-01
9.504699707031250000e-01
7.509307861328125000e-01
9.905090332031250000e-01
7.111206054687500000e-01
9.977416992187500000e-01
7.360839843750000000e-01
7.596130371093750000e-01
8.759765625000000000e-01
9.250183105468750000e-01
9.499511718750000000e-01
9.734039306640625000e-01
7.489471435546875000e-01
9.281005859375000000e-01
9.939727783203125000e-01
8.779296875000000000e-01
9.977264404296875000e-01
9.954071044921875000e-01
9.972381591796875000e-01
9.959106445312500000e-01
9.923400878906250000e-01
9.948883056640625000e-01
9.895629882812500000e-01
9.963684082031250000e-01
9.223327636718750000e-01
9.869384765625000000e-01
9.955596923828125000e-01
2.944793701171875000e-01
8.718872070312500000e-01
9.691162109375000000e-01
9.967193603515625000e-01
9.507751464843750000e-01
9.882049560546875000e-01
9.570922851562500000e-01
9.011383056640625000e-01
8.702392578125000000e-01
9.036712646484375000e-01
9.866333007812500000e-01
9.842681884765625000e-01
9.598999023437500000e-01
9.831085205078125000e-01
9.954071044921875000e-01
8.441162109375000000e-01
6.701812744140625000e-01
9.753875732421875000e-01
9.973144531250000000e-01
8.964233398437500000e-01
9.986877441406250000e-01
8.556976318359375000e-01
9.026947021484375000e-01
9.946289062500000000e-01
9.255065917968750000e-01
9.248962402343750000e-01
9.966125488281250000e-01
9.937896728515625000e-01
9.979400634765625000e-01
9.397888183593750000e-01
9.951934814453125000e-01
9.677581787109375000e-01
9.964141845703125000e-01
9.515380859375000000e-01
8.526611328125000000e-01
9.886627197265625000e-01
9.936828613281250000e-01
5.052032470703125000e-01
9.898529052734375000e-01
9.289855957031250000e-01
9.391937255859375000e-01
9.886474609375000000e-01
6.902313232421875000e-01
9.645385742187500000e-01
9.965362548828125000e-01
9.627532958984375000e-01
9.626312255859375000e-01
9.670410156250000000e-01
9.947814941406250000e-01
9.933929443359375000e-01
6.808776855468750000e-01
8.578796386718750000e-01
9.981994628906250000e-01
9.981384277343750000e-01
8.750000000000000000e-01
8.956146240234375000e-01
9.400482177734375000e-01
9.346313476562500000e-01
9.463500976562500000e-01
9.696807861328125000e-01
9.685058593750000000e-01
9.328155517578125000e-01
9.861755371093750000e-01
9.958190917968750000e-01
9.965667724609375000e-01
8.713531494140625000e-01
9.962463378906250000e-01
9.990844726562500000e-01
9.567718505859375000e-01
9.318847656250000000e-01
9.979553222656250000e-01
9.421691894531250000e-01
9.963226318359375000e-01
8.463439941406250000e-01
8.110504150390625000e-01
9.038696289062500000e-01
7.169494628906250000e-01
9.962005615234375000e-01
7.537231445312500000e-01
9.974975585937500000e-01
9.952697753906250000e-01
9.285278320312500000e-01
9.962158203125000000e-01
9.970550537109375000e-01
4.943542480468750000e-01
9.455413818359375000e-01
9.224548339843750000e-01
7.103881835937500000e-01
9.788208007812500000e-01
9.607238769531250000e-01
8.708343505859375000e-01
9.738616943359375000e-01
6.570434570312500000e-01
9.148254394531250000e-01
9.954986572265625000e-01
8.540496826171875000e-01
9.978027343750000000e-01
8.765563964843750000e-01
9.900207519531250000e-01
9.956054687500000000e-01
8.757019042968750000e-01
7.929687500000000000e-01
9.901428222656250000e-01
9.876708984375000000e-01
8.622894287109375000e-01
9.597015380859375000e-01
9.289855957031250000e-01
9.267120361328125000e-01
7.388153076171875000e-01
9.696960449218750000e-01
8.899383544921875000e-01
9.754028320312500000e-01
9.961853027343750000e-01
9.944915771484375000e-01
8.941650390625000000e-01
9.934997558593750000e-01
8.720397949218750000e-01
9.495697021484375000e-01
9.458770751953125000e-01
9.373168945312500000e-01
9.647674560546875000e-01
9.958648681640625000e-01
7.847290039062500000e-01
9.122314453125000000e-01
9.820251464843750000e-01
8.443298339843750000e-01
5.915832519531250000e-01
9.909973144531250000e-01
9.880981445312500000e-01
9.931182861328125000e-01
5.249481201171875000e-01
9.565429687500000000e-01
9.696655273437500000e-01
8.864593505859375000e-01
9.613952636718750000e-01
9.289703369140625000e-01
9.289245605468750000e-01
9.235076904296875000e-01
8.767700195312500000e-01
8.665771484375000000e-01
9.940338134765625000e-01
9.965515136718750000e-01
9.960937500000000000e-01
9.725799560546875000e-01
9.889526367187500000e-01
9.986419677734375000e-01
9.972229003906250000e-01
9.915466308593750000e-01
9.807586669921875000e-01
8.965148925781250000e-01
9.904785156250000000e-01
9.859924316406250000e-01
9.964447021484375000e-01
9.502410888671875000e-01
9.632568359375000000e-01
9.936218261718750000e-01
8.524322509765625000e-01
9.861755371093750000e-01
9.666748046875000000e-01
9.949340820312500000e-01
9.740753173828125000e-01
9.734191894531250000e-01
9.306030273437500000e-01
8.492889404296875000e-01
9.891815185546875000e-01
8.410034179687500000e-01
9.614562988281250000e-01
9.268951416015625000e-01
9.364318847656250000e-01
9.171752929687500000e-01
9.865417480468750000e-01
3.604888916015625000e-01
7.297668457031250000e-01
9.632263183593750000e-01
6.870880126953125000e-01
9.460601806640625000e-01
8.983917236328125000e-01
9.759368896484375000e-01
9.180297851562500000e-01
9.764404296875000000e-01
9.562225341796875000e-01
9.713897705078125000e-01
9.906463623046875000e-01
8.357391357421875000e-01
7.766418457031250000e-01
9.670867919921875000e-01
8.754425048828125000e-01
9.839935302734375000e-01
9.718170166015625000e-01
8.061523437500000000e-01
6.612091064453125000e-01
8.824615478515625000e-01
3.547058105468750000e-01
9.916687011718750000e-01
9.875183105468750000e-01
9.528045654296875000e-01
9.876403808593750000e-01
9.497680664062500000e-01
9.879455566406250000e-01
9.581756591796875000e-01
9.974365234375000000e-01
9.153594970703125000e-01
9.513549804687500000e-01
4.364929199218750000e-01
9.010162353515625000e-01
9.700927734375000000e-01
9.862518310546875000e-01
9.314575195312500000e-01
9.206390380859375000e-01
9.432830810546875000e-01
9.810180664062500000e-01
9.594116210937500000e-01
6.312866210937500000e-01
9.009857177734375000e-01
9.951477050781250000e-01
9.636993408203125000e-01
9.813079833984375000e-01
9.611358642578125000e-01
9.347381591796875000e-01
8.591461181640625000e-01
9.853820800781250000e-01
9.146728515625000000e-01
9.906616210937500000e-01
7.025909423828125000e-01
9.419250488281250000e-01
9.624328613281250000e-01
9.879608154296875000e-01
9.624633789062500000e-01
9.870300292968750000e-01
9.865112304687500000e-01
9.868011474609375000e-01
9.839019775390625000e-01
8.854827880859375000e-01
9.257049560546875000e-01
8.776397705078125000e-01
9.845428466796875000e-01
9.389495849609375000e-01
9.745941162109375000e-01
8.568267822265625000e-01
9.895629882812500000e-01
9.415740966796875000e-01
8.460235595703125000e-01
8.912963867187500000e-01
9.552459716796875000e-01
9.215850830078125000e-01
9.732971191406250000e-01
9.167022705078125000e-01
9.447326660156250000e-01
9.905548095703125000e-01
9.940795898437500000e-01
9.201202392578125000e-01
9.823760986328125000e-01
9.927978515625000000e-01
8.578948974609375000e-01
9.447784423828125000e-01
8.766021728515625000e-01
7.276153564453125000e-01
9.531555175781250000e-01
5.421752929687500000e-01
9.531097412109375000e-01
8.232269287109375000e-01
8.439941406250000000e-01
6.966857910156250000e-01
9.753570556640625000e-01
9.464416503906250000e-01
9.409637451171875000e-01
8.188629150390625000e-01
9.860687255859375000e-01
9.517364501953125000e-01
9.878387451171875000e-01
9.545135498046875000e-01
9.792938232421875000e-01
9.950103759765625000e-01
9.962005615234375000e-01
9.660949707031250000e-01
9.548034667968750000e-01
9.794311523437500000e-01
9.700317382812500000e-01
8.721618652343750000e-01
9.384765625000000000e-01
9.469146728515625000e-01
8.610992431640625000e-01
8.864288330078125000e-01
9.626617431640625000e-01
9.214477539062500000e-01
8.576049804687500000e-01
9.337615966796875000e-01
9.627227783203125000e-01
7.209014892578125000e-01
9.538726806640625000e-01
9.196166992187500000e-01
9.843444824218750000e-01
9.631042480468750000e-01
9.883117675781250000e-01
9.522247314453125000e-01
8.291931152343750000e-01
9.635467529296875000e-01
9.867706298828125000e-01
9.865417480468750000e-01
9.420166015625000000e-01
9.044799804687500000e-01
9.917907714843750000e-01
9.401550292968750000e-01
9.356689453125000000e-01
9.131927490234375000e-01
9.824066162109375000e-01
8.832244873046875000e-01
8.106231689453125000e-01
9.151153564453125000e-01
9.809265136718750000e-01
9.184570312500000000e-01
9.096984863281250000e-01
7.260437011718750000e-01
9.655151367187500000e-01
9.602203369140625000e-01
9.811706542968750000e-01
9.010620117187500000e-01
9.759216308593750000e-01
9.658050537109375000e-01
9.870452880859375000e-01
8.147125244140625000e-01
9.794769287109375000e-01
9.604949951171875000e-01
9.758605957031250000e-01
9.020080566406250000e-01
9.816284179687500000e-01
8.713226318359375000e-01
9.739837646484375000e-01
9.865875244140625000e-01
9.721374511718750000e-01
8.425140380859375000e-01
9.730987548828125000e-01
9.436035156250000000e-01
9.899444580078125000e-01
7.405242919921875000e-01
9.962615966796875000e-01
6.860656738281250000e-01
7.920837402343750000e-01
7.678527832031250000e-01
9.900665283203125000e-01
9.691925048828125000e-01
5.821380615234375000e-01
9.919586181640625000e-01
7.624206542968750000e-01
9.254150390625000000e-01
9.769287109375000000e-01
9.394531250000000000e-01
9.949188232421875000e-01
9.517517089843750000e-01
9.977111816406250000e-01
5.382843017578125000e-01
9.953155517578125000e-01
9.222869873046875000e-01
9.333343505859375000e-01
9.493560791015625000e-01
9.776306152343750000e-01
9.912719726562500000e-01
9.951629638671875000e-01
8.813476562500000000e-01
9.393157958984375000e-01
9.840698242187500000e-01
8.926239013671875000e-01
8.294525146484375000e-01
9.890289306640625000e-01
4.344635009765625000e-01
9.710693359375000000e-01
9.523773193359375000e-01
9.458465576171875000e-01
4.212951660156250000e-01
9.580688476562500000e-01
9.673919677734375000e-01
9.511871337890625000e-01
9.806671142578125000e-01
9.541473388671875000e-01
7.559967041015625000e-01
9.884033203125000000e-01
9.333953857421875000e-01
8.463134765625000000e-01
9.884033203125000000e-01
9.280853271484375000e-01
9.391937255859375000e-01
8.952026367187500000e-01
9.212036132812500000e-01
4.806365966796875000e-01
9.120025634765625000e-01
9.668426513671875000e-01
2.476501464843750000e-01
8.867034912109375000e-01
9.025421142578125000e-01
7.695617675781250000e-01
9.821472167968750000e-01
9.792175292968750000e-01
9.845581054687500000e-01
9.709472656250000000e-01
9.571685791015625000e-01
9.859313964843750000e-01
9.891510009765625000e-01
7.745513916015625000e-01
9.761352539062500000e-01
9.675292968750000000e-01
9.753723144531250000e-01
9.570770263671875000e-01
9.787292480468750000e-01
9.851989746093750000e-01
9.537353515625000000e-01
9.783630371093750000e-01
4.144744873046875000e-01
6.946411132812500000e-01
9.176788330078125000e-01
9.835052490234375000e-01
9.861145019531250000e-01
8.492279052734375000e-01
9.668579101562500000e-01
9.864349365234375000e-01
9.852600097656250000e-01
9.949188232421875000e-01
9.930725097656250000e-01
9.877471923828125000e-01
9.971923828125000000e-01
9.949645996093750000e-01
9.971160888671875000e-01
9.988708496093750000e-01
9.981079101562500000e-01
9.941864013671875000e-01
9.978790283203125000e-01
9.977722167968750000e-01
9.538574218750000000e-01
9.840087890625000000e-01
9.986267089843750000e-01
9.960327148437500000e-01
9.981842041015625000e-01
9.965057373046875000e-01
9.677124023437500000e-01
9.970092773437500000e-01
9.523468017578125000e-01
9.761352539062500000e-01
9.929351806640625000e-01
9.919586181640625000e-01
9.917602539062500000e-01
9.876403808593750000e-01
9.973449707031250000e-01
9.980163574218750000e-01
9.959716796875000000e-01
9.936981201171875000e-01
9.970397949218750000e-01
9.553527832031250000e-01
9.602203369140625000e-01
9.654541015625000000e-01
8.619537353515625000e-01
9.983367919921875000e-01
9.894409179687500000e-01
9.830932617187500000e-01
9.622802734375000000e-01
9.926910400390625000e-01
9.942779541015625000e-01
9.774932861328125000e-01
9.958648681640625000e-01
9.979858398437500000e-01
9.982910156250000000e-01
9.949035644531250000e-01
9.337921142578125000e-01
8.435974121093750000e-01
9.952239990234375000e-01
9.935607910156250000e-01
9.920349121093750000e-01
9.819793701171875000e-01
9.953308105468750000e-01
9.953918457031250000e-01
9.940490722656250000e-01
9.982147216796875000e-01
9.970092773437500000e-01
9.986877441406250000e-01
9.757080078125000000e-01
9.922637939453125000e-01
9.971923828125000000e-01
9.941711425781250000e-01
9.983062744140625000e-01
9.876251220703125000e-01
9.313049316406250000e-01
9.970550537109375000e-01
9.946746826171875000e-01
9.905853271484375000e-01
9.685211181640625000e-01
9.908142089843750000e-01
9.937286376953125000e-01
9.200439453125000000e-01
9.929809570312500000e-01
9.980163574218750000e-01
9.947357177734375000e-01
9.919738769531250000e-01
9.982147216796875000e-01
9.847412109375000000e-01
9.731445312500000000e-01
9.985961914062500000e-01
9.977111816406250000e-01
9.843597412109375000e-01
9.965209960937500000e-01
9.859008789062500000e-01
9.492034912109375000e-01
9.386901855468750000e-01
9.964294433593750000e-01
9.988403320312500000e-01
9.978637695312500000e-01
8.549957275390625000e-01
9.812469482421875000e-01
9.318084716796875000e-01
9.858551025390625000e-01
7.479705810546875000e-01
7.448730468750000000e-01
7.180328369140625000e-01
9.881439208984375000e-01
9.956665039062500000e-01
9.935150146484375000e-01
9.952850341796875000e-01
9.955596923828125000e-01
9.913024902343750000e-01
9.821472167968750000e-01
9.981689453125000000e-01
9.965057373046875000e-01
9.984130859375000000e-01
9.947814941406250000e-01
9.988861083984375000e-01
9.988861083984375000e-01
9.477081298828125000e-01
9.993438720703125000e-01
9.862365722656250000e-01
9.812011718750000000e-01
9.976654052734375000e-01
9.969787597656250000e-01
7.446136474609375000e-01
9.979705810546875000e-01
9.693145751953125000e-01
9.984588623046875000e-01
9.920806884765625000e-01
9.983367919921875000e-01
9.967803955078125000e-01
9.986877441406250000e-01
9.715576171875000000e-01
9.512023925781250000e-01
9.987335205078125000e-01
9.897613525390625000e-01
9.969482421875000000e-01
9.617614746093750000e-01
