7.463599301106581541e-01
8.319666235074090199e-01
7.790432801822323450e-01
6.980415970851677754e-01
7.040267530855685019e-01
4.924039320822162780e-01
3.001477104874445967e-01
8.577054344972433464e-01
9.103243587025652284e-01
1.000000000000000000e+00
9.237001209189842355e-01
5.139362524439594626e-01
7.974096695856942585e-01
3.372472969742050242e-01
2.777993025958930828e-01
6.452509400032695464e-01
9.997132205334098298e-01
7.295434484571901024e-01
7.883159402496419110e-01
9.795870206489675214e-01
7.578339853584846741e-01
8.336352369148631869e-01
3.083666564134112664e-01
8.210272873194222054e-01
5.981097828127933669e-01
9.452516319225100494e-01
9.982687729928586551e-01
7.757908122714989307e-01
6.507795100222717455e-01
9.996978851963745916e-01
3.504473536653746057e-01
1.000000000000000000e+00
3.478111914731633059e-01
9.966732194163012704e-01
2.584203036053130953e-01
9.981818181818181701e-01
5.699253308361468262e-01
7.874353807062122179e-01
6.464787329415280781e-02
1.000000000000000000e+00
9.122784484973028851e-01
5.572872788542544420e-01
7.416853266596417082e-01
3.382923673997412783e-01
8.569437993497445172e-01
8.410436181828631064e-01
9.784585926280516821e-01
9.917971662938105393e-01
9.904407859798194380e-01
5.832426550598476256e-01
9.325499412455934278e-01
1.000000000000000000e+00
9.587915560611806054e-01
9.403813661597876239e-01
6.160078223215532667e-01
6.736647113306576395e-01
9.954995499549954552e-01
1.588277704737266205e-02
5.879781420765027855e-01
6.178571428571428825e-01
9.042096219931271550e-01
9.994296306858690970e-01
9.641791044776119035e-01
3.119556611243072264e-01
8.913686806411836860e-01
9.689169499757163129e-01
5.593691377753073901e-01
6.146010186757215887e-01
8.781394301160040383e-01
2.577222353218580619e-01
9.334995843724023246e-01
8.842540398346486752e-01
3.568316592036790413e-01
4.115161557580778728e-01
9.944493783303730572e-01
9.896414342629482608e-01
1.000000000000000000e+00
9.436416184971098131e-01
7.865551053678885296e-01
7.957796598106896546e-01
8.801460823373173925e-01
2.855640283986326522e-01
6.677985948477751510e-01
9.693522906793049509e-01
6.986634264884569179e-01
9.916262670780079391e-01
4.502712477396021429e-01
7.703826955074875027e-01
6.903782894736841813e-01
8.935810810810810301e-01
8.275384697300462999e-01
5.743102550754815017e-01
7.763975155279503326e-01
8.968786127167630573e-01
5.627308914917380361e-02
7.002044989775051409e-01
8.573783100758158859e-01
9.376941946034341724e-01
7.133777239709443441e-01
1.079887421519809543e-01
9.919082939986514358e-01
7.162629757785466955e-01
8.365439633797444596e-01
8.754253942386042153e-01
8.087741729263224766e-01
9.815634218289085444e-01
9.302196274673338872e-01
6.135698166694641964e-01
0.000000000000000000e+00
9.199272065514103591e-01
9.625382262996942107e-01
1.000000000000000000e+00
9.887290523505858353e-01
4.656569214512152333e-01
3.569544364508393519e-01
6.464718460441910564e-01
6.999718943226531653e-01
8.826120358514725206e-01
7.566035968527538014e-01
8.864315600717274091e-01
9.719516945851187639e-01
7.606774668630338354e-01
9.445326278659611496e-01
9.671132764920827851e-01
9.566037735849056700e-01
8.113043478260869579e-01
6.380319341088072083e-01
9.560797071980480233e-01
8.220949078436545765e-01
9.880014998125233872e-01
3.562893637059273422e-01
6.418379551080577450e-01
8.712828746523144652e-01
7.102434558524345354e-01
9.778095919828203586e-01
3.894958293349081169e-01
6.867305061559507706e-01
8.207171314741036339e-01
4.788385299474981482e-01
9.412987012987013014e-01
9.535256410256410797e-01
1.534427898689067205e-01
7.361998103066709209e-01
4.461325966850828717e-01
1.000000000000000000e+00
8.826074415921546512e-01
6.306695464362851444e-01
6.090954481151701350e-01
5.435827041866849729e-01
1.000000000000000000e+00
3.314450867052022853e-01
9.996007984031936022e-01
5.619268058345706640e-01
7.086183310533515911e-01
3.598005655603512265e-01
9.698830988706161893e-01
9.162640901771336166e-01
6.075259285524332586e-01
3.964330548461105774e-01
8.289855072463767627e-01
6.640271493212669407e-01
6.668659293945734534e-01
6.568527918781725816e-01
5.751466578534247809e-01
7.009504972254271271e-01
2.389657683903860241e-01
8.134674922600618752e-01
5.865001328727079688e-01
6.473485470366113770e-01
9.481582537517053710e-01
7.669217186580341572e-01
3.282230589922897623e-01
8.790035587188611554e-01
5.684200310559006653e-01
5.449500554938956354e-01
7.309483332101411879e-01
7.518514484861685832e-01
8.584287551282836493e-01
9.665271966527196890e-01
2.135872625812727243e-01
8.218773096821876956e-02
6.731911150208929051e-01
6.277601410934744441e-01
1.217902150911215758e-01
9.991987179487179516e-01
9.263839242585257816e-01
9.294280442804427889e-01
1.277030661646046394e-01
8.164336630380726323e-01
8.897294524939094451e-01
7.628693777143378263e-01
4.837832940750135813e-01
6.638993866551019529e-01
7.258206653447896173e-01
8.890200089161618413e-01
3.348657149770142838e-01
5.521074115969114571e-01
9.770795385549484457e-01
8.681999115435647951e-01
8.706924844108959727e-01
8.656757312144667260e-01
8.206583427922814478e-01
9.054545454545454009e-01
8.615969581749048922e-01
9.881436314363143403e-01
8.897086643965190778e-01
7.977468910021945359e-01
9.074622445957950534e-01
9.222649944120203669e-01
9.164047768698931895e-01
9.302924685558418005e-01
9.315924561990849284e-01
9.786499215070643132e-01
5.594766588046815592e-01
9.382871536523929024e-01
9.937814236570521320e-01
9.623729744575666434e-01
9.636937647987371403e-01
9.255941760045678368e-01
9.571534519956850229e-01
7.344476453977580865e-01
9.363295880149812289e-01
1.629509211952314685e-01
8.866734400135466432e-01
9.606282673637042135e-01
9.985046220772159087e-01
5.243465807375581322e-01
9.730898606439212228e-01
1.660668380462724802e-01
4.539901903322330901e-01
9.851284362325372079e-01
2.562504477398094282e-01
9.999033131365218097e-01
8.256895445798588806e-01
9.906472024866784798e-01
7.899234269226500516e-01
9.718013468013467770e-01
1.000000000000000000e+00
9.840787335219406406e-01
9.770697701215648179e-01
4.027423650065159455e-01
5.651124917063755637e-01
7.171376717656209321e-01
7.346437346437346694e-01
9.244229898928948419e-01
9.561956826464815817e-01
7.471754723172846502e-01
3.755429519988933706e-01
8.581745891944940752e-01
2.888106483469299879e-01
9.517117117117117608e-01
9.070227497527201255e-01
9.549256053680832412e-01
9.986590680522963170e-01
9.952066519931523914e-01
9.651101507325814399e-01
8.053340859380512251e-01
9.864734299516908500e-01
7.334735433296687424e-01
8.915553835236436075e-01
3.474745687748783673e-01
7.629074639585257112e-01
7.808371266792494270e-01
1.000000000000000000e+00
9.998354397051079090e-01
9.536466165413534091e-01
6.683968686181075425e-01
8.596472125435540290e-01
9.330720530599939666e-01
4.522178626055728956e-01
7.519819219085722706e-01
8.468021814576103257e-01
1.000000000000000000e+00
9.963399755998373353e-01
7.301159900579949902e-01
8.691565896219194398e-01
6.598349644981769124e-01
9.920298564109051309e-01
9.966987387489066874e-01
9.499514091350825806e-01
4.940046078123363493e-01
7.168306499701848633e-01
9.478990241148479434e-01
9.625099382300776885e-01
9.994425581513201040e-01
8.919002632801610320e-01
9.140701548108955965e-01
8.976164011362233186e-01
9.989481987904286209e-01
8.502437794216542999e-01
7.875037600446908037e-01
6.404449209327257586e-01
8.883703329969727669e-01
8.173136440003536674e-01
9.525291487683001934e-01
6.824248686816498655e-01
9.427126436781608776e-01
9.596700765893632079e-01
6.602441008950366008e-01
1.000000000000000000e+00
9.982374559363984545e-01
7.840346277104923711e-01
9.522727272727272707e-01
7.221919437150077226e-01
9.230873514392877732e-01
9.967474866942637179e-01
9.489331436699858235e-01
7.857600256143439932e-01
9.378918600289373186e-01
9.214814814814814570e-01
6.751808396497421816e-01
9.999685227737731275e-01
8.707198806415517023e-01
5.026124931763238379e-01
7.981939799331103647e-01
5.262428402050665088e-01
9.958821726806098562e-01
7.893250769170853109e-01
9.221763690110340583e-01
3.495707596253901928e-01
9.799946414218093649e-01
6.847816419105221541e-01
9.949126511806488660e-01
7.208530056249576878e-01
9.713223579394583140e-01
7.587748714509278125e-01
6.940184049079755058e-01
7.670179216983309400e-01
9.523087965547492040e-01
9.971308535710625698e-01
9.196563921172309364e-01
9.531233428783539852e-01
3.832347542321027922e-01
9.961378188840329662e-01
9.934976561318614730e-01
9.831928783382789527e-01
7.304955278448782563e-01
9.940504103165298533e-01
5.660797961876166129e-01
6.300150026617625798e-01
9.640319498211398219e-01
8.768071788622389118e-01
7.684923771880293186e-01
8.898768077129084464e-01
9.999765269236186027e-01
3.027641045058689917e-01
9.338598917195959359e-01
9.006327384330790053e-01
9.925304173725550960e-01
8.574155373162817284e-01
1.000000000000000000e+00
1.000000000000000000e+00
6.457343778915550780e-01
8.452462772050400863e-01
9.748089137689740502e-01
9.995941558441558961e-01
9.993509654389096664e-01
8.061182061182061709e-01
9.960276232964615506e-01
8.694950608052265384e-01
8.038038496791933829e-01
6.768612284362118814e-01
9.982399530654151310e-01
8.009399896830400323e-01
4.078373107995171276e-01
9.993637327677624693e-01
9.621965129542121575e-01
7.571160803801054717e-01
9.235959844682261055e-01
7.127232451889796705e-01
9.535738649283711510e-01
9.735218308209013793e-01
9.588051862793369740e-01
8.286974309928003546e-01
9.183858829635396237e-01
9.847270527748374080e-01
9.955130122644331170e-01
6.888202594193947315e-01
9.980412099295589146e-01
1.000000000000000000e+00
8.190281329923273512e-01
8.928644996498166231e-01
9.565756823821339738e-01
5.849075512351555872e-01
9.384171475680131991e-01
8.193912517637572668e-01
8.379720818703434437e-01
8.273383804905278804e-01
6.777061181802335188e-01
7.961248654467169006e-01
8.524818739542665558e-01
6.829657681740550768e-01
8.792688792688793109e-01
7.064868851407682948e-01
3.807800917755029824e-01
5.304049882701568075e-01
9.938080495356037547e-01
9.817449664429530598e-01
5.379105284497905093e-02
9.715436917652984228e-01
1.000000000000000000e+00
7.292377701934016354e-01
9.852104258469662756e-01
9.201301427371956221e-01
9.383950897931347956e-01
7.855661828640224664e-01
9.717241379310345151e-01
4.377054656048379733e-01
8.978998384491114759e-01
5.957778297109916910e-01
9.994036496640559264e-01
7.385850085709833035e-01
7.986754966887417151e-01
9.371754932502596169e-01
9.753926701570680979e-01
7.133529828750513335e-01
9.145135144076488309e-01
9.931284515829855719e-01
1.000000000000000000e+00
3.697187044715902760e-01
9.452774433621539130e-01
6.284386383620148564e-01
1.000000000000000000e+00
4.565888812628688953e-01
8.927678399692248190e-01
0.000000000000000000e+00
9.446670276123443344e-01
9.530201342281878762e-01
4.976503759398496207e-01
8.810560444650300527e-01
9.990277532260916082e-01
7.731566653575046022e-01
9.776467841718221585e-01
6.397664560505478271e-01
9.373113781966432301e-01
8.926061287601911864e-01
7.935051330400167968e-01
9.081836327345309545e-01
5.498600864919868103e-01
6.994323610408588188e-01
2.168551102785397366e-01
7.275573624935744999e-01
6.232133631823660869e-01
1.064131129419486343e-01
6.618520518358531612e-01
7.902585807816943086e-01
6.356738959272779654e-01
8.208955223880597396e-01
8.998561151079136344e-01
8.312894183601962084e-01
9.282601115760111821e-01
9.425417911553372052e-01
8.620740305522913705e-01
9.507242260721385785e-01
5.204120323559150441e-01
9.402345670342018291e-01
8.716417910447761264e-01
6.404896984174380803e-01
8.563246766070899962e-01
8.696820420958352171e-01
9.975088967971530440e-01
8.243914807302231695e-01
6.813887057789497215e-01
5.119941846377513983e-02
1.000000000000000000e+00
8.932367391958286884e-01
9.913586356541931321e-01
9.913479955088831952e-01
7.896106331606460582e-01
8.868447222616848702e-01
9.990048808226318355e-01
9.128426844846221355e-01
8.565822333214413442e-01
1.000000000000000000e+00
5.645239246012566658e-01
8.844393592677345373e-01
6.074856046065258974e-01
1.000000000000000000e+00
9.475177304964539360e-01
7.916120576671035192e-01
8.301369863013698946e-01
9.747245625405055458e-01
9.807308970099667400e-01
2.193975646229438248e-01
7.356321839080459668e-01
1.000000000000000000e+00
9.835164835164834640e-01
9.090909090909090606e-01
8.988666085440278897e-01
6.100628930817609819e-01
9.276944065484310498e-01
8.048609488198177342e-01
7.791001831022756896e-01
9.381056201550387330e-01
5.932279909706545951e-01
9.705695915964864806e-01
7.995960502692998073e-01
9.841568206229860394e-01
9.439655172413793371e-01
9.137931034482759118e-01
7.548864236661384508e-01
9.178814382896015589e-01
2.977599323753170046e-01
7.867672503287425068e-01
5.371375116931711435e-01
5.122860020140986848e-01
9.851268591426072252e-01
9.993896236012207446e-01
9.674515235457064044e-01
9.998416844771630396e-01
8.342632097144732084e-01
8.193832599118943127e-01
8.320719016083254482e-01
9.262857142857142678e-01
9.519480519480519876e-01
9.822006472491909834e-01
9.232134931202841122e-01
9.186507936507936067e-01
8.811542466160939835e-01
9.992942836979534782e-01
8.098727342846123722e-01
9.673066943435392195e-01
6.334913112164296534e-01
8.128460686600221807e-01
9.325953745799565597e-01
7.914932963476652983e-01
9.547511312217195067e-01
9.919395465994962358e-01
9.449999999999999512e-01
6.801247935400991373e-01
9.925106990014265218e-01
9.873096446700507789e-01
7.808896210873146337e-01
8.858858858858859042e-01
9.437148217636022185e-01
7.135159407274359600e-01
9.921548117154811441e-01
8.618210862619808399e-01
8.453956631934665955e-01
6.707174231332356795e-01
7.725834797891036887e-01
8.629583592293349481e-01
4.488691281654745846e-01
8.582720087217224902e-01
8.150163220892274740e-01
9.451287793952967142e-01
7.189324437030859549e-01
9.794855096059915667e-01
7.651167867277887114e-01
8.606147934678194389e-01
9.220598469032706967e-01
9.647058823529411908e-01
5.629093416063426503e-01
9.633986928104575354e-01
8.162121778109824310e-01
4.257939079714841424e-01
7.065799281696821810e-01
9.656460044809559440e-01
6.962025316455696666e-01
9.388846447669977335e-01
9.174416940907139661e-01
7.490915097456227745e-01
9.937011841773746301e-01
9.917397167902899380e-01
1.000000000000000000e+00
5.274883118346195277e-01
8.986150755893857964e-03
8.737062449121990593e-01
9.729965156794425640e-01
8.008204193254330194e-01
9.551941586458678746e-01
8.439201451905625762e-01
6.597490347490347906e-01
6.625165562913907236e-01
9.294920394238058714e-01
9.161759612054035662e-01
9.702734839476813145e-01
9.923725411481332248e-01
9.492481203007518964e-01
9.795918367346938549e-01
6.589290203636972709e-01
9.433272394881170309e-01
8.773033707865168784e-01
9.194884626077286516e-01
9.948717948717948900e-01
9.582172701949860372e-01
1.000000000000000000e+00
8.919382504288164704e-01
1.000000000000000000e+00
8.284313725490196623e-01
7.971721111652851910e-01
9.596602972399150833e-01
7.873070325900514144e-01
9.138888888888888618e-01
6.387999325804820661e-01
5.587358378056052066e-01
9.429945054945054750e-01
5.102040816326530726e-01
8.851417399804496489e-01
5.905871938624963624e-01
