7.350605143721633539e-01
8.441353599082305204e-01
8.145135047185161348e-01
6.936779866585809362e-01
5.534809282475326997e-01
5.722391968572675403e-01
3.905465288035450677e-01
8.893239363090577054e-01
7.364511227418537587e-01
6.938413823659724811e-01
5.324737020699016332e-01
5.142082674497402417e-01
7.828483706649920215e-01
3.770156469994421222e-01
3.036419992251065403e-01
4.285368737905826952e-01
1.796211964396605132e-01
7.147502990430621983e-01
7.218573253056012051e-01
9.463614622480355232e-01
4.098883923657736794e-01
6.904507075752169820e-01
3.339091432554474603e-01
6.010209564750134126e-01
5.308782026451219771e-01
8.870809645167614388e-01
6.251693308046599729e-01
6.911137756461497306e-01
5.917001338688085976e-01
6.912471276373511886e-01
3.755827505827505908e-01
7.282317481580710128e-01
3.786448420251237179e-01
9.136590782898389440e-01
2.673941645383484111e-01
8.811244979919679032e-01
5.773216031280546945e-01
3.572157166755069446e-01
2.675497882310534647e-01
1.883052527254707731e-01
6.868436127553942949e-01
6.328980623420387142e-01
7.294537442036372887e-01
3.904269081500646998e-01
8.309798887462558348e-01
6.554545846074335547e-01
9.319634703196346681e-01
8.144266337854501048e-01
9.687284035936419846e-01
7.234262125902992668e-01
8.884196488108468959e-01
7.163420829805249301e-01
9.181622397702799976e-01
9.430485762144054096e-01
6.510352392705334168e-01
7.400546614029760439e-01
7.912482065997130665e-01
1.955088106193939718e-02
6.020664486468553234e-01
6.730210016155089292e-01
9.090139652983495466e-01
6.849301689618126909e-01
7.495950761256883199e-01
5.597996242955541879e-01
7.697665328168863397e-01
5.417362720267284715e-01
5.648607664736696732e-01
6.281833616298811984e-01
8.847658432994299771e-01
3.803348266918179510e-01
6.724852071005916754e-01
8.898646176362970950e-01
3.822711331479017871e-01
4.267642612777468591e-01
8.474415965194362910e-01
8.759689922480620172e-01
5.048869438366155871e-01
8.863936591809775667e-01
7.738209126566536478e-01
7.785225575660751351e-01
8.869257950530035073e-01
3.581383118590586445e-01
7.128522256577796146e-01
9.329305135951662109e-01
7.531837477258944702e-01
9.433962264150943522e-01
4.551228942281138057e-01
8.271130625686059501e-01
7.103892543859648967e-01
9.012605042016806900e-01
8.312702544759071888e-01
5.864668094218415950e-01
7.902315076228120239e-01
9.046741883490674319e-01
7.136515936882499578e-02
7.280163599182004619e-01
8.729699484128067288e-01
8.127701559857170022e-01
7.748184019370459863e-01
1.209785667893483463e-01
3.887427669647554040e-01
7.384792626728110543e-01
8.448089516180303793e-01
8.828621992634045901e-01
8.305749470546709423e-01
7.971530249110320154e-01
8.874154966198647410e-01
6.148363689939041477e-01
1.083668389814282929e-01
8.994032395566922133e-01
9.540835528791870024e-01
1.637403021641486434e-01
4.949054932073242985e-01
5.427141527001861920e-01
4.863309352517985462e-01
3.669427439683111136e-01
7.210053355798933250e-01
8.947583112380175230e-01
7.940887621007342023e-01
6.478818499805674147e-01
9.022475918658580119e-01
8.343151693667157920e-01
8.310183793317700296e-01
9.074840165475742682e-01
8.961937716262975417e-01
5.820917539460097601e-01
6.784093365031337308e-01
9.464642429085098341e-01
8.573847601128880003e-01
9.161447459986081787e-01
4.072635234563541373e-01
6.563046434816397490e-01
8.585953807824389106e-01
6.879258424319913967e-01
9.172757475083056500e-01
4.042961541300656991e-01
7.795698924731182533e-01
8.490749756572540941e-01
4.981249330333226144e-01
8.825201326385598843e-01
9.399128268991282509e-01
1.564719358533791516e-01
7.758728962572217780e-01
4.986187845303867161e-01
8.362302047122441295e-02
6.956140350877193512e-01
6.533333333333333215e-01
6.490027781233155268e-01
5.551804726045183047e-01
1.772457720184493768e-01
3.675504192159528838e-01
8.945675482487490671e-01
5.837141489315402776e-01
8.032786885245901676e-01
3.979758892692364936e-01
9.376251788268955556e-01
8.875878220140515085e-01
6.391423761849915897e-01
4.126661183498550045e-01
8.328589909443725459e-01
7.757424368581737895e-01
7.023416886543535353e-01
7.020868584320361094e-01
6.189930413426115718e-01
7.363885839736553640e-01
1.846718109936172358e-01
6.879321181646762540e-01
6.166356630348126533e-01
7.356076759061833670e-01
8.950461796809403570e-01
7.921704087507196457e-01
3.781603012372243278e-01
8.430939226519337248e-01
5.930706521739130821e-01
5.924281662350474598e-01
7.378224554660359757e-01
7.763866964237112755e-01
8.595584210206191900e-01
9.035243859024564284e-01
2.788427132852834278e-01
1.499926112014186574e-01
7.410419872499450777e-01
6.457023788852230828e-01
1.546066138151037661e-01
8.638670973696354061e-01
9.265951439864483774e-01
8.198162205353575205e-01
1.626412049488972500e-01
8.436367629296145365e-01
7.836543693546631495e-01
7.746380762008601151e-01
5.419156255658156285e-01
7.116039898395390972e-01
7.509889874906446883e-01
8.721401790496594586e-01
3.486571497701427269e-01
5.799788644442309682e-01
9.430775949919930623e-01
9.013100436681222849e-01
9.171252832631919816e-01
8.775218102508178797e-01
7.527322404371584730e-01
8.582802547770700397e-01
8.690647482014388636e-01
8.406214039125431414e-01
8.012295081967213406e-01
8.030320631970260248e-01
9.092495636998254582e-01
8.915150082722760327e-01
8.646135967460778504e-01
8.508643556205981451e-01
7.804722399489469886e-01
8.828146902158676701e-01
5.734197873935865664e-01
7.187208941322570377e-01
8.732516975219082322e-01
9.553763440860214562e-01
9.559890166822091473e-01
9.385017298594930946e-01
8.616956574625957987e-01
7.182749080122079466e-01
8.978680495534427930e-01
1.933735872426072255e-01
8.930748391466305502e-01
8.953587419460522501e-01
7.790506496950411197e-01
5.273012279021161985e-01
8.723773694110837917e-01
1.719648325595179161e-01
4.536817102137767344e-01
8.902899804251832583e-01
2.654559782219356734e-01
8.976756303007497051e-01
8.269445671665064390e-01
9.576359973136333581e-01
8.014121474252338118e-01
9.597350440723935172e-01
8.919966872458967577e-01
9.457166845198460292e-01
9.650811734548561116e-01
4.099106506605273426e-01
5.585379094034622627e-01
7.203785325382421334e-01
7.360985387301176575e-01
9.214055593017157486e-01
8.808771364076104504e-01
7.110954449321174042e-01
3.857241665513902462e-01
8.161487421833977240e-01
2.746016226693425155e-01
8.234152652005174433e-01
9.101888449714536922e-01
8.641753030036887218e-01
9.565520570723595739e-01
9.246129889163690052e-01
9.204190591316611103e-01
8.068902353106947034e-01
9.474013775829680517e-01
7.366722050795158072e-01
8.976269227063998768e-01
3.555761076308304180e-01
7.697195598154064067e-01
7.823914732985455256e-01
8.566428003182179340e-01
8.711749691703232212e-01
8.299604407101055514e-01
6.837134104833220150e-01
8.645470383275261073e-01
9.211010262798837722e-01
4.646046130325925394e-01
7.602527155841276585e-01
8.431179082387765256e-01
9.030641349523266248e-01
9.089083878643664516e-01
7.373685295937306705e-01
8.690767723766377184e-01
6.487843853441388475e-01
9.421707110950139352e-01
8.631658795605255952e-01
9.047619047619047672e-01
4.919588166297406695e-01
7.202704689107746194e-01
8.296900940785832956e-01
9.522194634530369850e-01
8.890892696122633110e-01
8.721419975932611646e-01
9.136381398983978164e-01
8.934466617393446164e-01
9.349568434032059505e-01
8.444495108605537537e-01
7.907696274332860487e-01
6.451769911504424693e-01
8.744578014623869411e-01
8.234567356484137068e-01
9.286846275752773661e-01
6.253094800734765313e-01
9.374828626268165710e-01
9.031711511227998868e-01
6.715703824247355458e-01
8.712894541906809343e-01
9.006402655916528888e-01
7.861512213391036452e-01
9.388902468834026127e-01
7.295248476440568952e-01
9.188983430362740457e-01
9.421441256192167879e-01
9.451046972269383506e-01
7.908927501497903245e-01
9.381526104417671208e-01
9.131554737810487765e-01
6.776727927179593269e-01
8.976527149321267274e-01
7.438634276122002564e-01
5.374190204716248198e-01
7.946488294314381085e-01
4.989562981146569154e-01
9.427256122563089091e-01
7.747817803612044862e-01
7.529957479706222978e-01
3.536030176899063737e-01
9.529757745166550498e-01
6.878057457973850708e-01
8.890927332664468885e-01
7.318318386156730249e-01
9.330694230628252539e-01
7.643070044709389110e-01
6.945189727865082041e-01
7.708685626441199590e-01
9.466105362552622582e-01
9.673261390887289979e-01
8.762425447316103400e-01
9.414060439850219231e-01
3.958800734244340425e-01
8.790706019556830952e-01
9.090024556363804908e-01
8.214369445214092513e-01
7.368661489264504150e-01
9.068066754172136035e-01
5.858884541897916298e-01
6.397909306489860670e-01
9.408808678215070387e-01
7.577981651376146655e-01
7.346753099056066993e-01
8.845939120031902636e-01
9.457569163817221014e-01
3.074214312760318313e-01
9.295107960639835687e-01
8.902179802442379275e-01
9.263460157932519312e-01
8.474544192795406827e-01
9.398649709530538798e-01
8.709291780031329644e-01
6.547406082289802809e-01
8.632278009961641407e-01
9.541851616994292407e-01
8.932591068619145647e-01
9.189488951454654053e-01
8.145514871430263870e-01
9.678614097968936125e-01
8.494144749472067879e-01
8.075676662558766150e-01
7.105276548109703549e-01
9.364598258569382105e-01
6.150208763016248303e-01
4.237626520568297805e-01
8.089235419385862880e-01
9.493599092529574346e-01
7.675308856794849088e-01
8.675884906251398743e-01
6.915544255085211978e-01
9.176534887957733533e-01
8.268809349890431371e-01
9.036088111232619680e-01
8.279512829357603687e-01
9.007734389737784841e-01
8.537778937752837916e-01
9.213306152705708074e-01
6.477226573832317591e-01
9.516291447888944877e-01
8.646274509803921759e-01
8.384890250127615685e-01
8.708990028948214723e-01
8.990441053161160045e-01
5.774414992233302124e-01
9.303569969773711756e-01
8.228179802459181236e-01
8.444766203900859747e-01
8.203606363351551023e-01
6.926965312881296910e-01
8.010871320165761089e-01
8.188565145684442159e-01
6.860113002695815698e-01
8.823811809889582358e-01
6.708791911952904918e-01
3.987822096717260623e-01
5.303741202617606731e-01
9.383639462223063443e-01
9.150538539212386135e-01
7.470604135694013104e-02
9.563777832960848047e-01
2.972518227706113375e-02
7.351969229102335301e-01
9.732161836604549254e-01
9.172315971715233607e-01
9.256032171581769497e-01
7.885374172406874882e-01
9.491697729583191689e-01
4.693823869813769090e-01
9.009677419354839012e-01
6.032562125107112649e-01
8.519133647425685130e-01
7.413900576593424052e-01
8.063152331880036883e-01
9.269849374521317298e-01
9.671740706223465045e-01
7.098832220273849636e-01
8.746295946031145130e-01
9.574849323994135686e-01
6.019571242717348669e-01
3.736971870447158839e-01
9.247356851250916332e-01
1.215633295411452375e-01
7.596653568259601474e-01
4.644818119423472780e-01
8.433527542372881713e-01
6.060765764578777319e-04
9.054532943402717748e-01
9.468962775209979199e-01
4.989035087719298489e-01
8.826960466623461343e-01
8.826676037640076578e-01
6.730592300300546338e-01
9.566926890421106888e-01
6.509954425521707888e-01
7.751534769505524780e-01
8.933333333333333126e-01
8.026464553410661562e-01
8.930316207655554228e-01
5.632154668023403588e-01
7.097735064351149425e-01
2.414646104474950927e-01
7.309289413521206091e-01
6.257964525572584646e-01
1.513743309065248566e-01
6.659017278617710422e-01
7.888036505522121322e-01
6.404628130654222984e-01
7.754318618042226330e-01
9.032876517787403747e-01
8.234165067178502717e-01
9.178885630498533343e-01
9.309742782668568584e-01
8.649875530824425729e-01
9.028953837749248423e-01
5.331458543983822462e-01
8.940738232306129074e-01
8.582089552238806318e-01
5.764891104696929780e-01
8.611138540535202557e-01
8.756245538900785386e-01
8.965112557345567001e-01
8.470232088799192205e-01
6.884201274445176377e-01
7.019626847589047203e-02
2.272463991968181607e-01
8.683761100809993527e-01
9.600723941789169880e-01
9.427492922302610490e-01
7.687573133629768130e-01
8.493027128286962935e-01
9.594896331738437256e-01
9.061680427391938242e-01
8.820821529745042078e-01
7.801452784503631888e-01
6.118898018366361047e-01
8.955732122587968247e-01
6.833013435700575622e-01
8.811320754716981396e-01
9.005376344086021279e-01
8.448060075093867249e-01
8.375266524520256217e-01
9.160120845921450039e-01
9.105939987752602605e-01
3.539841914120914201e-01
7.683465959328028561e-01
9.157303370786517016e-01
8.729848558866634134e-01
6.246056782334384883e-01
8.198269079464988174e-01
6.331484049930652391e-01
9.335142469470827375e-01
8.209802235597591924e-01
7.957691303212326428e-01
9.441563140755035999e-01
7.644166294143942553e-01
9.526730937773882912e-01
8.182634058783935238e-01
9.549222797927461315e-01
9.104066161268090651e-01
8.853669127225358704e-01
7.818277865821446904e-01
9.074427480916030797e-01
3.816568047337278169e-01
8.198341395991707303e-01
5.764265668849392066e-01
3.691953702412494875e-01
9.120967741935483986e-01
8.765388046387154741e-01
9.339886803693774331e-01
8.363239091571210704e-01
8.427961929766983884e-01
8.348017621145374934e-01
5.765144989951191956e-01
9.247222222222222232e-01
9.573781078463028393e-01
9.560612004707728095e-01
9.275802254986990070e-01
7.753094091450468683e-01
3.742368742368742396e-01
8.187608569774175171e-01
8.425960462513987226e-01
7.832225913621262414e-01
6.442771084337349796e-01
8.308457711442785998e-01
9.404339250493096714e-01
8.205246203405430760e-01
9.421078673923800606e-01
9.095940959409594129e-01
9.169082125603864597e-01
7.078363002385759106e-01
8.463636363636363180e-01
9.266347687400319222e-01
7.902251510159252756e-01
8.903162055335968050e-01
7.185981956974323293e-01
7.190814925745663277e-01
9.073006724303553927e-01
8.634585289514866702e-01
8.351589633983436123e-01
6.979502196193264618e-01
7.886235955056180025e-01
8.723602484472049445e-01
4.935240672723757993e-01
8.748639825897714939e-01
8.648648648648649129e-01
8.307163886162904909e-01
7.806505421184319893e-01
9.625000000000000222e-01
7.817070508622571134e-01
8.416269234230180363e-01
9.366827253957329402e-01
9.202551834130781039e-01
6.466735608410892899e-01
9.069767441860464574e-01
7.218543046357616122e-01
4.606286454957874144e-01
7.277224368096496532e-01
8.465573770491803263e-01
8.657243816254417412e-01
9.019607843137255054e-01
4.093480017403194893e-01
7.971612477306486699e-01
6.394804775734107549e-01
8.640762463343109046e-01
9.604859894921190244e-02
5.290936743085675742e-01
2.320541283433766658e-02
9.104219506571362697e-01
7.981520966595593292e-01
8.095024652622142547e-01
9.053308823529411242e-01
8.322766570605187875e-01
7.249034749034749536e-01
6.900662251655629298e-01
9.132321041214750412e-01
9.211975223675155089e-01
8.881720430107526987e-01
9.351781652767248154e-01
9.333941605839416455e-01
9.614368726888536942e-01
7.128132070728232517e-01
9.256055363321799012e-01
8.684939495553287703e-01
9.315060877300271880e-01
8.353067814854682194e-01
9.332884097035040183e-01
7.320449637299961121e-02
8.896265560165974584e-01
4.328821206993795911e-01
8.771289537712895212e-01
7.746417716022578892e-01
8.929273084479371070e-01
8.213378492802709818e-01
8.863936591809775667e-01
6.860895924553721548e-01
6.186046511627907307e-01
9.434604904632152289e-01
5.850340136054421603e-01
9.027237354085603238e-01
6.302744172322218841e-01
