7.546107551931663382e-01
8.469284994964753066e-01
8.145135047185161348e-01
6.946257780476696730e-01
7.153692339515962395e-01
5.857908847184986056e-01
3.905465288035450677e-01
8.944604883171436427e-01
9.247403010387958977e-01
1.000000000000000000e+00
9.487303506650544005e-01
5.175283044605101246e-01
8.255942306277136433e-01
3.770156469994421222e-01
3.036419992251065403e-01
6.516674840608140951e-01
9.954115285345569442e-01
7.182000863898435616e-01
8.095968897073869686e-01
9.805309734513274478e-01
7.212301971569121672e-01
8.302984078558489633e-01
3.389111042756074998e-01
8.976725521669342012e-01
6.004569068035300328e-01
9.528321751947778084e-01
9.987015797446440191e-01
8.245906851057065445e-01
6.890868596881959407e-01
9.996978851963745916e-01
3.770935420171140362e-01
1.000000000000000000e+00
3.786448420251237179e-01
9.953122637229698810e-01
2.731657179000632762e-01
9.972727272727273107e-01
5.821730451711476517e-01
7.671076842197493972e-01
2.957465883056081268e-01
1.000000000000000000e+00
9.239660929874132789e-01
6.328980623420387142e-01
7.303905426765016085e-01
3.904269081500646998e-01
9.019972131908964297e-01
8.746049077639216351e-01
9.770224988032550906e-01
9.850857568978373946e-01
9.925650557620817604e-01
7.627856365614799072e-01
9.393654524089306568e-01
1.000000000000000000e+00
9.700417140690178464e-01
9.512430605841177833e-01
6.632211202681939088e-01
7.523927138005557236e-01
9.927992799279927727e-01
1.955129564442936382e-02
6.036113090995486319e-01
6.762987012987012880e-01
9.226804123711340733e-01
1.000000000000000000e+00
9.867803837953091906e-01
5.662707838479810185e-01
8.903411426222770375e-01
9.764934434191354651e-01
5.693740012506078862e-01
6.281833616298811984e-01
8.915418402973307455e-01
3.803348266918179510e-01
9.447215295095594545e-01
9.139421270199172831e-01
3.825487111218685565e-01
4.444076222038110813e-01
9.946714031971580772e-01
9.904382470119521553e-01
1.000000000000000000e+00
9.696531791907514464e-01
7.756946608808228394e-01
7.976656465731976065e-01
9.166666666666666297e-01
3.581383118590586445e-01
7.153981264637002679e-01
9.756714060031596025e-01
7.545565006075334313e-01
9.916262670780079391e-01
4.966847498493068280e-01
8.358291735995563299e-01
7.103892543859648967e-01
9.058277027027027417e-01
8.331292263457750202e-01
5.940482387645323881e-01
7.902315076228120239e-01
9.084393063583815486e-01
7.136515936882499578e-02
7.280163599182004619e-01
8.785573013954510735e-01
9.429817388934313982e-01
7.748184019370459863e-01
1.209785667893483463e-01
9.966284558327713761e-01
7.393310265282583282e-01
8.448089516180303793e-01
8.847241528064037075e-01
8.461722870385168793e-01
9.911504424778760924e-01
9.488462607728662679e-01
6.226337678807885023e-01
2.406974271741441629e-01
9.599636032757051796e-01
9.690366972477064689e-01
1.000000000000000000e+00
9.940679222897820244e-01
5.474932487965246120e-01
4.863309352517985462e-01
7.263007840342123878e-01
7.216132658797077548e-01
8.987451984635083102e-01
7.952416635443986248e-01
9.964136282127914468e-01
9.851967276977016130e-01
8.343151693667157920e-01
9.140652557319224325e-01
9.796995533901745601e-01
9.773584905660377409e-01
8.578260869565217384e-01
6.803699154685355355e-01
9.633997559983733527e-01
8.588066789793071809e-01
9.872515935508061613e-01
4.072635234563541373e-01
6.576919867604928971e-01
8.650414961217520737e-01
6.932557981825580029e-01
9.881889763779527769e-01
4.042961541300656991e-01
7.934336525307797983e-01
8.685258964143426352e-01
4.981249330333226144e-01
9.677922077922077593e-01
9.676282051282051322e-01
1.564719358533791516e-01
7.812203604173253435e-01
4.986187845303867161e-01
1.000000000000000000e+00
9.149120276896451909e-01
6.548326133909286861e-01
6.512440708995589356e-01
7.336993822923816300e-01
9.922131147540983465e-01
3.750289017341040254e-01
9.992015968063872045e-01
5.857280111800157174e-01
8.043775649794802085e-01
3.979758892692364936e-01
9.739449177729344598e-01
9.154589371980675905e-01
6.394823153975711660e-01
4.126661183498550045e-01
8.482213438735177746e-01
7.904411764705882026e-01
7.072166317956892767e-01
7.020868584320361094e-01
6.247211435181360129e-01
7.371572990495027788e-01
2.823743627093954767e-01
8.471362229102167296e-01
6.166356630348126533e-01
7.363322935478574527e-01
9.695316052751250524e-01
8.098881695114773516e-01
3.781603012372243278e-01
9.051008303677342548e-01
5.930706521739130821e-01
5.924281662350474598e-01
7.378224554660359757e-01
7.766826399477237963e-01
8.653481109546261596e-01
9.653860783567896897e-01
2.792709773204321011e-01
1.500369549150036841e-01
7.413679349021332632e-01
6.558377425044091824e-01
1.546066138151037661e-01
1.000000000000000000e+00
9.512124432421987796e-01
9.464944649446493941e-01
1.626412049488972500e-01
8.490910095595954887e-01
9.233235030132068699e-01
7.767789352203359199e-01
5.423083892009421536e-01
7.116039898395390972e-01
7.737387089667328022e-01
8.967036425143576350e-01
3.486571497701427269e-01
5.938130133280873357e-01
9.833029751062537516e-01
9.128704113224237471e-01
9.297669839186084584e-01
8.819097198438249352e-01
8.339008702232312276e-01
9.799999999999999822e-01
9.186311787072243273e-01
9.898373983739837678e-01
9.615966704502458828e-01
8.090709583028529162e-01
9.256736748593425990e-01
9.367937414628089154e-01
9.352608422375864317e-01
9.397888568975096835e-01
9.553621247628613089e-01
9.886970172684458324e-01
5.785234301989230499e-01
9.718723761544920681e-01
9.954353003440064018e-01
9.761054655314473916e-01
9.709287029729019025e-01
9.486831775033901515e-01
9.552319309600862951e-01
7.182749080122079466e-01
9.337827715355805358e-01
1.933735872426072255e-01
8.931504529675725612e-01
9.567307692307692735e-01
9.984366503534529702e-01
5.419799498746866728e-01
9.657216082011853553e-01
1.721178564366225017e-01
4.536817102137767344e-01
9.792699414150518589e-01
2.654559782219356734e-01
9.994843367281165403e-01
8.504383151592901369e-01
9.893428063943161543e-01
8.019457699848333565e-01
9.680660774410774216e-01
9.998734070385686401e-01
9.831457292481791121e-01
9.760903381920839061e-01
4.237067255935180188e-01
5.585379094034622627e-01
7.203785325382421334e-01
7.360985387301176575e-01
9.275908885201388232e-01
9.572469862629661153e-01
7.329473536168018555e-01
3.857241665513902462e-01
8.604896952615818106e-01
2.749506225848003527e-01
9.174774774774774322e-01
9.110891306737004536e-01
9.568705630652533101e-01
9.963683093083025577e-01
9.874296894106138200e-01
9.631074101401918552e-01
8.080857969378395511e-01
9.745571658615136412e-01
7.417427465226327232e-01
9.016515063544287001e-01
3.604953560371517152e-01
7.699382146154392093e-01
7.823914732985455256e-01
1.000000000000000000e+00
9.997696155871511614e-01
9.543609022556390764e-01
6.837134104833220150e-01
8.645470383275261073e-01
9.362074163400663229e-01
4.648311941655028923e-01
7.622805067792842726e-01
8.472979672781358884e-01
9.997744496571634443e-01
9.941439609597397808e-01
7.405758077879038836e-01
8.691565896219194398e-01
6.544617156016119264e-01
9.872857233221582485e-01
9.953161592505854749e-01
9.416909620991253949e-01
4.941355115718923385e-01
7.304710793082885845e-01
9.673360754899588132e-01
9.616537214849244508e-01
9.993412050879237896e-01
8.979402199163698528e-01
9.163237311385459272e-01
8.957638631591947620e-01
9.969103339468839975e-01
8.562331876260927954e-01
7.907696274332860487e-01
6.513445903689806249e-01
8.900100908173561587e-01
8.250950570342204804e-01
9.503813447882878407e-01
6.742013261000602276e-01
9.431724137931034591e-01
9.564297573777515993e-01
6.715703824247355458e-01
9.999377954715102934e-01
9.969999249981249534e-01
7.862820993049486340e-01
9.547940340909091272e-01
7.295248476440568952e-01
9.272447919020290197e-01
9.934949733885275469e-01
9.502133712660028042e-01
7.924437685103657980e-01
9.388564385617061969e-01
9.190740740740740433e-01
6.776727927179593269e-01
9.991186376656489010e-01
8.760164117866467981e-01
5.391094127739218811e-01
7.946488294314381085e-01
4.989562981146569154e-01
9.687619704282540711e-01
7.760641819527203111e-01
9.122252465829601142e-01
3.536030176899063737e-01
9.743383644428567081e-01
6.878057457973850708e-01
9.923849747232353913e-01
7.318318386156730249e-01
9.656323495941127044e-01
7.643639615470601001e-01
6.947852760736196176e-01
7.714021998307822869e-01
9.594066512481058684e-01
9.920073778051029523e-01
8.908539666498231924e-01
9.465478841870823556e-01
3.958800734244340425e-01
9.959345461937189059e-01
9.889107313876707162e-01
9.149198813056379498e-01
7.371547953254553587e-01
9.921453692848769546e-01
5.859151085027978212e-01
6.397909306489860670e-01
9.541823883961385588e-01
8.922062815044591311e-01
7.679277244494635557e-01
8.911087305838243378e-01
9.998356884653302190e-01
3.074214312760318313e-01
9.342817634237232660e-01
8.979840659225157840e-01
9.936855074695826184e-01
8.546796462429216978e-01
9.991654147888499038e-01
9.998580217699952755e-01
6.547406082289802809e-01
8.635738831615120681e-01
9.719560770804176464e-01
9.985119047619047672e-01
9.986787510720660510e-01
8.166320166320166773e-01
9.901607284727739211e-01
8.706757448148293443e-01
8.108615948670944151e-01
7.105999694672027189e-01
9.969492519800527974e-01
7.007508454175502832e-01
4.237626520568297805e-01
9.989819724284199065e-01
9.546195209385693881e-01
7.691033520770672594e-01
9.180793635760962079e-01
6.966288245881212537e-01
9.544834381869172768e-01
9.725845504959774734e-01
9.492860659773511012e-01
8.289630987487048852e-01
9.293499416115219569e-01
9.893391804022380054e-01
9.914248678831388828e-01
6.895305744286596150e-01
9.967604625758089698e-01
1.000000000000000000e+00
8.402046035805627033e-01
8.923907222016231877e-01
9.501949663239985799e-01
5.774414992233302124e-01
9.388705688375927894e-01
8.228179802459181236e-01
8.491050783591675977e-01
8.221923734431147990e-01
6.926965312881296910e-01
8.011302475780408550e-01
8.307306190741773344e-01
6.897044627608227563e-01
8.840788840788841307e-01
6.723850445712820090e-01
3.987822096717260623e-01
5.303741202617606731e-01
9.898132427843803205e-01
9.731096196868008752e-01
7.470604135694013104e-02
9.698648535213632016e-01
1.000000000000000000e+00
7.351969229102335301e-01
9.801437924821151393e-01
9.230268681780017248e-01
9.418049556717436044e-01
7.886429001404587913e-01
9.658620689655172953e-01
4.705623824341191308e-01
9.024232633279483107e-01
6.032562125107112649e-01
9.992446229078042474e-01
7.413900576593424052e-01
8.083443708609271416e-01
9.426272066458982746e-01
9.780104712041884918e-01
7.098832220273849636e-01
9.178879809441889970e-01
9.911892416002697770e-01
1.000000000000000000e+00
3.736971870447158839e-01
9.668381306774652684e-01
6.442657957543022063e-01
1.000000000000000000e+00
4.644818119423472780e-01
9.187824581650317901e-01
6.060765764578777319e-04
9.499007399386392159e-01
9.506998328385020125e-01
4.989035087719298489e-01
8.831866604909680563e-01
9.990277532260916082e-01
6.804886619674638260e-01
9.798645967082992847e-01
6.512037111093337272e-01
9.192301583099486972e-01
8.947146471745853757e-01
8.031845799287660181e-01
9.096601317912120788e-01
5.632154668023403588e-01
7.097735064351149425e-01
2.416315425614950496e-01
7.320902845927379499e-01
6.257964525572584646e-01
1.519076981536176263e-01
6.659017278617710422e-01
7.888036505522121322e-01
6.418533629184263178e-01
8.039800995024876107e-01
9.151798561151078815e-01
8.267344078486335013e-01
9.276499302649929835e-01
9.348132052643275403e-01
8.676556991774383443e-01
9.387957966486794037e-01
5.331458543983822462e-01
9.271016223049370897e-01
8.941339812565081147e-01
6.560167214093759469e-01
8.611138540535202557e-01
8.789968652037617458e-01
9.967971530249110090e-01
8.513184584178499215e-01
6.884201274445176377e-01
7.019626847589047203e-02
1.000000000000000000e+00
8.922340318860924047e-01
9.894933191213978185e-01
9.896968496136319127e-01
7.700368034881267532e-01
8.695127148742719525e-01
9.977728285077951398e-01
9.166748550653434080e-01
8.886906885479842755e-01
9.993796526054590235e-01
6.118898018366361047e-01
9.027459954233409967e-01
6.833013435700575622e-01
1.000000000000000000e+00
9.503546099290780536e-01
8.846657929226736661e-01
8.968036529680365465e-01
9.825016202203499249e-01
9.880398671096345398e-01
3.539841914120914201e-01
7.683465959328028561e-01
9.979591836734693633e-01
9.818681318681318215e-01
1.000000000000000000e+00
9.084568439407149087e-01
6.380153738644304129e-01
9.386084583901773692e-01
8.367609254498714622e-01
7.970180486528903874e-01
9.481589147286821895e-01
7.720090293453724106e-01
9.843339672190527523e-01
8.184470377019749110e-01
9.897959183673469274e-01
9.489942528735632044e-01
9.251361161524500609e-01
7.818277865821446904e-01
9.241982507288629689e-01
3.816568047337278169e-01
8.210256765174061000e-01
5.764265668849392066e-01
5.332326283987914861e-01
9.895013123359579499e-01
9.995930824008137927e-01
9.869680181314530731e-01
9.998416844771630396e-01
8.427961929766983884e-01
8.348017621145374934e-01
9.498580889309365949e-01
9.511428571428571788e-01
9.626623376623376638e-01
9.858414239482200525e-01
9.494007989347537091e-01
9.283234126984126755e-01
9.117953294660121610e-01
9.978828510938603236e-01
8.711916698804473835e-01
9.787234042553191182e-01
6.758293838862559078e-01
8.322259136212624142e-01
9.424787507412532017e-01
8.243180767452612523e-01
9.572649572649573058e-01
9.934508816120907193e-01
9.489999999999999547e-01
7.078363002385759106e-01
9.960770328102710458e-01
9.830795262267343348e-01
7.902251510159252756e-01
9.019019019019018923e-01
9.713883677298311703e-01
7.392392071332349879e-01
9.879707112970711469e-01
8.813897763578274480e-01
8.803154041115178741e-01
6.979502196193264618e-01
7.894551845342706597e-01
8.729024238657551171e-01
4.935240672723757993e-01
8.765331152902697820e-01
9.053318824809575283e-01
9.479283314669653127e-01
7.806505421184319893e-01
9.778573754477368762e-01
7.817070508622571134e-01
8.984630163304514472e-01
9.471120389700765640e-01
9.697478991596638620e-01
6.466735608410892899e-01
9.686274509803921573e-01
8.957788569293986258e-01
4.606286454957874144e-01
7.277224368096496532e-01
9.641523525018670382e-01
8.860759493670885556e-01
9.839572192513369453e-01
9.423379596508799638e-01
7.978196233894945255e-01
9.986142605190224675e-01
9.934254888739042499e-01
1.000000000000000000e+00
5.290936743085675742e-01
2.320541283433766658e-02
9.183626003023607209e-01
9.782229965156794549e-01
8.231540565177757340e-01
9.807500829737803016e-01
8.735632183908046411e-01
7.249034749034749536e-01
6.900662251655629298e-01
9.575435936315390695e-01
9.272601316245236980e-01
9.821640903686087443e-01
9.903653151344841143e-01
9.614661654135338020e-01
9.774436090225563367e-01
7.128132070728232517e-01
9.780621572212065962e-01
8.924344569288389373e-01
9.316096747289407398e-01
9.948717948717948900e-01
9.644846796657381427e-01
1.000000000000000000e+00
9.193825042881647036e-01
1.000000000000000000e+00
8.835784313725489891e-01
8.698196001950267986e-01
9.649681528662420460e-01
8.319039451114922379e-01
9.319444444444444642e-01
6.866677903252991211e-01
6.186046511627907307e-01
9.512362637362636875e-01
5.850340136054421603e-01
9.071358748778103331e-01
6.302744172322218841e-01
