7.729910714285713746e-01
7.270980140935298097e-01
7.614773396115361859e-01
5.014073756023090800e-01
5.442816183497929394e-01
7.462968799243617779e-01
3.093250655854996589e-01
9.022309711286089495e-01
7.492819733063017518e-01
7.940392306227385122e-01
6.887519260400616350e-01
7.579357351509250496e-01
5.991748651221834310e-01
7.738935214881333957e-01
4.437427639195873907e-01
8.015348539756981250e-01
5.972222222222222099e-01
4.043330723048812470e-01
6.206215196694808700e-01
3.930348258706467535e-01
3.243346735592571584e-01
3.130699088145896813e-01
8.684285918922790559e-01
5.044205979618006097e-01
6.206795547744581310e-01
6.995991511435981636e-01
6.819991154356479512e-01
7.782672540381792015e-01
3.103221564760026419e-01
9.541697971450037175e-01
6.607008675455974256e-01
8.426440737798958081e-01
3.733948385488093935e-01
6.010265602085709258e-01
7.750042889003259106e-01
7.273113167501485954e-01
3.486829009355716380e-01
3.762035763411279432e-01
3.178778421756576211e-01
3.585540142917192363e-01
7.042307692307692157e-01
6.315312984997413226e-01
1.187434554973822026e-01
8.954601226993864627e-01
7.869080779944289672e-01
9.000000000000000222e-01
0.000000000000000000e+00
9.134155037180401449e-01
9.457267623206487839e-01
8.221051311002384177e-01
6.116761431889164990e-01
9.569867651585103330e-01
7.028231797919761714e-01
8.782376502002670060e-01
8.635198310963655421e-01
9.349821519632840472e-01
8.927659574468085335e-01
9.315068493150684414e-01
3.187433815743028753e-01
9.411494252873563449e-01
8.463917525773195782e-01
8.328032712403452553e-01
3.663101604278075074e-01
8.195876288659793563e-01
9.059459459459459074e-01
7.964780600461893734e-01
7.796386902521641460e-01
9.292452830188678847e-01
7.785265049415992511e-01
8.419667817793126119e-01
6.740598904313600537e-01
9.348955327253838377e-01
8.941961992809450699e-01
8.890392422192151534e-01
8.435398230088495541e-01
5.251581801747514655e-01
8.937823834196890749e-01
9.196515004840271068e-01
8.524431543299467728e-01
7.919906222339178070e-01
9.429287715676153425e-01
8.517293233082706694e-01
6.043054843669912746e-01
8.866827115924589275e-01
8.408290965975753206e-01
7.643687571639102840e-01
6.935792834338417867e-01
6.930930397727272929e-01
7.353361945636623931e-01
7.639130434782608337e-01
3.432264241263762727e-01
8.551022505395129425e-01
8.392039172326646312e-01
6.648681055155875042e-01
4.762569832402234749e-01
8.226258910094274013e-01
7.237939493049877493e-01
7.665489849955869905e-01
5.712033631108776044e-01
3.709029066171923295e-01
8.429701765063907226e-01
9.158504007123775548e-01
8.184952038369304184e-01
8.951456310679611894e-01
8.000627746390458483e-01
4.778342386542842046e-01
1.628019557534975958e-01
7.721684969677101718e-01
6.328682170542635488e-01
7.081193615544760789e-01
8.184517497348886561e-01
9.110410094637223788e-02
8.068084678433147250e-01
8.016815034619189095e-01
5.291425494682998609e-01
7.116944403480313097e-01
6.703142536475870106e-01
7.440875679130712905e-01
4.330240304544373253e-01
6.539406117436927790e-01
8.218649517684887273e-01
7.792250081406707496e-01
6.556100012564392010e-01
5.789635081263415639e-01
7.996886351842241725e-01
5.158730158730158444e-02
6.901748040988546773e-01
8.290010741138560402e-01
8.286552692013268162e-01
6.958698372966207746e-01
7.919797516412243610e-01
6.898589171590497893e-01
4.840034587116299192e-01
8.540337711069417859e-01
8.919491525423728362e-01
8.500299940011997180e-01
4.583680266444629670e-01
7.857848726719878218e-01
8.082094833687190061e-01
4.409081694709102162e-01
8.263464120543040359e-01
5.952304221720915445e-01
8.537245110278818272e-01
5.636867088607594445e-01
7.679477882523567667e-01
8.335311252562304096e-01
6.447598677814505574e-01
9.023188405797101241e-01
2.454103893965588201e-01
3.096633344823623846e-01
6.290464979399646994e-01
4.214902462424048868e-01
8.007261198609122443e-01
5.829068577277379815e-01
8.956578094620868402e-01
9.250340428581667052e-01
8.360726643598616059e-01
6.397529734675205804e-01
6.313394018205461533e-01
7.136672850958565295e-01
6.661126500461680422e-01
7.109857641686812002e-01
8.516915814319433453e-01
6.098975449449062225e-01
8.918247220405494113e-01
7.927213910230489491e-01
6.008565104417283864e-01
9.030470914127424198e-01
8.476755687438179976e-01
8.287073750991277299e-01
6.320123839009288425e-01
9.353980159690297169e-01
9.589306470360325907e-01
5.611479028697571314e-01
9.419488597097442906e-01
5.470487774399133141e-01
5.088503329828251154e-01
4.813148788927335553e-01
6.871111111111111169e-01
8.751079846970257758e-01
8.782034346103038125e-01
8.167354154390100707e-01
4.321457489878542391e-01
6.562551372677954964e-01
8.396340643078165078e-01
7.840820488214478301e-01
9.580634162973065138e-01
8.845596755504055997e-01
7.728836889194768967e-01
7.441302027748132319e-01
8.729407309221738354e-01
8.917134367778144499e-01
9.366120218579234713e-01
7.179768748788838417e-01
9.195690535896721141e-01
8.943609948288598899e-01
