8.731719616742309453e-01
8.095577746077032844e-01
8.305247953779489878e-01
5.017424929584188842e-01
9.994150336355659414e-01
8.424048381358947291e-01
1.000000000000000000e+00
9.856630824372759614e-01
9.572631124541334247e-01
7.940392306227385122e-01
9.337789847503655816e-01
9.607504319921007507e-01
9.435282358820589188e-01
9.133232399697198689e-01
9.268989776849511086e-01
8.762526217664879935e-01
9.548066875653082874e-01
4.043330723048812470e-01
9.213333333333333375e-01
7.605294825511431656e-01
9.883313885647607711e-01
3.274566473988439474e-01
9.489708069186819639e-01
6.836809366995975079e-01
6.250737463126844196e-01
9.711947626841244130e-01
9.549958711808422818e-01
9.201388888888888395e-01
8.872180451127819056e-01
9.788053949903661177e-01
9.610492845786963167e-01
9.553732239343606381e-01
3.733948385488093935e-01
6.446172666899685488e-01
9.944964226747385894e-01
9.857323668162466523e-01
3.498668442077230156e-01
3.791370646335123773e-01
1.000000000000000000e+00
9.271739130434782927e-01
8.752390057361376652e-01
7.099447513812154886e-01
6.790419161676646276e-01
9.681613159989387318e-01
9.752589182968929293e-01
9.299287410926365682e-01
0.000000000000000000e+00
9.249097472924188157e-01
9.947506561679789749e-01
8.528110359187922596e-01
6.243256498283472622e-01
9.656055900621117738e-01
7.202131709173962282e-01
1.000000000000000000e+00
9.641353763259807863e-01
1.000000000000000000e+00
9.990476190476190732e-01
9.937369519832985887e-01
9.815217391304348338e-01
9.491132491016576189e-01
1.000000000000000000e+00
8.808265257087938283e-01
1.000000000000000000e+00
8.368421052631579427e-01
9.173508483853310969e-01
1.000000000000000000e+00
8.531713344316309566e-01
9.553343542623787821e-01
7.785265049415992511e-01
1.000000000000000000e+00
6.804295302013423363e-01
9.617622610141313144e-01
9.041807322773305344e-01
9.776785714285713969e-01
9.742436631234668853e-01
9.721137757947574398e-01
9.284311586297184782e-01
9.481037924151696217e-01
8.658476658476658150e-01
8.061460540093018379e-01
9.769289533995416663e-01
9.385252692626345761e-01
6.102484472049689579e-01
9.115463917525773452e-01
1.000000000000000000e+00
7.667542706964520782e-01
7.577119826383506007e-01
8.824460269017746494e-01
9.293228139381985997e-01
7.975487970948705874e-01
9.728629579375848158e-01
9.043582219323986759e-01
9.958762886597938291e-01
6.668671076368010153e-01
4.764233321690534151e-01
9.908602448346535141e-01
7.256927365141826458e-01
7.668874172185430327e-01
9.460400348128807924e-01
6.569003285870755882e-01
9.817472975367712573e-01
9.384124087591241281e-01
8.604064912557113365e-01
9.754231770833333703e-01
9.121488638396850757e-01
7.878466872110939656e-01
1.000000000000000000e+00
8.523611362402749858e-01
1.000000000000000000e+00
7.094979835905993459e-01
8.729452571256220983e-01
9.110410094637223788e-02
8.212201863036134863e-01
8.848253275109170257e-01
5.503289934201316402e-01
7.315446415037137884e-01
6.777304964539007104e-01
9.689938612007075180e-01
9.758713136729222359e-01
7.298778968352853669e-01
9.260869565217391131e-01
8.165377616014558582e-01
7.791548454531880274e-01
9.621199252590453277e-01
8.708674766883300888e-01
5.158730158730158444e-02
9.870689655172413257e-01
8.726820443238353375e-01
8.586726599682708017e-01
8.041322314049587083e-01
9.138450305740621893e-01
9.858693779079786834e-01
1.000000000000000000e+00
9.903033316757832161e-01
9.386845039018951731e-01
9.807359557042334419e-01
4.585971342885704627e-01
9.222053706842715526e-01
9.383730484798685767e-01
7.997793712079426243e-01
9.831380901668441696e-01
5.976379226662352773e-01
8.726074011059123947e-01
7.686084142394822294e-01
9.592391304347825942e-01
9.857106404695075152e-01
6.585898709036742682e-01
9.276845137578225708e-01
2.454103893965588201e-01
3.096633344823623846e-01
6.290927819880803851e-01
4.214902462424048868e-01
9.480535206151238237e-01
5.829068577277379815e-01
9.197238166541884530e-01
9.536017731806427644e-01
8.940795559666975256e-01
6.454367139725395441e-01
6.314762627357467517e-01
7.295716769400979462e-01
9.777717538628354355e-01
8.306919817982112431e-01
8.883873615100533749e-01
6.340434083601286241e-01
9.719865991873974931e-01
8.018651832460732543e-01
9.531333485993435106e-01
9.061148857319333283e-01
8.803287108371854464e-01
8.441033925686590722e-01
9.614732479276563160e-01
9.606162256180892367e-01
9.751773049645390268e-01
9.761904761904761640e-01
9.801054650047938965e-01
5.500502596749874407e-01
5.133486562942009002e-01
4.813148788927335553e-01
9.622406639004149609e-01
9.727023319615911712e-01
9.879625501560410639e-01
8.860273972602740189e-01
4.511793050976413699e-01
7.163107841378072438e-01
9.558403103941188750e-01
9.699510313102833736e-01
9.890883491728265087e-01
9.557120500782472217e-01
9.202403714832012582e-01
9.909397761591757225e-01
9.993496639930631309e-01
9.394782608695652071e-01
9.377300308365662529e-01
7.346817370612730436e-01
9.270599250936329971e-01
8.963474827245804244e-01
