8.334923664122136922e-01
7.791694133157547331e-01
8.505673131085539351e-01
6.752058554437327942e-01
6.688838892692947624e-01
8.424212106053026172e-01
4.347971840429098456e-01
9.190738699007717782e-01
8.385474860335195846e-01
8.882184820577960771e-01
7.915562621444974800e-01
8.198705906908787533e-01
7.414578587699316436e-01
8.184625385990573765e-01
5.915127728913340821e-01
8.800377091680414710e-01
7.172427072301915674e-01
6.410074494501596387e-01
7.441106548519559327e-01
5.371538250616945120e-01
4.822775800711743832e-01
5.035804141668279721e-01
9.227053140096618256e-01
6.481617171673634825e-01
7.661485940167100939e-01
7.895884257118319649e-01
8.018480492813141458e-01
7.920110192837465091e-01
4.491916859122401795e-01
9.738105910226035888e-01
7.669645013281816137e-01
8.864056150720354132e-01
5.843628662195552437e-01
7.595384237662656801e-01
8.569130311346645490e-01
8.406073965221650957e-01
5.667664110716289505e-01
6.090225563909774653e-01
4.047686630712460931e-01
4.353999053478466719e-01
7.661388550548111631e-01
7.580093312597200317e-01
1.912470023980815392e-01
9.234808702175544282e-01
8.243309002433090171e-01
9.524647887323943740e-01
1.442307692307692180e-01
9.521386547940848821e-01
9.603132606625039980e-01
9.110025776692443067e-01
7.835489476732959702e-01
9.770902682592520483e-01
8.295454545454545858e-01
9.268705086656333636e-01
9.226537216828478716e-01
9.569415448851774642e-01
9.201754385964912020e-01
9.342019543973941742e-01
4.435248296007789914e-01
9.653380572778269553e-01
9.124756876910252723e-01
9.288963370840316314e-01
4.605042016806722427e-01
8.912655971479500616e-01
9.483232545354590703e-01
8.569653672930579447e-01
8.781970649895177727e-01
9.637542922548645308e-01
8.863409770687936673e-01
9.121681810083733799e-01
8.106633213109613045e-01
9.539176139836206270e-01
9.533790138385059842e-01
9.381663113006396548e-01
8.846784478047002853e-01
6.186750130412101978e-01
9.375876060494282571e-01
9.504725897920605071e-01
9.174072138003136478e-01
8.603726302026585282e-01
9.695328368314150014e-01
8.571641457417480403e-01
7.866873065015479449e-01
9.203329369797860204e-01
9.052631578947368807e-01
8.925858951175407174e-01
8.173532929192955931e-01
8.004835541228025875e-01
8.341797306248619481e-01
8.599137931034482873e-01
4.489164086687306709e-01
9.116835834068843791e-01
8.241494226148957658e-01
8.712811171827565815e-01
6.867648738152335453e-01
8.938929203760505038e-01
8.810849649721573806e-01
8.786581013561741704e-01
6.086253369272237590e-01
5.007425007425007069e-01
9.065420560747663448e-01
8.763076923076923430e-01
8.879385443890076557e-01
9.339295351167989923e-01
8.784608950230029523e-01
6.454932301740812228e-01
2.768698802124068825e-01
8.752079866888519133e-01
7.273051224944320214e-01
8.559169982057882597e-01
8.975223915319296975e-01
2.692727669796898815e-01
9.042584831688522673e-01
8.853932584269662565e-01
7.083154552475757759e-01
8.210714576050727187e-01
8.479064039408866771e-01
8.367128182224207178e-01
5.553693830921553332e-01
7.665046059365404618e-01
8.590442941304822222e-01
8.717343869788287680e-01
8.120067851611475485e-01
7.061579239351537529e-01
8.838951310861423716e-01
4.545454545454545303e-01
7.512953367875647714e-01
8.838687705755476909e-01
9.065691415953629484e-01
7.964250248262164655e-01
8.593249989333106020e-01
7.738896366083445333e-01
6.383919024877040549e-01
9.070273017307095564e-01
9.279770645409411989e-01
9.214231968182307053e-01
6.634151748600565224e-01
8.563387277016679677e-01
7.821487603305785630e-01
6.141742872512103713e-01
8.879589419660481875e-01
7.756205930648121250e-01
9.242535358826611258e-01
7.621383030897498356e-01
8.546628986677432538e-01
9.085901793038790863e-01
8.027713625866050862e-01
9.544907778668805243e-01
4.202106905969567041e-01
5.510856206472757313e-01
7.875439925157036170e-01
7.113125901504224746e-01
8.755701412837912923e-01
7.504565247928079996e-01
9.393734123624047916e-01
9.517267127123389958e-01
8.933045356371490664e-01
7.708530390611315619e-01
8.103960396039604497e-01
8.471177944862154918e-01
7.653437203916201303e-01
8.156294775974906042e-01
8.894112837285363948e-01
7.723918719491429385e-01
9.369612628518018127e-01
8.881984820913407797e-01
7.407495538370018062e-01
9.708313835595070440e-01
8.798004987531171661e-01
9.146895034863586904e-01
7.711308088862515175e-01
9.411539443451620857e-01
9.743529226654079611e-01
6.349438750610053583e-01
9.616700082556904894e-01
7.214357669264620521e-01
7.130969003071767620e-01
7.207563764291996522e-01
7.476007677543186070e-01
9.227367325702393597e-01
9.276607734028315955e-01
8.890995260663506761e-01
6.316011829319814197e-01
8.106293169608596028e-01
8.897048024673226418e-01
8.516137411520228184e-01
9.594548551959114491e-01
9.323147440794499197e-01
8.309413767939674011e-01
8.199104324205270800e-01
9.251154386669343532e-01
9.263607257203841927e-01
9.734026291653928853e-01
8.351949108661883558e-01
9.482942948780250791e-01
9.666540833018749668e-01
