8.809884014120019646e-01
8.430813124108416101e-01
8.481784625260793131e-01
5.108607437819258079e-01
1.000000000000000000e+00
8.986125933831377033e-01
1.000000000000000000e+00
9.959378733572281650e-01
9.719404273688754259e-01
7.989906684441059337e-01
9.360768748694380248e-01
9.696371266353986940e-01
9.760119940029985397e-01
9.530658591975775806e-01
9.277783884797186076e-01
8.701934281053367304e-01
9.730929989550679560e-01
4.716784129470112386e-01
9.181333333333333568e-01
7.858002406738868739e-01
9.883313885647607711e-01
3.760115606936416111e-01
9.716678406511700672e-01
6.877972923527259086e-01
6.289085545722713499e-01
9.780687397708673902e-01
9.673823286540049748e-01
9.982638888888888395e-01
9.140037593984962072e-01
9.767501605651894847e-01
9.467408585055644421e-01
9.603762257354412357e-01
4.127914225158957895e-01
6.758126529185599640e-01
9.966978536048431980e-01
9.872856978483488533e-01
4.035286284953395475e-01
4.491422630393345772e-01
1.000000000000000000e+00
1.000000000000000000e+00
9.020076481835563875e-01
7.086362314626344361e-01
7.640718562874251329e-01
9.798355001326611857e-01
9.746835443037974445e-01
9.637767220902613285e-01
7.772020725388600892e-02
9.264569365652398636e-01
9.923447069116360097e-01
8.738938053097344838e-01
6.633970900768350054e-01
9.685559006211179600e-01
7.502854967643699524e-01
1.000000000000000000e+00
9.600942919683448373e-01
1.000000000000000000e+00
9.990476190476190732e-01
9.979123173277661962e-01
9.902173913043478271e-01
9.474904370001159259e-01
1.000000000000000000e+00
9.322441134070158508e-01
1.000000000000000000e+00
8.771929824561403022e-01
9.441707717569786107e-01
1.000000000000000000e+00
8.626441515650741243e-01
9.670750382848392057e-01
7.987421383647799189e-01
1.000000000000000000e+00
6.939060402684563700e-01
9.267307920674504595e-01
9.213191378862632952e-01
9.821428571428570953e-01
9.926410466067048244e-01
9.921918572225321142e-01
9.243581351371008559e-01
9.408682634730538563e-01
8.624078624078623800e-01
7.691333674239657636e-01
9.845683728036669358e-01
9.531068765534382869e-01
6.576086956521739468e-01
8.777319587628865660e-01
1.000000000000000000e+00
8.107752956636005148e-01
7.680979693070841829e-01
8.981575675370182532e-01
9.314595660749507289e-01
7.923853835678620339e-01
9.837177747625508450e-01
8.981089012063906418e-01
9.966260543580131026e-01
8.628983764281419333e-01
5.251484456863430017e-01
9.927989807788178966e-01
8.042302016724053315e-01
8.152317880794701654e-01
9.825935596170582986e-01
6.924972617743702097e-01
9.797979797979797789e-01
9.744525547445255231e-01
8.832519300456909139e-01
9.858398437500000000e-01
9.395240651279298527e-01
8.034476117103235282e-01
1.000000000000000000e+00
9.041071105482177961e-01
1.000000000000000000e+00
7.628980670282297094e-01
8.727190469009199481e-01
1.555835962145110385e-01
8.558706111167980746e-01
9.140283842794759694e-01
5.777684446311073252e-01
7.654994694558132640e-01
7.812765957446808907e-01
9.746124232650088537e-01
9.774798927613941313e-01
7.464490406179915549e-01
9.509661835748792758e-01
8.406505914467697904e-01
8.220098551590264702e-01
9.729913368438932730e-01
9.002543091268719877e-01
2.941176470588235392e-01
1.000000000000000000e+00
8.803708729081863860e-01
8.684558434690640150e-01
8.285123966942148366e-01
9.190471844482979158e-01
9.908667930380837818e-01
1.000000000000000000e+00
9.984460467429139285e-01
9.246794871794872250e-01
9.888107048102433572e-01
4.985838053982005746e-01
9.229190828798287116e-01
9.720624486442070999e-01
8.396764111049824786e-01
9.980475683351083260e-01
6.495712667853098532e-01
9.381114419396001658e-01
8.381877022653722031e-01
9.587862318840579823e-01
9.891553967848940587e-01
6.903674280039722166e-01
9.458627197774908124e-01
2.659916028649049191e-01
3.864184763874525808e-01
6.503568538003090538e-01
5.519667412855772115e-01
9.530181025609977263e-01
6.075855794381894714e-01
9.228849513351634615e-01
9.417066863686738287e-01
9.565217391304348116e-01
6.347063574477904702e-01
7.097333622371558848e-01
7.746167219851430863e-01
9.853618866901598938e-01
8.262199905852816162e-01
8.926959376282314063e-01
6.836816720257234969e-01
9.646446646232803568e-01
8.185536649214659732e-01
9.504617968094039027e-01
9.610870907967881127e-01
9.060092449922958480e-01
8.771315742236582835e-01
9.792765636774679594e-01
9.160144117281650011e-01
9.759653270291568372e-01
9.992319508448540555e-01
9.772291466922339298e-01
5.699028312950242814e-01
5.643564356435643026e-01
5.671280276816609289e-01
9.697095435684647269e-01
9.731138545953360586e-01
9.786000891662951506e-01
8.994520547945205058e-01
5.055372389889255524e-01
7.581195047550690624e-01
9.278129467020624910e-01
9.729930256714646175e-01
9.912002815909890518e-01
9.549295774647886814e-01
9.330783938814531941e-01
9.920056848463314481e-01
9.989161066551051071e-01
9.560579710144927468e-01
9.501641301104147841e-01
7.463150241258510453e-01
9.135767790262172561e-01
9.479269496544916462e-01
