5.989502933004013929e-01
7.496522948539637854e-01
6.770627714172917644e-01
2.525421301379672245e-01
2.659064775776159295e-01
2.384426159979642079e-01
2.038026398491514790e-01
5.920865862313697825e-01
7.105947351316217464e-01
9.271397359171653640e-01
1.872774930558272488e-01
3.025166156373683690e-01
3.998852553069420779e-01
4.704235211760587898e-01
2.027322160812979057e-01
1.743529316159440901e-01
1.069811637135990173e-01
6.897129186602870554e-01
5.965506125080592970e-01
0.000000000000000000e+00
9.460205320675571516e-02
9.975206135040073918e-02
2.685259131604388338e-01
5.112446351931330124e-01
5.446909325866896578e-01
6.790573372206025748e-01
7.252564876282437956e-01
3.230769230769230949e-01
4.790850556080868128e-02
9.471818070668786005e-01
4.231160033869602044e-01
7.153310726396573394e-01
7.843409527878658638e-01
2.776074444623742865e-01
6.546332324542440961e-01
4.771211331009305168e-01
1.358353214657123664e-01
1.324079385109556140e-01
3.468236209748030291e-02
1.255387931034482873e-01
6.038876889848812102e-01
1.594604023723688868e-01
1.994125092541733368e-02
8.207319745781284093e-01
7.277707543194268380e-01
8.213041314086609868e-01
5.085506996026947224e-01
8.166835699797160286e-01
7.149224166391547897e-01
7.020067809035095419e-01
7.322210886395006391e-01
9.632929708323814122e-01
7.107142857142857428e-01
8.483363425328862562e-01
8.171436433681893430e-01
9.167499999999999538e-01
2.896551724137931272e-01
3.936899862825788965e-01
3.355232285312059748e-02
9.481737964927957618e-01
8.756084369929691968e-01
7.751100440176070805e-01
3.177916956622593020e-02
8.220858895705521752e-01
9.220357336220899036e-01
8.455384615384615721e-01
6.354559155990957553e-01
8.761926397092231200e-01
7.761790567545963082e-01
7.758751325958478384e-01
4.694860530355158268e-01
8.801212374581939279e-01
8.766723424957431066e-01
8.331257783312577825e-01
5.730045425048669872e-01
7.658610271903323330e-01
9.035843472541926769e-01
8.339575530586766927e-01
8.340881020996294692e-01
7.459641053391052878e-01
9.363001745200698611e-01
1.538951931658804062e-01
7.684312303601643634e-01
8.205258693808311632e-01
7.570422535211267512e-01
7.081588447653429652e-01
5.008448269087194538e-01
8.151968006735423877e-01
7.077625570776255870e-01
3.821667100355625180e-01
3.221930153961697491e-02
7.304022897121958957e-01
1.765445580594989794e-01
2.718548246379340338e-01
7.075768156424581123e-01
8.218565721894616205e-01
7.809812042051609282e-01
6.911244423934779224e-01
7.001607717041801182e-01
6.583620270051017409e-02
2.832546933038851411e-01
2.295274748770579354e-01
4.934220708868596317e-01
8.284427460079158978e-01
3.998030153799530528e-01
3.351744915892543308e-01
1.458306231299596745e-01
3.568453930244664396e-01
1.137398644896145672e-01
6.754166666666666652e-01
7.915258329309512453e-01
1.416893732970027353e-01
3.947179854642235419e-01
1.297739979525946996e-01
2.688012649471291371e-01
5.951494414813324196e-01
5.561406808350574105e-01
8.611450596972830551e-01
7.713414634146341653e-01
8.096333050950018650e-01
4.753497668221186023e-01
0.000000000000000000e+00
5.785401608469917800e-01
6.305410416315523348e-01
4.577338129496402730e-01
2.391194474083225829e-01
1.487837240159221586e-01
1.299326637324605960e-01
7.909068506653523789e-01
6.381143430290873164e-01
8.011456628477905406e-01
2.330802907980881189e-01
1.608477011494252873e-01
4.705589650024879500e-01
7.063970733636543153e-01
7.511552881681052840e-01
7.375120254569673683e-01
5.805781736706924212e-01
7.916343919442292432e-01
2.501034625465581307e-01
7.386591730228824204e-01
1.617978116328988025e-01
1.593107206102710727e-01
4.935897435897436125e-01
5.544952285283777371e-01
6.607157965986970583e-01
4.085515162930872246e-01
7.697220135236664262e-01
3.666856168277430328e-01
1.853652723155762017e-01
5.168968856720526084e-01
2.102960102960103050e-01
5.832395498392283217e-01
6.105669209431345834e-01
7.757561248104700713e-01
9.065736776688302356e-01
2.405947285424645254e-01
6.783943847334942268e-01
1.526523048413249983e-01
2.287712287712287754e-02
6.494403429387949345e-01
7.690974371672650856e-01
3.255035802716991222e-01
5.744059213089208749e-01
8.254174287568588619e-01
8.441812984891792215e-01
4.069207591712484251e-01
8.799012040753318997e-01
8.466635115948887291e-01
3.585665079917953468e-01
5.137537239324726501e-01
8.641829503972514592e-01
8.935708079930495540e-01
7.708333333333333703e-01
8.927883586561096152e-01
5.691728379565708096e-01
1.054803944049529860e-02
8.157894736842105088e-01
6.678305206861195886e-02
7.429247710198620958e-01
8.151199418463774826e-01
2.031954573289539712e-01
6.168005005735739399e-01
5.440220922677062587e-01
3.453333803462501073e-01
4.364540931705110927e-01
9.540229885057470716e-01
6.910648449360226042e-01
7.560370119611825590e-01
7.165657677490369082e-01
8.161387365068129007e-01
8.292464449669689763e-01
9.595398264599785954e-01
3.771313191743942417e-01
2.654207465579800362e-01
4.412635735439289220e-01
