9.894561767578125000e-01
9.938354492187500000e-01
9.684448242187500000e-01
8.295135498046875000e-01
9.007415771484375000e-01
9.843750000000000000e-01
9.654388427734375000e-01
9.690551757812500000e-01
9.832611083984375000e-01
9.725341796875000000e-01
8.687896728515625000e-01
7.877197265625000000e-01
9.714355468750000000e-01
9.596710205078125000e-01
5.133972167968750000e-01
8.985137939453125000e-01
9.014282226562500000e-01
8.536682128906250000e-01
9.645233154296875000e-01
7.799682617187500000e-01
7.153625488281250000e-01
8.991699218750000000e-01
8.554382324218750000e-01
8.546600341796875000e-01
7.599029541015625000e-01
9.870300292968750000e-01
9.828948974609375000e-01
9.912109375000000000e-01
3.627777099609375000e-01
9.909362792968750000e-01
9.335632324218750000e-01
9.715881347656250000e-01
9.164428710937500000e-01
8.281707763671875000e-01
8.993072509765625000e-01
6.681823730468750000e-01
5.538940429687500000e-01
3.454437255859375000e-01
3.331909179687500000e-01
9.837799072265625000e-01
9.853973388671875000e-01
9.637603759765625000e-01
1.212310791015625000e-01
9.340057373046875000e-01
9.824829101562500000e-01
9.950714111328125000e-01
9.451599121093750000e-01
9.860229492187500000e-01
9.852600097656250000e-01
9.698333740234375000e-01
7.695922851562500000e-01
9.919433593750000000e-01
9.899597167968750000e-01
9.929504394531250000e-01
9.795227050781250000e-01
9.962158203125000000e-01
9.786987304687500000e-01
9.657287597656250000e-01
9.642333984375000000e-01
9.921112060546875000e-01
9.954071044921875000e-01
9.920806884765625000e-01
6.692352294921875000e-01
9.983673095703125000e-01
9.972839355468750000e-01
9.911804199218750000e-01
9.669799804687500000e-01
9.942779541015625000e-01
9.933776855468750000e-01
9.768371582031250000e-01
9.113311767578125000e-01
9.212951660156250000e-01
9.923248291015625000e-01
9.937896728515625000e-01
9.841918945312500000e-01
9.940185546875000000e-01
9.847869873046875000e-01
9.950408935546875000e-01
9.954071044921875000e-01
9.306488037109375000e-01
9.941406250000000000e-01
8.180389404296875000e-01
9.864959716796875000e-01
9.905853271484375000e-01
9.901428222656250000e-01
9.787750244140625000e-01
8.248748779296875000e-01
9.657745361328125000e-01
8.947753906250000000e-01
8.031921386718750000e-01
9.775085449218750000e-01
9.471130371093750000e-01
6.391296386718750000e-01
9.650573730468750000e-01
9.607391357421875000e-01
9.144439697265625000e-01
9.659576416015625000e-01
9.877014160156250000e-01
9.935913085937500000e-01
3.864288330078125000e-01
8.261566162109375000e-01
9.939117431640625000e-01
9.475402832031250000e-01
9.942016601562500000e-01
9.691772460937500000e-01
9.242553710937500000e-01
4.646453857421875000e-01
7.473449707031250000e-01
8.065032958984375000e-01
9.628295898437500000e-01
9.423522949218750000e-01
8.571777343750000000e-01
8.200836181640625000e-01
6.132965087890625000e-01
8.832702636718750000e-01
9.565734863281250000e-01
9.710388183593750000e-01
9.655914306640625000e-01
9.944915771484375000e-01
9.486694335937500000e-01
9.806060791015625000e-01
7.483215332031250000e-01
9.539794921875000000e-01
9.067230224609375000e-01
8.813171386718750000e-01
6.410064697265625000e-01
7.164459228515625000e-01
9.325103759765625000e-01
9.751129150390625000e-01
9.228515625000000000e-01
9.694366455078125000e-01
9.545593261718750000e-01
6.745758056640625000e-01
8.612518310546875000e-01
9.361877441406250000e-01
9.644470214843750000e-01
7.578887939453125000e-01
6.650238037109375000e-01
9.564056396484375000e-01
8.710174560546875000e-01
9.841766357421875000e-01
4.758758544921875000e-01
5.365447998046875000e-01
9.796752929687500000e-01
9.806213378906250000e-01
9.401855468750000000e-01
8.175811767578125000e-01
9.552612304687500000e-01
8.483123779296875000e-01
5.270996093750000000e-01
8.392486572265625000e-01
9.764862060546875000e-01
8.410339355468750000e-01
8.935546875000000000e-01
8.193664550781250000e-01
9.810638427734375000e-01
9.876098632812500000e-01
9.089813232421875000e-01
2.400512695312500000e-01
5.307159423828125000e-01
9.746246337890625000e-01
9.479370117187500000e-01
7.209930419921875000e-01
9.648590087890625000e-01
9.446716308593750000e-01
9.716186523437500000e-01
8.276062011718750000e-01
9.951019287109375000e-01
9.932861328125000000e-01
9.394836425781250000e-01
7.911834716796875000e-01
9.720916748046875000e-01
7.714843750000000000e-01
9.953308105468750000e-01
9.928741455078125000e-01
9.083099365234375000e-01
8.273925781250000000e-01
9.678497314453125000e-01
6.947021484375000000e-01
9.756774902343750000e-01
9.782562255859375000e-01
4.074249267578125000e-01
9.126739501953125000e-01
9.587249755859375000e-01
7.724151611328125000e-01
9.490051269531250000e-01
9.981384277343750000e-01
9.613037109375000000e-01
9.840698242187500000e-01
9.767761230468750000e-01
9.873962402343750000e-01
9.702148437500000000e-01
9.928741455078125000e-01
5.999450683593750000e-01
7.680206298828125000e-01
9.941101074218750000e-01
