9.862920253370147661e-01
9.978482552156422436e-01
9.805918556614113823e-01
1.000000000000000000e+00
9.088977252603956947e-01
9.533997608609007246e-01
9.450800915331807328e-01
9.972290590210428629e-01
9.845656207411785932e-01
1.000000000000000000e+00
8.387463168117993417e-01
7.657965357404244999e-01
9.710553238372550133e-01
9.642096225395109244e-01
4.141994011233366968e-01
8.766266634010939640e-01
8.544110974265897163e-01
8.395429867919941280e-01
9.542129284951283985e-01
7.615912948305124663e-01
7.041145686440412055e-01
8.802596816805206004e-01
8.896491593851285629e-01
9.530620467365028547e-01
7.870165501371803041e-01
9.927809376367247030e-01
9.676234100046134934e-01
9.969827586206896353e-01
4.235427706283118598e-01
9.838271198767121195e-01
8.838693394865878572e-01
9.395412480645277675e-01
1.000000000000000000e+00
7.926495600088737659e-01
8.506669500983153887e-01
5.440669518627736512e-01
4.710190830627919989e-01
3.183301263281184679e-01
3.543958162997701278e-01
9.860870372663117500e-01
9.957600403505453279e-01
9.474410992532987796e-01
1.647269748535571399e-01
9.228228665792413965e-01
9.755321483432082275e-01
9.905876088454551587e-01
9.970636814094329115e-01
9.809458999659748102e-01
1.000000000000000000e+00
9.723605061190624399e-01
7.228621815316498278e-01
9.953281677301731856e-01
9.843583588993625177e-01
9.919032242517711317e-01
9.759887242646442251e-01
9.947954549127996371e-01
9.725056601432868764e-01
9.575500397822118703e-01
9.628110684660146079e-01
9.905287388638001067e-01
9.949604031677465876e-01
9.962020329367268223e-01
6.606683011827111374e-01
9.990918326509250491e-01
9.993093597450909416e-01
9.885308313554327375e-01
9.852504943968358742e-01
9.928916874939140991e-01
9.980413836676670369e-01
9.711500264830508211e-01
8.580290337021168057e-01
8.733257463013218702e-01
9.964983383318473109e-01
9.932304785894207066e-01
9.917102551909969810e-01
9.902734417896866814e-01
9.787205283179176707e-01
9.947991158496944930e-01
9.934174264972205348e-01
8.167477216069312096e-01
9.950670441253750553e-01
8.116502243659770022e-01
9.979082890128421202e-01
9.893715189664832321e-01
9.888461174391821595e-01
9.808067554837841540e-01
7.685146483261769967e-01
9.903508617192048336e-01
8.909708672542555608e-01
7.248914676907664001e-01
9.985795011083012929e-01
9.043790045402470001e-01
6.170827727114167605e-01
9.462527202417296834e-01
9.987961879284400490e-01
8.631510224712002355e-01
1.000000000000000000e+00
9.487755302757105991e-01
9.913491853945671783e-01
3.738284532350850120e-01
7.856343813133421783e-01
9.770617580197019647e-01
1.000000000000000000e+00
9.918844288793103869e-01
9.439004453934308758e-01
9.991296779808529482e-01
4.360574525919611588e-01
7.188588378409904722e-01
7.957333940833793973e-01
9.998114662781729667e-01
9.206488885488005591e-01
8.292879281890270793e-01
1.000000000000000000e+00
5.861132660977501629e-01
9.346839518435429151e-01
1.000000000000000000e+00
1.000000000000000000e+00
9.911846222619580260e-01
9.923513059320570040e-01
9.953747174404451448e-01
9.913023649749169719e-01
6.846538841110954010e-01
9.753054946549057913e-01
8.751529782561316972e-01
9.188648260289438152e-01
6.238163651799124576e-01
6.938116932422171423e-01
9.311941617305363739e-01
9.906679086455529859e-01
8.951495979965731209e-01
9.565950273914876067e-01
9.554350191686337146e-01
6.630258041710851424e-01
9.569244458825433286e-01
9.143482338230697337e-01
9.531186804297747672e-01
7.299932750504370960e-01
6.178143464575625021e-01
9.013199832086942198e-01
8.463317636487678319e-01
9.789489499515875437e-01
4.695307893185072801e-01
5.052109017983364980e-01
9.872805502339750960e-01
9.742294087923193402e-01
9.220770217338556396e-01
8.011603113998115866e-01
9.997115505958282800e-01
9.955608833280263914e-01
5.018211250505868470e-01
8.547887188372317313e-01
9.859475396176833328e-01
7.947530549378811759e-01
9.911783107403545623e-01
7.928991871437914840e-01
9.741158823868771854e-01
9.899958973711616705e-01
8.797767727480187983e-01
2.005646471775848205e-01
5.146345994696752690e-01
9.907998771161090623e-01
9.289069899602196978e-01
7.061752002901322545e-01
9.988441215323645705e-01
9.035470906867028029e-01
9.885391656662665394e-01
7.724039286735958632e-01
9.996789624064977842e-01
9.975624714966424555e-01
9.687649373092620531e-01
7.419883466860888177e-01
9.885191434585210990e-01
7.099307421564545750e-01
9.974001307718654008e-01
9.889511765856202619e-01
8.810129620739318712e-01
9.868877249926232276e-01
9.992816780001915200e-01
7.027532237113075508e-01
9.651478213096178482e-01
9.753090618463787775e-01
3.117466016927417094e-01
8.721395721228145659e-01
9.711321981888831889e-01
6.834465047444937547e-01
9.048561220177494535e-01
9.962835951830290027e-01
9.571737733743617138e-01
9.870222222222222452e-01
9.583020348206386929e-01
9.839961919143836999e-01
9.985415824708755439e-01
9.906638069318529638e-01
4.937012716487789166e-01
7.160930436050750858e-01
9.986337909049508577e-01
