5.234418091560948394e-01
9.629037983670571954e-01
9.427277139621420554e-01
6.441939600170140112e-01
7.141316073354908589e-01
9.954710144927536586e-01
9.904312324572595028e-01
6.782522343594835634e-01
1.000000000000000000e+00
9.717378232110643888e-01
8.606356968215158609e-01
9.983936187891209180e-01
9.550746023938350149e-01
9.620309050772627435e-01
9.181897302001740258e-01
0.000000000000000000e+00
9.819245082402977554e-01
8.955291970802919943e-01
9.231132818654482763e-01
1.000000000000000000e+00
8.772589014134908325e-01
9.410631741140215167e-01
1.000000000000000000e+00
9.960195404378505701e-01
9.951004409603135814e-01
7.793074676679182522e-01
9.984919318353189244e-01
6.859936908517350052e-01
9.387859555737536610e-01
9.484170305676855595e-01
8.490830183396331776e-01
9.182961952402607375e-01
8.646808510638297474e-01
1.000000000000000000e+00
9.093833780160858193e-01
9.055569399451781631e-01
1.000000000000000000e+00
9.827115559599636230e-01
3.464237718381364961e-01
9.678953626634958507e-01
8.707261938400677748e-01
8.363678804855275706e-01
9.120689655172413701e-01
6.372682044323835227e-01
9.615282919090428759e-01
9.107438016528925928e-01
9.069088254084146650e-01
9.736343270722039867e-01
1.000000000000000000e+00
9.588513177523619868e-01
9.708751393534001961e-01
9.975775752681970143e-01
9.959180273242252968e-01
9.982157195111071024e-01
9.605587510271158536e-01
9.603655508095758631e-01
6.500370461842430725e-01
3.028840629667930440e-01
9.920535648590979028e-01
5.759513911096898475e-01
9.628261790882121085e-01
8.406118503354941263e-01
9.437650777805507429e-01
9.752493535278906611e-01
9.814986123959297259e-01
6.322833737163955359e-01
3.641881638846737324e-01
4.850640113798008746e-01
1.000000000000000000e+00
1.000000000000000000e+00
9.531013615733736621e-01
9.272467902995720213e-01
3.232225966939495931e-01
8.336754666539361036e-01
9.988300672711318828e-01
8.029171113482745925e-01
1.000000000000000000e+00
9.949820788530465698e-01
9.984528107271789521e-01
9.995625546806649053e-01
9.928422696512233525e-01
9.482689613768261472e-01
6.001745418277022459e-01
8.670919259000349211e-01
9.262403820642080010e-01
9.971231300345224646e-01
9.821852731591449448e-01
5.663748436662497943e-01
5.102174268432237980e-01
9.588509316770186253e-01
7.213551579748762599e-01
1.000000000000000000e+00
9.961272941572655304e-01
9.991818925552222730e-01
1.000000000000000000e+00
9.902574808629088787e-01
9.804347826086956541e-01
9.469108612495653610e-01
1.000000000000000000e+00
8.428640076886112498e-01
1.000000000000000000e+00
9.543859649122806710e-01
9.715380405035577427e-01
9.974628488582819585e-01
9.695222405271828325e-01
9.961715160796325019e-01
8.450134770889488056e-01
1.000000000000000000e+00
8.206711409395973655e-01
8.863555397221232202e-01
9.166450272656453402e-01
9.771825396825396526e-01
9.407195421095666532e-01
8.912437255995537821e-01
9.597788930104007576e-01
9.912674650698602985e-01
9.872235872235872733e-01
9.317700343341368541e-01
9.747899159663865332e-01
9.849624060150375948e-01
9.913937058445728701e-01
9.891693163751987816e-01
7.368875458666090950e-01
9.119215387545229756e-01
9.455182547756301181e-01
9.516765285996054979e-01
9.723104857013163960e-01
9.185888738127544473e-01
9.088142593196392172e-01
8.811930405965202606e-01
5.841097308488613082e-01
9.876288659793814873e-01
1.000000000000000000e+00
5.410643889618922397e-01
9.404743450627809365e-01
3.907468376364581775e-01
9.873772791023842643e-01
7.108695652173913082e-01
9.168260038240917398e-01
9.127653387612678637e-01
9.233532934131736258e-01
9.973327862125563881e-01
6.038987138263665067e-01
9.875258393328105733e-01
9.192571989528796061e-01
9.065720174032516621e-01
8.888202594193946871e-01
8.378942970545226743e-01
3.325104912367316534e-01
9.840079960019989525e-01
7.872823618470855545e-01
9.556996812135869490e-01
7.762759263574924296e-01
8.450888192267502763e-01
7.872618115374575565e-01
9.399999999999999467e-01
9.386281588447653590e-01
6.283547257876312964e-01
2.806358381502890298e-01
7.482977224700634311e-01
7.089279180387851875e-01
8.059980334316617645e-01
9.790507364975450377e-01
9.368290668868703985e-01
8.437500000000000000e-01
6.286594761171032664e-01
8.724645485550170942e-01
8.803692539562923969e-01
9.992545657845695040e-01
9.406619385342789297e-01
9.254992319508448251e-01
9.920901246404602025e-01
8.379963142905009210e-01
9.099186704384724100e-01
8.750865051903113923e-01
9.692946058091286288e-01
9.946502057613169079e-01
9.995541685242977925e-01
9.452968036529680873e-01
7.690421844619156344e-01
6.628386865243136583e-01
9.970900551357974040e-01
9.537023297225107887e-01
9.845124956001407579e-01
1.000000000000000000e+00
9.647637257579896319e-01
9.939598507727838150e-01
9.989161066551051071e-01
9.865507246376811201e-01
9.497662389336516409e-01
9.437504131138871877e-01
9.288389513108614715e-01
9.338598223099703333e-01
9.832691249312053294e-01
1.000000000000000000e+00
5.531957390146471365e-01
