2.364617940199335577e-01
8.983275376717999583e-01
8.550256786500366468e-01
5.692538996429242770e-01
4.990576705616283637e-01
6.975563313233893448e-01
7.417351423657557730e-01
6.569834551750672880e-01
4.117465462684263278e-01
5.599445599445599386e-01
7.920282867245258540e-01
8.031369753141430756e-01
7.146362409520303771e-01
8.841550010144045846e-01
6.991385023194168769e-01
0.000000000000000000e+00
9.042101827676239933e-01
8.523664785062960991e-01
8.617443741726724671e-01
5.659021829234595069e-01
6.893982002249718910e-01
5.209232901540593597e-01
1.549483966089200138e-01
5.297344110854503851e-01
7.439560439560439775e-01
7.753182069728832282e-01
8.357737944963392618e-01
6.516631705124362739e-01
8.299547511312217463e-01
7.305024174900147660e-01
7.429866470660296818e-01
7.209330001190050741e-01
6.566135286514432901e-01
7.091418874050026133e-01
8.146013448607108964e-01
8.439386901997213419e-01
2.261924274709063987e-01
8.144028654915638210e-01
3.464237718381364961e-01
8.088005677785663483e-01
8.594338307070144012e-01
4.177451323306517472e-01
5.511852044803333683e-01
6.348276638882631717e-01
8.833960889104821579e-01
8.455783617878380731e-01
7.986016234027163430e-01
7.944319460067491567e-01
4.426650850138394433e-01
8.457700531827402335e-01
9.126874959062029058e-01
7.817047817047817482e-01
6.315706059485445278e-01
6.393348951488486698e-01
9.255740300870942683e-01
8.266073871409028717e-01
6.139491485887567102e-01
3.028840629667930440e-01
6.815792134263471969e-01
5.759513911096898475e-01
7.343461396379755701e-01
8.194113408347653005e-01
8.628688773958016478e-01
9.071541474812727657e-01
7.352737352737352960e-01
6.261068266209653954e-01
3.641881638846737324e-01
4.850640113798008746e-01
2.399349593495934962e-01
7.393271461716937054e-01
7.633279483037156421e-01
8.519003931847968225e-01
3.007765830346475489e-01
8.325228832951945268e-01
9.345922276956759589e-01
7.801590044936052015e-01
2.714524905818334055e-01
8.517079157291880254e-01
8.705035971223021862e-01
9.134519288426944383e-01
8.615471485036702015e-01
8.205194805194805374e-01
5.998753894080997018e-01
8.497174173659873819e-01
6.873400275644812041e-01
8.323727185398654971e-01
8.696109358569926728e-01
5.557503506311360919e-01
4.908004403208051647e-01
9.505118140537212046e-01
6.923639020825721468e-01
8.485552115583074873e-01
8.572670627445297953e-01
9.502074688796680046e-01
8.868243243243243423e-01
9.436339522546418612e-01
3.363161819537658359e-01
9.340269837640063910e-01
8.507772020725388185e-01
7.379049221708035011e-01
2.435988620199146526e-01
8.143712574850299202e-01
9.461620469083155127e-01
9.204013377926421047e-01
8.955678143427810989e-01
9.051484230055658609e-01
8.423645320197044040e-01
8.027594857322044586e-01
8.057459146020031771e-01
8.650904033379693825e-01
8.936708860759493556e-01
8.834080717488789203e-01
7.695652173913043459e-01
8.224395265054039728e-01
9.356211003970504869e-01
9.023393141040200183e-01
9.017055655296229988e-01
9.167245633789319337e-01
9.436473894394320494e-01
1.842313439395271146e-01
9.634252902259393680e-01
6.069011766140339770e-01
7.296430861295148951e-01
9.094103124109771397e-01
6.581949799354788189e-01
8.194169261251061931e-01
8.580012016823552745e-01
8.011834319526627279e-01
8.405287229230536949e-01
8.708039954150974538e-01
5.841097308488613082e-01
9.247104247104247499e-01
8.434680266771282797e-01
5.384992643452672922e-01
7.999208912914497205e-01
3.907468376364581775e-01
4.256348246674727664e-01
4.965831435079726686e-01
8.295847750865051884e-01
6.690823830331450450e-01
1.845380564863570994e-01
7.413451273448222745e-01
5.744599502963104731e-01
8.769464489175845534e-01
8.948080904602643271e-01
8.791916500111036648e-01
8.863566368955959618e-01
8.130954794242853945e-01
3.234870317002881968e-01
5.518497757847533602e-01
7.342040240028238074e-01
7.913708356089568241e-01
7.673347155033402034e-01
7.821566731141199602e-01
7.805383022774327051e-01
8.315640481245576421e-01
8.711839166046165817e-01
4.674479166666666852e-01
2.806358381502890298e-01
7.138270867552635179e-01
6.923351795604788528e-01
7.925549915397631651e-01
8.438425730004232017e-01
9.160274525635849763e-01
7.593750000000000222e-01
6.283367556468172355e-01
7.505404570722667978e-01
5.643379023005856698e-01
9.003694167692823935e-01
9.308328134747348992e-01
1.906645569620253056e-01
9.092706502636204169e-01
8.306900274018101937e-01
8.121350796907054193e-01
8.604967676080299555e-01
5.318761384335154441e-01
8.335440855270720428e-01
8.357355864811133461e-01
8.253069685855525250e-01
6.862035151240853947e-01
6.102758962497935036e-01
7.936527286765004963e-01
8.359237822722247468e-01
9.087069525666017222e-01
7.476307476307476607e-01
7.683271698934087679e-01
8.157165767604607209e-01
8.650272198235404719e-01
8.142583732057416812e-01
9.333333333333333481e-01
8.861717974180735036e-01
9.149603394207710405e-01
9.265426052889323971e-01
7.607732924544370334e-01
7.464570986859057067e-01
4.559372256365232801e-01
