3.844869654552459104e-01
9.338521400778210246e-01
8.857312899866091049e-01
7.451247165532879357e-01
6.833824975417895908e-01
7.984060858540119598e-01
8.429823612163185320e-01
8.121584699453552325e-01
5.730397422126745077e-01
6.393951143854207375e-01
8.901823161859111488e-01
8.827312969258235276e-01
8.144907723855092652e-01
8.983068032038933337e-01
7.074569789674952647e-01
4.600112380595617334e-01
9.404701505158126196e-01
9.143115532444042737e-01
9.053826100291366696e-01
6.851025869759143072e-01
8.026420499761260929e-01
6.789855820515467988e-01
2.647301924666430328e-01
6.783474732571006527e-01
8.048107255520504655e-01
9.112842799340626909e-01
9.028411800776725560e-01
7.911755392139615539e-01
9.021080688151199567e-01
8.010537166418508770e-01
8.666898228551580541e-01
8.253272207826722884e-01
7.727554179566563652e-01
8.066641487263418453e-01
8.817417120237506234e-01
9.048110174118788596e-01
3.535590759639609115e-01
8.712474314639402362e-01
5.732850447379633785e-01
8.752067358291986121e-01
8.849883895642671749e-01
5.836466165413534135e-01
6.837553074382765050e-01
7.902665121668598358e-01
9.241940532081377446e-01
9.108046433177894308e-01
8.698846203707705227e-01
8.663036902601330969e-01
5.990635451505016418e-01
9.051964437663213570e-01
9.480444459546705227e-01
8.620844340327966648e-01
7.617472083479146505e-01
7.638931532084740628e-01
8.410041841004184393e-01
8.920192087811571469e-01
7.747057465958919753e-01
5.506618932645075404e-01
7.867897603168593212e-01
8.044350984515389325e-01
8.392252191678087891e-01
9.025525481011532625e-01
9.232001922999879540e-01
9.460247475465793920e-01
7.917052397704128497e-01
7.888487351574600126e-01
6.525485614137578327e-01
7.032178725148595655e-01
3.745748083464486844e-01
8.346812481582135401e-01
8.254637436762225500e-01
8.913043478260869179e-01
5.497431596603417070e-01
9.046741584698034799e-01
9.133164151195405367e-01
8.716428322288105601e-01
3.662289990117181815e-01
8.798486281929990271e-01
9.192623145119234174e-01
9.441918147995039812e-01
9.178732352057674682e-01
8.736856604986454888e-01
7.702413687748242976e-01
9.056256329988030540e-01
8.071379547014413403e-01
8.689344672336167807e-01
9.026500811249323908e-01
7.485671028441657215e-01
6.686402613311556165e-01
9.725989700043243813e-01
8.045159941459335551e-01
8.622362039585791393e-01
9.155768784338002009e-01
9.662536250988663644e-01
9.194395796847635305e-01
9.479960251738986932e-01
4.761904761904761640e-01
9.626008598857411780e-01
8.224392687202604080e-01
8.482039397450753526e-01
3.489556800815079018e-01
8.633204633204633049e-01
9.470927187008905124e-01
9.418425115800308500e-01
9.483910139647844240e-01
9.396230944664506479e-01
9.384469696969697239e-01
8.827586206896551602e-01
8.933637650593707624e-01
9.278945716975212088e-01
9.506903353057198913e-01
9.333017975402081445e-01
8.522274538210793393e-01
8.482186432406051413e-01
9.559359469906129059e-01
9.384288747346072324e-01
9.347826086956522174e-01
9.444346401109290357e-01
9.682217714672075592e-01
3.049177953212138803e-01
9.787961263371099951e-01
7.474331109945289153e-01
8.839506172839506348e-01
9.532352941176470695e-01
7.787336701716054410e-01
8.948538998389446997e-01
9.115067765081051876e-01
8.047204270862602371e-01
8.800326663944466610e-01
9.376770538243626163e-01
7.950617283950617287e-01
9.633888048411497484e-01
9.096678654537762032e-01
7.582439813878211199e-01
8.881650380021715030e-01
6.248063862742762042e-01
4.825719120135363860e-01
6.823008849557522515e-01
8.952808988764044962e-01
7.511412852627882275e-01
2.802725843089288738e-01
8.027009222661396493e-01
7.311142587346552979e-01
9.251045325305234934e-01
9.343233375723017931e-01
9.363932898415656680e-01
9.575622208040842631e-01
9.069545887583360111e-01
5.573380867498514135e-01
6.871565934065934078e-01
9.177861364857603510e-01
8.690564728047994736e-01
8.719465158138338667e-01
8.611710910707480737e-01
8.898703519019803831e-01
9.003376266099787362e-01
8.694572543455125757e-01
6.299771747400456645e-01
5.639052055904395511e-01
8.432898967676425439e-01
8.224693646380393242e-01
8.874993319437763928e-01
8.934850051706307861e-01
9.506160057977016686e-01
8.261188554658840388e-01
8.251996450754214285e-01
8.515422801137086939e-01
7.158054135907627735e-01
9.315274642588412535e-01
9.566375968992247847e-01
2.394482758620689600e-01
9.300541516245487417e-01
9.004840579051428540e-01
8.923815944715994819e-01
9.335239456754824694e-01
6.635421104956682470e-01
8.919796581091844478e-01
9.084887807515544811e-01
8.828754046650618692e-01
7.941371241887775767e-01
7.906112469437652779e-01
8.740454586290540284e-01
9.028193741609005230e-01
9.260840998685939685e-01
8.505823627287854016e-01
8.228467402434861411e-01
8.747269890795631442e-01
9.161944527288995443e-01
8.612248975921670269e-01
9.657411106671993650e-01
9.265880071116857630e-01
9.509335649153278780e-01
9.671004173827645323e-01
8.523979957050823453e-01
8.528949950932286361e-01
6.268413045898111324e-01
