8.347015380859375000e-01
9.830932617187500000e-01
9.883728027343750000e-01
7.756347656250000000e-01
7.266693115234375000e-01
9.399566650390625000e-01
9.632873535156250000e-01
9.910583496093750000e-01
9.659118652343750000e-01
9.760437011718750000e-01
9.182281494140625000e-01
5.485687255859375000e-01
9.416046142578125000e-01
8.210601806640625000e-01
7.908477783203125000e-01
6.143035888671875000e-01
8.320159912109375000e-01
7.746887207031250000e-01
9.593200683593750000e-01
9.864044189453125000e-01
5.375823974609375000e-01
7.231445312500000000e-01
7.473144531250000000e-01
9.302825927734375000e-01
7.801361083984375000e-01
9.893188476562500000e-01
9.717864990234375000e-01
8.929290771484375000e-01
9.349822998046875000e-01
9.837799072265625000e-01
5.744171142578125000e-01
9.526824951171875000e-01
7.283630371093750000e-01
9.914703369140625000e-01
6.730194091796875000e-01
9.972686767578125000e-01
6.868438720703125000e-01
7.466125488281250000e-01
8.992767333984375000e-01
9.382171630859375000e-01
7.434234619140625000e-01
9.667968750000000000e-01
7.735290527343750000e-01
9.332885742187500000e-01
9.937286376953125000e-01
9.189910888671875000e-01
9.974517822265625000e-01
9.963684082031250000e-01
9.964141845703125000e-01
9.949951171875000000e-01
9.923248291015625000e-01
9.965972900390625000e-01
9.911804199218750000e-01
9.915924072265625000e-01
8.973236083984375000e-01
9.824829101562500000e-01
9.972381591796875000e-01
2.937927246093750000e-01
8.496398925781250000e-01
9.765777587890625000e-01
9.958801269531250000e-01
9.808044433593750000e-01
9.714050292968750000e-01
9.577026367187500000e-01
8.928527832031250000e-01
8.647613525390625000e-01
9.199523925781250000e-01
9.863739013671875000e-01
9.837341308593750000e-01
9.622039794921875000e-01
9.961853027343750000e-01
9.934387207031250000e-01
8.444061279296875000e-01
7.073974609375000000e-01
9.820861816406250000e-01
9.974975585937500000e-01
8.528747558593750000e-01
9.990997314453125000e-01
8.149566650390625000e-01
8.914947509765625000e-01
9.946441650390625000e-01
9.275207519531250000e-01
9.447479248046875000e-01
9.898681640625000000e-01
9.937286376953125000e-01
9.983673095703125000e-01
9.449462890625000000e-01
9.938812255859375000e-01
9.646301269531250000e-01
9.960632324218750000e-01
9.544830322265625000e-01
8.305358886718750000e-01
9.871368408203125000e-01
9.934692382812500000e-01
4.923248291015625000e-01
9.892883300781250000e-01
9.233551025390625000e-01
9.669647216796875000e-01
9.849853515625000000e-01
6.937866210937500000e-01
9.893951416015625000e-01
9.967041015625000000e-01
9.604949951171875000e-01
9.564514160156250000e-01
9.504089355468750000e-01
9.960479736328125000e-01
9.944000244140625000e-01
7.096557617187500000e-01
6.244354248046875000e-01
9.957427978515625000e-01
9.984893798828125000e-01
7.057037353515625000e-01
8.846588134765625000e-01
9.535675048828125000e-01
8.998260498046875000e-01
8.336791992187500000e-01
9.718475341796875000e-01
9.577026367187500000e-01
9.284362792968750000e-01
9.832916259765625000e-01
9.920196533203125000e-01
9.963684082031250000e-01
7.696533203125000000e-01
9.965972900390625000e-01
9.989318847656250000e-01
9.583435058593750000e-01
9.204406738281250000e-01
9.979553222656250000e-01
9.131317138671875000e-01
9.970855712890625000e-01
8.725738525390625000e-01
8.841857910156250000e-01
9.020538330078125000e-01
8.511199951171875000e-01
9.979248046875000000e-01
7.947235107421875000e-01
9.965515136718750000e-01
9.741973876953125000e-01
9.298095703125000000e-01
9.969024658203125000e-01
9.974670410156250000e-01
4.912719726562500000e-01
9.080963134765625000e-01
9.182891845703125000e-01
4.978332519531250000e-01
9.602813720703125000e-01
9.616699218750000000e-01
8.464202880859375000e-01
9.392395019531250000e-01
7.869567871093750000e-01
8.486328125000000000e-01
9.973754882812500000e-01
8.728942871093750000e-01
9.976043701171875000e-01
9.024353027343750000e-01
9.885253906250000000e-01
9.962768554687500000e-01
8.750915527343750000e-01
8.153381347656250000e-01
9.905242919921875000e-01
9.398498535156250000e-01
8.484954833984375000e-01
9.658966064453125000e-01
8.556060791015625000e-01
9.257202148437500000e-01
7.635040283203125000e-01
9.743804931640625000e-01
8.725891113281250000e-01
9.658660888671875000e-01
9.968261718750000000e-01
9.944000244140625000e-01
8.928375244140625000e-01
9.952545166015625000e-01
9.069824218750000000e-01
9.545898437500000000e-01
9.471130371093750000e-01
9.353485107421875000e-01
9.604339599609375000e-01
9.952850341796875000e-01
7.955017089843750000e-01
9.019165039062500000e-01
9.770202636718750000e-01
7.610015869140625000e-01
5.734100341796875000e-01
9.912872314453125000e-01
9.814758300781250000e-01
9.774169921875000000e-01
6.357574462890625000e-01
9.584960937500000000e-01
9.660339355468750000e-01
8.808593750000000000e-01
9.562835693359375000e-01
9.183044433593750000e-01
8.886566162109375000e-01
8.847656250000000000e-01
8.802795410156250000e-01
8.493499755859375000e-01
9.946899414062500000e-01
9.954833984375000000e-01
9.945373535156250000e-01
9.735107421875000000e-01
9.921112060546875000e-01
9.457397460937500000e-01
9.976501464843750000e-01
9.928436279296875000e-01
9.606170654296875000e-01
9.167785644531250000e-01
9.881744384765625000e-01
9.865112304687500000e-01
9.960937500000000000e-01
9.140930175781250000e-01
9.737701416015625000e-01
9.957580566406250000e-01
9.016418457031250000e-01
9.915313720703125000e-01
9.727478027343750000e-01
9.938049316406250000e-01
9.712829589843750000e-01
9.706115722656250000e-01
8.865966796875000000e-01
8.555603027343750000e-01
9.904174804687500000e-01
8.556823730468750000e-01
9.580688476562500000e-01
9.338989257812500000e-01
9.510040283203125000e-01
9.158325195312500000e-01
9.865112304687500000e-01
3.976593017578125000e-01
8.575592041015625000e-01
9.601135253906250000e-01
6.977386474609375000e-01
9.533843994140625000e-01
8.271484375000000000e-01
9.800567626953125000e-01
9.287109375000000000e-01
9.713134765625000000e-01
9.681854248046875000e-01
9.706420898437500000e-01
9.885559082031250000e-01
9.121704101562500000e-01
7.736968994140625000e-01
9.783477783203125000e-01
8.879089355468750000e-01
9.759979248046875000e-01
9.782409667968750000e-01
7.059478759765625000e-01
7.150726318359375000e-01
8.917694091796875000e-01
1.273345947265625000e-01
9.915008544921875000e-01
9.846649169921875000e-01
9.614257812500000000e-01
9.846191406250000000e-01
9.662780761718750000e-01
9.865417480468750000e-01
9.586029052734375000e-01
9.978485107421875000e-01
8.467864990234375000e-01
9.398651123046875000e-01
6.246795654296875000e-01
9.111785888671875000e-01
9.766693115234375000e-01
9.911346435546875000e-01
9.446411132812500000e-01
9.255218505859375000e-01
9.550018310546875000e-01
9.817810058593750000e-01
9.533691406250000000e-01
7.369995117187500000e-01
8.558959960937500000e-01
9.924011230468750000e-01
9.664459228515625000e-01
9.876098632812500000e-01
9.619140625000000000e-01
9.494476318359375000e-01
8.819427490234375000e-01
9.854431152343750000e-01
9.456634521484375000e-01
9.911346435546875000e-01
6.970672607421875000e-01
9.357604980468750000e-01
9.690704345703125000e-01
9.845428466796875000e-01
9.698181152343750000e-01
9.824371337890625000e-01
9.880676269531250000e-01
9.924774169921875000e-01
9.878387451171875000e-01
8.992309570312500000e-01
9.395751953125000000e-01
8.630523681640625000e-01
9.854278564453125000e-01
9.347686767578125000e-01
9.555206298828125000e-01
8.687286376953125000e-01
9.892272949218750000e-01
9.396362304687500000e-01
8.304901123046875000e-01
9.087219238281250000e-01
9.694213867187500000e-01
9.272766113281250000e-01
9.693908691406250000e-01
9.150695800781250000e-01
9.263610839843750000e-01
9.931488037109375000e-01
9.943847656250000000e-01
8.930664062500000000e-01
9.859161376953125000e-01
9.920043945312500000e-01
8.530731201171875000e-01
9.433441162109375000e-01
8.904571533203125000e-01
7.087707519531250000e-01
9.763031005859375000e-01
9.060516357421875000e-01
9.006042480468750000e-01
8.766479492187500000e-01
7.936706542968750000e-01
6.944122314453125000e-01
9.759063720703125000e-01
9.521789550781250000e-01
9.439239501953125000e-01
7.756042480468750000e-01
9.839172363281250000e-01
9.463348388671875000e-01
9.866027832031250000e-01
9.647216796875000000e-01
9.777832031250000000e-01
9.931945800781250000e-01
9.954223632812500000e-01
9.697570800781250000e-01
9.616088867187500000e-01
9.822845458984375000e-01
9.696044921875000000e-01
8.442840576171875000e-01
9.484252929687500000e-01
9.255523681640625000e-01
9.189910888671875000e-01
8.862152099609375000e-01
9.616546630859375000e-01
9.332427978515625000e-01
8.193511962890625000e-01
9.040222167968750000e-01
9.670562744140625000e-01
9.198150634765625000e-01
9.500579833984375000e-01
8.863830566406250000e-01
9.890136718750000000e-01
9.634399414062500000e-01
9.866943359375000000e-01
9.608917236328125000e-01
8.505096435546875000e-01
9.503936767578125000e-01
9.834899902343750000e-01
9.917144775390625000e-01
9.543457031250000000e-01
9.038085937500000000e-01
9.910583496093750000e-01
9.481506347656250000e-01
9.175872802734375000e-01
8.672790527343750000e-01
9.857940673828125000e-01
9.066467285156250000e-01
9.096374511718750000e-01
9.290924072265625000e-01
9.815216064453125000e-01
8.972625732421875000e-01
8.882293701171875000e-01
9.016418457031250000e-01
9.701080322265625000e-01
9.687042236328125000e-01
9.827423095703125000e-01
9.077148437500000000e-01
9.627227783203125000e-01
9.760742187500000000e-01
9.913330078125000000e-01
7.802429199218750000e-01
9.788360595703125000e-01
9.717864990234375000e-01
9.676208496093750000e-01
9.060211181640625000e-01
9.824676513671875000e-01
8.725891113281250000e-01
9.734344482421875000e-01
9.865112304687500000e-01
9.654388427734375000e-01
9.197692871093750000e-01
9.688720703125000000e-01
9.366607666015625000e-01
9.859466552734375000e-01
6.479949951171875000e-01
9.944000244140625000e-01
9.151458740234375000e-01
7.871704101562500000e-01
7.411499023437500000e-01
9.905548095703125000e-01
9.676818847656250000e-01
7.778625488281250000e-01
9.908905029296875000e-01
7.077941894531250000e-01
9.208068847656250000e-01
9.730682373046875000e-01
9.194488525390625000e-01
9.934997558593750000e-01
9.481048583984375000e-01
9.979248046875000000e-01
8.961334228515625000e-01
9.927520751953125000e-01
9.365081787109375000e-01
9.500885009765625000e-01
9.499664306640625000e-01
9.742431640625000000e-01
9.884033203125000000e-01
9.823303222656250000e-01
9.614715576171875000e-01
9.433135986328125000e-01
9.783935546875000000e-01
9.175720214843750000e-01
8.306579589843750000e-01
9.875183105468750000e-01
4.353027343750000000e-01
9.790954589843750000e-01
9.519195556640625000e-01
9.384613037109375000e-01
5.279998779296875000e-01
9.552001953125000000e-01
9.756927490234375000e-01
9.654083251953125000e-01
9.737396240234375000e-01
9.571990966796875000e-01
8.114166259765625000e-01
9.859161376953125000e-01
9.306488037109375000e-01
8.276214599609375000e-01
9.846954345703125000e-01
9.208984375000000000e-01
9.412536621093750000e-01
8.986816406250000000e-01
9.175872802734375000e-01
5.594482421875000000e-01
9.004821777343750000e-01
9.668579101562500000e-01
7.637634277343750000e-01
8.677978515625000000e-01
9.001770019531250000e-01
9.356079101562500000e-01
9.831390380859375000e-01
9.697265625000000000e-01
9.869537353515625000e-01
9.694671630859375000e-01
9.013061523437500000e-01
9.854583740234375000e-01
9.893951416015625000e-01
8.617553710937500000e-01
9.298706054687500000e-01
9.516448974609375000e-01
9.917755126953125000e-01
9.308624267578125000e-01
9.707794189453125000e-01
9.893035888671875000e-01
9.486389160156250000e-01
9.815673828125000000e-01
4.904327392578125000e-01
7.208404541015625000e-01
9.259185791015625000e-01
9.774169921875000000e-01
9.888916015625000000e-01
8.966217041015625000e-01
9.641418457031250000e-01
9.880981445312500000e-01
9.812622070312500000e-01
9.949645996093750000e-01
9.955139160156250000e-01
9.853668212890625000e-01
9.973602294921875000e-01
9.944915771484375000e-01
9.977569580078125000e-01
9.989471435546875000e-01
9.970550537109375000e-01
9.923706054687500000e-01
9.979095458984375000e-01
9.976348876953125000e-01
9.443054199218750000e-01
9.769592285156250000e-01
9.989013671875000000e-01
9.974975585937500000e-01
9.971008300781250000e-01
9.969787597656250000e-01
9.647827148437500000e-01
9.941864013671875000e-01
9.287261962890625000e-01
9.684143066406250000e-01
9.914855957031250000e-01
9.902038574218750000e-01
9.905395507812500000e-01
9.855041503906250000e-01
9.975585937500000000e-01
9.980163574218750000e-01
9.961547851562500000e-01
9.942321777343750000e-01
9.963684082031250000e-01
9.557800292968750000e-01
9.480590820312500000e-01
9.673919677734375000e-01
8.452758789062500000e-01
9.984283447265625000e-01
9.913482666015625000e-01
9.843750000000000000e-01
9.677124023437500000e-01
9.911956787109375000e-01
9.930572509765625000e-01
8.980865478515625000e-01
9.949493408203125000e-01
9.966735839843750000e-01
9.983673095703125000e-01
9.923400878906250000e-01
9.425811767578125000e-01
9.474792480468750000e-01
9.972534179687500000e-01
9.918670654296875000e-01
9.950408935546875000e-01
9.736938476562500000e-01
9.948883056640625000e-01
9.938201904296875000e-01
9.933471679687500000e-01
9.977264404296875000e-01
9.981079101562500000e-01
9.987487792968750000e-01
9.732360839843750000e-01
9.906616210937500000e-01
9.983520507812500000e-01
9.943542480468750000e-01
9.985504150390625000e-01
9.844055175781250000e-01
9.379730224609375000e-01
9.971771240234375000e-01
9.942779541015625000e-01
9.902801513671875000e-01
9.642791748046875000e-01
9.881591796875000000e-01
9.940032958984375000e-01
8.724365234375000000e-01
9.918212890625000000e-01
9.979705810546875000e-01
9.957122802734375000e-01
9.890594482421875000e-01
9.979248046875000000e-01
9.834289550781250000e-01
9.359130859375000000e-01
9.983825683593750000e-01
9.985046386718750000e-01
9.800720214843750000e-01
9.882965087890625000e-01
9.834747314453125000e-01
9.497985839843750000e-01
9.301452636718750000e-01
9.965667724609375000e-01
9.984893798828125000e-01
9.967956542968750000e-01
9.558563232421875000e-01
9.792175292968750000e-01
9.585723876953125000e-01
9.886474609375000000e-01
8.347167968750000000e-01
7.097167968750000000e-01
7.665557861328125000e-01
9.853515625000000000e-01
9.988098144531250000e-01
9.932708740234375000e-01
9.958953857421875000e-01
9.955596923828125000e-01
9.911346435546875000e-01
9.823150634765625000e-01
9.982147216796875000e-01
9.954223632812500000e-01
9.985809326171875000e-01
9.947814941406250000e-01
9.983978271484375000e-01
9.985504150390625000e-01
9.293060302734375000e-01
9.984741210937500000e-01
9.861297607421875000e-01
9.737243652343750000e-01
9.982299804687500000e-01
9.973602294921875000e-01
8.410491943359375000e-01
9.983062744140625000e-01
9.850311279296875000e-01
9.982910156250000000e-01
9.917449951171875000e-01
9.985046386718750000e-01
9.969024658203125000e-01
9.987182617187500000e-01
9.694061279296875000e-01
9.435729980468750000e-01
9.989471435546875000e-01
9.891357421875000000e-01
9.963226318359375000e-01
9.584045410156250000e-01
