6.498820335477198951e-01
8.408503303648376948e-01
7.521145087833441822e-01
7.213568315330680658e-01
6.118190092315693995e-01
3.593292087267990764e-01
2.892171344165435642e-01
8.464360587002096592e-01
6.634021395208679062e-01
8.329787234042552724e-01
4.696159936658749201e-01
3.276136363636363846e-01
7.761464670098268126e-01
6.954500597309509757e-01
4.699535962877030015e-01
3.436420762898911851e-01
2.405491169977924948e-01
7.244995055693416175e-01
7.647785424386800424e-01
9.493749999999999689e-01
4.191885313452287654e-01
5.315743274642432681e-01
5.792789817331877034e-01
4.904650384744061453e-01
6.272602633416974882e-01
8.654880860876249526e-01
7.134666046799937877e-01
6.056979096426162723e-01
5.906427130367950529e-01
7.568618481244281382e-01
3.212877792378449615e-01
7.371811170438172800e-01
3.223448800913589762e-01
9.217415651686966527e-01
4.139157071356289186e-01
8.600469116497263533e-01
5.499934219181686901e-01
4.020165646380986502e-01
3.567530695770804727e-01
2.196955097321256489e-01
3.164911995447339810e-01
5.417017691659645751e-01
7.572734557705201874e-01
4.344113842173350504e-01
8.245089666951324059e-01
6.949727089916690748e-01
9.253798033958892111e-01
8.433179723502304270e-01
9.585611003350379411e-01
6.532769556025369573e-01
8.861733423851549940e-01
7.913938260056126994e-01
9.284299157999009733e-01
8.671008200675349720e-01
5.307204128600321313e-01
6.465517241379310498e-01
8.579277864992150837e-01
1.857585139318885387e-02
5.323874151758174467e-01
7.620523949775228623e-01
8.842691813116159150e-01
8.469772533755017818e-01
5.558189144347002175e-01
5.934291581108829261e-01
7.491515736076875820e-01
4.982734220209453779e-01
6.382318460795807225e-01
6.209677419354838745e-01
8.803054120817426220e-01
5.273802709406602007e-01
8.973305954825462338e-01
8.391320613542835316e-01
3.829722860946387364e-01
5.275334466701160352e-01
8.837508664224180688e-01
8.836053938963803756e-01
4.173666082542751843e-01
9.199457259158752009e-01
7.093379991371459026e-01
7.722220442679137431e-01
8.845014807502468157e-01
4.686800894854586397e-01
7.886164623467600832e-01
8.219839142091153184e-01
7.509090909090908594e-01
9.547950992817912930e-01
4.593136520305709514e-01
7.796703296703296759e-01
6.822916666666666297e-01
8.910472972972972583e-01
8.415405046480743945e-01
5.317480394636984187e-01
7.619988706945228785e-01
9.012003693444137209e-01
4.719493685386179360e-02
7.128834355828220781e-01
8.621683176467359599e-01
8.889002925026940893e-01
7.021791767554479424e-01
2.075501500552835166e-01
6.774941995359629043e-01
7.514384349827387677e-01
8.353995803929048503e-01
8.632027992139194028e-01
7.404982433727244073e-01
8.383270911360799493e-01
9.003529731197393859e-01
6.496409501012704313e-01
1.604243416564333502e-01
7.956043956043955534e-01
9.630872483221476488e-01
7.677947441481977608e-02
4.651524800113210345e-01
6.760008517887563517e-01
2.128297362110311841e-01
1.990005878894767766e-01
7.408707865168538964e-01
8.580281690140845186e-01
7.803484451105282549e-01
5.877259036144578674e-01
8.263035536366655220e-01
8.247422680412370699e-01
7.073738078622935355e-01
9.151445966514459851e-01
8.815566835871404550e-01
5.796766743648961162e-01
6.232931146593454486e-01
9.460547504025764720e-01
7.854208284648147576e-01
9.314429289303660653e-01
5.084466419447878360e-01
7.903488661160676942e-01
8.580777819540560403e-01
8.374618934181812246e-01
9.528432732316227671e-01
5.034694028198124505e-01
6.908344733242134383e-01
5.032314923619271019e-01
5.071252544733740875e-01
9.009272816007808382e-01
9.483348895113601351e-01
1.513300241822578551e-01
6.490911209508273272e-01
4.739685658153241499e-01
4.999711333063910912e-02
5.578393069475114929e-01
6.609071274298056187e-01
6.633103632836020447e-01
3.917824957996028923e-01
2.586417458716083195e-01
3.717940599075422736e-01
9.355805243445692865e-01
6.364667888627040249e-01
7.852257181942544628e-01
5.406609195402298784e-01
9.273780782230806041e-01
9.040125885129819405e-01
6.372097145896117310e-01
4.761265746071598470e-01
8.406466512702078786e-01
4.693767667249966191e-01
6.702533957689881250e-01
7.530659595624792368e-01
5.310936028938110232e-01
7.325862447813666911e-01
2.948268802038309100e-01
7.187604690117253003e-01
5.562051554610683013e-01
6.990043057050592257e-01
9.113384484228473914e-01
7.862550960978450520e-01
3.703604088219472623e-01
8.803385917660638826e-01
7.041925465838508869e-01
6.330456226880394333e-01
7.438095942050410025e-01
7.692768460030494637e-01
8.412222154185291512e-01
8.933379357956506839e-01
3.433610975012248989e-01
1.537651395471300586e-01
6.687926105124257781e-01
4.481944689096353795e-01
1.169893559900192642e-01
8.676709154113557698e-01
8.858164033107599478e-01
5.808552817898612330e-01
3.638471378317876814e-01
8.503109350063288163e-01
7.148347425057648419e-01
7.648971726235282986e-01
5.288603848051307565e-01
6.682981227928876944e-01
5.981606916680434205e-01
8.140130525797315553e-01
3.672070328252278193e-01
5.174250940906203189e-01
9.483909239211033571e-01
8.695460555310710049e-01
8.827382902063544146e-01
8.822252374491180715e-01
8.239700374531835347e-01
1.339503166098392484e-01
8.836858006042296321e-01
8.606240713224369010e-01
6.591389329107236739e-01
8.419634319492336205e-01
8.860126489189587007e-01
8.917992656058751910e-01
8.503798947983635115e-01
7.156278411960803609e-01
8.278590026036450888e-01
9.182833627278071953e-01
7.157096233571491606e-01
7.932190760059611989e-01
8.931114967981327313e-01
9.444292362441828459e-01
9.509487072560467436e-01
9.320754716981132226e-01
7.989449479237116236e-01
7.299980033657548217e-01
9.124616671313074967e-01
2.678433193992877936e-01
8.836677673355346485e-01
9.013144406223659866e-01
8.199102636006729838e-01
5.174103237095363239e-01
8.701718313996181786e-01
2.208317707202494817e-01
7.124595718466040228e-01
8.789254284390921601e-01
2.904577691811734419e-01
9.102579166911461961e-01
7.214380563615796493e-01
9.646135102206578882e-01
8.279886602113324390e-01
9.509202453987729564e-01
9.189913746211826329e-01
9.441962990892742713e-01
9.573839422694471191e-01
7.522916039075612238e-01
5.527172929609747154e-01
8.160487425460202227e-01
7.625113151428940528e-01
8.814887365328110125e-01
9.047491817513859669e-01
5.552196090197798473e-01
4.984286443364044361e-01
8.292283616227278387e-01
1.784303623561737939e-02
8.301829268292683084e-01
8.896574440052701371e-01
8.856625961103573585e-01
9.465110108782169851e-01
9.482532546595485723e-01
9.080579589283852560e-01
8.089032894273437968e-01
9.551526717557251578e-01
5.204413028942592723e-01
8.729652193533830040e-01
5.765927048009226175e-01
7.937716998512009958e-01
8.302996670366259435e-01
9.025658225725305961e-01
8.933066698035525555e-01
8.207425906202945320e-01
7.492986483040040557e-01
8.699912891986062435e-01
9.101017826675296130e-01
6.183601620795784459e-01
6.501444765503445744e-01
7.661971830985915277e-01
9.085008113843465738e-01
9.371565668291927942e-01
7.416951257373486373e-01
8.988211580747618168e-01
7.161671374591878081e-01
9.413752842131137832e-01
9.079940057875155457e-01
9.101036670276960727e-01
4.821992123314467471e-01
6.866626972313188970e-01
8.518707980122771639e-01
9.385800036379069455e-01
9.086838096117446639e-01
8.245426829268293067e-01
9.237445148707947862e-01
9.400535019455252828e-01
9.501126690035052169e-01
8.633419555095706022e-01
8.298384324510140742e-01
5.992766888422557114e-01
8.804157275231655477e-01
8.114497419838574421e-01
8.733929812369700674e-01
6.402676144679071424e-01
9.352234149922010742e-01
9.014915710052541220e-01
6.384377542717656340e-01
8.896228503948631072e-01
9.279810249407028921e-01
8.020106347623795484e-01
9.292890126546582419e-01
7.242233562899469401e-01
8.913650279128398912e-01
9.570334928229664584e-01
9.482782853127196265e-01
7.195453817832559995e-01
9.506205863471003381e-01
9.036764705882353033e-01
6.667358875852282818e-01
8.952727477858634098e-01
7.441918472063854262e-01
5.038602511112844073e-01
8.962383911271464276e-01
8.983439826968481201e-01
8.761361475565696555e-01
8.433302970987809344e-01
6.729866989117291309e-01
3.487578043704474551e-01
9.545703023851310753e-01
7.212487770168104495e-01
8.939485758808760618e-01
6.677886461698330223e-01
9.250675387459120769e-01
7.379089350920337020e-01
6.634725948639325077e-01
8.225496968301481138e-01
9.422428497758736921e-01
9.550403225806451957e-01
8.493219487694625425e-01
9.478901012225581235e-01
4.868447889047521904e-01
8.919195680506423196e-01
9.077649673565773014e-01
8.047450492681527123e-01
7.875950480739017934e-01
8.745177717195617983e-01
7.585940341942524201e-01
6.391133910855151257e-01
9.397881924477669013e-01
7.815230961298377244e-01
6.552818541812251985e-01
8.317056856187291514e-01
9.517358549616614649e-01
8.063957558118115543e-01
9.235244637599887563e-01
8.443236462471251924e-01
9.466864124398370883e-01
8.482103262591067505e-01
9.315326633165829096e-01
8.917880515093941085e-01
6.978286348775523118e-01
8.138029782359679221e-01
9.430076376086383716e-01
9.311350665821179762e-01
9.348105540667146496e-01
8.131151428910233792e-01
9.647094248720264886e-01
8.707689967292918665e-01
7.573674752920035447e-01
5.573762149508930674e-01
9.480294741542927284e-01
7.350941762286209435e-01
7.256300963676797222e-01
8.348437999786757491e-01
9.512204946427132990e-01
7.065079987794777860e-01
8.381358553939983747e-01
8.908031373346207982e-01
9.275330152036399545e-01
8.577077840987928914e-01
9.095706404413528290e-01
8.394563601613930226e-01
8.443750796279780868e-01
8.902805961794135747e-01
9.449398991857309582e-01
5.879373980715859593e-01
9.492666154577709126e-01
8.993083918749659178e-01
7.829156010230179374e-01
8.758716594784150544e-01
9.030543368207897270e-01
5.816004409480383108e-01
9.288400228889071020e-01
8.218101189276355578e-01
8.067735881248934149e-01
9.086200903719151567e-01
6.444134565103712964e-01
7.765877287405812401e-01
7.462110774317993744e-01
5.725350677265736987e-01
8.234728234728234675e-01
9.114419937893144530e-01
3.845746558418637329e-01
4.763551055685887325e-01
9.407258450636790670e-01
9.117720569857535873e-01
5.674342593968206838e-01
9.504728720756595584e-01
2.430325571916237826e-02
7.188363399967495626e-01
9.686717904116154410e-01
8.894889991417027630e-01
9.057104913678618585e-01
7.725235770182596884e-01
9.537414965986394932e-01
8.809819383490986588e-01
8.465762273901809021e-01
6.758588455246552495e-01
8.847508984567683532e-01
7.445067788686301480e-01
7.766013763896241207e-01
9.017326092578226149e-01
8.799502384408044442e-01
9.064987965191630970e-01
8.811960345378957449e-01
9.420645636430587944e-01
6.633009224632261391e-01
3.781239493443909194e-01
9.109417528579205614e-01
1.200513588701048601e-01
8.137574768896139732e-01
4.593342484557309535e-01
8.081259812550549704e-01
1.849441399662731800e-01
8.994864772338240222e-01
9.606511214306886481e-01
6.448934837092731298e-01
8.405891070766950968e-01
8.896234210836972967e-01
7.463207372893532199e-01
9.478265784862359711e-01
6.364872430616651533e-01
7.617872807017543879e-01
8.590104020241776661e-01
7.827781269641734818e-01
8.991645059060789924e-01
5.777155939964385700e-01
6.966752779961810083e-01
3.565554589824162512e-01
6.952478856128218032e-01
6.259686585155845862e-01
7.335100523271825823e-01
6.101511879049675846e-01
7.836783281528999501e-01
9.013765220033186365e-01
7.912337048932552852e-01
8.580829756795421703e-01
8.505767214260747666e-01
9.146403890453033148e-01
8.414550446122168736e-01
8.608555993575705001e-01
9.029736144073712278e-01
7.138164129130077917e-01
6.787811014816885757e-01
7.931056995495201489e-01
8.429487179487179516e-01
7.762911029920015471e-01
8.285739862143048917e-01
9.218418998773553197e-01
8.315652522017613624e-01
7.358985570616528582e-01
1.926749667593375959e-01
2.433829611248966018e-01
8.814089254744864599e-01
9.454578957066519518e-01
9.533632286995515903e-01
8.418829350261388678e-01
8.404941288264440313e-01
9.642480634367694980e-01
8.803352173065679409e-01
8.833510074231176734e-01
8.456692913385827071e-01
5.364910584823586737e-01
9.016486640136440744e-01
6.535508637236084883e-01
9.050387596899225340e-01
9.061224489795918213e-01
7.470511140235910341e-01
7.771836007130125124e-01
9.154842689697717528e-01
9.028213166144201107e-01
2.202520828882717496e-01
6.662245800176834765e-01
9.312977099236641187e-01
9.152892561983471120e-01
5.103092783505154273e-01
8.414731785428343214e-01
5.978393448335946880e-01
8.700545702592087371e-01
7.270974526758587908e-01
7.292702066439968878e-01
9.325190470431733436e-01
7.130084935181045802e-01
9.440836940836940805e-01
7.868043087971274829e-01
9.577278731836195158e-01
9.088359046283309706e-01
8.879502000889284430e-01
8.003169572107765584e-01
8.853012048192770989e-01
3.875739644970414011e-01
7.644616662053694833e-01
6.001870907390084442e-01
3.366913063387191873e-01
9.152263374485596348e-01
8.964950711938663996e-01
9.384171277363483332e-01
8.565034585650346255e-01
8.106334099113882141e-01
7.995594713656387631e-01
2.277719967626315178e-01
9.063384267119410920e-01
9.293125810635538553e-01
9.576237623762375861e-01
8.905125408942202725e-01
8.069266290405335829e-01
5.803974155796659540e-01
8.869346733668341809e-01
7.960979342004590453e-01
8.506433823529411242e-01
5.180318702823595300e-01
8.145071982281284484e-01
9.199762892708950313e-01
7.988001845869866502e-01
9.253132832080200876e-01
9.399806389157793207e-01
9.194499017681728725e-01
6.821312069590431681e-01
8.201058201058201158e-01
9.555006180469716170e-01
7.968149368478857353e-01
9.062191510365251723e-01
6.603522765038218889e-01
7.768322810870161854e-01
9.112709832134292531e-01
8.515439429928740589e-01
8.300426894343649886e-01
6.572474377745242125e-01
7.272407732864675234e-01
8.779123951537745052e-01
2.858973263859229674e-01
8.542289910252923724e-01
8.592592592592592782e-01
8.588648920140632415e-01
7.010008340283570005e-01
9.558728098637248038e-01
7.629338572364112725e-01
6.966632962588473754e-01
9.264399722414989879e-01
9.466521502449646297e-01
5.498104102033781748e-01
7.400881057268722252e-01
6.911890504704876204e-01
4.669475048606610557e-01
6.897743443789388085e-01
8.486886348352387088e-01
8.238434163701067181e-01
8.573369565217391353e-01
6.876484560570070848e-01
7.781758957654723030e-01
6.941534302129097611e-01
8.876302673312188585e-01
1.386768447837150031e-01
4.642032332563510444e-01
1.912992916798816057e-01
8.888116747741486856e-01
9.325842696629212947e-01
8.031249999999999778e-01
9.156475384132957140e-01
8.316946211683053924e-01
7.222753346080306169e-01
6.929801324503310767e-01
9.139705882352940902e-01
8.963014172139647240e-01
8.985823336968374875e-01
9.348323170731707155e-01
9.024163568773234667e-01
9.492792311799252980e-01
6.117489315344003531e-01
8.415213946117273691e-01
8.649130628622381245e-01
9.042535446205171024e-01
8.677309007981756084e-01
9.412563667232597409e-01
1.126160661044381950e-01
9.064869418702611314e-01
6.100953895071542510e-01
8.632478632478632896e-01
7.569631626235400201e-01
9.031620553359683834e-01
8.279661016949152463e-01
8.887417218543046671e-01
6.620596662733861937e-01
5.589743589743589869e-01
9.529972752043597284e-01
5.596784168212739496e-01
8.823816495851635189e-01
5.978164650339332642e-01
