9.989893156222927617e-01
9.998122386276350193e-01
9.999839905223892877e-01
9.942367601246105968e-01
5.307966055297016483e-01
9.383234857341463675e-01
1.000000000000000000e+00
9.998865974371020648e-01
9.684309179697133674e-01
9.727931237652930330e-01
9.679740159955296797e-01
9.993503480278421724e-01
9.324888828998787460e-01
9.690603377191410184e-01
9.987413784423299079e-01
6.580549332813869778e-01
8.225757062966365663e-01
9.715192448531206892e-01
9.720239589684731563e-01
9.866216605606553669e-01
3.363377728543014422e-01
6.015081466852192360e-01
7.925573790346999159e-01
9.342218258686748600e-01
8.003990232862843168e-01
9.925148469245068661e-01
9.699253057539194423e-01
9.015371832156211518e-01
9.747330079920786261e-01
9.829331790569858507e-01
9.969408981523024682e-01
9.454414300292057760e-01
1.000000000000000000e+00
9.910052101895694410e-01
7.200049701789263956e-01
9.972220497858339527e-01
7.985735464999799138e-01
6.977809803595513838e-01
9.959817647800781604e-01
9.371234238151437967e-01
7.088311688311688119e-01
1.000000000000000000e+00
9.143750000000000488e-01
1.000000000000000000e+00
9.970181278891816490e-01
9.999169003843356718e-01
9.976515832111841897e-01
9.972271983799361195e-01
9.996326414747774836e-01
9.995821533033102391e-01
9.973238034627371906e-01
9.965527902303292773e-01
9.971366594360087099e-01
9.999511344941606206e-01
9.995899878948807382e-01
9.998555307639211964e-01
9.974699262708576208e-01
1.000000000000000000e+00
9.993706592344518969e-01
9.950990299110751280e-01
9.999208960891026177e-01
9.793585427951403410e-01
9.703438780839043210e-01
9.915063913138920659e-01
9.111051788574479060e-01
8.665846020166181329e-01
9.978882740551003883e-01
1.000000000000000000e+00
9.995234481176200614e-01
9.836854555836528347e-01
9.995406304451132096e-01
9.998091451292246967e-01
1.000000000000000000e+00
8.507467776034918217e-01
9.806998301726578271e-01
9.976042687574866452e-01
8.357559627392773249e-01
9.993060267719450218e-01
9.995383001049318317e-01
9.167334508735374143e-01
9.995681658243235068e-01
9.769722078370447482e-01
9.989681360409443656e-01
9.909413028490805520e-01
9.999373923931758057e-01
9.984510092149145866e-01
9.993718166383701584e-01
9.997332622032542027e-01
1.000000000000000000e+00
1.000000000000000000e+00
9.990589241792321440e-01
9.843235100273044491e-01
1.000000000000000000e+00
9.998856414696705164e-01
1.000000000000000000e+00
1.000000000000000000e+00
9.986612659618289145e-01
9.758004704286834530e-01
1.000000000000000000e+00
9.474800311020004084e-01
9.895086881176525795e-01
9.999690732808610427e-01
1.000000000000000000e+00
1.000000000000000000e+00
9.998113990419070785e-01
9.961670302274852062e-01
9.986115371575259303e-01
9.420156079550222605e-01
5.954005227425903657e-01
9.958719369306454627e-01
9.989510489510489144e-01
6.983200900957267088e-01
8.743047641726056085e-01
9.846542380609971667e-01
1.000000000000000000e+00
8.278016897816037334e-01
9.999315302978432074e-01
1.000000000000000000e+00
1.000000000000000000e+00
9.846076758060222645e-01
9.929489113690863622e-01
1.000000000000000000e+00
6.913164155432196534e-01
9.973839836380067325e-01
9.990616250807617948e-01
9.689017986083759970e-01
1.000000000000000000e+00
9.996036590199279814e-01
1.000000000000000000e+00
9.981071752373984474e-01
1.000000000000000000e+00
9.915492005543724563e-01
9.527093596059112990e-01
8.405067155067155182e-01
9.985655541742373131e-01
1.000000000000000000e+00
1.000000000000000000e+00
9.780254376023170826e-01
1.000000000000000000e+00
9.980506516168586861e-01
9.985099974365547748e-01
1.000000000000000000e+00
9.728686068260895548e-01
9.992057761732852095e-01
4.842016174534511941e-01
9.610111327715928908e-01
1.000000000000000000e+00
8.588019854464845615e-01
9.419852448021461822e-01
7.699650487997889980e-01
8.744682347150440904e-01
9.973822404848408096e-01
9.996247478774802353e-01
1.000000000000000000e+00
9.907482053053859872e-01
9.952923776198550065e-01
9.990801243418131472e-01
9.999534602317680099e-01
1.000000000000000000e+00
9.983479373511928712e-01
9.372096774193547919e-01
1.000000000000000000e+00
9.967178980430908553e-01
8.488200175921246649e-01
9.999366219499313813e-01
8.407713392271165542e-01
9.867148157964484856e-01
1.000000000000000000e+00
9.774413323239969920e-01
9.976790817373730746e-01
9.997180318623996031e-01
1.000000000000000000e+00
9.988890123319631442e-01
1.000000000000000000e+00
9.999825865881901699e-01
1.000000000000000000e+00
1.000000000000000000e+00
1.000000000000000000e+00
9.957397427949195023e-01
9.809360259113536484e-01
9.858603733133688429e-01
1.000000000000000000e+00
9.990587855644597060e-01
1.000000000000000000e+00
9.907593215950284415e-01
9.949080366041497259e-01
9.784907208685772462e-01
9.878685287064465914e-01
9.984401020257593906e-01
9.998787605867988093e-01
9.912907479530190802e-01
9.906359864704999962e-01
1.000000000000000000e+00
9.999366821443647080e-01
9.097908988066999436e-01
1.000000000000000000e+00
9.972125743866557812e-01
9.973705638868155532e-01
9.998735677597787586e-01
9.999039831010257950e-01
9.972318746687084401e-01
9.953253939230121139e-01
9.452805219585757035e-01
9.998598589246507906e-01
9.934008692317525258e-01
9.620580912863070377e-01
9.892860559293389366e-01
9.992344595284270437e-01
9.979646156254893263e-01
9.981233872859488487e-01
9.999781368197817599e-01
9.818824569155987225e-01
9.965197029718849686e-01
9.952861952861953299e-01
9.952180384457041118e-01
9.684053946846489236e-01
9.995880111236996601e-01
9.869941146552350109e-01
9.911233139627871891e-01
7.964707850133808664e-01
1.000000000000000000e+00
9.915224002310528695e-01
1.000000000000000000e+00
1.000000000000000000e+00
9.537641043723554812e-01
9.386510310089721809e-01
9.952542123464057644e-01
9.904541851483311676e-01
9.937859147400774917e-01
9.985506808780458821e-01
9.644683419291122384e-01
1.000000000000000000e+00
9.126579343920250276e-01
8.844238975817922954e-01
9.693939804772234714e-01
9.966755837207490476e-01
9.894985465116279411e-01
9.512404990678330341e-01
9.612503868771278270e-01
9.949770646962369236e-01
8.833086223818572558e-01
1.000000000000000000e+00
1.000000000000000000e+00
1.000000000000000000e+00
9.997130724205210983e-01
9.862877428415385284e-01
9.709276908280143337e-01
9.631179612806641810e-01
9.303795014924215456e-01
9.993160990288606493e-01
9.919536017590542265e-01
9.998405301486613661e-01
9.656659995552591136e-01
9.801209118770729534e-01
9.262354946035867842e-01
9.981087976591910271e-01
9.995327375737398379e-01
9.993753103426182838e-01
9.996189622324330726e-01
9.993919036312040038e-01
8.259904561091998554e-01
9.982875796007919522e-01
9.999469298943904905e-01
9.903743848916078951e-01
8.970186618115612021e-01
9.838452845695500049e-01
9.997954782091328374e-01
1.000000000000000000e+00
9.745411851943397430e-01
9.974541003671970607e-01
1.000000000000000000e+00
9.982210047387395369e-01
9.569959417081719266e-01
9.882421442121672728e-01
9.998747315676449476e-01
9.975966657540080718e-01
9.695043185329652591e-01
9.906690530295413355e-01
8.915766738660907409e-01
9.951315656480577143e-01
9.946964155084125903e-01
9.996162701458173316e-01
9.758172271675104037e-01
9.971129409372776475e-01
9.579066873348907052e-01
9.982565717090675639e-01
9.991144044821976822e-01
9.977889587214262557e-01
9.848183769175741231e-01
9.587232620320855769e-01
9.999763397610316185e-01
9.997450753186558625e-01
9.989931953895292427e-01
9.987184864159560638e-01
9.950844997893356636e-01
9.837154337036161378e-01
9.995609300964124477e-01
9.000851244945733409e-01
1.000000000000000000e+00
6.551883522070718335e-01
9.701569333676357543e-01
9.989158977571128695e-01
9.944081763698630061e-01
1.000000000000000000e+00
9.921985148980166924e-01
9.945116447012095628e-01
9.985471575564899283e-01
9.999506781750925333e-01
9.993386666666667084e-01
9.993348410270054272e-01
1.000000000000000000e+00
8.908697841087451774e-01
9.676186541341734726e-01
1.000000000000000000e+00
9.996639386391491522e-01
8.790022996638953146e-01
9.716301410987691067e-01
9.827245804540967189e-01
7.710159711817399231e-01
1.000000000000000000e+00
9.634997652214744024e-01
1.000000000000000000e+00
9.008517589405519166e-01
1.000000000000000000e+00
9.830961703753222647e-01
1.000000000000000000e+00
9.999841088227815478e-01
9.994670219853430959e-01
9.967620742498393138e-01
9.971135055668106650e-01
9.998111931022546361e-01
9.885334291876347601e-01
1.000000000000000000e+00
9.837872775912526180e-01
9.615292032299713743e-01
5.668702746572124029e-01
9.881319819191939358e-01
8.484211866564808080e-01
9.997474457582367080e-01
1.000000000000000000e+00
9.627052827441145988e-01
9.584693469241623021e-01
9.782042838774421822e-01
9.987586891757695984e-01
9.070811895003052516e-01
9.812656545519603535e-01
9.942717215444488721e-01
9.855830782076259178e-01
9.901236917221694078e-01
9.986350589132659827e-01
9.859207528849385227e-01
9.424627302616763735e-01
1.000000000000000000e+00
1.000000000000000000e+00
9.913326802674730098e-01
9.915210511832691642e-01
8.769368162536280709e-01
9.980543526015188682e-01
9.950786000447400248e-01
9.779450245470631131e-01
9.899350352273766918e-01
1.000000000000000000e+00
9.820791487080077209e-01
8.825511031628854308e-01
9.989544979317241946e-01
8.912799980934676958e-01
9.932175270810968959e-01
1.000000000000000000e+00
8.704721030042918972e-01
8.391382868937048434e-01
9.834738186462324006e-01
9.694498701003166907e-01
9.939831302717900829e-01
9.988886897293421940e-01
9.943338254658632414e-01
9.796406040909959589e-01
9.948294809663645877e-01
9.224574737604053221e-01
9.796865782656646315e-01
9.627142857142857446e-01
1.000000000000000000e+00
9.369040612124779344e-01
9.895303398953033680e-01
1.000000000000000000e+00
9.950092063184416968e-01
1.000000000000000000e+00
9.991644850442823467e-01
9.739342265529841169e-01
1.000000000000000000e+00
1.000000000000000000e+00
9.993058918482646824e-01
9.915152553993828999e-01
1.000000000000000000e+00
8.663084702907711820e-01
1.000000000000000000e+00
1.000000000000000000e+00
9.922554617005565625e-01
9.616542397999351399e-01
8.870617696160266741e-01
9.973705313018667029e-01
7.056517929879032591e-01
1.000000000000000000e+00
9.698407676895497431e-01
9.927916852928028169e-01
9.980535518589397359e-01
1.000000000000000000e+00
9.993613896161951393e-01
9.641742748179822353e-01
9.999839848817283494e-01
1.000000000000000000e+00
9.200406111482554161e-01
1.000000000000000000e+00
9.998965267478356900e-01
9.994812560520127676e-01
9.982852856071160463e-01
9.947848088193530502e-01
9.704607890339573828e-01
9.827812985770656429e-01
9.015921594345466250e-01
1.000000000000000000e+00
9.991489210801609566e-01
4.077985236647850842e-01
9.771089800648270485e-01
1.000000000000000000e+00
9.950156459544031717e-01
9.998912531264726455e-01
9.602178107900928294e-01
9.841681398546454629e-01
1.000000000000000000e+00
9.999817321568842399e-01
9.350936888225971355e-01
9.800687685762573542e-01
9.884922110656584326e-01
1.000000000000000000e+00
6.524025646567249703e-01
1.000000000000000000e+00
1.000000000000000000e+00
9.444808894106273556e-01
1.000000000000000000e+00
9.997277087740611412e-01
9.985503744865910081e-01
9.999546865441693022e-01
1.000000000000000000e+00
9.739494698258934768e-01
1.000000000000000000e+00
1.000000000000000000e+00
9.629174956610083713e-01
9.955710531969393928e-01
9.984506933147416774e-01
9.997659958547837622e-01
9.883076634109692060e-01
9.881375564165035819e-01
9.993018662307587840e-01
9.979314117687284602e-01
9.997049102927290098e-01
9.986548920989531952e-01
9.821634624787310974e-01
9.986653159020374426e-01
1.000000000000000000e+00
9.998896470544960113e-01
9.905614121108115011e-01
9.942378208486117863e-01
9.996228580798557362e-01
9.960850572817934179e-01
6.932993579319709498e-01
9.591717360786148339e-01
9.779458578450097583e-01
9.906935211826569665e-01
9.917384272413340973e-01
9.872711726067860960e-01
9.839308621970157542e-01
9.984645676403114400e-01
9.995855450879123083e-01
9.954164320130154398e-01
1.000000000000000000e+00
9.998275537718692707e-01
1.000000000000000000e+00
9.977079597723551574e-01
9.995372584103283664e-01
1.000000000000000000e+00
9.991475389132700169e-01
9.987811166846374267e-01
9.985944308225702670e-01
1.000000000000000000e+00
1.000000000000000000e+00
9.989466509697007002e-01
9.981794211814928319e-01
9.970920444458049037e-01
9.984158784885617255e-01
9.997492142045074637e-01
1.000000000000000000e+00
1.000000000000000000e+00
1.000000000000000000e+00
9.997730446927374226e-01
9.996525639203424074e-01
9.991742058613032329e-01
1.000000000000000000e+00
9.990131366077784625e-01
9.994699426290845068e-01
9.992894587254468330e-01
1.000000000000000000e+00
9.997321906802356661e-01
1.000000000000000000e+00
9.999412766457219659e-01
1.000000000000000000e+00
9.036614753803546840e-01
9.988818660413398831e-01
9.907127892974382233e-01
9.850157093369854566e-01
9.600589758614823666e-01
1.000000000000000000e+00
1.000000000000000000e+00
8.969600454101100961e-01
9.994519311367593417e-01
9.999359549122582846e-01
9.991595839147532354e-01
9.987055546452564547e-01
9.319543393782383500e-01
9.748354955537040789e-01
9.972706997925732120e-01
9.996663648062532603e-01
9.960854596047729048e-01
9.933943659713648788e-01
1.000000000000000000e+00
9.999669295765332144e-01
9.999368816372903312e-01
9.999055816954379727e-01
9.987254331167093602e-01
9.997210859055410959e-01
9.988516650856258394e-01
9.904673850666326773e-01
9.990027227252580300e-01
1.000000000000000000e+00
9.997830701767977946e-01
9.861680651063023939e-01
9.474242697259094292e-01
9.972809002891990238e-01
9.996509709353978979e-01
9.968218117286440361e-01
1.000000000000000000e+00
1.000000000000000000e+00
9.999839532719279056e-01
9.753397354593222879e-01
9.998706903518839173e-01
9.995976291068914277e-01
9.967843137254901453e-01
1.000000000000000000e+00
9.998239013847755041e-01
1.000000000000000000e+00
9.376700649421325640e-01
9.999375965303670677e-01
9.991843265203682600e-01
1.000000000000000000e+00
9.896269824955329364e-01
9.867958446682256746e-01
1.000000000000000000e+00
1.000000000000000000e+00
9.976945963207003443e-01
9.998615022390471285e-01
9.974621265199993259e-01
9.611764906826993915e-01
9.985541844591641070e-01
9.836973506024514480e-01
9.884403731293202044e-01
8.303413242188112386e-01
1.000000000000000000e+00
1.000000000000000000e+00
9.993852854909812677e-01
9.998602224016897022e-01
9.992737835875090679e-01
9.971850359067863101e-01
9.988103251256202908e-01
9.996848607084330984e-01
1.000000000000000000e+00
9.993615397791861810e-01
9.999042283196858394e-01
9.988252569750366572e-01
9.956072266076559929e-01
9.998138726889191918e-01
9.998272450293683722e-01
1.000000000000000000e+00
9.987074735724507102e-01
9.990825843937412021e-01
1.000000000000000000e+00
9.985020693063191288e-01
9.988350568109281014e-01
8.377768087955898002e-01
9.996737610688208875e-01
9.846721144982110152e-01
9.999536464771322519e-01
9.972434433330708003e-01
9.989163080162244412e-01
9.997825073792139250e-01
9.994600098741051042e-01
1.000000000000000000e+00
1.000000000000000000e+00
9.998127340823970144e-01
1.000000000000000000e+00
9.999527484643251363e-01
1.000000000000000000e+00
