8.061065673828125000e-01
9.827423095703125000e-01
9.867095947265625000e-01
7.684020996093750000e-01
8.146972656250000000e-01
9.774322509765625000e-01
9.699249267578125000e-01
9.912719726562500000e-01
9.732360839843750000e-01
9.195404052734375000e-01
8.426666259765625000e-01
8.100891113281250000e-01
9.578094482421875000e-01
6.097259521484375000e-01
7.518615722656250000e-01
7.361450195312500000e-01
8.093109130859375000e-01
7.660980224609375000e-01
9.658050537109375000e-01
9.881286621093750000e-01
7.459411621093750000e-01
6.799011230468750000e-01
8.065185546875000000e-01
9.649658203125000000e-01
6.325073242187500000e-01
9.885253906250000000e-01
9.791717529296875000e-01
8.737945556640625000e-01
9.390258789062500000e-01
9.792785644531250000e-01
8.005523681640625000e-01
9.445648193359375000e-01
8.586120605468750000e-01
9.877014160156250000e-01
7.413482666015625000e-01
9.985351562500000000e-01
6.358642578125000000e-01
8.565216064453125000e-01
7.952117919921875000e-01
9.496917724609375000e-01
8.980407714843750000e-01
9.699554443359375000e-01
6.949462890625000000e-01
9.294128417968750000e-01
9.924774169921875000e-01
9.468078613281250000e-01
9.975128173828125000e-01
9.950866699218750000e-01
9.967346191406250000e-01
9.938049316406250000e-01
9.927520751953125000e-01
9.985504150390625000e-01
9.920196533203125000e-01
9.904632568359375000e-01
8.405456542968750000e-01
9.801330566406250000e-01
9.978790283203125000e-01
2.926940917968750000e-01
8.710174560546875000e-01
9.655914306640625000e-01
9.955596923828125000e-01
9.625701904296875000e-01
9.799652099609375000e-01
9.604187011718750000e-01
8.864593505859375000e-01
8.621368408203125000e-01
9.227905273437500000e-01
9.854431152343750000e-01
9.823760986328125000e-01
9.734344482421875000e-01
9.963378906250000000e-01
9.927368164062500000e-01
8.388061523437500000e-01
6.711425781250000000e-01
9.834136962890625000e-01
9.983062744140625000e-01
9.093475341796875000e-01
9.985198974609375000e-01
7.263946533203125000e-01
8.699493408203125000e-01
9.946289062500000000e-01
9.249572753906250000e-01
9.101257324218750000e-01
9.968261718750000000e-01
9.929809570312500000e-01
9.977416992187500000e-01
9.459686279296875000e-01
9.800109863281250000e-01
9.673614501953125000e-01
9.964294433593750000e-01
9.553833007812500000e-01
8.477478027343750000e-01
9.887390136718750000e-01
9.952087402343750000e-01
5.534362792968750000e-01
9.892883300781250000e-01
9.288482666015625000e-01
9.701080322265625000e-01
9.877014160156250000e-01
7.053527832031250000e-01
9.967956542968750000e-01
9.945831298828125000e-01
9.681091308593750000e-01
9.549713134765625000e-01
9.476318359375000000e-01
9.960327148437500000e-01
9.944458007812500000e-01
6.524505615234375000e-01
8.852081298828125000e-01
9.975585937500000000e-01
9.978942871093750000e-01
8.821868896484375000e-01
8.770904541015625000e-01
9.214630126953125000e-01
9.335479736328125000e-01
8.985595703125000000e-01
9.808197021484375000e-01
9.512023925781250000e-01
9.323120117187500000e-01
9.930267333984375000e-01
9.947357177734375000e-01
9.957275390625000000e-01
7.724914550781250000e-01
9.957427978515625000e-01
9.988098144531250000e-01
9.876708984375000000e-01
9.225921630859375000e-01
9.980010986328125000e-01
9.273834228515625000e-01
9.977111816406250000e-01
8.562316894531250000e-01
7.442779541015625000e-01
8.386993408203125000e-01
6.584930419921875000e-01
9.976043701171875000e-01
8.195800781250000000e-01
9.963531494140625000e-01
9.951934814453125000e-01
9.336395263671875000e-01
9.955749511718750000e-01
9.970092773437500000e-01
5.002288818359375000e-01
9.108581542968750000e-01
9.507293701171875000e-01
6.474761962890625000e-01
9.802703857421875000e-01
9.668884277343750000e-01
9.055938720703125000e-01
9.694366455078125000e-01
6.859588623046875000e-01
9.272003173828125000e-01
9.980468750000000000e-01
8.896636962890625000e-01
9.955139160156250000e-01
8.895568847656250000e-01
9.896087646484375000e-01
9.962005615234375000e-01
8.602600097656250000e-01
8.084411621093750000e-01
9.914550781250000000e-01
9.736633300781250000e-01
8.747558593750000000e-01
9.646148681640625000e-01
9.449768066406250000e-01
9.313659667968750000e-01
8.019866943359375000e-01
9.828033447265625000e-01
8.976287841796875000e-01
9.739074707031250000e-01
9.948272705078125000e-01
9.926910400390625000e-01
8.716583251953125000e-01
9.311065673828125000e-01
9.072265625000000000e-01
9.516296386718750000e-01
9.521636962890625000e-01
8.662414550781250000e-01
9.642333984375000000e-01
9.970092773437500000e-01
8.246917724609375000e-01
9.156799316406250000e-01
9.870910644531250000e-01
7.809906005859375000e-01
5.724029541015625000e-01
9.916687011718750000e-01
9.824371337890625000e-01
9.857025146484375000e-01
4.793853759765625000e-01
9.514617919921875000e-01
9.794769287109375000e-01
8.921813964843750000e-01
9.615173339843750000e-01
9.121093750000000000e-01
8.461761474609375000e-01
8.975524902343750000e-01
8.849182128906250000e-01
8.268585205078125000e-01
9.944458007812500000e-01
9.947814941406250000e-01
9.927215576171875000e-01
9.671936035156250000e-01
9.911804199218750000e-01
9.984741210937500000e-01
9.974212646484375000e-01
9.874877929687500000e-01
9.783477783203125000e-01
8.942413330078125000e-01
9.846649169921875000e-01
9.843902587890625000e-01
9.958343505859375000e-01
8.722381591796875000e-01
9.682006835937500000e-01
9.954223632812500000e-01
8.012695312500000000e-01
9.864501953125000000e-01
9.667968750000000000e-01
9.929199218750000000e-01
9.683074951171875000e-01
9.520416259765625000e-01
8.857879638671875000e-01
9.010925292968750000e-01
9.822082519531250000e-01
8.469848632812500000e-01
9.515228271484375000e-01
9.052124023437500000e-01
9.617309570312500000e-01
8.964996337890625000e-01
9.919586181640625000e-01
5.443420410156250000e-01
8.243408203125000000e-01
9.709320068359375000e-01
6.907653808593750000e-01
9.615783691406250000e-01
8.715057373046875000e-01
9.734344482421875000e-01
9.195709228515625000e-01
9.734802246093750000e-01
9.833526611328125000e-01
9.594726562500000000e-01
9.878845214843750000e-01
8.680267333984375000e-01
7.738342285156250000e-01
9.729309082031250000e-01
9.129333496093750000e-01
9.829864501953125000e-01
9.854278564453125000e-01
7.040863037109375000e-01
7.257537841796875000e-01
8.527526855468750000e-01
1.745605468750000000e-01
9.937438964843750000e-01
9.868164062500000000e-01
9.250640869140625000e-01
9.851989746093750000e-01
9.407806396484375000e-01
9.881439208984375000e-01
9.655609130859375000e-01
9.978485107421875000e-01
8.430175781250000000e-01
9.454498291015625000e-01
3.584594726562500000e-01
9.294433593750000000e-01
9.809875488281250000e-01
9.935607910156250000e-01
9.507598876953125000e-01
9.039611816406250000e-01
9.544219970703125000e-01
9.806365966796875000e-01
9.568939208984375000e-01
5.047607421875000000e-01
8.786773681640625000e-01
9.942626953125000000e-01
9.727172851562500000e-01
9.814605712890625000e-01
9.692382812500000000e-01
9.603118896484375000e-01
8.715820312500000000e-01
9.889068603515625000e-01
9.417724609375000000e-01
9.897460937500000000e-01
6.931304931640625000e-01
9.367065429687500000e-01
9.598999023437500000e-01
9.895782470703125000e-01
9.638366699218750000e-01
9.762115478515625000e-01
9.895782470703125000e-01
9.909667968750000000e-01
9.923400878906250000e-01
8.975830078125000000e-01
9.582672119140625000e-01
8.352508544921875000e-01
9.895629882812500000e-01
9.406738281250000000e-01
9.591979980468750000e-01
8.899383544921875000e-01
9.907531738281250000e-01
9.574127197265625000e-01
8.513336181640625000e-01
9.012908935546875000e-01
9.701538085937500000e-01
9.293518066406250000e-01
9.389495849609375000e-01
8.856658935546875000e-01
9.450988769531250000e-01
9.936370849609375000e-01
9.936828613281250000e-01
9.085845947265625000e-01
9.866638183593750000e-01
9.947814941406250000e-01
8.560180664062500000e-01
9.073333740234375000e-01
8.878479003906250000e-01
7.212982177734375000e-01
9.732513427734375000e-01
8.625793457031250000e-02
6.892700195312500000e-01
3.284912109375000000e-01
8.092346191406250000e-01
6.970214843750000000e-01
9.616241455078125000e-01
9.624023437500000000e-01
9.521026611328125000e-01
7.291259765625000000e-01
9.817504882812500000e-01
9.308166503906250000e-01
9.754333496093750000e-01
9.659271240234375000e-01
9.630737304687500000e-01
9.358215332031250000e-01
9.927825927734375000e-01
9.609375000000000000e-01
9.619445800781250000e-01
9.845886230468750000e-01
9.571533203125000000e-01
3.599700927734375000e-01
9.500122070312500000e-01
9.142913818359375000e-01
8.725433349609375000e-01
8.720397949218750000e-01
9.467773437500000000e-01
9.143981933593750000e-01
8.753814697265625000e-01
9.329376220703125000e-01
9.730224609375000000e-01
8.204040527343750000e-01
9.442443847656250000e-01
9.065856933593750000e-01
9.898376464843750000e-01
9.725494384765625000e-01
9.480438232421875000e-01
9.595184326171875000e-01
8.815765380859375000e-01
9.526062011718750000e-01
9.861602783203125000e-01
9.924468994140625000e-01
9.395751953125000000e-01
9.005126953125000000e-01
9.920806884765625000e-01
9.439697265625000000e-01
9.185028076171875000e-01
8.806457519531250000e-01
9.797058105468750000e-01
8.939514160156250000e-01
8.806610107421875000e-01
9.757080078125000000e-01
9.818725585937500000e-01
9.047698974609375000e-01
8.473663330078125000e-01
4.091796875000000000e-01
9.579315185546875000e-01
9.728088378906250000e-01
9.818572998046875000e-01
9.184570312500000000e-01
9.731292724609375000e-01
9.768981933593750000e-01
9.928741455078125000e-01
7.753295898437500000e-01
9.754638671875000000e-01
9.832611083984375000e-01
9.703521728515625000e-01
9.063415527343750000e-01
9.742736816406250000e-01
8.935852050781250000e-01
9.783325195312500000e-01
9.871826171875000000e-01
9.663543701171875000e-01
7.248992919921875000e-01
9.717864990234375000e-01
9.255676269531250000e-01
9.786376953125000000e-01
6.172332763671875000e-01
9.958648681640625000e-01
2.079467773437500000e-01
8.754577636718750000e-01
7.310333251953125000e-01
9.877471923828125000e-01
9.657440185546875000e-01
5.484008789062500000e-01
9.883575439453125000e-01
6.972198486328125000e-01
9.239349365234375000e-01
9.707031250000000000e-01
9.234619140625000000e-01
9.945678710937500000e-01
9.482116699218750000e-01
9.973754882812500000e-01
7.578277587890625000e-01
9.935760498046875000e-01
9.247283935546875000e-01
9.473114013671875000e-01
9.491577148437500000e-01
9.757843017578125000e-01
9.769134521484375000e-01
9.923248291015625000e-01
9.596862792968750000e-01
9.277038574218750000e-01
9.849548339843750000e-01
9.671478271484375000e-01
8.372344970703125000e-01
9.889831542968750000e-01
4.274749755859375000e-01
9.872589111328125000e-01
9.378967285156250000e-01
9.243621826171875000e-01
5.417785644531250000e-01
9.487609863281250000e-01
9.696807861328125000e-01
9.742126464843750000e-01
9.659118652343750000e-01
9.640045166015625000e-01
5.498809814453125000e-01
9.876708984375000000e-01
9.360351562500000000e-01
8.206787109375000000e-01
9.851379394531250000e-01
9.048919677734375000e-01
9.157257080078125000e-01
9.263153076171875000e-01
9.007415771484375000e-01
7.395172119140625000e-01
9.046783447265625000e-01
9.644622802734375000e-01
1.479187011718750000e-01
8.550109863281250000e-01
9.161682128906250000e-01
7.980804443359375000e-01
9.877929687500000000e-01
9.791870117187500000e-01
9.870300292968750000e-01
9.610595703125000000e-01
9.541015625000000000e-01
9.860534667968750000e-01
9.899139404296875000e-01
5.628509521484375000e-01
9.688720703125000000e-01
9.557647705078125000e-01
9.924468994140625000e-01
9.392089843750000000e-01
9.746246337890625000e-01
9.912719726562500000e-01
9.368743896484375000e-01
9.807128906250000000e-01
3.686676025390625000e-01
7.366027832031250000e-01
9.161682128906250000e-01
9.870758056640625000e-01
9.873657226562500000e-01
7.150421142578125000e-01
9.687652587890625000e-01
9.883422851562500000e-01
9.845581054687500000e-01
9.955444335937500000e-01
9.956817626953125000e-01
9.857940673828125000e-01
9.967498779296875000e-01
9.926910400390625000e-01
9.985504150390625000e-01
9.982299804687500000e-01
9.951934814453125000e-01
9.946746826171875000e-01
9.978332519531250000e-01
9.977722167968750000e-01
9.466247558593750000e-01
9.736175537109375000e-01
9.991912841796875000e-01
9.972381591796875000e-01
9.994201660156250000e-01
9.954986572265625000e-01
9.681396484375000000e-01
9.941101074218750000e-01
9.204101562500000000e-01
9.663238525390625000e-01
9.930114746093750000e-01
9.909210205078125000e-01
9.899597167968750000e-01
9.841156005859375000e-01
9.974822998046875000e-01
9.976348876953125000e-01
9.962921142578125000e-01
9.914855957031250000e-01
9.960937500000000000e-01
9.507293701171875000e-01
9.541778564453125000e-01
9.743347167968750000e-01
8.502197265625000000e-01
9.985656738281250000e-01
9.944458007812500000e-01
9.859161376953125000e-01
9.617767333984375000e-01
9.913177490234375000e-01
9.922790527343750000e-01
9.865722656250000000e-01
9.948272705078125000e-01
9.961242675781250000e-01
9.983215332031250000e-01
9.906616210937500000e-01
9.475708007812500000e-01
9.026489257812500000e-01
9.960327148437500000e-01
9.916076660156250000e-01
9.940490722656250000e-01
9.870452880859375000e-01
9.938812255859375000e-01
9.935302734375000000e-01
9.923858642578125000e-01
9.978942871093750000e-01
9.983978271484375000e-01
9.982299804687500000e-01
9.804534912109375000e-01
9.915771484375000000e-01
9.976501464843750000e-01
9.926605224609375000e-01
9.974670410156250000e-01
9.919586181640625000e-01
9.350433349609375000e-01
9.978637695312500000e-01
9.962005615234375000e-01
9.910278320312500000e-01
9.667968750000000000e-01
9.913787841796875000e-01
9.945983886718750000e-01
9.221038818359375000e-01
9.931335449218750000e-01
9.975433349609375000e-01
9.938659667968750000e-01
9.898681640625000000e-01
9.981231689453125000e-01
9.860076904296875000e-01
9.654846191406250000e-01
9.988555908203125000e-01
9.975585937500000000e-01
9.849700927734375000e-01
9.431152343750000000e-01
9.863739013671875000e-01
9.530487060546875000e-01
9.346923828125000000e-01
9.970092773437500000e-01
9.976806640625000000e-01
9.980926513671875000e-01
9.541015625000000000e-01
9.774780273437500000e-01
9.738159179687500000e-01
9.882507324218750000e-01
8.177185058593750000e-01
7.428131103515625000e-01
7.147979736328125000e-01
9.845275878906250000e-01
9.983520507812500000e-01
9.941101074218750000e-01
9.953460693359375000e-01
9.952239990234375000e-01
9.949798583984375000e-01
9.835357666015625000e-01
9.980926513671875000e-01
9.965820312500000000e-01
9.986572265625000000e-01
9.939575195312500000e-01
9.975738525390625000e-01
9.985809326171875000e-01
9.553527832031250000e-01
9.977264404296875000e-01
9.875946044921875000e-01
9.770202636718750000e-01
9.979553222656250000e-01
9.972076416015625000e-01
9.645996093750000000e-01
9.978332519531250000e-01
9.241638183593750000e-01
9.958343505859375000e-01
9.931640625000000000e-01
9.984130859375000000e-01
9.965667724609375000e-01
9.984283447265625000e-01
9.734649658203125000e-01
9.453277587890625000e-01
9.977416992187500000e-01
9.898681640625000000e-01
9.965667724609375000e-01
9.625854492187500000e-01
