7.475149105367793201e-01
8.956148713060056998e-01
7.911093627065303169e-01
8.386976130238698035e-01
7.854426941879413260e-01
0.000000000000000000e+00
4.266790611201487504e-01
8.661511005353955683e-01
8.304145422301041357e-01
7.563643403349142869e-01
6.248763035700692914e-01
8.454509539041890065e-01
8.341657062363938557e-01
3.659410066633386194e-01
5.042450233258960468e-01
6.786328989427096170e-01
3.418794250160909765e-01
8.371353129599169440e-01
8.851711814367846376e-01
9.760986892829607298e-01
7.002419504932068106e-01
0.000000000000000000e+00
7.429939934720048988e-01
8.030303030303029832e-01
6.633049293495847376e-01
9.366955053808820875e-01
9.036760369569490914e-01
7.669690911886821727e-01
7.600529737539127861e-01
8.921872891647550929e-01
8.051959361393323800e-01
8.541267737025580731e-01
7.809906965049031591e-01
9.600699504517633542e-01
4.411646895701740734e-01
9.138355489906450080e-01
6.168617691338679210e-01
4.710897628339837939e-01
5.184897671136202701e-01
5.109816225907665155e-01
3.582240161453077720e-02
6.463292943692088288e-01
8.169115151515151663e-01
4.940580557179037324e-01
8.671577343154686091e-01
8.730143323950952938e-01
9.599410174490046188e-01
9.369108049311094533e-01
9.675887884597826893e-01
1.729622266401590336e-01
9.370356838387529086e-01
8.395061728395061262e-01
9.552803129074315391e-01
8.950526736898253288e-01
5.994329369142317177e-01
5.843531468531468764e-01
9.090909090909090606e-01
1.419096747026002761e-02
7.461428910515072177e-01
7.174682490110347866e-01
8.783425680558901716e-01
9.130520117762512822e-01
8.945098039215686470e-01
6.779696493982207972e-01
8.287956114121270979e-01
6.965234444642538492e-01
7.409240924092409530e-01
6.537142857142856922e-01
8.977717087704053522e-01
4.242987181868846380e-01
8.848737549223998355e-01
7.959276018099546990e-01
4.879454686856672385e-01
6.428989309837431776e-01
9.654166216362261022e-01
9.192439862542954865e-01
8.167943686538341463e-01
7.065420560747663892e-01
6.986864222125381829e-01
8.332984731227777164e-01
9.119607155384076291e-01
4.056178597631275307e-01
7.692307692307692735e-01
9.408825978351373909e-01
7.049567269866247043e-01
9.701426024955436267e-01
7.492225049476958221e-01
0.000000000000000000e+00
7.939499132159683059e-01
9.082526509912401957e-01
9.108721486333729578e-01
6.956497143180403464e-01
8.475679193102326758e-01
9.365566327156706894e-01
3.721782093875117270e-01
7.728983688833124255e-01
9.318748350391506952e-01
9.429719778521037377e-01
7.897435897435897134e-01
2.096899224806201556e-01
9.292786421499292793e-01
4.504021447721179849e-01
9.197115384615384137e-01
9.165736244904317820e-01
7.889286751185522473e-01
6.474390850323222812e-01
9.188142410248770764e-01
7.363115905844646036e-01
4.810375319316171905e-01
3.754619364375462176e-01
9.710485133020344550e-01
3.266802443991853599e-01
6.441236314310628819e-01
4.616635058249796697e-01
4.079412045432853073e-01
5.694886484192658305e-01
8.836417124719362359e-01
9.042594982883439547e-01
8.734534518690478810e-01
0.000000000000000000e+00
9.630057803468208277e-01
7.615139078887368518e-01
8.332608772280252207e-01
9.425478767693589166e-01
4.593023255813953321e-01
8.591269841269840724e-01
7.319285387081997385e-01
9.355536332179931192e-01
8.923956833030664004e-01
9.492316669908578142e-01
5.366925064599483708e-01
6.782225486595666597e-01
8.704106142056502460e-01
7.588468914061763382e-01
9.599257884972171029e-01
7.100245197229033689e-01
3.951701427003292966e-01
8.278879813302216784e-01
6.603990239701449383e-01
9.053978853644963909e-01
9.556846473029045885e-01
2.759528668290435194e-01
7.519236080969103897e-01
7.563190184049080056e-01
1.350697964594868572e-01
8.147546311342216407e-01
7.942708333333333703e-01
8.288519820584313580e-01
3.752439364371341068e-01
3.196646141752915171e-01
5.513314352704740129e-01
9.612850082372322857e-01
8.254089783834825944e-01
4.802494802494802761e-01
5.541209382397245253e-01
9.592413236481033278e-01
9.217840982546864348e-01
7.265697756455481437e-01
6.027339260872195403e-01
8.692964380335590491e-01
0.000000000000000000e+00
8.472338482611673216e-01
8.059802006869148938e-01
8.736349453978159429e-01
8.484867591424968269e-01
2.974490614471362315e-01
8.352490421455939229e-01
7.573475992338682961e-01
7.655046615322254056e-01
9.670726206585475992e-01
7.030534351145037997e-01
2.939736922606301373e-01
5.666508538899430736e-01
8.052987043102698417e-01
6.771615008156607329e-01
8.582999367222104992e-01
6.135668717677701389e-01
9.134193376778827478e-01
9.563868966854041087e-01
4.781456953642383989e-01
1.649260816492608139e-01
8.611318873098977589e-01
6.278827771458993512e-01
1.465285095422081685e-01
9.645684620376379081e-01
9.236031927023945487e-01
9.101262688784352850e-01
9.976489829295717704e-02
9.029920033543981095e-01
8.748921484037963658e-01
8.758917777664265714e-01
6.301811863986100937e-01
7.627625325770350795e-01
5.758883049650953545e-01
9.014363120323385381e-01
5.083012512030798957e-01
5.450967765017351585e-01
9.635652853792024963e-01
8.255451713395638436e-01
8.166990291262136159e-01
9.166330755982263767e-01
8.742949234488316401e-01
0.000000000000000000e+00
8.874788494077834322e-01
9.372168284789643700e-01
7.823184068147807091e-01
8.808105276941207151e-01
8.904894418071697126e-01
8.987505973919573954e-01
8.812392426850258476e-01
8.052569841763819181e-01
8.690982058545797528e-01
9.207408643417319682e-01
5.447657287180649455e-01
8.228520814880425638e-01
9.331425846447305439e-01
9.438413663337675841e-01
9.744338545676587415e-01
9.318947567669884080e-01
8.790068556605521444e-01
9.005687144553465862e-01
9.321877440886174870e-01
0.000000000000000000e+00
9.240474617959871795e-01
9.323530129002365330e-01
9.266298271951959320e-01
5.102067868504771564e-01
9.525698231697240503e-01
5.851463704324739723e-01
7.682808670706917642e-01
9.550952450908378744e-01
3.922370353307034208e-01
9.567089509471369269e-01
8.786820859698887265e-01
9.727271493151242732e-01
8.887203558324963115e-01
9.787411856881692573e-01
9.781696230832507277e-01
9.599014041110964790e-01
9.772288913838270696e-01
6.670516059184410373e-01
7.024848366268832134e-01
8.497726086632371167e-01
8.949002533813925631e-01
9.508441890668660745e-01
9.605135047419854910e-01
7.225821279285231657e-01
6.747923438064282742e-01
8.621067372887231128e-01
8.639627528771434695e-02
9.410698096101540733e-01
9.417774423869507139e-01
8.559405940594059237e-01
9.734191844147267458e-01
9.505691855907713039e-01
9.499972495736839218e-01
9.014106340102310266e-01
9.628271378563093563e-01
5.654827207899068009e-01
9.379310344827586077e-01
3.918690166289705568e-01
9.051821327216887925e-01
9.109138128888083497e-01
9.719524371425978249e-01
9.482527091596140156e-01
8.608049986091198535e-01
8.410256410256410353e-01
9.134575569358177605e-01
9.520291781287670840e-01
3.611196890156400663e-01
8.150391782445512989e-01
7.053915275994865342e-01
9.620539599651871665e-01
9.569630212431156080e-01
8.615221364145493332e-01
9.589924211453190184e-01
8.184726544647326074e-01
9.748363076133007565e-01
9.416950777754101720e-01
9.344587884806355715e-01
6.686132900238432875e-01
8.003750502299414871e-01
8.717108101112932550e-01
9.755705858735600478e-01
9.470367519722917571e-01
8.314179712243235931e-01
9.608032047056437319e-01
9.598987982289689525e-01
9.856718561310747750e-01
9.222679321477545988e-01
9.306075571379349709e-01
6.747572815533980917e-01
9.419636941831190935e-01
9.033817592883560676e-01
9.427443009908307303e-01
8.137592890523250855e-01
9.658591868536620106e-01
9.627639260188771697e-01
8.090031158677014611e-01
9.291261010662957842e-01
9.646791011896019841e-01
8.900424945446192559e-01
9.294963029819141020e-01
7.979512224174384327e-01
9.589882150043115283e-01
9.791430402840096692e-01
9.704696053010659629e-01
8.769456806422076811e-01
9.742317236113762213e-01
9.569239664642960053e-01
7.983530537129073235e-01
9.072441822259682542e-01
8.378454170891127539e-01
7.039639665322063866e-01
9.303772572858930445e-01
0.000000000000000000e+00
7.539733144409020982e-01
4.644793152639087319e-02
8.288205726346191682e-01
5.175115096295225259e-01
9.615350210215583004e-01
8.609492933488678279e-01
9.580099130272140551e-01
7.444522373404404147e-01
9.545919333459571554e-01
8.047031577072105701e-01
5.082212257100149344e-02
8.954070803973173120e-01
9.712990936555890853e-01
6.283707865168539630e-01
7.203362431296476132e-01
9.669528182604645306e-01
6.041281138790035588e-01
9.560292144880011556e-01
9.350254289652549788e-01
0.000000000000000000e+00
8.940754039497307293e-01
9.175196478245604137e-01
7.175612602100349680e-01
7.322535124854285815e-01
9.531667071099247934e-01
7.793864533765313407e-01
8.654268514275782476e-01
9.370629370629370847e-01
9.767661090992699746e-01
6.753272809349450956e-01
9.583602127633676915e-01
9.418313693934016184e-01
9.739851897801728997e-01
9.289920801462127065e-01
9.443391349302084903e-01
9.517536934701702478e-01
8.608314947600661515e-01
8.999149418769492037e-01
9.761008304627626364e-01
9.754404698344901758e-01
9.410206739556313815e-01
8.933147403822492283e-01
9.829779389172248472e-01
9.237911491619438253e-01
8.625369935707725144e-01
7.301043652460499356e-01
9.622566772295155779e-01
8.300406740267286532e-01
7.583186886001556104e-01
9.693059383613129576e-01
9.756187965899262293e-01
8.442709644925711077e-01
8.849064427512569608e-01
3.829019168882048518e-01
9.464469020549669542e-01
9.381526104417671208e-01
9.493419418922274255e-01
9.260572909989601698e-01
9.284461713028229202e-01
9.434501428786283839e-01
9.651300540818954499e-01
7.154028074458346209e-01
9.711967396691939536e-01
9.708697707397778709e-01
8.733936495130525390e-01
9.368079561772058028e-01
9.278031150503398550e-01
7.799480360690814740e-01
9.709981322222450695e-01
8.897840438625936876e-01
8.751384407954928557e-01
8.511574421278935709e-01
7.747997864388681544e-01
8.477519379844961067e-01
4.503025064822817614e-01
6.915306915306915769e-01
8.728652751423150447e-01
2.573395584395030480e-02
7.557507548723579882e-01
6.068034232142088813e-01
9.659716758457906893e-01
9.461098596430428387e-01
0.000000000000000000e+00
9.634130575307046085e-01
4.655929721815519479e-02
8.362020049177226744e-01
9.826171405151599147e-01
9.513365468886941789e-01
9.525710260624560277e-01
8.641215574548908318e-01
9.461273353890803373e-01
8.485208052611467044e-01
8.975957257346393048e-01
7.352709359605911210e-01
9.346876241275605679e-01
8.432627309598917931e-01
8.577048188213934887e-01
8.710433763188745182e-01
9.657811068599450044e-01
9.459737337290733405e-01
9.181423321082525790e-01
9.803247052900951886e-01
9.268724025112742293e-01
5.591215534294133871e-01
9.370718681063509026e-01
1.994389841759277027e-01
9.493771957840945186e-01
6.879933527212297451e-01
8.917962721120741287e-01
2.803996646804268744e-01
9.358122743682310007e-01
9.714953917340408696e-01
7.929665343165059888e-01
8.565829890901387467e-01
9.525336483692671274e-01
5.472072072072071691e-01
9.735534731518666884e-01
7.810870095052400153e-01
8.406214324713356945e-01
9.145559963381141300e-01
8.374698589765448009e-01
9.183053557154277069e-01
7.945394057588619496e-01
7.645465907512845050e-01
7.749836530078465513e-01
8.170485640841371744e-01
7.154075876562326908e-01
0.000000000000000000e+00
7.128460558322715634e-01
8.966397898500492181e-01
8.139475980074859507e-01
8.942162975704149863e-01
9.431723721000528915e-01
8.817829457364341206e-01
9.502784584539986090e-01
9.673521172761189169e-01
9.151867484271720699e-01
9.418369638445991399e-01
0.000000000000000000e+00
9.327169274537695509e-01
8.509093809827695809e-01
8.782189732513706604e-01
8.833696281390412963e-01
9.084954541010851203e-01
9.545229244114002976e-01
9.323841489822434214e-01
8.050413548641197625e-01
0.000000000000000000e+00
4.106625728341649073e-01
9.229752738176920657e-01
9.831035077961680635e-01
9.695042345931108585e-01
7.159811315085780059e-01
9.229356450191007477e-01
9.833251248856680338e-01
9.446938775510204112e-01
8.648867313915857835e-01
9.616661635979474321e-01
5.434706089405139107e-01
8.481054365733113887e-01
5.467224546722454503e-01
9.734255551510738735e-01
7.354260089686098789e-01
3.591397849462365510e-01
8.239380176329147432e-01
8.637702503681885524e-01
8.200705605644844631e-01
2.755571928531957981e-01
7.191392978482445963e-01
9.142224681793027496e-01
9.363896848137536200e-01
0.000000000000000000e+00
8.439363817097415010e-01
7.369814651368049585e-01
8.883412322274881756e-01
7.987928977472102954e-01
8.037236955331299448e-01
9.625728794432950597e-01
5.989879822896900796e-01
9.633044612089037839e-01
8.350326797385621003e-01
9.690721649484536071e-01
8.746968472109943882e-01
8.859162039374053332e-01
7.187817258883248961e-01
8.869659275283937605e-01
2.798982188295165430e-01
8.736357966947302378e-01
7.957769712966017428e-01
5.781826068098026017e-01
8.832437713727405715e-01
9.772198035840842234e-01
9.705984966221573584e-01
9.222680638212421567e-01
8.691779550937094312e-01
8.277820810741027824e-01
2.982292637465051161e-02
9.050662509742790629e-01
9.312977099236641187e-01
9.531051964512040620e-01
8.742036227357901090e-01
8.835213339872486360e-01
7.225806451612903913e-02
9.681484074203710044e-01
7.742850389978728209e-01
9.028797289666854464e-01
7.497531108038711922e-01
8.023872679045093159e-01
9.416317991631799611e-01
8.023255813953488191e-01
9.131147540983606259e-01
9.509493670886075556e-01
8.532110091743119185e-01
8.308121446196760074e-01
9.444063143445435848e-01
9.713176622816476202e-01
7.868087941372418070e-01
8.078758949880667783e-01
8.533046749059645109e-01
7.738231014276163444e-01
9.691489361702128047e-01
9.230109371649153349e-01
8.743781094527363074e-01
7.782845899293444614e-01
8.128520759440851506e-01
9.139676113360324372e-01
5.039404236859229558e-01
9.107063527321190843e-01
6.495224099926524275e-01
9.114888628370456658e-01
5.087064676616915859e-01
9.584956801626292044e-01
8.624286069034020619e-01
8.479394172199966606e-01
9.092979127134724893e-01
9.056950398040416461e-01
6.917700112739572083e-01
8.000768935024989981e-01
8.273252340171280972e-01
5.869963369963370203e-01
8.139366661308471418e-01
9.174603174603174205e-01
2.161290322580645129e-01
8.760188760188760693e-01
8.009071004066312671e-01
8.054459352801893735e-01
9.169117647058823151e-01
9.523029011637436092e-01
1.803130644190246712e-01
6.696641001142771277e-01
0.000000000000000000e+00
9.098859315589353791e-01
8.700787401574803237e-01
8.700999231360492248e-01
9.388728077643453407e-01
8.364403798804079804e-01
8.149842722333429101e-01
7.857832100353810967e-01
9.022055763628796798e-01
9.325697395159801006e-01
9.020887728459530130e-01
9.640474056368887323e-01
7.812142038946162659e-01
9.453412630982724885e-01
8.104470916612670495e-01
0.000000000000000000e+00
9.273384183059012464e-01
9.523809523809523281e-01
8.546255506607929320e-01
9.582733812949639773e-01
6.722090261282660517e-01
8.432539682539682557e-01
4.795376444860980913e-01
0.000000000000000000e+00
7.055853581571474020e-01
8.434622467771638599e-01
7.816091954022988952e-01
7.108325872873768603e-01
7.647303768478034280e-01
6.802549775714172853e-01
8.877005347593582840e-01
6.024200518582540909e-01
8.871362523796573196e-01
6.599446421510478666e-01
