9.926587623842780816e-01
9.990956434964293198e-01
9.770171149144254441e-01
1.000000000000000000e+00
9.069175909976334715e-01
9.679075328816261203e-01
8.981615529506997708e-01
9.955338951280338078e-01
9.878823703265848799e-01
9.936402950903078235e-01
9.357849511926121799e-01
9.291371879320159399e-01
9.135279767057526978e-01
9.924317104970267200e-01
3.071280497528304787e-01
9.897624295860886212e-01
9.847183509431516324e-01
9.988331577667936001e-01
7.652057100313987004e-01
9.928461526259854120e-01
7.653473723794302908e-01
9.959565693665829444e-01
7.473416857787297252e-01
9.309757526921104143e-01
9.491990441632003339e-01
9.997475852320533152e-01
9.479832597376919301e-01
9.995381773399014680e-01
6.394618975523592708e-01
9.921732957005073850e-01
7.635023074704355706e-01
8.320910302113715407e-01
1.000000000000000000e+00
9.862086815055830513e-01
9.406387840782270970e-01
6.914482701333222181e-01
7.974503127721910278e-01
8.283610809001924480e-01
9.653055242737916819e-01
9.837656308035162001e-01
9.952083727381627609e-01
9.636025776535169785e-01
8.172207539296146850e-01
8.483494422588113704e-01
9.755478228157622445e-01
9.914176533233101107e-01
9.995662256627571018e-01
9.677298042656828914e-01
1.000000000000000000e+00
9.748496162621862471e-01
9.756294322914712547e-01
9.971323305986022900e-01
9.996979764421625170e-01
9.906983469082847327e-01
9.828514858130442677e-01
9.965410787308668361e-01
9.678845020624631257e-01
9.066600102965725050e-01
9.646681936362511145e-01
9.931996696480346332e-01
9.948038939493536459e-01
9.958710897486408031e-01
6.558572728253997397e-01
9.993842933226610992e-01
9.996546798725455263e-01
9.892635837966133883e-01
9.895023071852340202e-01
9.945145898925639161e-01
9.973937766545569739e-01
9.763142213983050377e-01
9.971008931807039399e-01
9.283725816335463010e-01
9.977790386641809395e-01
9.949307304785893757e-01
9.865113330163258754e-01
9.945719529987606666e-01
9.673663274566975945e-01
9.950266545312703714e-01
9.938583644352056989e-01
8.260247660304875783e-01
9.959993897374175287e-01
1.000000000000000000e+00
9.988163185886625994e-01
9.921893023102528186e-01
9.895718297415833087e-01
9.913369667608666891e-01
6.715621081430254158e-01
9.903508617192048336e-01
9.494045616631904272e-01
9.792745032559693197e-01
9.874964877774655703e-01
9.187423091611151005e-01
7.843225195594757393e-01
9.783789707701219251e-01
1.000000000000000000e+00
9.069561737885137864e-01
1.000000000000000000e+00
9.240730419958692599e-01
9.982139251712301986e-01
9.162465257578695788e-01
7.815604494682183434e-01
9.981529426622884893e-01
1.000000000000000000e+00
9.746935614224138122e-01
9.985487180342635938e-01
9.504823034522773550e-01
6.970228234120920963e-01
8.755020080321285203e-01
9.796758551111400815e-01
9.993658411174908274e-01
9.732945632628074994e-01
1.000000000000000000e+00
1.000000000000000000e+00
6.571793379881044617e-01
9.636257770623191110e-01
9.980488301464225387e-01
9.975810743255228985e-01
9.999463567277604437e-01
9.976755508787360505e-01
9.981394540079986388e-01
9.995765196429734489e-01
1.000000000000000000e+00
9.819167558932000439e-01
9.999329410384080186e-01
1.000000000000000000e+00
8.817671259713968368e-01
8.449759554543153639e-01
1.000000000000000000e+00
9.950148347478092736e-01
9.996704889943324179e-01
6.530167280455853041e-01
9.108867795021177161e-01
9.807705903145987891e-01
8.608841611389742576e-01
9.378321350422006430e-01
9.658677264494346382e-01
9.997758350145706796e-01
1.000000000000000000e+00
9.674435236866244514e-01
8.323543604506048466e-01
9.685820172949149987e-01
8.676101423637435639e-01
3.788506427326823744e-01
9.880657014541001093e-01
9.787455785750378556e-01
9.202918645360324001e-01
8.592750533049040573e-01
9.997836629468712655e-01
1.000000000000000000e+00
5.998627557932890708e-01
9.999422466069881610e-01
9.799868608694258798e-01
8.278014647381627400e-01
9.937643378519290804e-01
9.955713351396804356e-01
9.884425299513470708e-01
8.571022816928077770e-01
9.965561594954566171e-01
3.928237283127882784e-01
9.032748399736526546e-01
9.919802092259931703e-01
9.295131653722296106e-01
9.946918993768751882e-01
9.983982826948480938e-01
9.681014231075387722e-01
9.977866146458583829e-01
9.044912749117955952e-01
1.000000000000000000e+00
9.970120618345940100e-01
9.161304555649519843e-01
8.889475600873998351e-01
9.921895385043575377e-01
9.993187753093895065e-01
9.993461406731637409e-01
9.917867153379831269e-01
9.848055688910225536e-01
9.571223074653290031e-01
9.995370813779012042e-01
8.494598105376548469e-01
9.573361260859114541e-01
9.806315574676484070e-01
7.620452130582933137e-01
9.728527007652634229e-01
9.919116788686356267e-01
1.000000000000000000e+00
9.947366399016481786e-01
9.987558816492543290e-01
9.627362797146045148e-01
9.912242424242424521e-01
9.756789690687232008e-01
9.881325607734353644e-01
9.998418583402154391e-01
9.979633401221995603e-01
9.543714166683199274e-01
6.126950561470030365e-01
9.994632749983735076e-01
