8.446502685546875000e-01
9.824523925781250000e-01
9.886169433593750000e-01
7.686767578125000000e-01
6.739044189453125000e-01
9.620971679687500000e-01
9.709930419921875000e-01
9.925994873046875000e-01
9.797058105468750000e-01
9.541625976562500000e-01
9.130401611328125000e-01
7.407989501953125000e-01
9.428405761718750000e-01
7.088012695312500000e-01
7.615814208984375000e-01
7.481231689453125000e-01
8.190765380859375000e-01
7.676239013671875000e-01
9.589538574218750000e-01
9.864807128906250000e-01
6.077270507812500000e-01
7.843170166015625000e-01
8.346710205078125000e-01
9.603118896484375000e-01
7.158050537109375000e-01
9.883575439453125000e-01
9.784088134765625000e-01
9.050598144531250000e-01
9.382324218750000000e-01
9.785156250000000000e-01
6.908416748046875000e-01
9.468536376953125000e-01
8.327941894531250000e-01
9.893341064453125000e-01
7.295532226562500000e-01
9.978027343750000000e-01
6.269683837890625000e-01
8.702392578125000000e-01
7.867736816406250000e-01
9.236755371093750000e-01
8.173675537109375000e-01
9.701995849609375000e-01
7.390899658203125000e-01
9.329986572265625000e-01
9.924163818359375000e-01
8.927307128906250000e-01
9.968261718750000000e-01
9.945678710937500000e-01
9.974975585937500000e-01
9.956512451171875000e-01
9.934539794921875000e-01
9.952087402343750000e-01
9.914855957031250000e-01
9.915618896484375000e-01
8.404235839843750000e-01
9.826965332031250000e-01
9.937744140625000000e-01
2.931365966796875000e-01
8.674011230468750000e-01
9.696502685546875000e-01
9.961395263671875000e-01
9.568328857421875000e-01
9.647216796875000000e-01
8.151702880859375000e-01
8.449859619140625000e-01
8.549041748046875000e-01
9.161834716796875000e-01
9.864501953125000000e-01
9.826507568359375000e-01
9.591217041015625000e-01
9.963378906250000000e-01
9.953613281250000000e-01
8.341979980468750000e-01
6.444396972656250000e-01
9.754943847656250000e-01
9.921112060546875000e-01
8.687286376953125000e-01
9.987182617187500000e-01
8.217468261718750000e-01
8.975830078125000000e-01
9.944305419921875000e-01
9.232635498046875000e-01
9.207458496093750000e-01
9.967041015625000000e-01
9.947814941406250000e-01
9.971008300781250000e-01
9.561920166015625000e-01
9.933013916015625000e-01
9.685516357421875000e-01
9.969635009765625000e-01
9.562072753906250000e-01
8.239898681640625000e-01
9.888916015625000000e-01
9.944763183593750000e-01
4.849395751953125000e-01
9.902343750000000000e-01
9.253540039062500000e-01
8.963165283203125000e-01
9.899749755859375000e-01
7.353668212890625000e-01
9.967956542968750000e-01
9.964599609375000000e-01
9.641723632812500000e-01
9.584960937500000000e-01
9.559631347656250000e-01
9.958038330078125000e-01
9.950561523437500000e-01
6.174468994140625000e-01
9.144744873046875000e-01
9.983062744140625000e-01
9.965667724609375000e-01
9.333496093750000000e-01
9.495544433593750000e-01
9.465942382812500000e-01
8.999633789062500000e-01
9.752807617187500000e-01
9.799804687500000000e-01
9.631500244140625000e-01
9.252929687500000000e-01
9.890289306640625000e-01
9.949951171875000000e-01
9.961853027343750000e-01
8.625793457031250000e-01
9.957427978515625000e-01
9.992065429687500000e-01
9.627990722656250000e-01
9.242706298828125000e-01
9.980926513671875000e-01
9.085388183593750000e-01
9.972229003906250000e-01
8.856506347656250000e-01
8.231506347656250000e-01
8.694763183593750000e-01
6.150054931640625000e-01
9.972534179687500000e-01
7.795867919921875000e-01
9.970245361328125000e-01
9.962768554687500000e-01
9.320526123046875000e-01
9.956207275390625000e-01
9.970703125000000000e-01
4.983978271484375000e-01
9.124450683593750000e-01
9.378356933593750000e-01
6.282501220703125000e-01
9.473266601562500000e-01
9.630889892578125000e-01
8.701477050781250000e-01
9.780426025390625000e-01
7.666168212890625000e-01
9.169006347656250000e-01
9.978485107421875000e-01
8.874206542968750000e-01
9.975280761718750000e-01
8.770446777343750000e-01
9.904022216796875000e-01
9.961242675781250000e-01
8.920440673828125000e-01
8.169403076171875000e-01
9.911956787109375000e-01
9.898834228515625000e-01
8.591766357421875000e-01
9.600524902343750000e-01
9.319763183593750000e-01
9.290618896484375000e-01
7.989807128906250000e-01
9.741821289062500000e-01
8.912353515625000000e-01
9.670562744140625000e-01
9.934844970703125000e-01
9.946136474609375000e-01
8.843841552734375000e-01
9.927062988281250000e-01
9.228820800781250000e-01
9.620819091796875000e-01
9.518127441406250000e-01
9.535369873046875000e-01
9.648742675781250000e-01
9.959259033203125000e-01
8.776245117187500000e-01
9.163055419921875000e-01
9.874572753906250000e-01
6.985626220703125000e-01
5.657806396484375000e-01
9.905700683593750000e-01
9.882812500000000000e-01
9.912872314453125000e-01
5.231323242187500000e-01
9.647064208984375000e-01
9.842224121093750000e-01
8.940582275390625000e-01
9.604644775390625000e-01
9.287872314453125000e-01
9.118194580078125000e-01
8.486785888671875000e-01
8.912353515625000000e-01
8.871154785156250000e-01
9.946594238281250000e-01
9.965209960937500000e-01
9.956512451171875000e-01
9.716339111328125000e-01
9.945068359375000000e-01
9.993438720703125000e-01
9.979553222656250000e-01
9.929656982421875000e-01
9.716949462890625000e-01
8.395385742187500000e-01
9.870147705078125000e-01
9.842834472656250000e-01
9.960784912109375000e-01
9.325408935546875000e-01
9.674987792968750000e-01
9.952697753906250000e-01
8.395080566406250000e-01
9.883270263671875000e-01
9.602508544921875000e-01
9.954223632812500000e-01
9.733886718750000000e-01
9.366149902343750000e-01
9.217224121093750000e-01
8.735809326171875000e-01
9.843750000000000000e-01
8.676452636718750000e-01
9.608917236328125000e-01
9.231262207031250000e-01
9.762573242187500000e-01
9.344177246093750000e-01
9.857788085937500000e-01
4.341430664062500000e-01
8.453216552734375000e-01
9.720458984375000000e-01
7.280120849609375000e-01
9.519348144531250000e-01
9.068756103515625000e-01
9.678497314453125000e-01
9.285430908203125000e-01
9.705505371093750000e-01
9.731903076171875000e-01
9.596405029296875000e-01
9.896392822265625000e-01
9.326934814453125000e-01
7.600860595703125000e-01
9.816284179687500000e-01
9.141082763671875000e-01
9.875183105468750000e-01
9.866485595703125000e-01
8.122100830078125000e-01
7.053527832031250000e-01
8.666992187500000000e-01
3.656921386718750000e-01
9.931182861328125000e-01
9.915924072265625000e-01
9.493408203125000000e-01
9.816741943359375000e-01
9.627990722656250000e-01
9.872283935546875000e-01
9.687805175781250000e-01
9.982757568359375000e-01
9.230041503906250000e-01
9.464569091796875000e-01
4.922485351562500000e-01
9.358825683593750000e-01
9.811706542968750000e-01
9.933166503906250000e-01
9.338073730468750000e-01
9.147033691406250000e-01
9.523468017578125000e-01
9.846343994140625000e-01
9.608612060546875000e-01
4.531555175781250000e-01
8.830871582031250000e-01
9.973144531250000000e-01
9.682464599609375000e-01
9.821777343750000000e-01
9.664001464843750000e-01
9.585571289062500000e-01
8.881378173828125000e-01
9.872436523437500000e-01
9.191436767578125000e-01
9.882507324218750000e-01
7.035064697265625000e-01
9.620513916015625000e-01
9.571228027343750000e-01
9.898834228515625000e-01
9.535522460937500000e-01
9.793090820312500000e-01
9.903564453125000000e-01
9.896697998046875000e-01
9.886322021484375000e-01
8.914337158203125000e-01
9.597930908203125000e-01
8.638763427734375000e-01
9.896850585937500000e-01
9.374237060546875000e-01
9.769744873046875000e-01
8.982849121093750000e-01
9.905395507812500000e-01
9.463958740234375000e-01
8.699340820312500000e-01
8.972015380859375000e-01
9.706878662109375000e-01
9.321746826171875000e-01
9.646148681640625000e-01
9.156799316406250000e-01
9.501342773437500000e-01
9.932403564453125000e-01
9.943542480468750000e-01
9.077301025390625000e-01
9.862213134765625000e-01
9.952392578125000000e-01
8.750457763671875000e-01
9.066162109375000000e-01
8.918914794921875000e-01
8.197479248046875000e-01
9.763793945312500000e-01
8.987274169921875000e-01
9.558868408203125000e-01
8.295745849609375000e-01
8.083801269531250000e-01
6.980895996093750000e-01
9.552764892578125000e-01
9.628448486328125000e-01
9.416046142578125000e-01
7.202148437500000000e-01
9.741210937500000000e-01
9.484710693359375000e-01
9.955444335937500000e-01
9.682312011718750000e-01
9.783325195312500000e-01
9.962463378906250000e-01
9.983367919921875000e-01
9.630432128906250000e-01
9.639587402343750000e-01
9.833526611328125000e-01
9.605255126953125000e-01
8.799285888671875000e-01
9.538421630859375000e-01
9.272308349609375000e-01
9.108581542968750000e-01
8.854675292968750000e-01
9.461517333984375000e-01
9.456939697265625000e-01
9.410400390625000000e-01
9.417572021484375000e-01
9.666595458984375000e-01
8.051452636718750000e-01
9.555969238281250000e-01
8.922729492187500000e-01
9.871215820312500000e-01
9.728240966796875000e-01
9.898834228515625000e-01
9.573059082031250000e-01
8.621520996093750000e-01
9.543914794921875000e-01
9.854278564453125000e-01
9.906768798828125000e-01
9.265289306640625000e-01
9.051818847656250000e-01
9.923553466796875000e-01
9.458007812500000000e-01
9.396972656250000000e-01
8.792419433593750000e-01
9.805297851562500000e-01
8.822479248046875000e-01
8.925476074218750000e-01
9.490966796875000000e-01
9.845123291015625000e-01
9.198913574218750000e-01
9.095458984375000000e-01
7.919158935546875000e-01
9.698944091796875000e-01
9.728393554687500000e-01
9.759368896484375000e-01
9.246673583984375000e-01
9.717712402343750000e-01
9.570159912109375000e-01
9.924774169921875000e-01
7.967071533203125000e-01
9.741210937500000000e-01
9.778747558593750000e-01
9.715881347656250000e-01
9.123687744140625000e-01
9.757537841796875000e-01
8.939971923828125000e-01
9.777069091796875000e-01
9.905395507812500000e-01
9.573364257812500000e-01
9.202117919921875000e-01
9.690704345703125000e-01
9.523925781250000000e-01
9.978637695312500000e-01
6.648254394531250000e-01
9.974365234375000000e-01
7.641601562500000000e-01
8.901062011718750000e-01
7.467346191406250000e-01
9.840698242187500000e-01
9.561004638671875000e-01
7.871398925781250000e-01
9.917297363281250000e-01
7.045440673828125000e-01
9.276428222656250000e-01
9.734802246093750000e-01
9.382629394531250000e-01
9.945068359375000000e-01
9.508819580078125000e-01
9.980926513671875000e-01
8.437652587890625000e-01
9.960327148437500000e-01
9.457702636718750000e-01
9.409790039062500000e-01
9.525909423828125000e-01
9.743194580078125000e-01
9.836730957031250000e-01
9.940948486328125000e-01
9.626007080078125000e-01
9.274444580078125000e-01
9.828338623046875000e-01
9.139099121093750000e-01
8.391265869140625000e-01
9.888763427734375000e-01
4.319458007812500000e-01
9.862518310546875000e-01
9.574737548828125000e-01
9.308929443359375000e-01
6.451721191406250000e-01
9.479370117187500000e-01
9.739074707031250000e-01
9.737396240234375000e-01
9.740142822265625000e-01
9.578552246093750000e-01
5.736083984375000000e-01
9.880981445312500000e-01
9.384155273437500000e-01
8.157653808593750000e-01
9.866180419921875000e-01
9.262084960937500000e-01
9.183044433593750000e-01
9.118041992187500000e-01
9.104003906250000000e-01
6.173553466796875000e-01
9.124450683593750000e-01
9.705047607421875000e-01
4.343109130859375000e-01
8.744506835937500000e-01
9.219818115234375000e-01
9.074401855468750000e-01
9.893798828125000000e-01
9.770507812500000000e-01
9.893646240234375000e-01
9.721527099609375000e-01
9.660797119140625000e-01
9.874877929687500000e-01
9.889221191406250000e-01
8.630371093750000000e-01
9.766235351562500000e-01
9.715118408203125000e-01
9.955902099609375000e-01
9.681243896484375000e-01
9.778442382812500000e-01
9.921417236328125000e-01
9.423675537109375000e-01
9.850158691406250000e-01
3.737182617187500000e-01
6.988525390625000000e-01
9.274291992187500000e-01
9.865112304687500000e-01
9.882507324218750000e-01
7.676849365234375000e-01
9.723052978515625000e-01
9.891967773437500000e-01
9.831695556640625000e-01
9.963531494140625000e-01
9.940338134765625000e-01
9.870300292968750000e-01
9.974060058593750000e-01
9.940338134765625000e-01
9.973297119140625000e-01
9.988708496093750000e-01
9.963226318359375000e-01
9.920196533203125000e-01
9.973907470703125000e-01
9.977416992187500000e-01
9.414520263671875000e-01
9.773712158203125000e-01
9.990081787109375000e-01
9.954376220703125000e-01
9.949798583984375000e-01
9.933624267578125000e-01
9.677429199218750000e-01
9.965362548828125000e-01
9.453277587890625000e-01
9.696502685546875000e-01
9.927978515625000000e-01
9.883880615234375000e-01
9.910583496093750000e-01
9.860687255859375000e-01
9.972381591796875000e-01
9.982147216796875000e-01
9.959411621093750000e-01
9.934082031250000000e-01
9.970092773437500000e-01
9.559783935546875000e-01
9.570617675781250000e-01
9.720611572265625000e-01
8.408508300781250000e-01
9.988403320312500000e-01
9.897766113281250000e-01
9.812469482421875000e-01
9.629821777343750000e-01
9.918518066406250000e-01
9.929809570312500000e-01
9.614410400390625000e-01
9.954833984375000000e-01
9.967498779296875000e-01
9.983520507812500000e-01
9.940185546875000000e-01
9.394378662109375000e-01
9.202880859375000000e-01
9.954528808593750000e-01
9.921875000000000000e-01
9.941253662109375000e-01
9.775085449218750000e-01
9.953918457031250000e-01
9.945678710937500000e-01
9.929656982421875000e-01
9.981384277343750000e-01
9.983520507812500000e-01
9.987487792968750000e-01
9.792175292968750000e-01
9.900512695312500000e-01
9.970855712890625000e-01
9.951629638671875000e-01
9.985046386718750000e-01
9.736175537109375000e-01
9.294433593750000000e-01
9.968414306640625000e-01
9.966125488281250000e-01
9.908447265625000000e-01
9.659576416015625000e-01
9.917755126953125000e-01
9.944915771484375000e-01
9.180908203125000000e-01
9.932403564453125000e-01
9.980468750000000000e-01
9.921722412109375000e-01
9.953460693359375000e-01
9.982299804687500000e-01
9.855957031250000000e-01
9.136962890625000000e-01
9.985961914062500000e-01
9.972839355468750000e-01
9.870452880859375000e-01
9.951019287109375000e-01
9.792785644531250000e-01
9.507293701171875000e-01
9.423065185546875000e-01
9.951782226562500000e-01
9.977874755859375000e-01
9.972991943359375000e-01
9.600524902343750000e-01
9.806365966796875000e-01
9.720458984375000000e-01
9.851684570312500000e-01
8.279724121093750000e-01
6.887664794921875000e-01
8.078308105468750000e-01
9.845428466796875000e-01
9.978942871093750000e-01
9.947357177734375000e-01
9.922790527343750000e-01
9.962463378906250000e-01
9.946594238281250000e-01
9.841918945312500000e-01
9.980316162109375000e-01
9.964141845703125000e-01
9.985961914062500000e-01
9.944000244140625000e-01
9.982452392578125000e-01
9.987182617187500000e-01
9.345703125000000000e-01
9.992065429687500000e-01
9.893646240234375000e-01
9.804534912109375000e-01
9.934997558593750000e-01
9.973907470703125000e-01
7.828674316406250000e-01
9.982147216796875000e-01
9.815673828125000000e-01
9.974517822265625000e-01
9.909820556640625000e-01
9.986877441406250000e-01
9.977264404296875000e-01
9.984130859375000000e-01
9.749755859375000000e-01
9.469146728515625000e-01
9.987335205078125000e-01
9.875793457031250000e-01
9.970245361328125000e-01
9.731445312500000000e-01
