9.947444412359226495e-01
9.997439617649569454e-01
1.000000000000000000e+00
9.869158878504672439e-01
6.590473583356145637e-01
9.746437486176497966e-01
1.000000000000000000e+00
9.999837996338717394e-01
9.972705897827981447e-01
9.660347277579454106e-01
9.639751335871197258e-01
9.954524361948955402e-01
9.905673089880070448e-01
9.997131896891693348e-01
1.000000000000000000e+00
6.882974578747442784e-01
8.121323470160679570e-01
9.574416144519488636e-01
9.937233241275420514e-01
9.874037788663401205e-01
5.772048641707998584e-01
1.000000000000000000e+00
9.921274147641252483e-01
9.795877923107412233e-01
7.407539753439342789e-01
9.937157615937618482e-01
9.825330378396125441e-01
9.254824942402840593e-01
9.761298535964353373e-01
9.861311991771928298e-01
9.984500550638332195e-01
9.438403884725008464e-01
9.999745326745784757e-01
9.917180048537922454e-01
1.000000000000000000e+00
9.994723446520578092e-01
1.000000000000000000e+00
9.970068178038911100e-01
7.967818080256590108e-01
9.402136778681905449e-01
8.150303030303029939e-01
1.000000000000000000e+00
8.985416666666666829e-01
1.000000000000000000e+00
9.982014104728397230e-01
8.857795782694505293e-01
9.985972544013113072e-01
9.969935353220655827e-01
9.998163207373887973e-01
9.999071451785134235e-01
9.974217130921493313e-01
9.983923326634719375e-01
9.984728850325379490e-01
1.000000000000000000e+00
9.252606505525401426e-01
1.000000000000000000e+00
9.972060535506402923e-01
1.000000000000000000e+00
9.976174956732822841e-01
1.000000000000000000e+00
1.000000000000000000e+00
9.593493156536746502e-01
9.808042284502539454e-01
8.291822157680552863e-01
1.000000000000000000e+00
8.993863253742691022e-01
9.987681598654752912e-01
1.000000000000000000e+00
9.999470497908466982e-01
1.000000000000000000e+00
9.999841596705211222e-01
1.000000000000000000e+00
1.000000000000000000e+00
1.000000000000000000e+00
9.826811491650155883e-01
9.986310107185638607e-01
8.896338758658340895e-01
1.000000000000000000e+00
9.983630640083945851e-01
9.233584441951167010e-01
9.993122640905892640e-01
1.000000000000000000e+00
1.000000000000000000e+00
9.993105770309920199e-01
1.000000000000000000e+00
9.990516382948456675e-01
1.000000000000000000e+00
9.999843095413678551e-01
1.000000000000000000e+00
9.998416919959473015e-01
9.969842797561757619e-01
1.000000000000000000e+00
1.000000000000000000e+00
9.999509892012873324e-01
1.000000000000000000e+00
1.000000000000000000e+00
9.987985720170259318e-01
8.775190184569091612e-01
1.000000000000000000e+00
1.000000000000000000e+00
9.987198101572135611e-01
1.000000000000000000e+00
1.000000000000000000e+00
9.998880755713741575e-01
1.000000000000000000e+00
9.990495481458397942e-01
9.987406964917096008e-01
9.615675086011580275e-01
1.000000000000000000e+00
9.998292906249515166e-01
9.988715829624920106e-01
9.421260088844397584e-01
9.614750055278689089e-01
9.822866062189796743e-01
1.000000000000000000e+00
1.000000000000000000e+00
9.993837726805888666e-01
9.997609267349112372e-01
1.000000000000000000e+00
9.978234658565993120e-01
9.974431863297813505e-01
1.000000000000000000e+00
7.627874702616970204e-01
9.983986808935677582e-01
1.000000000000000000e+00
9.987856111329920239e-01
1.000000000000000000e+00
9.999682927215942652e-01
1.000000000000000000e+00
9.991569772065723720e-01
1.000000000000000000e+00
9.962478450461413892e-01
9.842364532019703960e-01
8.357753357753358037e-01
9.995218513914124747e-01
1.000000000000000000e+00
1.000000000000000000e+00
9.999212945472862879e-01
1.000000000000000000e+00
9.985694298155979309e-01
9.993591386823891254e-01
1.000000000000000000e+00
1.000000000000000000e+00
9.772743682310469637e-01
6.510563601028148684e-01
9.677133512703604001e-01
1.000000000000000000e+00
9.992771432702038936e-01
9.938679697231005417e-01
7.508243207596939639e-01
1.000000000000000000e+00
9.995875045612476750e-01
9.980768328720859284e-01
1.000000000000000000e+00
1.000000000000000000e+00
9.953825619566393224e-01
9.986043265875784725e-01
1.000000000000000000e+00
1.000000000000000000e+00
9.978620365721320162e-01
9.991612903225806086e-01
1.000000000000000000e+00
1.000000000000000000e+00
9.864690359889956017e-01
9.985845568817999229e-01
9.419951356985677426e-01
9.900775245163000449e-01
1.000000000000000000e+00
1.000000000000000000e+00
9.975369847008856983e-01
1.000000000000000000e+00
1.000000000000000000e+00
9.993810211563795010e-01
1.000000000000000000e+00
1.000000000000000000e+00
9.999615436383563205e-01
1.000000000000000000e+00
9.991667513464078665e-01
9.985534201281256461e-01
1.000000000000000000e+00
1.000000000000000000e+00
1.000000000000000000e+00
9.995966223847684295e-01
1.000000000000000000e+00
9.943034697048162007e-01
9.985140889734529512e-01
9.974592854437570599e-01
1.000000000000000000e+00
9.996205653576171191e-01
9.988568855326740437e-01
9.985280137385383892e-01
1.000000000000000000e+00
9.999595100718696727e-01
9.998944702406078466e-01
9.896726635769805824e-01
1.000000000000000000e+00
9.695374200827379108e-01
9.988973332428581209e-01
9.998103516396681378e-01
9.998879802845300757e-01
9.922453226534738713e-01
9.982191976849570381e-01
1.000000000000000000e+00
1.000000000000000000e+00
9.961491755081171018e-01
9.879834024896265721e-01
9.962373648799464076e-01
9.999149399476030542e-01
9.997912426282553611e-01
9.988427554930018326e-01
9.374931677561818555e-01
9.843216968625717600e-01
9.987810941284021027e-01
9.997445721583652078e-01
9.958355765272192128e-01
9.565251884172947250e-01
9.995021801078037837e-01
9.802005376734723718e-01
9.933358212933838249e-01
8.604761373773416322e-01
9.964235324999179966e-01
9.884983265659774698e-01
1.000000000000000000e+00
1.000000000000000000e+00
9.199576868829336673e-01
9.791240358885565653e-01
9.983260981531896228e-01
9.940802455601841503e-01
9.958572764933849575e-01
9.998188351097557769e-01
9.701086360144848264e-01
1.000000000000000000e+00
9.012402921061782868e-01
9.855618776671408732e-01
9.337039045553144900e-01
9.984936238734644087e-01
9.474563953488371881e-01
9.696687222142549301e-01
9.309192200557102614e-01
9.947487494551567888e-01
9.288115772547873572e-01
1.000000000000000000e+00
9.999654110892047809e-01
9.997110160675066748e-01
9.975515513217797503e-01
9.964695326519465990e-01
7.711375360671505197e-01
9.773059780204824687e-01
9.834864519130130933e-01
9.006975789905621310e-01
9.955067637545609305e-01
9.990963375090808896e-01
9.911941294196130459e-01
9.776019144380536652e-01
8.828207417025074610e-01
9.973416118039573064e-01
9.999221229289566581e-01
9.996796463295478663e-01
9.942396055138406075e-01
9.896044477905832082e-01
6.967040284097214542e-01
9.991170332316583469e-01
9.997700295423588290e-01
9.951955047213725258e-01
8.694242148384160318e-01
9.905229093897678361e-01
1.000000000000000000e+00
1.000000000000000000e+00
9.833776184885373306e-01
9.994124847001224499e-01
1.000000000000000000e+00
9.999527700373116446e-01
9.549206788415421920e-01
9.824759114216486955e-01
9.999642090193271438e-01
9.886526117246204892e-01
9.544844355512778211e-01
9.915941038067850322e-01
7.987705598936700735e-01
9.943061217613962111e-01
9.938185808339429217e-01
9.973906369915579440e-01
9.884073244631801369e-01
9.962183592558706557e-01
9.377770015064514908e-01
9.998984410704311321e-01
9.996927525754563115e-01
9.955256881213112585e-01
9.881766155313568278e-01
8.254790552584669872e-01
9.998816988051579813e-01
1.000000000000000000e+00
9.992535758922371780e-01
9.984388834521645828e-01
9.900051495716493122e-01
1.000000000000000000e+00
9.982071312270174301e-01
9.212243739802794540e-01
9.989371175777771450e-01
5.140397504044372790e-01
9.580396192436325675e-01
9.952540412922499247e-01
9.789972174657534110e-01
1.000000000000000000e+00
9.749976501550897678e-01
9.949629897093338338e-01
9.969063002085256642e-01
9.996547472256473998e-01
9.955413333333332782e-01
9.993182120526805656e-01
1.000000000000000000e+00
8.001006900228033736e-01
9.977276248515208890e-01
8.580928806295489153e-01
9.996639386391491522e-01
3.950114983194764062e-01
8.800660462323626199e-01
9.368918347200676511e-01
7.240906627562242459e-01
1.000000000000000000e+00
9.195805290342776717e-01
9.998894885160150015e-01
8.867919024560994012e-01
9.988715971601861421e-01
9.717314487632509046e-01
1.000000000000000000e+00
1.000000000000000000e+00
9.992766726943942412e-01
9.812892382223540322e-01
9.985477885149792732e-01
9.999527982755637145e-01
9.444644140905823493e-01
1.000000000000000000e+00
9.856545235829577978e-01
9.461014946276561366e-01
5.861774379565162230e-01
9.845675939385492015e-01
8.246753246753246724e-01
1.000000000000000000e+00
1.000000000000000000e+00
8.981473990777445460e-01
9.931765052755723300e-01
9.464672123435883266e-01
9.889346006525748800e-01
8.848870672364175238e-01
1.000000000000000000e+00
9.863570772661681696e-01
9.861953799053715386e-01
9.912274024738344513e-01
9.979927336959794060e-01
9.896739739328528351e-01
9.427104445345223516e-01
1.000000000000000000e+00
1.000000000000000000e+00
9.865198688189446008e-01
9.927249587231700145e-01
7.044429560169680471e-01
9.977405385049896713e-01
9.943871636873894415e-01
9.649612480374809564e-01
9.971635099277152969e-01
9.999564127710580674e-01
9.754799859767792070e-01
8.385493564016719414e-01
9.994772489658620973e-01
9.298396129739520122e-01
9.912413389284668863e-01
9.988496302382908754e-01
9.357510729613733869e-01
9.401444788441692957e-01
9.873307790549169516e-01
9.793298314148635164e-01
9.904217432052483394e-01
9.979924717691343039e-01
9.950720242608036559e-01
9.578856815140508463e-01
9.985767560848181068e-01
9.648630715405959180e-01
9.590397291543768521e-01
9.750408163265306127e-01
1.000000000000000000e+00
8.986462625073572408e-01
9.800376023003760650e-01
1.000000000000000000e+00
9.804244597344703438e-01
1.000000000000000000e+00
9.999814330009840768e-01
9.701583434835566733e-01
1.000000000000000000e+00
9.989564698867023917e-01
9.995157384987893856e-01
9.921151868357901416e-01
1.000000000000000000e+00
8.255372945638432824e-01
1.000000000000000000e+00
1.000000000000000000e+00
9.853754300019811341e-01
9.385680544620942367e-01
9.928491930996105053e-01
9.979859388695149214e-01
7.055903103336971238e-01
1.000000000000000000e+00
8.963408204154803549e-01
9.698815377738041477e-01
9.996401524445098774e-01
9.995848571710981290e-01
9.998084168848585529e-01
9.366693632266266389e-01
1.000000000000000000e+00
1.000000000000000000e+00
9.056038432013471251e-01
1.000000000000000000e+00
1.000000000000000000e+00
1.000000000000000000e+00
9.980352230914871781e-01
9.856194975860377294e-01
9.295080574357812431e-01
9.876838455099844483e-01
9.042518308011804340e-01
1.000000000000000000e+00
9.981382648628521759e-01
4.061485019539730623e-01
9.886132710814033997e-01
1.000000000000000000e+00
9.470943227536879894e-01
9.987675354333562794e-01
9.572044090824984863e-01
9.564722058534669280e-01
1.000000000000000000e+00
1.000000000000000000e+00
9.378204530623659441e-01
9.921906871029779751e-01
9.955373744886575338e-01
1.000000000000000000e+00
6.012895324544341724e-01
1.000000000000000000e+00
1.000000000000000000e+00
9.840831405586437652e-01
1.000000000000000000e+00
1.000000000000000000e+00
9.952162358057501379e-01
9.999773432720846511e-01
1.000000000000000000e+00
9.713313260898023271e-01
1.000000000000000000e+00
1.000000000000000000e+00
9.847606146552089212e-01
9.952405347788005896e-01
9.967658222945231516e-01
9.993481313097546392e-01
9.837997746055597847e-01
9.618963933378599229e-01
9.997275575534668723e-01
9.990426368516428512e-01
9.947474032105759756e-01
9.835857847437472490e-01
9.988852164049206728e-01
9.997587920304886744e-01
9.949869705401704900e-01
9.997609019514078765e-01
9.992119917346689029e-01
9.874061463244281356e-01
9.999836025252111238e-01
1.000000000000000000e+00
6.681866188328778877e-01
8.967009826860083965e-01
9.825043930017571814e-01
9.955352713562853895e-01
9.923503955938278720e-01
9.802946091958489871e-01
9.874417662548106156e-01
9.995664661572644105e-01
9.996333668085377600e-01
9.964332645015956391e-01
1.000000000000000000e+00
1.000000000000000000e+00
1.000000000000000000e+00
9.988305917205894113e-01
1.000000000000000000e+00
1.000000000000000000e+00
9.977267704353866007e-01
9.994061850514900369e-01
9.993753025878090446e-01
1.000000000000000000e+00
1.000000000000000000e+00
9.999225478654191201e-01
9.980852533115700531e-01
9.999846949707673627e-01
9.976082871297892174e-01
9.995987427272119419e-01
1.000000000000000000e+00
9.998967368855844473e-01
1.000000000000000000e+00
9.997206703910614944e-01
1.000000000000000000e+00
9.987521333015250136e-01
1.000000000000000000e+00
9.994984792596907086e-01
9.998908705412821174e-01
9.998421019389881481e-01
1.000000000000000000e+00
1.000000000000000000e+00
1.000000000000000000e+00
1.000000000000000000e+00
9.978235948896014840e-01
8.751213897780815154e-01
9.999378814467411170e-01
9.933026508965540069e-01
9.863651011036815852e-01
9.597187305067765850e-01
1.000000000000000000e+00
1.000000000000000000e+00
9.798650310617766923e-01
9.998226836030691400e-01
1.000000000000000000e+00
9.996828618546238499e-01
9.998853023103392301e-01
9.253764572538860644e-01
1.000000000000000000e+00
9.979569238447262292e-01
1.000000000000000000e+00
9.988680847049945521e-01
1.000000000000000000e+00
1.000000000000000000e+00
1.000000000000000000e+00
1.000000000000000000e+00
1.000000000000000000e+00
9.996852921275826143e-01
1.000000000000000000e+00
1.000000000000000000e+00
9.941975387362111949e-01
9.991451909073639781e-01
1.000000000000000000e+00
1.000000000000000000e+00
9.944482997918112632e-01
9.980579414179029385e-01
9.987111781717591397e-01
9.998096205102170453e-01
9.972090021779462798e-01
1.000000000000000000e+00
1.000000000000000000e+00
9.999839532719279056e-01
1.000000000000000000e+00
9.999191814699274206e-01
1.000000000000000000e+00
9.965490196078431451e-01
1.000000000000000000e+00
9.999839910349795913e-01
1.000000000000000000e+00
9.265863657802125841e-01
9.999843991325917392e-01
9.996235353170930260e-01
1.000000000000000000e+00
9.993674989326544189e-01
9.924115878394501600e-01
1.000000000000000000e+00
1.000000000000000000e+00
9.977880586320233558e-01
1.000000000000000000e+00
9.997508835847852549e-01
9.943805831212529922e-01
9.999495645741568461e-01
9.810930935101913608e-01
9.889269176565330666e-01
8.465844060143302707e-01
1.000000000000000000e+00
1.000000000000000000e+00
1.000000000000000000e+00
1.000000000000000000e+00
9.995737425404944698e-01
9.965132831118148626e-01
9.996243131975642848e-01
1.000000000000000000e+00
1.000000000000000000e+00
9.998598501954311102e-01
9.999521141598429752e-01
9.999381714197387305e-01
9.969283614624963041e-01
9.999689787814864950e-01
9.999371800106794383e-01
1.000000000000000000e+00
1.000000000000000000e+00
9.987428008358675280e-01
9.999579398961115917e-01
9.981005621100746961e-01
9.995691306013021471e-01
7.979879776995670859e-01
1.000000000000000000e+00
9.900157810034218020e-01
1.000000000000000000e+00
9.999842482476175576e-01
9.999845186859460666e-01
9.999533944384030315e-01
9.999537151320661010e-01
1.000000000000000000e+00
1.000000000000000000e+00
9.999843945068663809e-01
1.000000000000000000e+00
9.999527484643251363e-01
1.000000000000000000e+00
