6.769882870640004935e-01
8.270752409725219412e-01
6.924829157175398375e-01
7.366593289813269108e-01
6.348341722402262022e-01
9.843610366398569678e-01
2.818316100443131189e-01
7.981097400892622762e-01
5.899936400254398583e-01
9.996168582375478673e-01
6.906892382103990702e-01
5.850725230755240425e-01
8.178673927441312275e-01
5.149961480222086108e-01
3.657497094149554373e-01
7.217181624979565058e-01
1.000000000000000000e+00
7.291490600409412659e-01
7.363413136893799393e-01
9.876696165191740651e-01
6.173451601657822252e-01
3.160930498617599560e-01
6.778222085512149997e-01
8.142054574638843967e-01
6.847030105777054398e-01
9.555695935986523448e-01
9.956719324821466932e-01
8.989826736607852142e-01
6.952115812917594173e-01
9.987915407854984773e-01
4.763158536288061851e-01
1.000000000000000000e+00
5.623144271031594865e-01
9.975805232118554189e-01
2.636780518659076478e-01
9.645454545454545947e-01
3.626999186771482919e-01
2.388504337159379765e-01
7.055483613905767504e-01
1.000000000000000000e+00
1.000000000000000000e+00
5.004212299915753448e-01
7.697576396206533555e-01
3.730918499353169659e-01
8.495123084068740837e-01
9.069593701511406980e-01
9.564384873145045374e-01
9.828486204325130871e-01
9.562754469817666969e-01
6.474428726877040630e-01
9.405405405405405928e-01
9.645390070921985304e-01
9.160662368853494941e-01
8.349022447501810440e-01
5.215812264282720934e-01
5.004631058968816992e-01
9.738973897389738843e-01
1.187497349336273829e-02
5.906866239011642206e-01
6.146103896103896069e-01
8.118556701030927858e-01
9.958648224725509257e-01
9.944562899786780763e-01
7.434679334916864946e-01
5.612001644060830019e-01
7.071393880524526887e-01
5.620093100812895148e-01
5.420203735144312196e-01
8.249802905732627201e-01
1.695354869134638176e-01
8.117206982543641036e-01
6.956031567080045441e-01
3.292992859736173505e-01
3.429715548191107355e-01
9.892317939609236443e-01
9.450199203187250596e-01
9.758740248483097623e-01
7.890173410404623944e-01
7.511208074608616281e-01
8.962707280620596517e-01
8.349933598937583357e-01
2.675519326847226043e-01
6.667447306791569606e-01
9.390205371248024901e-01
6.682867557715674867e-01
9.788453063023357936e-01
4.969861362266425608e-01
7.609539656128674334e-01
6.757127192982456121e-01
8.695101351351350871e-01
8.546403279910548267e-01
4.589189658164150587e-01
7.439299830604177988e-01
8.652023121387283355e-01
0.000000000000000000e+00
6.732106339468302281e-01
8.684210526315789824e-01
9.790678659035159104e-01
7.015738498789346744e-01
1.184239012773327521e-01
9.467296021577882303e-01
6.078431372549019107e-01
8.392777671816390450e-01
8.646407515697646096e-01
7.077673006233019537e-01
9.771386430678465906e-01
9.071448429246594669e-01
6.155653779443853724e-01
0.000000000000000000e+00
8.808007279344859386e-01
9.713302752293577758e-01
1.000000000000000000e+00
9.415690345543527018e-01
7.353528237642362742e-01
1.244604316546762540e-01
3.378474697077690769e-01
7.897695334457560667e-01
8.671959026888604871e-01
7.567909329336830471e-01
7.447698744769873924e-01
9.742890533696922928e-01
7.010309278350514983e-01
9.608245149911817107e-01
9.427527405602923460e-01
8.566037735849056922e-01
7.808695652173912594e-01
6.017628784047395207e-01
8.979259861732411530e-01
7.603181184274998561e-01
9.411323584551930521e-01
5.285773147330625754e-01
6.933496509331626978e-01
8.201759345107527688e-01
6.038417197884171639e-01
9.502505368647100603e-01
4.481435004059939331e-01
5.512995896032831800e-01
7.948207171314740638e-01
5.274831243972999406e-01
9.444155844155843749e-01
9.439102564102563875e-01
1.583810614738449807e-01
6.036041732532405613e-01
7.400355169692186541e-01
1.000000000000000000e+00
8.713585232189212659e-01
6.368790496760259323e-01
6.155030373637346841e-01
6.619766643788607130e-01
9.479508196721311286e-01
3.216184971098265954e-01
9.640718562874251996e-01
7.073106821556467416e-01
5.376196990424076949e-01
3.228158952225033684e-01
9.566078858727957712e-01
9.239130434782608647e-01
6.624855952486481403e-01
4.596337820873555025e-01
8.529644268774703164e-01
7.412330316742081759e-01
6.677626116701537162e-01
6.503102086858432163e-01
8.432620011567379947e-01
7.369375309048953326e-01
2.053168244719592028e-01
8.285603715170278827e-01
5.830985915492957750e-01
6.598259727466754265e-01
9.686221009549795813e-01
6.574455562095350425e-01
2.212659135736058935e-01
8.220640569395017971e-01
7.320458074534161863e-01
6.138858058946848884e-01
7.514228693916771284e-01
8.222609453278152403e-01
8.551833935460168012e-01
9.471281856219094797e-01
5.308964316797214478e-01
1.464892830746489238e-01
7.385089069716296306e-01
2.770723104056437291e-01
6.654875082909572637e-02
1.000000000000000000e+00
9.212636460245386960e-01
9.243542435424354498e-01
1.321678321678321777e-01
8.508592584406254877e-01
8.493396589306321243e-01
7.987973395693503953e-01
4.627649936582714507e-01
6.792639861222972142e-01
6.603877506058603020e-01
7.541761728686439126e-01
3.859988708766836085e-01
6.853391039197364032e-01
9.426229508196721785e-01
8.248562582927908560e-01
8.194945848375451147e-01
9.006096307966299230e-01
8.736284525160802339e-01
6.981818181818182367e-01
8.159695817490494330e-01
9.817073170731707155e-01
8.537646613696556752e-01
6.790051207022677060e-01
8.252887177968610821e-01
8.343474481559667311e-01
8.988057825267127265e-01
9.521644693640450852e-01
8.609530186363129056e-01
9.117739403453689606e-01
5.269903431088959200e-01
8.102434928631402355e-01
9.927890976448795479e-01
9.412249382037901624e-01
9.744277821625887404e-01
8.373420883591463637e-01
9.899204422869470887e-01
7.753216007301976243e-01
9.676404494382022659e-01
1.795169530887134324e-01
8.874354415375497185e-01
9.198562359970127167e-01
9.872213159325720078e-01
5.932688865019691837e-01
9.364087778311709354e-01
2.554281194384022124e-01
6.836536385229972090e-01
9.800210304942166273e-01
3.032093989540797785e-01
9.966804176872502419e-01
8.534049604447295767e-01
9.901198934280639463e-01
8.223652572781415815e-01
9.877683080808080662e-01
9.859059836273103006e-01
9.838680551375429406e-01
9.758598836204412930e-01
9.773924868264490806e-01
5.146570963266783316e-01
8.249935182784547960e-01
8.094853226432173754e-01
9.422989892894856334e-01
9.477151668068405366e-01
8.212695138530776706e-01
4.904689445289804883e-01
7.876645109338433759e-01
2.859596393301846451e-01
9.863063063063063352e-01
9.396636993076161737e-01
8.441602645142468608e-01
9.962006928148396945e-01
9.968696502812423033e-01
9.215768946980078535e-01
8.395540817046497351e-01
9.658615136876006479e-01
7.611012857893981742e-01
9.007805948003354546e-01
4.368863334807607246e-01
8.470279099495774400e-01
8.461196846896857915e-01
9.964710252600297302e-01
9.997367035281726766e-01
8.057518796992481080e-01
7.166439754935329809e-01
8.702090592334494890e-01
9.326198372022912464e-01
1.710669238101571732e-01
7.037489812550937751e-01
8.443232523549826229e-01
9.955792132804042183e-01
9.938999593330621884e-01
7.526926263463131761e-01
9.254553803765498410e-01
7.719055843408174633e-01
9.758998039091656418e-01
9.960215569538105607e-01
9.457402008422416406e-01
4.970153942821237680e-01
7.736285032796660355e-01
8.045003629324946059e-01
9.656901718549324443e-01
9.984797040490548392e-01
7.568530277218522562e-01
9.288653733098177767e-01
9.540570581696924402e-01
9.960557454641072450e-01
8.933885339609952680e-01
8.764986463839112840e-01
5.684803001876173045e-01
9.024974772956609881e-01
8.184631709258113341e-01
9.478828789339879268e-01
7.087746491001464255e-01
9.462068965517241859e-01
9.662310535054362548e-01
7.170056956875509035e-01
1.000000000000000000e+00
9.887497187429685752e-01
8.192033961792982710e-01
9.455965909090908728e-01
7.179309319724520577e-01
9.470378236702968744e-01
9.905381431105854118e-01
9.778093883357040772e-01
7.840390618746497786e-01
9.614168586892449797e-01
9.412962962962962976e-01
7.096182466341328654e-01
9.997481821901853527e-01
7.342036553524804443e-01
7.669552106891263099e-01
8.887625418060201010e-01
9.514386386787568872e-01
9.910748486937868140e-01
8.758421934026561217e-01
8.855035560628676805e-01
3.519771071800207873e-01
9.843112738531154537e-01
7.712354353820154440e-01
9.965444423113841710e-01
5.820136896559513495e-01
9.918822547606402917e-01
7.391757955138237302e-01
7.975460122699385979e-01
8.320129220829166616e-01
9.751973841614164362e-01
9.845271031868019218e-01
8.948964123294592676e-01
9.702248382649273362e-01
4.764429940852539236e-01
9.787580038621811473e-01
9.921367004385301946e-01
9.988605341246290514e-01
8.559770189984984290e-01
9.975381008206331002e-01
7.220781584095354866e-01
6.202390746745389816e-01
9.636399274758661315e-01
8.212485459480418637e-01
9.320930785461677415e-01
9.110605249062667665e-01
9.989202384864560580e-01
4.862173419159409038e-01
9.459301099210162267e-01
8.825124550671628043e-01
9.806714923764053848e-01
8.799389196411528946e-01
9.984142880988149393e-01
9.991954566966398943e-01
7.236444389611992323e-01
8.176975945017181946e-01
9.858434707718807255e-01
9.929653679653679399e-01
9.999536403884935476e-01
8.214434214434214176e-01
9.850883089897940481e-01
9.092841119288440632e-01
8.100366636113657259e-01
5.720319576611877510e-01
9.980052801408038077e-01
9.851550409812575015e-01
6.490389079765994662e-01
9.896076352067868509e-01
9.715251751670197500e-01
7.724597881522166087e-01
9.121602424472013970e-01
8.309393603765747871e-01
9.459182900022738982e-01
9.573537452159650574e-01
9.117019530608895250e-01
8.752955553784437237e-01
8.799792396522642113e-01
9.888855285044608756e-01
9.533353275501047497e-01
6.151019147621988870e-01
9.979282028101104096e-01
9.947992259313014340e-01
7.879283887468030434e-01
9.196020269435174477e-01
9.584367245657567924e-01
6.424312271383474382e-01
9.727947238252266926e-01
8.474097964120137494e-01
7.286974394108075570e-01
9.407075323587901217e-01
6.069374237406309769e-01
8.275565123789020427e-01
9.620747350808700471e-01
5.881228187421103648e-01
8.609908609908609733e-01
7.751234528313987182e-01
6.616219555241793504e-01
4.762007655266082273e-01
9.948067512234095577e-01
9.820581655480984384e-01
5.263887011758345835e-01
9.615546042138839455e-01
1.000000000000000000e+00
7.328132618235007056e-01
9.844254544805808305e-01
9.456339210747271018e-01
8.999772675608093131e-01
7.776737341983813723e-01
9.448275862068965525e-01
8.457008244994110857e-01
8.743134087237479646e-01
7.088883695567500531e-01
9.954677374468253737e-01
7.480130902290790251e-01
7.378807947019867530e-01
8.289200415368639385e-01
9.685863874345549407e-01
9.268738574040219502e-01
9.202699573229231600e-01
9.763500695586189160e-01
1.000000000000000000e+00
3.976241174492883834e-01
9.160555981175440010e-01
6.313277226479085957e-01
9.836475888536626577e-01
4.768359643102265122e-01
9.130602038853625757e-01
3.480724129753089424e-01
9.384587619563256045e-01
9.787929442878171571e-01
6.981516290726816898e-01
8.184344603983325639e-01
9.986300159094926299e-01
4.245612584492630681e-01
9.638146375627407725e-01
6.606414460529472787e-01
9.323608831471382752e-01
8.566207478211976811e-01
7.735596061177456573e-01
8.670330571733245728e-01
6.058254896972780079e-01
6.556510987466981355e-01
4.579737293994335379e-01
7.173699705593719056e-01
6.366454279318064513e-01
3.487918199561290122e-01
6.205903527717782087e-01
8.274254348257390479e-01
8.823515377090640488e-01
9.110447761194029326e-01
8.966906474820144357e-01
8.626489138051857131e-01
9.460425383542537814e-01
9.675300624706782981e-01
8.713278495887191166e-01
9.078386821925589212e-01
7.134100101112234027e-01
9.568087646604396257e-01
8.230475529330093520e-01
8.784711854284861232e-01
8.904907672558507459e-01
8.591133004926108097e-01
9.379596678529062981e-01
8.967038539553752186e-01
7.459898923313557084e-01
0.000000000000000000e+00
1.000000000000000000e+00
9.281560212573949364e-01
9.928052076592180919e-01
9.622217819166501984e-01
6.485149675332286812e-01
9.497087654496377818e-01
9.953561105056153435e-01
8.757001080868624943e-01
8.872636460934713032e-01
9.968982630272953394e-01
4.519091348477525250e-01
8.094965675057208543e-01
4.952015355086372139e-01
9.950035688793719135e-01
8.099290780141843449e-01
5.478374836173001139e-01
9.301369863013698724e-01
9.306545690213868793e-01
9.129568106312292430e-01
1.277504806665242520e-01
6.129531388152077431e-01
9.387755102040816757e-01
9.747252747252747040e-01
6.666666666666666297e-01
8.814298169136879357e-01
6.004542278127183996e-01
8.608458390177353703e-01
7.741294695022201688e-01
7.049437614438922584e-01
9.312015503875968880e-01
4.063205417607223535e-01
9.443991668930544758e-01
7.520197486535008524e-01
9.540816326530612290e-01
8.599137931034482873e-01
8.180580762250453386e-01
6.967776016904384528e-01
8.479105928085519661e-01
2.320371935756551096e-01
7.882898470482386788e-01
6.542563143124415781e-01
6.775427995971802231e-01
9.230096237970253359e-01
9.932858596134283014e-01
9.813648954923193113e-01
9.998416844771630396e-01
7.837216934689859027e-01
7.370044052863435891e-01
9.640491958372753301e-01
8.657142857142857695e-01
8.899350649350649123e-01
9.461974110032362884e-01
8.533067021748779180e-01
9.747643849206348854e-01
7.511527591848876639e-02
9.830628087508821444e-01
6.621673736984188263e-01
8.858329008822003470e-01
5.330173775671406267e-01
7.430786267995570515e-01
9.053172563747776680e-01
6.934812760055478753e-01
8.833584715937656817e-01
9.385390428211587421e-01
8.299999999999999600e-01
7.060011011194714525e-01
9.821683309557774910e-01
9.750423011844331356e-01
7.589236683141131756e-01
8.108108108108108558e-01
8.850844277673546312e-01
7.381486945923407816e-01
9.790794979079497917e-01
8.853833865814696447e-01
8.377921712193747705e-01
6.338213762811127916e-01
7.233743409490334120e-01
8.458669981354879353e-01
3.080417552677363058e-01
8.468247478877077850e-01
6.822633297062024038e-01
9.675251959686450576e-01
7.552126772310258085e-01
9.221751872354282398e-01
7.605326347958960564e-01
9.164265129682996891e-01
8.775226165622825869e-01
8.929971988795518678e-01
5.763529817304378078e-01
9.185185185185185119e-01
8.647740007471049761e-01
4.138042773817239284e-01
7.268414989496509993e-01
9.372666168782674001e-01
6.274864376130199206e-01
8.983957219251337278e-01
7.613392473887538037e-01
7.208457218368020669e-01
9.207608969513730868e-01
9.856709372892784593e-01
9.772079772079772519e-01
4.008618261702247554e-01
2.359128871973781572e-01
8.193976043726014513e-01
8.745644599303136202e-01
8.154056517775751800e-01
9.432459342847659967e-01
8.142770719903206222e-01
7.104247104247104483e-01
6.662251655629138902e-01
8.718726307808946085e-01
8.777277450640803558e-01
8.894173602853745475e-01
9.656764351665997337e-01
8.280075187969925254e-01
9.296455424274973067e-01
5.729489650548897917e-01
7.605118829981718509e-01
9.072659176029962413e-01
9.237142062830135947e-01
9.525641025641025106e-01
9.408077994428969415e-01
1.000000000000000000e+00
7.778730703259004731e-01
9.947882736156351546e-01
6.519607843137255054e-01
7.074597757191614100e-01
8.492569002123142585e-01
7.521440823327615322e-01
7.861111111111110938e-01
6.504297994269341299e-01
5.457364341085271242e-01
8.859890109890109500e-01
3.716759431045145168e-01
8.450635386119257353e-01
6.717320743582178011e-01
