8.448944091796875000e-01
9.814300537109375000e-01
9.855804443359375000e-01
7.856903076171875000e-01
6.483306884765625000e-01
9.749755859375000000e-01
9.629058837890625000e-01
9.882507324218750000e-01
9.679565429687500000e-01
9.700469970703125000e-01
9.294891357421875000e-01
7.200164794921875000e-01
9.547576904296875000e-01
7.212982177734375000e-01
7.502136230468750000e-01
7.007751464843750000e-01
8.221282958984375000e-01
7.719573974609375000e-01
9.553375244140625000e-01
9.874725341796875000e-01
5.930175781250000000e-01
7.810821533203125000e-01
8.362121582031250000e-01
9.670104980468750000e-01
7.134246826171875000e-01
9.909515380859375000e-01
9.834594726562500000e-01
9.203948974609375000e-01
9.376373291015625000e-01
9.867706298828125000e-01
6.716461181640625000e-01
9.512939453125000000e-01
8.245391845703125000e-01
9.923095703125000000e-01
7.157897949218750000e-01
9.988861083984375000e-01
6.053924560546875000e-01
8.649749755859375000e-01
7.828063964843750000e-01
9.412536621093750000e-01
8.370056152343750000e-01
9.638061523437500000e-01
7.791900634765625000e-01
9.260559082031250000e-01
9.933166503906250000e-01
8.914031982421875000e-01
9.972534179687500000e-01
9.967041015625000000e-01
9.960632324218750000e-01
9.949645996093750000e-01
9.937286376953125000e-01
9.979553222656250000e-01
9.885253906250000000e-01
9.895629882812500000e-01
8.370666503906250000e-01
9.753112792968750000e-01
9.968109130859375000e-01
2.889709472656250000e-01
8.669433593750000000e-01
9.637756347656250000e-01
9.933166503906250000e-01
9.632568359375000000e-01
9.812927246093750000e-01
8.209228515625000000e-01
8.370971679687500000e-01
8.691864013671875000e-01
9.028472900390625000e-01
9.835357666015625000e-01
9.762420654296875000e-01
9.462585449218750000e-01
9.930725097656250000e-01
9.876403808593750000e-01
8.308715820312500000e-01
6.369781494140625000e-01
9.835815429687500000e-01
9.976043701171875000e-01
8.987426757812500000e-01
9.977722167968750000e-01
8.410034179687500000e-01
9.117431640625000000e-01
9.917602539062500000e-01
9.149932861328125000e-01
9.131469726562500000e-01
9.963989257812500000e-01
9.916687011718750000e-01
9.983520507812500000e-01
9.490661621093750000e-01
9.934082031250000000e-01
9.638977050781250000e-01
9.951324462890625000e-01
9.561920166015625000e-01
8.096771240234375000e-01
9.861602783203125000e-01
9.910583496093750000e-01
4.671783447265625000e-01
9.878082275390625000e-01
9.263763427734375000e-01
9.059448242187500000e-01
9.849548339843750000e-01
6.893310546875000000e-01
9.975433349609375000e-01
9.948120117187500000e-01
9.614257812500000000e-01
9.568328857421875000e-01
9.441986083984375000e-01
9.985961914062500000e-01
9.937133789062500000e-01
6.784820556640625000e-01
9.282379150390625000e-01
9.978332519531250000e-01
9.977722167968750000e-01
9.435424804687500000e-01
9.594268798828125000e-01
9.501953125000000000e-01
8.885803222656250000e-01
9.716491699218750000e-01
9.766235351562500000e-01
9.602661132812500000e-01
9.207611083984375000e-01
9.913635253906250000e-01
9.965362548828125000e-01
9.938049316406250000e-01
8.998565673828125000e-01
9.963073730468750000e-01
9.988403320312500000e-01
9.834899902343750000e-01
9.158935546875000000e-01
9.961395263671875000e-01
9.029693603515625000e-01
9.967956542968750000e-01
8.777923583984375000e-01
8.300781250000000000e-01
8.735351562500000000e-01
6.270294189453125000e-01
9.974212646484375000e-01
7.718505859375000000e-01
9.949951171875000000e-01
9.936370849609375000e-01
9.327087402343750000e-01
9.969787597656250000e-01
9.967193603515625000e-01
4.954986572265625000e-01
9.043426513671875000e-01
9.405822753906250000e-01
6.602783203125000000e-01
9.626159667968750000e-01
9.589538574218750000e-01
8.585357666015625000e-01
9.791107177734375000e-01
7.655029296875000000e-01
9.104614257812500000e-01
9.982299804687500000e-01
8.964843750000000000e-01
9.948425292968750000e-01
8.611450195312500000e-01
9.894104003906250000e-01
9.957733154296875000e-01
8.838043212890625000e-01
8.095245361328125000e-01
9.894714355468750000e-01
9.852447509765625000e-01
8.473510742187500000e-01
9.526977539062500000e-01
9.600219726562500000e-01
9.259185791015625000e-01
7.876586914062500000e-01
9.773406982421875000e-01
8.803100585937500000e-01
9.683837890625000000e-01
9.965667724609375000e-01
9.911193847656250000e-01
8.674621582031250000e-01
9.925384521484375000e-01
9.157409667968750000e-01
9.522247314453125000e-01
9.486541748046875000e-01
9.501953125000000000e-01
9.632873535156250000e-01
9.964904785156250000e-01
8.601837158203125000e-01
9.118957519531250000e-01
9.818572998046875000e-01
6.870422363281250000e-01
5.490417480468750000e-01
9.946289062500000000e-01
9.863128662109375000e-01
9.950408935546875000e-01
5.076599121093750000e-01
9.585418701171875000e-01
9.810638427734375000e-01
8.981781005859375000e-01
9.547576904296875000e-01
9.209747314453125000e-01
9.058380126953125000e-01
8.526458740234375000e-01
8.838348388671875000e-01
8.813629150390625000e-01
9.932403564453125000e-01
9.937744140625000000e-01
9.915008544921875000e-01
9.718322753906250000e-01
9.931945800781250000e-01
9.974670410156250000e-01
9.963073730468750000e-01
9.954986572265625000e-01
9.771575927734375000e-01
8.308105468750000000e-01
9.819183349609375000e-01
9.794616699218750000e-01
9.964141845703125000e-01
9.419250488281250000e-01
9.674530029296875000e-01
9.945526123046875000e-01
8.376464843750000000e-01
9.890899658203125000e-01
9.648895263671875000e-01
9.930267333984375000e-01
9.768524169921875000e-01
9.266357421875000000e-01
9.190673828125000000e-01
8.781433105468750000e-01
9.863739013671875000e-01
8.382720947265625000e-01
9.594268798828125000e-01
9.198913574218750000e-01
9.809417724609375000e-01
9.292755126953125000e-01
9.885864257812500000e-01
4.245147705078125000e-01
8.434295654296875000e-01
9.731292724609375000e-01
7.031707763671875000e-01
9.464263916015625000e-01
9.101104736328125000e-01
9.647216796875000000e-01
9.258422851562500000e-01
9.708404541015625000e-01
9.755401611328125000e-01
9.577636718750000000e-01
9.897460937500000000e-01
9.418945312500000000e-01
7.544403076171875000e-01
9.793701171875000000e-01
9.099273681640625000e-01
9.863739013671875000e-01
9.858551025390625000e-01
8.037719726562500000e-01
7.088012695312500000e-01
8.647460937500000000e-01
3.545379638671875000e-01
9.951171875000000000e-01
9.908447265625000000e-01
9.450531005859375000e-01
9.826812744140625000e-01
9.539794921875000000e-01
9.863739013671875000e-01
9.652404785156250000e-01
9.980773925781250000e-01
9.198150634765625000e-01
9.475860595703125000e-01
4.726104736328125000e-01
9.337615966796875000e-01
9.786529541015625000e-01
9.953002929687500000e-01
9.298400878906250000e-01
9.155273437500000000e-01
9.491882324218750000e-01
9.818115234375000000e-01
9.576873779296875000e-01
4.292297363281250000e-01
8.779754638671875000e-01
9.951629638671875000e-01
9.686737060546875000e-01
9.846191406250000000e-01
9.635314941406250000e-01
9.571533203125000000e-01
8.818969726562500000e-01
9.878082275390625000e-01
9.054412841796875000e-01
9.897308349609375000e-01
7.042694091796875000e-01
9.515838623046875000e-01
9.536132812500000000e-01
9.886016845703125000e-01
9.560546875000000000e-01
9.759521484375000000e-01
9.886627197265625000e-01
9.904022216796875000e-01
9.900054931640625000e-01
8.747863769531250000e-01
9.560699462890625000e-01
8.526000976562500000e-01
9.875488281250000000e-01
9.363250732421875000e-01
9.753417968750000000e-01
8.967895507812500000e-01
9.895782470703125000e-01
9.468688964843750000e-01
8.667602539062500000e-01
8.716583251953125000e-01
9.705352783203125000e-01
9.307098388671875000e-01
9.646453857421875000e-01
9.131317138671875000e-01
9.561157226562500000e-01
9.942779541015625000e-01
9.948577880859375000e-01
9.174499511718750000e-01
9.858245849609375000e-01
9.945373535156250000e-01
8.719787597656250000e-01
8.968811035156250000e-01
8.899230957031250000e-01
8.045959472656250000e-01
9.743652343750000000e-01
9.034423828125000000e-01
9.685058593750000000e-01
8.890533447265625000e-01
8.082427978515625000e-01
6.959228515625000000e-01
9.527587890625000000e-01
9.606628417968750000e-01
9.391326904296875000e-01
7.173004150390625000e-01
9.757843017578125000e-01
9.465942382812500000e-01
9.919433593750000000e-01
9.660949707031250000e-01
9.789581298828125000e-01
9.964599609375000000e-01
9.967803955078125000e-01
9.592895507812500000e-01
9.608306884765625000e-01
9.846191406250000000e-01
9.600372314453125000e-01
8.514404296875000000e-01
9.545135498046875000e-01
9.146728515625000000e-01
9.067840576171875000e-01
8.802642822265625000e-01
9.389343261718750000e-01
9.458160400390625000e-01
9.390869140625000000e-01
9.445648193359375000e-01
9.590148925781250000e-01
7.929534912109375000e-01
9.600372314453125000e-01
9.109344482421875000e-01
9.891357421875000000e-01
9.696807861328125000e-01
9.912719726562500000e-01
9.609222412109375000e-01
8.632812500000000000e-01
9.514312744140625000e-01
9.863281250000000000e-01
9.927520751953125000e-01
8.989715576171875000e-01
9.071655273437500000e-01
9.920654296875000000e-01
9.433746337890625000e-01
9.348602294921875000e-01
8.716430664062500000e-01
9.813385009765625000e-01
8.775787353515625000e-01
8.843078613281250000e-01
9.513397216796875000e-01
9.838562011718750000e-01
9.196014404296875000e-01
9.205474853515625000e-01
8.438568115234375000e-01
9.706573486328125000e-01
9.750366210937500000e-01
9.757843017578125000e-01
9.275207519531250000e-01
9.680023193359375000e-01
9.641418457031250000e-01
9.916534423828125000e-01
7.920532226562500000e-01
9.747924804687500000e-01
9.800262451171875000e-01
9.683685302734375000e-01
9.141693115234375000e-01
9.763183593750000000e-01
8.911132812500000000e-01
9.776000976562500000e-01
9.884490966796875000e-01
9.516448974609375000e-01
9.443969726562500000e-01
9.655914306640625000e-01
9.503631591796875000e-01
9.974670410156250000e-01
6.600494384765625000e-01
9.955902099609375000e-01
7.775573730468750000e-01
8.829803466796875000e-01
7.410736083984375000e-01
9.868164062500000000e-01
9.533996582031250000e-01
7.821960449218750000e-01
9.913635253906250000e-01
7.077331542968750000e-01
9.247436523437500000e-01
9.716796875000000000e-01
9.522552490234375000e-01
9.929504394531250000e-01
9.489593505859375000e-01
9.973754882812500000e-01
8.577117919921875000e-01
9.940643310546875000e-01
9.429779052734375000e-01
9.400939941406250000e-01
9.506530761718750000e-01
9.698028564453125000e-01
9.798889160156250000e-01
9.937438964843750000e-01
9.615936279296875000e-01
9.252471923828125000e-01
9.835815429687500000e-01
9.197998046875000000e-01
8.359680175781250000e-01
9.866943359375000000e-01
4.335021972656250000e-01
9.881591796875000000e-01
9.534759521484375000e-01
9.362945556640625000e-01
6.219787597656250000e-01
9.492797851562500000e-01
9.701232910156250000e-01
9.705963134765625000e-01
9.700927734375000000e-01
9.588165283203125000e-01
5.731811523437500000e-01
9.872436523437500000e-01
9.352569580078125000e-01
7.921142578125000000e-01
9.844360351562500000e-01
9.175415039062500000e-01
9.187622070312500000e-01
9.054260253906250000e-01
9.065093994140625000e-01
6.276245117187500000e-01
9.076995849609375000e-01
9.678039550781250000e-01
4.213562011718750000e-01
8.713378906250000000e-01
9.203643798828125000e-01
9.192657470703125000e-01
9.887847900390625000e-01
9.755401611328125000e-01
9.874420166015625000e-01
9.705810546875000000e-01
9.653778076171875000e-01
9.863891601562500000e-01
9.892425537109375000e-01
8.588867187500000000e-01
9.777679443359375000e-01
9.602355957031250000e-01
9.935607910156250000e-01
9.626922607421875000e-01
9.757995605468750000e-01
9.913330078125000000e-01
9.601135253906250000e-01
9.823455810546875000e-01
3.702697753906250000e-01
6.979827880859375000e-01
9.158477783203125000e-01
9.866333007812500000e-01
9.878387451171875000e-01
7.685394287109375000e-01
9.737243652343750000e-01
9.899902343750000000e-01
9.803314208984375000e-01
9.948272705078125000e-01
9.964447021484375000e-01
9.826965332031250000e-01
9.949188232421875000e-01
9.919738769531250000e-01
9.987487792968750000e-01
9.979553222656250000e-01
9.947357177734375000e-01
9.954681396484375000e-01
9.977874755859375000e-01
9.973907470703125000e-01
9.376983642578125000e-01
9.732818603515625000e-01
9.990081787109375000e-01
9.974365234375000000e-01
9.989776611328125000e-01
9.955749511718750000e-01
9.647369384765625000e-01
9.937744140625000000e-01
9.409332275390625000e-01
9.655761718750000000e-01
9.910888671875000000e-01
9.799346923828125000e-01
9.895935058593750000e-01
9.831390380859375000e-01
9.969177246093750000e-01
9.969177246093750000e-01
9.937286376953125000e-01
9.912414550781250000e-01
9.952239990234375000e-01
9.445495605468750000e-01
9.533233642578125000e-01
9.698028564453125000e-01
8.451843261718750000e-01
9.985961914062500000e-01
9.933013916015625000e-01
9.851531982421875000e-01
9.674530029296875000e-01
9.899444580078125000e-01
9.908905029296875000e-01
9.793548583984375000e-01
9.926605224609375000e-01
9.948272705078125000e-01
9.976654052734375000e-01
9.898071289062500000e-01
9.375305175781250000e-01
9.051208496093750000e-01
9.976348876953125000e-01
9.866333007812500000e-01
9.955444335937500000e-01
9.774475097656250000e-01
9.929199218750000000e-01
9.926910400390625000e-01
9.898834228515625000e-01
9.964599609375000000e-01
9.978332519531250000e-01
9.974060058593750000e-01
9.755554199218750000e-01
9.936828613281250000e-01
9.982757568359375000e-01
9.933013916015625000e-01
9.971160888671875000e-01
9.908905029296875000e-01
9.362335205078125000e-01
9.981384277343750000e-01
9.954376220703125000e-01
9.885711669921875000e-01
9.618377685546875000e-01
9.879913330078125000e-01
9.924163818359375000e-01
8.907623291015625000e-01
9.913482666015625000e-01
9.955444335937500000e-01
9.957580566406250000e-01
9.910430908203125000e-01
9.963378906250000000e-01
9.832611083984375000e-01
9.249725341796875000e-01
9.972991943359375000e-01
9.967193603515625000e-01
9.812469482421875000e-01
9.965362548828125000e-01
9.871978759765625000e-01
9.447937011718750000e-01
9.384918212890625000e-01
9.965515136718750000e-01
9.968566894531250000e-01
9.977264404296875000e-01
9.695281982421875000e-01
9.741668701171875000e-01
9.737854003906250000e-01
9.886322021484375000e-01
8.500823974609375000e-01
6.753997802734375000e-01
7.794342041015625000e-01
9.763031005859375000e-01
9.978027343750000000e-01
9.934082031250000000e-01
9.940643310546875000e-01
9.949493408203125000e-01
9.908447265625000000e-01
9.807739257812500000e-01
9.972839355468750000e-01
9.945678710937500000e-01
9.985198974609375000e-01
9.945526123046875000e-01
9.971771240234375000e-01
9.979400634765625000e-01
9.222412109375000000e-01
9.980010986328125000e-01
9.894256591796875000e-01
9.790344238281250000e-01
9.975585937500000000e-01
9.969940185546875000e-01
8.020629882812500000e-01
9.960479736328125000e-01
9.901275634765625000e-01
9.956665039062500000e-01
9.908294677734375000e-01
9.978179931640625000e-01
9.955444335937500000e-01
9.976043701171875000e-01
9.683532714843750000e-01
9.418792724609375000e-01
9.974517822265625000e-01
9.844970703125000000e-01
9.951171875000000000e-01
9.660491943359375000e-01
