8.312835693359375000e-01
9.837646484375000000e-01
9.878082275390625000e-01
7.841339111328125000e-01
8.259124755859375000e-01
9.892120361328125000e-01
7.268829345703125000e-01
9.908142089843750000e-01
9.737243652343750000e-01
9.727478027343750000e-01
9.197540283203125000e-01
6.416168212890625000e-01
8.997650146484375000e-01
8.548431396484375000e-01
8.149719238281250000e-01
8.053131103515625000e-01
6.638183593750000000e-01
7.780609130859375000e-01
9.632415771484375000e-01
9.715881347656250000e-01
5.814208984375000000e-01
5.877075195312500000e-01
7.820434570312500000e-01
9.435729980468750000e-01
7.563934326171875000e-01
9.895172119140625000e-01
9.794006347656250000e-01
8.274993896484375000e-01
9.359588623046875000e-01
9.579925537109375000e-01
5.226898193359375000e-01
9.537048339843750000e-01
7.574920654296875000e-01
9.905395507812500000e-01
7.306060791015625000e-01
9.988098144531250000e-01
7.020874023437500000e-01
7.972869873046875000e-01
9.165649414062500000e-01
9.227600097656250000e-01
8.188781738281250000e-01
9.685974121093750000e-01
7.546997070312500000e-01
9.377288818359375000e-01
9.934387207031250000e-01
8.416442871093750000e-01
9.974822998046875000e-01
9.958953857421875000e-01
9.961853027343750000e-01
9.896697998046875000e-01
9.928588867187500000e-01
9.968872070312500000e-01
9.907531738281250000e-01
9.911956787109375000e-01
8.820190429687500000e-01
9.829711914062500000e-01
9.971923828125000000e-01
2.929840087890625000e-01
8.733062744140625000e-01
9.768371582031250000e-01
9.951782226562500000e-01
9.799957275390625000e-01
9.723205566406250000e-01
8.930511474609375000e-01
9.115447998046875000e-01
9.038391113281250000e-01
9.067230224609375000e-01
9.848937988281250000e-01
9.822235107421875000e-01
9.764556884765625000e-01
9.954681396484375000e-01
9.922180175781250000e-01
8.438873291015625000e-01
6.548461914062500000e-01
9.884338378906250000e-01
9.975585937500000000e-01
6.784667968750000000e-01
9.989776611328125000e-01
8.801116943359375000e-01
9.040222167968750000e-01
9.947967529296875000e-01
9.356536865234375000e-01
9.289245605468750000e-01
9.967041015625000000e-01
9.936981201171875000e-01
9.981994628906250000e-01
9.541931152343750000e-01
9.952239990234375000e-01
9.655151367187500000e-01
9.963989257812500000e-01
9.600067138671875000e-01
7.806396484375000000e-01
9.864349365234375000e-01
9.929199218750000000e-01
4.716186523437500000e-01
9.869384765625000000e-01
9.280242919921875000e-01
9.715270996093750000e-01
9.864807128906250000e-01
6.758422851562500000e-01
9.961853027343750000e-01
9.954986572265625000e-01
9.602508544921875000e-01
9.621887207031250000e-01
9.528198242187500000e-01
9.953155517578125000e-01
9.945831298828125000e-01
7.257690429687500000e-01
5.654754638671875000e-01
8.771820068359375000e-01
9.974212646484375000e-01
9.206542968750000000e-01
8.795623779296875000e-01
9.133605957031250000e-01
8.909454345703125000e-01
9.572296142578125000e-01
9.786834716796875000e-01
9.650268554687500000e-01
9.326629638671875000e-01
9.873657226562500000e-01
9.927062988281250000e-01
9.947967529296875000e-01
8.227081298828125000e-01
9.961395263671875000e-01
9.990997314453125000e-01
9.574127197265625000e-01
8.964691162109375000e-01
9.976654052734375000e-01
9.346466064453125000e-01
9.967956542968750000e-01
8.807525634765625000e-01
8.551025390625000000e-01
8.955078125000000000e-01
6.807708740234375000e-01
9.977111816406250000e-01
8.437500000000000000e-01
9.949798583984375000e-01
9.936218261718750000e-01
9.353027343750000000e-01
9.953918457031250000e-01
9.970245361328125000e-01
4.914703369140625000e-01
9.102783203125000000e-01
9.202575683593750000e-01
6.262512207031250000e-01
9.729309082031250000e-01
9.606323242187500000e-01
8.765563964843750000e-01
8.905029296875000000e-01
6.630249023437500000e-01
7.180023193359375000e-01
9.959259033203125000e-01
8.198699951171875000e-01
9.967346191406250000e-01
9.398193359375000000e-01
9.897308349609375000e-01
9.959411621093750000e-01
8.714904785156250000e-01
8.015441894531250000e-01
9.910583496093750000e-01
9.586181640625000000e-01
9.042510986328125000e-01
9.291839599609375000e-01
9.502105712890625000e-01
9.188995361328125000e-01
8.011932373046875000e-01
9.039001464843750000e-01
8.892669677734375000e-01
9.738006591796875000e-01
9.971008300781250000e-01
9.939575195312500000e-01
8.797454833984375000e-01
9.923706054687500000e-01
9.279022216796875000e-01
9.556274414062500000e-01
9.489135742187500000e-01
9.399871826171875000e-01
9.604644775390625000e-01
9.962615966796875000e-01
8.553009033203125000e-01
8.718261718750000000e-01
9.838714599609375000e-01
7.231445312500000000e-01
5.757598876953125000e-01
9.936828613281250000e-01
9.846038818359375000e-01
9.529876708984375000e-01
4.812011718750000000e-01
9.558868408203125000e-01
9.791412353515625000e-01
8.574829101562500000e-01
9.321594238281250000e-01
9.073486328125000000e-01
9.390563964843750000e-01
8.355102539062500000e-01
8.793945312500000000e-01
8.670806884765625000e-01
9.940185546875000000e-01
9.953155517578125000e-01
9.954071044921875000e-01
9.597778320312500000e-01
9.925537109375000000e-01
8.557739257812500000e-01
9.968566894531250000e-01
9.934997558593750000e-01
9.770812988281250000e-01
9.110870361328125000e-01
9.862060546875000000e-01
9.848022460937500000e-01
9.963989257812500000e-01
9.550781250000000000e-01
9.732208251953125000e-01
9.954528808593750000e-01
9.167480468750000000e-01
9.895172119140625000e-01
9.595947265625000000e-01
9.934387207031250000e-01
9.721527099609375000e-01
9.621734619140625000e-01
9.084320068359375000e-01
8.712921142578125000e-01
9.882354736328125000e-01
8.556518554687500000e-01
9.614257812500000000e-01
9.219055175781250000e-01
9.398956298828125000e-01
9.391632080078125000e-01
9.872589111328125000e-01
5.005035400390625000e-01
8.546905517578125000e-01
9.629974365234375000e-01
6.879882812500000000e-01
9.436340332031250000e-01
9.286041259765625000e-01
9.500885009765625000e-01
9.491729736328125000e-01
9.752807617187500000e-01
9.583892822265625000e-01
9.560241699218750000e-01
9.863586425781250000e-01
8.957061767578125000e-01
7.929229736328125000e-01
9.691162109375000000e-01
9.033050537109375000e-01
9.856719970703125000e-01
9.787750244140625000e-01
8.721008300781250000e-01
7.018127441406250000e-01
9.526977539062500000e-01
7.188873291015625000e-01
9.915466308593750000e-01
9.788360595703125000e-01
9.578094482421875000e-01
9.821319580078125000e-01
9.582672119140625000e-01
9.871368408203125000e-01
9.652709960937500000e-01
9.937286376953125000e-01
8.002014160156250000e-01
9.483642578125000000e-01
6.630554199218750000e-01
9.171600341796875000e-01
9.708862304687500000e-01
9.925537109375000000e-01
9.372406005859375000e-01
9.091186523437500000e-01
9.469909667968750000e-01
9.817199707031250000e-01
9.641265869140625000e-01
7.592468261718750000e-01
8.630676269531250000e-01
9.856719970703125000e-01
9.635162353515625000e-01
9.850769042968750000e-01
9.674682617187500000e-01
9.434661865234375000e-01
8.803405761718750000e-01
9.853210449218750000e-01
9.316101074218750000e-01
9.879913330078125000e-01
7.037048339843750000e-01
9.420928955078125000e-01
9.668121337890625000e-01
9.867248535156250000e-01
9.608306884765625000e-01
9.789581298828125000e-01
9.871520996093750000e-01
9.833984375000000000e-01
9.892578125000000000e-01
9.072875976562500000e-01
9.444427490234375000e-01
9.173431396484375000e-01
9.837493896484375000e-01
9.350891113281250000e-01
9.760437011718750000e-01
8.698120117187500000e-01
9.811706542968750000e-01
9.384918212890625000e-01
8.397216796875000000e-01
8.906555175781250000e-01
9.656524658203125000e-01
9.197387695312500000e-01
9.688262939453125000e-01
9.217376708984375000e-01
9.468078613281250000e-01
9.921264648437500000e-01
9.883880615234375000e-01
8.677520751953125000e-01
9.806365966796875000e-01
9.894409179687500000e-01
8.615875244140625000e-01
9.301605224609375000e-01
8.961181640625000000e-01
7.211761474609375000e-01
9.675903320312500000e-01
8.146362304687500000e-01
8.832855224609375000e-01
7.959747314453125000e-01
6.355438232421875000e-01
7.019958496093750000e-01
9.677429199218750000e-01
9.473419189453125000e-01
9.397735595703125000e-01
7.787322998046875000e-01
9.762573242187500000e-01
9.456024169921875000e-01
9.795837402343750000e-01
9.586791992187500000e-01
9.708099365234375000e-01
9.947814941406250000e-01
9.912109375000000000e-01
9.650726318359375000e-01
9.564666748046875000e-01
9.806976318359375000e-01
9.535217285156250000e-01
8.761138916015625000e-01
9.620208740234375000e-01
9.181213378906250000e-01
8.912506103515625000e-01
8.853607177734375000e-01
9.553833007812500000e-01
8.962554931640625000e-01
8.483581542968750000e-01
9.215240478515625000e-01
9.525756835937500000e-01
7.726135253906250000e-01
9.568481445312500000e-01
8.834838867187500000e-01
9.853363037109375000e-01
9.640960693359375000e-01
9.903106689453125000e-01
9.592132568359375000e-01
8.668212890625000000e-01
9.583587646484375000e-01
9.875488281250000000e-01
9.920959472656250000e-01
9.532318115234375000e-01
9.165649414062500000e-01
9.908142089843750000e-01
9.444274902343750000e-01
9.429473876953125000e-01
8.883666992187500000e-01
9.828491210937500000e-01
9.066619873046875000e-01
9.260253906250000000e-01
9.453735351562500000e-01
9.819183349609375000e-01
9.169616699218750000e-01
9.005126953125000000e-01
8.394165039062500000e-01
9.716186523437500000e-01
9.658355712890625000e-01
9.834136962890625000e-01
9.189453125000000000e-01
9.732208251953125000e-01
9.324798583984375000e-01
9.902343750000000000e-01
8.000946044921875000e-01
9.778289794921875000e-01
9.603118896484375000e-01
9.709014892578125000e-01
8.966064453125000000e-01
9.757995605468750000e-01
8.761596679687500000e-01
9.726867675781250000e-01
9.836730957031250000e-01
9.727783203125000000e-01
9.350280761718750000e-01
9.712219238281250000e-01
9.505767822265625000e-01
9.879455566406250000e-01
6.732025146484375000e-01
9.886016845703125000e-01
8.294982910156250000e-01
7.711639404296875000e-01
7.752532958984375000e-01
9.911499023437500000e-01
9.550170898437500000e-01
7.860412597656250000e-01
9.908447265625000000e-01
7.157287597656250000e-01
9.223175048828125000e-01
9.766387939453125000e-01
9.416656494140625000e-01
9.934387207031250000e-01
9.454803466796875000e-01
9.933319091796875000e-01
8.299255371093750000e-01
9.886016845703125000e-01
9.249725341796875000e-01
9.483642578125000000e-01
9.467468261718750000e-01
9.785003662109375000e-01
9.819335937500000000e-01
9.894409179687500000e-01
9.587554931640625000e-01
9.347839355468750000e-01
9.705963134765625000e-01
9.016876220703125000e-01
8.312377929687500000e-01
9.889526367187500000e-01
4.394989013671875000e-01
9.813232421875000000e-01
9.515838623046875000e-01
9.512786865234375000e-01
4.291229248046875000e-01
9.593963623046875000e-01
9.706726074218750000e-01
9.581451416015625000e-01
9.767456054687500000e-01
9.495391845703125000e-01
7.158660888671875000e-01
9.847106933593750000e-01
9.277801513671875000e-01
8.431701660156250000e-01
9.815368652343750000e-01
9.203491210937500000e-01
9.571838378906250000e-01
9.093322753906250000e-01
9.196472167968750000e-01
6.861724853515625000e-01
9.055786132812500000e-01
9.614410400390625000e-01
5.119781494140625000e-01
8.905181884765625000e-01
9.174041748046875000e-01
9.004364013671875000e-01
9.875640869140625000e-01
9.739990234375000000e-01
9.827270507812500000e-01
9.692993164062500000e-01
9.697113037109375000e-01
9.845275878906250000e-01
9.890289306640625000e-01
9.123535156250000000e-01
9.724426269531250000e-01
9.475860595703125000e-01
9.878234863281250000e-01
8.439788818359375000e-01
9.555969238281250000e-01
9.918212890625000000e-01
9.571533203125000000e-01
9.751739501953125000e-01
3.702697753906250000e-01
6.929931640625000000e-01
9.218292236328125000e-01
9.836578369140625000e-01
9.861145019531250000e-01
8.876342773437500000e-01
9.671783447265625000e-01
9.868316650390625000e-01
9.795532226562500000e-01
9.927520751953125000e-01
9.960632324218750000e-01
9.849243164062500000e-01
9.956512451171875000e-01
9.934692382812500000e-01
9.980163574218750000e-01
9.981231689453125000e-01
9.960479736328125000e-01
9.950866699218750000e-01
9.976806640625000000e-01
9.976654052734375000e-01
9.404602050781250000e-01
9.763336181640625000e-01
9.990997314453125000e-01
9.967956542968750000e-01
9.969329833984375000e-01
9.943237304687500000e-01
9.710083007812500000e-01
9.937896728515625000e-01
9.400787353515625000e-01
9.684448242187500000e-01
9.913024902343750000e-01
9.893035888671875000e-01
9.904479980468750000e-01
9.844970703125000000e-01
9.971160888671875000e-01
9.971008300781250000e-01
9.961395263671875000e-01
9.925537109375000000e-01
9.953613281250000000e-01
9.488067626953125000e-01
9.501037597656250000e-01
9.757385253906250000e-01
8.301391601562500000e-01
9.985961914062500000e-01
9.923706054687500000e-01
9.868469238281250000e-01
9.633941650390625000e-01
9.890747070312500000e-01
9.916076660156250000e-01
9.698944091796875000e-01
9.946746826171875000e-01
9.958953857421875000e-01
9.982299804687500000e-01
9.917449951171875000e-01
9.379882812500000000e-01
8.670501708984375000e-01
9.976806640625000000e-01
9.901733398437500000e-01
9.954986572265625000e-01
9.822540283203125000e-01
9.933624267578125000e-01
9.928436279296875000e-01
9.920349121093750000e-01
9.966735839843750000e-01
9.981689453125000000e-01
9.979705810546875000e-01
9.750823974609375000e-01
9.922485351562500000e-01
9.978332519531250000e-01
9.915924072265625000e-01
9.967651367187500000e-01
9.961547851562500000e-01
9.036407470703125000e-01
9.975585937500000000e-01
9.911804199218750000e-01
9.907379150390625000e-01
9.646759033203125000e-01
9.884033203125000000e-01
9.925537109375000000e-01
8.861541748046875000e-01
9.910736083984375000e-01
9.973907470703125000e-01
9.956817626953125000e-01
9.910583496093750000e-01
9.970092773437500000e-01
9.820709228515625000e-01
9.366455078125000000e-01
9.967803955078125000e-01
9.978332519531250000e-01
9.723968505859375000e-01
9.583587646484375000e-01
9.856109619140625000e-01
9.472961425781250000e-01
9.288635253906250000e-01
9.964599609375000000e-01
9.893798828125000000e-01
9.977722167968750000e-01
9.510498046875000000e-01
9.815521240234375000e-01
9.363861083984375000e-01
9.895019531250000000e-01
8.120880126953125000e-01
6.359252929687500000e-01
8.471069335937500000e-01
9.843750000000000000e-01
9.973602294921875000e-01
9.929656982421875000e-01
9.958496093750000000e-01
9.951782226562500000e-01
9.639434814453125000e-01
9.863433837890625000e-01
9.975891113281250000e-01
9.956512451171875000e-01
9.987945556640625000e-01
9.956970214843750000e-01
9.975891113281250000e-01
9.980773925781250000e-01
9.215698242187500000e-01
9.992218017578125000e-01
9.855041503906250000e-01
9.657897949218750000e-01
9.954223632812500000e-01
9.971771240234375000e-01
6.793060302734375000e-01
9.981079101562500000e-01
9.677734375000000000e-01
9.965820312500000000e-01
9.925079345703125000e-01
9.986572265625000000e-01
9.969940185546875000e-01
9.985809326171875000e-01
9.753723144531250000e-01
9.493255615234375000e-01
9.975280761718750000e-01
9.885711669921875000e-01
9.954986572265625000e-01
9.701232910156250000e-01
