9.310713254403696348e-01
9.999658615686609631e-01
1.000000000000000000e+00
9.927570093457943612e-01
7.438817410347658976e-01
9.990994976144585982e-01
7.211629740470788530e-01
9.999837996338717394e-01
9.863858333744388585e-01
9.724985270162548323e-01
9.895924283169769131e-01
9.996287703016241144e-01
8.876547250081814333e-01
9.462947692969562175e-01
9.956199969793082527e-01
8.055176779974676515e-01
6.484391368112298881e-01
9.599641956221011130e-01
9.786055019547361677e-01
9.895237311159593707e-01
4.592260630932299414e-01
3.015844517258404744e-01
9.986374371707139597e-01
9.755416831813977785e-01
8.147817283068310434e-01
9.949331271488969231e-01
9.841746696216038259e-01
9.861200287041583801e-01
9.743086498337930612e-01
9.622505062192652225e-01
9.983684790145612720e-01
9.490481719976072705e-01
1.000000000000000000e+00
9.918707465675542512e-01
9.983101391650099909e-01
9.994102675523000023e-01
9.835717433986457259e-01
7.967038042976183343e-01
9.603041605852568052e-01
9.290328591838001859e-01
8.197748917748918229e-01
1.000000000000000000e+00
9.343749999999999556e-01
1.000000000000000000e+00
9.991953678431124697e-01
8.041757556871299562e-01
9.984711649092943286e-01
9.994080535867279069e-01
9.998497169669544604e-01
1.000000000000000000e+00
9.978296698813661214e-01
9.980986242077600767e-01
9.980911062906724363e-01
1.000000000000000000e+00
9.231129680971533746e-01
9.999839478626578737e-01
9.985564610011641307e-01
1.000000000000000000e+00
9.966510080690477169e-01
9.970021557531663081e-01
9.999841792178205679e-01
9.880388906925482440e-01
9.862480416515010395e-01
1.000000000000000000e+00
8.968111440081542041e-01
9.178870766278669491e-01
9.992960913517001664e-01
1.000000000000000000e+00
9.996822987450800779e-01
9.997389672893384205e-01
9.999049580231268441e-01
1.000000000000000000e+00
1.000000000000000000e+00
1.000000000000000000e+00
9.908010189640532595e-01
9.987399075932235082e-01
5.944484252908861510e-01
9.999228918635494345e-01
9.688982161594963394e-01
9.421381631671742474e-01
9.992802763738724003e-01
1.000000000000000000e+00
9.999380881624566619e-01
9.990219813695467854e-01
1.000000000000000000e+00
9.993993709200689191e-01
1.000000000000000000e+00
9.999686190827358212e-01
1.000000000000000000e+00
9.999683383991894159e-01
9.924286172601860523e-01
1.000000000000000000e+00
1.000000000000000000e+00
9.999346522683831839e-01
1.000000000000000000e+00
1.000000000000000000e+00
9.979747356858437168e-01
9.897438070818588285e-01
1.000000000000000000e+00
7.666171862114464775e-01
9.981733876633412939e-01
1.000000000000000000e+00
1.000000000000000000e+00
9.999776151142748537e-01
9.995473577005771215e-01
9.985353692739170617e-01
9.994672177464924978e-01
9.381555760678023104e-01
5.192576397678891897e-01
8.989090119030991310e-01
9.988556897647806743e-01
9.219639617093161599e-01
8.913816270644464579e-01
9.584524456760027400e-01
1.000000000000000000e+00
9.775067750677506329e-01
9.983224922971585258e-01
1.000000000000000000e+00
1.000000000000000000e+00
9.976668806664266143e-01
9.975861138020295504e-01
1.000000000000000000e+00
7.287866772402854521e-01
9.988901748767301525e-01
1.000000000000000000e+00
9.697715636077195445e-01
1.000000000000000000e+00
9.998414636079712148e-01
9.989232149724394105e-01
9.988547614881738701e-01
1.000000000000000000e+00
9.897576310718994019e-01
9.916021581046211564e-01
7.951770451770451276e-01
9.996971725478945858e-01
1.000000000000000000e+00
1.000000000000000000e+00
9.999842589094573020e-01
1.000000000000000000e+00
9.978305638961815216e-01
9.994712894129710312e-01
1.000000000000000000e+00
1.000000000000000000e+00
1.000000000000000000e+00
6.177042191712118768e-01
9.998872222848764757e-01
1.000000000000000000e+00
9.007517709989879551e-01
9.034205231388330315e-01
6.529774465840147979e-01
7.348029392117568781e-01
9.968428233726261967e-01
9.997654674234250916e-01
1.000000000000000000e+00
9.907865944949901804e-01
9.963565527939107769e-01
9.987629258389900677e-01
1.000000000000000000e+00
1.000000000000000000e+00
9.986880678965355251e-01
9.819838709677419786e-01
1.000000000000000000e+00
9.690317799227118334e-01
9.976231916605843297e-01
1.000000000000000000e+00
8.120487974365903083e-01
9.601113172541744234e-01
1.000000000000000000e+00
1.000000000000000000e+00
9.995263432117087454e-01
9.999843351034666261e-01
1.000000000000000000e+00
9.996508324471884421e-01
9.989316239316239354e-01
1.000000000000000000e+00
1.000000000000000000e+00
1.000000000000000000e+00
9.996951529316125962e-01
9.980288362185448792e-01
9.956089820229115928e-01
1.000000000000000000e+00
9.991965764318155863e-01
1.000000000000000000e+00
1.000000000000000000e+00
9.955495857068876742e-01
9.974087161366312904e-01
9.843769726044691026e-01
1.000000000000000000e+00
9.998946014882269528e-01
9.987183262033011433e-01
9.864147934619277303e-01
9.846376859889698352e-01
1.000000000000000000e+00
9.757492612916842667e-01
9.763894464109769133e-01
1.000000000000000000e+00
9.748910470543989959e-01
9.993044717378027908e-01
9.999209798498617241e-01
9.999679943670085613e-01
9.997447827708738632e-01
9.981555976022769006e-01
8.627242790754932056e-01
1.000000000000000000e+00
9.964048319059184422e-01
9.954854771784232836e-01
9.988839641593061369e-01
9.997958558742472412e-01
9.996520710470921944e-01
9.991398858393932825e-01
9.739172259996938807e-01
9.967830313742819248e-01
9.982037176629083852e-01
9.880877742946708731e-01
9.967064635652531646e-01
9.641808806029353862e-01
9.998626703745665534e-01
9.857225895516965597e-01
9.954417017646745025e-01
8.642116413916146600e-01
9.718476227975194615e-01
9.954469003244933445e-01
9.999239803869398591e-01
1.000000000000000000e+00
9.703808180535966610e-01
9.332008499921297107e-01
9.946839820469428606e-01
9.934393604641357234e-01
9.949218227983429585e-01
1.000000000000000000e+00
9.563041808405574606e-01
1.000000000000000000e+00
8.963138982264982069e-01
9.942034139402560200e-01
9.049620390455531682e-01
9.839752746539230932e-01
9.893531976744186496e-01
9.385486877957837093e-01
9.310430207366140465e-01
9.963677120737250981e-01
9.343245557249357791e-01
9.996911483105812568e-01
1.000000000000000000e+00
9.996821176742572979e-01
9.996748154099238670e-01
9.867948817976125442e-01
9.403689778788143494e-01
9.788370589636282704e-01
9.274334224909873692e-01
9.967172753385309392e-01
9.977055814916907517e-01
9.999822811276289913e-01
9.604402935290193843e-01
9.790503379654896809e-01
9.348778706483811263e-01
9.976449178397474027e-01
9.999610614644782736e-01
1.000000000000000000e+00
1.000000000000000000e+00
9.981467539236694719e-01
7.814892908667184779e-01
1.000000000000000000e+00
1.000000000000000000e+00
9.927184466019417508e-01
8.902480655439235502e-01
9.048181631395110225e-01
1.000000000000000000e+00
1.000000000000000000e+00
9.799789902984613610e-01
9.930477356181151016e-01
1.000000000000000000e+00
1.000000000000000000e+00
9.431377974543442289e-01
9.846546834206720833e-01
9.997852541159627515e-01
9.982355267561071610e-01
9.879942250702870021e-01
9.865264343314497086e-01
8.595115467685662258e-01
9.982480374650449795e-01
9.926481346013167339e-01
9.997889485801995102e-01
9.812748179234808132e-01
9.973162549557792467e-01
9.511167390782263587e-01
9.996614702347703663e-01
9.999819266220856262e-01
9.998084924876825541e-01
9.886932676257849106e-01
9.499220142602495809e-01
1.000000000000000000e+00
9.991657010428737218e-01
9.996181085960282875e-01
9.983922829581993730e-01
9.893263423997004091e-01
9.732214606476010665e-01
9.999451162620515143e-01
9.094488188976378451e-01
1.000000000000000000e+00
5.539634850935983845e-01
9.534345253408798015e-01
9.996145414247512573e-01
9.844820205479452024e-01
1.000000000000000000e+00
9.863708995206316166e-01
9.962989709333814892e-01
9.999145386797935187e-01
1.000000000000000000e+00
9.988693333333333868e-01
9.998170812824265230e-01
1.000000000000000000e+00
8.671483993247846023e-01
9.975726901823064319e-01
9.974507703107104994e-01
1.000000000000000000e+00
9.768264638245179876e-01
9.486640648453917857e-01
9.705965308137075587e-01
7.830023271382575700e-01
9.993387764489420899e-01
9.576772577868211123e-01
1.000000000000000000e+00
8.960970771833615123e-01
1.000000000000000000e+00
9.816827428134848876e-01
1.000000000000000000e+00
1.000000000000000000e+00
9.997144760635766625e-01
9.949824509367739545e-01
9.998386431683310427e-01
1.000000000000000000e+00
9.674335010783609023e-01
1.000000000000000000e+00
9.838590947447798385e-01
9.443727159332122589e-01
6.470462603049847994e-01
9.948425894581731654e-01
8.515406162464985718e-01
1.000000000000000000e+00
1.000000000000000000e+00
9.228622279750828827e-01
9.093780932123075589e-01
9.667889735628939496e-01
9.957440771740672103e-01
8.883317345426005041e-01
1.000000000000000000e+00
9.878000787091696377e-01
9.875313108822710850e-01
9.881826831588962357e-01
9.983540416307031817e-01
9.901221197296187215e-01
9.417646264018375568e-01
1.000000000000000000e+00
1.000000000000000000e+00
9.967204736147194932e-01
9.937052834342322560e-01
8.656843045322616392e-01
9.979915897822130288e-01
9.989831818274256259e-01
9.812096593316220750e-01
9.795269466556867366e-01
1.000000000000000000e+00
9.800787775051040818e-01
9.270935141092557785e-01
9.999772716941679462e-01
9.210933962488977444e-01
9.941934224651117757e-01
9.988965841061157036e-01
8.696137339055793891e-01
7.292311661506707399e-01
9.879693486590038765e-01
9.695446873874045135e-01
9.883598875351452540e-01
9.981000179243592063e-01
9.859742228961334565e-01
9.327853182947810629e-01
9.965229610679734451e-01
8.812281336711303981e-01
9.717869142578675623e-01
9.535714285714286254e-01
1.000000000000000000e+00
9.050618010594467799e-01
9.886824448868244408e-01
1.000000000000000000e+00
9.952030235487935306e-01
1.000000000000000000e+00
9.996472270186970155e-01
9.613885505481120086e-01
1.000000000000000000e+00
9.999361104012266521e-01
1.000000000000000000e+00
9.947720260541652593e-01
1.000000000000000000e+00
9.503792667509481928e-01
1.000000000000000000e+00
1.000000000000000000e+00
9.955513931163662011e-01
9.538970962812022281e-01
9.874791318864775125e-01
9.971280980176416842e-01
7.201155873899076632e-01
1.000000000000000000e+00
9.591901297057893183e-01
9.882096557890031052e-01
9.998364329293226715e-01
9.999604625877236419e-01
1.000000000000000000e+00
9.394429677568473247e-01
1.000000000000000000e+00
1.000000000000000000e+00
9.277913973701805705e-01
1.000000000000000000e+00
9.999655089159452670e-01
1.000000000000000000e+00
9.995713214017790671e-01
9.973407688534324800e-01
9.660426520150670049e-01
9.628363027621666959e-01
8.959813458665791819e-01
1.000000000000000000e+00
9.995035372967605580e-01
4.116369952236213492e-01
9.819122314965654796e-01
1.000000000000000000e+00
9.950379973178363757e-01
1.000000000000000000e+00
9.665618143850281951e-01
9.861323904930269224e-01
1.000000000000000000e+00
1.000000000000000000e+00
9.329961778689288554e-01
9.774462381257649213e-01
9.928102144539482365e-01
1.000000000000000000e+00
6.812909732728189560e-01
1.000000000000000000e+00
1.000000000000000000e+00
9.680281738770154520e-01
1.000000000000000000e+00
1.000000000000000000e+00
9.932834017878714450e-01
9.999773432720846511e-01
1.000000000000000000e+00
9.922764759785311917e-01
1.000000000000000000e+00
1.000000000000000000e+00
9.675739745163611794e-01
9.963973492422865119e-01
9.984506933147416774e-01
9.999331416727953448e-01
9.856780616078136825e-01
9.795103247194152374e-01
1.000000000000000000e+00
9.989571579991110006e-01
9.351392823418319677e-01
9.908766594537692374e-01
1.000000000000000000e+00
9.996623088426841441e-01
1.000000000000000000e+00
1.000000000000000000e+00
9.958323118411375185e-01
9.881482451545311463e-01
1.000000000000000000e+00
1.000000000000000000e+00
6.723106066956128224e-01
9.562470753392606770e-01
9.852802607787709555e-01
9.888481000099216267e-01
9.944485728023779725e-01
9.874072058766372173e-01
9.842234375351652798e-01
9.990064849437308991e-01
9.999681188529163656e-01
9.964645516550904025e-01
1.000000000000000000e+00
1.000000000000000000e+00
1.000000000000000000e+00
9.999844078896078514e-01
1.000000000000000000e+00
1.000000000000000000e+00
9.994948378745303064e-01
9.999218664541433821e-01
9.999219128234760889e-01
1.000000000000000000e+00
1.000000000000000000e+00
9.998296053039221754e-01
9.981794211814928319e-01
9.995714591814870431e-01
9.974063892900961736e-01
9.939644218551461075e-01
1.000000000000000000e+00
9.997521685254027179e-01
1.000000000000000000e+00
9.999301675977653181e-01
1.000000000000000000e+00
9.990457489952837555e-01
1.000000000000000000e+00
9.998705752928234158e-01
1.000000000000000000e+00
9.996999936840775813e-01
1.000000000000000000e+00
1.000000000000000000e+00
1.000000000000000000e+00
9.999804255485740256e-01
1.000000000000000000e+00
8.811639031759163077e-01
1.000000000000000000e+00
9.936325695716006212e-01
9.924474341416257284e-01
9.607961741300115044e-01
1.000000000000000000e+00
1.000000000000000000e+00
9.925577875185267462e-01
9.998549229479657408e-01
1.000000000000000000e+00
9.997304325764302391e-01
1.000000000000000000e+00
9.651675841968911929e-01
8.613911890228350687e-01
9.986119558945086849e-01
9.999841126098215627e-01
9.984750585608954676e-01
9.998396690769748574e-01
1.000000000000000000e+00
1.000000000000000000e+00
1.000000000000000000e+00
1.000000000000000000e+00
9.996380859467199897e-01
1.000000000000000000e+00
1.000000000000000000e+00
9.950424026015430856e-01
9.995409358576584635e-01
1.000000000000000000e+00
1.000000000000000000e+00
9.997949656173111821e-01
9.054597873746170755e-01
9.983025273481704875e-01
9.999841350425180408e-01
9.983221747196902029e-01
1.000000000000000000e+00
1.000000000000000000e+00
1.000000000000000000e+00
9.758651929697409466e-01
9.999515088819564967e-01
1.000000000000000000e+00
9.996235294117646886e-01
9.988913174316575994e-01
9.999519731049387739e-01
1.000000000000000000e+00
9.512571200522439430e-01
1.000000000000000000e+00
9.993098147480039550e-01
9.925760357627524400e-01
9.762021473411236494e-01
9.966432809939705928e-01
1.000000000000000000e+00
1.000000000000000000e+00
9.983644095518482420e-01
9.999076681593647153e-01
9.998598720164416642e-01
1.000000000000000000e+00
9.998150701052419542e-01
9.935935275530400901e-01
9.920810683846721378e-01
8.261080886157319281e-01
1.000000000000000000e+00
9.983482774893818190e-01
1.000000000000000000e+00
1.000000000000000000e+00
9.999210634334249059e-01
9.984485709258992259e-01
9.995773523472598621e-01
1.000000000000000000e+00
1.000000000000000000e+00
9.999221389974617402e-01
9.999680761065619095e-01
9.996290285184326052e-01
9.971925884334643664e-01
1.000000000000000000e+00
1.000000000000000000e+00
1.000000000000000000e+00
9.999692255612487868e-01
9.997451623315948277e-01
1.000000000000000000e+00
9.979461362653653245e-01
9.997925443635898857e-01
6.740586165010745701e-01
9.999844648128010105e-01
9.882189340791550647e-01
1.000000000000000000e+00
9.999527447428526727e-01
9.998142242313527994e-01
9.999844648128010105e-01
9.999074302641323131e-01
9.992282267671089846e-01
1.000000000000000000e+00
1.000000000000000000e+00
1.000000000000000000e+00
1.000000000000000000e+00
9.999659620817590300e-01
