7.752271640363462835e-01
9.099318021478404184e-01
8.337760910815938953e-01
8.450439215428877660e-01
8.396073745821927004e-01
8.314663951120162544e-01
2.405401962033379970e-01
9.029657356752087694e-01
8.624474305056929468e-01
9.079839972169072571e-01
6.894308943089431096e-01
5.940141576516834165e-01
8.019612680399654803e-01
8.678082786150241867e-01
6.786676837020086950e-01
7.541505921191531403e-01
2.422537168264554674e-01
8.411575701377956849e-01
8.865989847715736172e-01
9.502134567975467627e-01
5.660709142450013331e-01
5.725597643674223969e-01
7.169432073463918309e-01
7.940682708449916527e-01
7.436770828191078264e-01
9.481019240769630319e-01
9.043648847474251573e-01
1.930800542740841175e-01
7.319355818900030730e-01
7.380978927416657065e-01
3.618010253954954680e-01
8.572836585846639323e-01
5.449610900329557861e-01
9.635367190354402478e-01
4.185553511862081799e-01
9.743127534925641875e-01
6.878901373283395904e-01
5.897452028939917934e-01
6.988361587925812080e-01
3.328467153284671576e-01
5.993841416474210426e-01
6.805613450048630941e-01
8.558872584846610732e-01
6.125818899757695668e-01
9.059319930503847429e-01
7.405164319248825899e-01
9.708097928436911772e-01
9.247563352826511096e-01
9.803568210488375900e-01
1.601601601601601588e-01
9.458258258258258611e-01
9.292817679558010857e-01
9.690231362467865983e-01
9.205315268368942094e-01
7.685666104553119382e-01
7.446726075164664671e-01
9.406071271447425941e-01
2.855291486381973665e-02
7.442824979262946394e-01
8.441688702471049632e-01
9.162401116798510881e-01
9.500408385515927145e-01
8.407574391343553000e-01
0.000000000000000000e+00
8.927713643759200846e-01
7.485444266306641170e-01
7.188457269700333496e-01
7.233811975074505574e-01
9.237283009738099793e-01
6.287646964084393497e-01
9.343936381709742056e-01
8.703035448949267838e-01
5.201701365569733060e-01
5.122948293925512209e-01
9.609596510359869059e-01
9.599065784351887842e-01
3.680446630333643609e-01
9.423368740515932762e-01
8.978659328106339821e-01
8.783606010635340855e-01
9.316791892364144623e-01
4.800159872102318093e-01
8.149150190773499780e-01
9.708087414260647696e-01
8.267997148966500509e-01
9.823555359505955487e-01
6.716044439995996207e-01
8.753894080996884597e-01
8.072584600294261392e-01
9.422004016960500161e-01
9.230033207632126757e-01
5.223076923076923617e-01
8.576036123205934558e-01
9.383200490496628188e-01
0.000000000000000000e+00
7.750501002004007711e-01
9.200627887691031903e-01
9.529846804014791006e-01
8.095838587641865924e-01
5.008517887563883608e-01
9.528795811518324665e-01
7.693399574166075450e-01
9.067593397046046499e-01
9.317221781316402662e-01
8.352454828371034257e-01
9.477503628447024875e-01
9.429237041351193893e-01
7.942993400987079511e-01
2.433572223228377129e-01
2.518943742824339971e-01
9.783352337514252817e-01
3.913626936684152513e-01
6.689309068788968915e-01
6.679718568369531484e-01
2.139415354963058180e-01
5.919866444073456080e-01
8.804221308295181458e-01
9.300783604581073227e-01
8.604669779853235667e-01
6.758720930232557933e-01
9.481624758220502658e-01
8.242424242424242209e-01
8.928023001274217885e-01
9.576131687242798174e-01
9.194699286442405972e-01
7.119864040787763360e-01
6.545154077962477279e-01
9.673776662484315780e-01
8.960574965726392227e-01
9.652436720816017779e-01
6.705012325390303785e-01
8.508945691963931690e-01
9.086618818208632709e-01
8.077394363413573641e-01
9.748542274052478529e-01
7.548713235294117752e-01
6.599450045829514666e-01
8.921974083264405664e-01
6.801018243529910468e-01
9.538539553752535261e-01
9.685966633954857796e-01
2.618025751072961538e-01
7.511844598862918998e-01
6.203892745338233095e-01
1.243538196438828264e-01
3.709261430246190150e-01
7.703543862561208488e-01
8.147352910219977096e-01
4.508210890233362300e-01
3.167905482164302677e-01
3.912704598597038230e-01
9.609990393852064772e-01
6.331334467018705503e-01
7.796327212020033315e-01
8.025466746967220288e-01
9.715826799180942164e-01
9.542857142857142927e-01
7.483981915513272520e-01
5.958972800486248556e-01
9.198829594538108223e-01
6.667621776504297770e-01
8.682840659237404113e-01
7.810616929698708244e-01
8.373972146965159569e-01
8.113632653061224609e-01
6.018231649189704768e-01
7.596594629993451697e-01
7.392790136692575231e-01
7.760474228875715585e-01
9.510588235294117343e-01
8.431439265056142052e-01
4.201133144475920900e-01
9.229470128773484827e-01
8.553378958743177440e-01
7.467738196429951625e-01
8.532802169859298180e-01
8.699076923076922707e-01
9.157961065233973796e-01
9.660093896713615180e-01
6.533606277720914735e-01
2.517121075074298941e-01
8.481203007518797188e-01
4.943038478901665145e-01
1.797223100583551225e-01
9.628387096774193576e-01
9.449555119891419608e-01
7.752569323249951516e-01
1.339556827022008179e-01
8.919630287078410547e-01
9.177263042133479987e-01
8.263637322829107124e-01
6.431430377080261662e-01
7.579068872643324184e-01
8.857464431040951158e-01
8.269280215375772736e-01
5.152676326188480038e-01
7.234725732124275277e-01
9.722480620155038444e-01
9.103149795623948215e-01
9.222340049487451896e-01
9.013120794014812809e-01
9.449330783938814093e-01
1.092034338191255755e-01
8.832271762208068200e-01
9.552778691219993012e-01
8.734164386338298947e-01
9.055776828702593040e-01
9.218388972990200214e-01
9.383917417318692333e-01
9.269882659713167827e-01
9.276317470048790481e-01
8.760909649661954290e-01
9.587873045949786288e-01
8.597509550032247372e-01
9.025423728813559698e-01
9.401891401014592642e-01
9.661774090619017485e-01
9.732916265640038089e-01
9.465877034020213632e-01
9.123005936914378999e-01
8.864672143853665753e-01
9.512876670946303070e-01
3.347938144329896670e-01
9.392428937087431429e-01
9.369030461440750468e-01
8.959482942593213206e-01
7.877730181395102838e-01
9.475521701182257894e-01
5.143443825168670935e-01
8.270858962298285322e-01
9.509684507176805468e-01
3.722706468821969095e-01
9.453730933914394896e-01
9.135563329382173636e-01
9.569888141374263135e-01
9.328444615978386256e-01
9.817394077933123686e-01
9.485460403866552426e-01
9.602627643039385319e-01
9.759046701130289492e-01
8.845617423023280912e-01
7.423262868518343272e-01
8.483988952750616264e-01
8.835690575840670080e-01
9.643470120143547986e-01
9.596965056383126580e-01
9.154287685068853708e-01
6.535440279786863815e-01
9.738980334134763606e-01
8.197236180904522440e-01
9.292002934702860983e-01
9.144697602290349225e-01
9.486437527936575353e-01
9.721776496505207810e-01
9.746652189648932207e-01
9.598832179930796293e-01
9.111648807466298239e-01
9.257913855734302144e-01
5.305706760316066806e-01
9.375512995896032598e-01
7.672367464356842914e-01
8.912161896137643646e-01
8.802834410740925097e-01
9.609137961806175632e-01
9.402042711234911421e-01
9.008215004624340327e-01
8.222088594908799619e-01
9.278543077282278562e-01
9.660791537367962034e-01
8.027673421874172988e-01
7.974071681553916990e-01
6.738987508218277078e-01
9.473099440194863163e-01
9.662159498561122550e-01
8.715494601692442833e-01
9.419619762027935383e-01
8.310126024499867592e-01
9.766503136061603918e-01
9.427238805970149516e-01
9.431866004545071958e-01
6.628475910222701994e-01
8.266188936467709913e-01
9.165621840242669238e-01
9.769101855874867679e-01
9.459089927798699504e-01
8.813471502590674023e-01
9.547363031233998543e-01
9.309776517898344927e-01
9.806872497093398477e-01
9.341818901272834763e-01
9.145229377055297260e-01
8.570700377204607534e-01
9.314516129032257563e-01
8.943687711688881326e-01
9.728083340690385494e-01
7.951825106340884020e-01
9.396627351593722643e-01
9.523096719976890112e-01
7.883985961591545299e-01
9.258946398402703171e-01
9.655435473617292041e-01
8.773084915131563744e-01
9.639322987076190952e-01
8.492174359266756456e-01
9.535230622863787309e-01
9.830025545293771261e-01
9.442485180460719052e-01
7.789967503115302616e-01
9.664199712802385989e-01
9.349473477019978329e-01
8.101062515443538947e-01
9.339273112208892336e-01
8.527323511225773922e-01
6.776695031567389060e-01
9.229882573301635418e-01
8.961724512130073705e-01
9.325584211163578940e-01
8.571144739892049280e-01
6.082437458602945046e-01
5.164384882375626651e-01
9.713116563875354714e-01
8.168376742962378811e-01
9.435771395627570168e-01
7.947506704602692595e-01
9.540259644191293464e-01
8.441362677117877356e-01
6.480041472265422042e-01
8.834176889422664658e-01
9.652293146143298141e-01
9.856697819314641507e-01
8.213222156045264510e-01
9.716978620304055347e-01
5.759512053441765422e-01
9.487493269371971572e-01
9.396911123744551286e-01
9.083700726843376705e-01
9.193839322880532627e-01
9.349590147052766476e-01
7.991149475524476076e-01
7.713393786234576943e-01
9.673934061684230645e-01
8.723897911832946273e-01
8.307899612598955708e-01
9.252772159343575220e-01
9.666045053599826575e-01
6.059278418538361910e-01
9.649196804087682988e-01
9.159304580559556319e-01
9.739858241592519450e-01
9.228933733296973418e-01
9.776506639427987588e-01
9.423359942915756626e-01
8.401452412041425788e-01
9.054663991975927528e-01
9.825924014882002622e-01
9.750297265160523530e-01
9.645261173936456878e-01
9.054332484303768691e-01
9.869456531802610622e-01
9.288872512896094724e-01
9.139633286318759042e-01
7.574454631678786409e-01
9.704764354511418167e-01
8.593282160161140881e-01
8.676795289664598343e-01
9.338144902248483037e-01
9.793909946264232058e-01
8.563468570433571125e-01
9.306154264051114122e-01
9.150254561266827347e-01
9.725511199525621597e-01
9.258237662144028768e-01
9.683421942967617158e-01
9.229208635149229734e-01
9.490740740740740700e-01
8.811815022721197765e-01
9.783619009544750611e-01
7.985311631599840698e-01
9.766624100086983562e-01
9.356381022434718808e-01
8.839413141519666395e-01
9.265406139984805334e-01
9.435738068812430379e-01
7.475996234703482513e-01
9.636660240249147469e-01
8.796296296296296502e-01
9.123035431972472686e-01
9.671841824713545144e-01
7.917017691659645751e-01
9.032695939565628107e-01
8.769182586908863541e-01
7.394906915049025420e-01
7.690941385435168254e-01
9.094286312264545646e-01
4.883612352431134784e-01
7.056355754439938011e-01
9.779858551648570320e-01
9.440142296262553634e-01
6.931692147097840984e-01
9.800955077547225391e-01
4.978343683139382914e-02
8.366420873511061229e-01
9.890015405008418803e-01
9.573469009772626048e-01
9.539739027283511419e-01
8.628897338403042072e-01
9.138576779026217345e-01
8.899781503180772546e-01
8.610855565777368881e-01
7.524175129986879762e-01
9.441790483355275709e-01
8.422192151556157080e-01
8.896566933764610274e-01
9.133225192185626673e-01
9.658115041857953109e-01
9.485531174895953654e-01
9.313792165397171141e-01
9.681567666870789513e-01
7.884715121878935751e-01
5.467426710097720299e-01
9.520324738436910517e-01
2.133202365954175728e-01
9.167241247222860379e-01
6.204284530713694013e-01
9.031130130730892214e-01
0.000000000000000000e+00
9.553019238744342445e-01
9.803941346311449978e-01
7.240931348056360850e-01
9.225471603952489774e-01
9.397825770645824583e-01
7.884118465513814122e-01
9.785866612135198928e-01
7.629365786088849744e-01
8.724348509583409461e-01
9.041053685588846811e-01
8.738409267866833474e-01
9.593006313744536495e-01
7.657770800627943242e-01
8.197797824356592988e-01
7.002066145554897147e-01
8.264648624934879395e-01
7.193736905943323157e-01
6.138410207962115006e-01
8.103738993121537559e-01
9.009503388875765850e-01
9.167079129386382919e-01
9.327226463104325571e-01
9.316418936991326394e-01
8.905506458191706498e-01
9.627672457449854004e-01
9.786704187471205740e-01
9.192793078815778562e-01
9.573577981651376634e-01
9.211226750394466700e-01
9.499875058008782069e-01
8.594164456233421845e-01
8.844753392916252510e-01
5.972712791744581029e-01
8.834999999999999520e-01
9.749896529296990799e-01
9.242693706367955953e-01
7.800562927221551535e-01
0.000000000000000000e+00
3.758342114506498244e-01
9.321217486395708685e-01
9.834147449733044999e-01
9.770698977265325214e-01
9.219683035601804466e-01
9.345584777339651650e-01
9.827851644506647721e-01
9.321644750573992999e-01
9.010773751224290251e-01
9.338747099767981119e-01
6.525561706284598307e-01
9.051049170059505267e-01
6.909547738693467833e-01
9.549012299664554337e-01
8.932496075353217879e-01
7.419620774938169294e-01
9.208353569694026630e-01
9.494401085850017186e-01
9.506601806810285327e-01
2.494390426327598997e-01
7.726532826912642093e-01
9.772961816305469895e-01
9.594195108841708786e-01
9.055690072639225319e-01
8.930075821398483216e-01
8.115234375000000000e-01
9.180811808118081174e-01
8.535475234270415434e-01
8.358708891595615365e-01
9.613329141779314302e-01
6.086683417085426706e-01
9.681949223472519073e-01
8.641345908743308657e-01
9.700565751345384680e-01
9.196740395809079871e-01
9.401668653158522515e-01
8.404287901990811216e-01
9.196850393700787274e-01
3.688383316097897380e-01
8.593756166870584190e-01
7.682912777969812534e-01
5.017891923721520264e-01
9.508949059201468046e-01
9.614028213166144754e-01
9.700693630633769882e-01
9.241011009912578622e-01
8.677071720549981437e-01
8.515051859347331220e-01
8.019457956914524122e-01
9.425945457284917728e-01
9.511323003575685719e-01
9.788717948717948758e-01
9.230401529636711455e-01
8.990933201751680759e-01
5.380116959064327187e-01
9.663692518874399395e-01
8.338952573612047336e-01
9.380902413431270181e-01
7.497538885607403225e-01
8.515103338632750152e-01
9.483421681737864706e-01
8.448598130841121767e-01
9.323671497584541390e-01
9.728900255754475701e-01
9.206691851052347664e-01
8.053058539793904735e-01
9.429928741092636901e-01
9.799658994032395265e-01
8.140670791273201257e-01
8.634812286689419469e-01
9.469808541973490090e-01
8.200883002207505212e-01
9.672801635991820079e-01
8.711131140153222097e-01
9.120404822146153112e-01
7.827481732311530882e-01
8.437309489941069440e-01
9.170452633350160143e-01
6.018557318168212822e-01
9.076305220883533753e-01
8.462021343377275073e-01
9.151932873838777294e-01
9.227411610650371188e-01
9.675902602854743462e-01
8.500062758880381208e-01
8.175867828285108274e-01
9.142425387230826983e-01
9.646193037078969468e-01
8.261551874455099753e-01
7.220447284345048455e-01
8.510045752934155550e-01
5.855391314311905182e-01
8.035511593967893385e-01
9.370629370629370847e-01
8.661257606490871952e-01
9.319286871961102170e-01
5.263046916183446999e-01
8.594264221908791690e-01
5.225433526011560303e-01
9.557276803913574703e-01
2.394298636332488073e-01
4.691070581641012538e-01
6.456810808883818309e-01
9.088948103032610248e-01
9.102990033222591038e-01
8.760541783797597404e-01
9.547975130230212937e-01
8.947368421052631637e-01
0.000000000000000000e+00
8.355953115360887917e-01
9.348350764279967917e-01
9.429198682766191109e-01
9.640718562874251996e-01
9.765593961064760187e-01
9.036579082946935015e-01
9.632516703786191403e-01
6.996839925901711110e-01
9.298245614035087758e-01
9.185257032007759781e-01
9.333372872308878243e-01
9.019843656043294855e-01
9.692747409789210788e-01
1.121574616102485739e-01
9.376422394173873354e-01
8.028242677824267703e-01
8.078889700511322491e-01
8.424908424908424953e-01
9.516483516483515981e-01
8.827190043082814297e-01
9.268292682926829729e-01
8.230314960629920851e-01
7.105951099492542333e-01
9.329424697691461876e-01
6.625310173697270821e-01
9.111229377328365908e-01
8.063380281690141205e-01
