7.964432334910436229e-01
9.171855541718555438e-01
8.505704133158780156e-01
8.451764705882353068e-01
8.255424560759667685e-01
8.347744800186959191e-01
2.351835234798957397e-01
9.143669985775249032e-01
8.326530612244897878e-01
8.976269632007336519e-01
6.773817557205079609e-01
6.357757618050708937e-01
8.006191762527695710e-01
8.595514741706405948e-01
6.962577025199138125e-01
7.533682562387644666e-01
2.404330138592015442e-01
8.427652559321118231e-01
8.845213556397104604e-01
9.439122838725224618e-01
5.748558675841547450e-01
5.993594496011387385e-01
7.191285197420166364e-01
7.076679841897233203e-01
7.369635060548644923e-01
9.302608872195715639e-01
8.722800378429517165e-01
3.026340139411510810e-01
7.511119017968332923e-01
7.062840072548810522e-01
3.843413568462280550e-01
8.514929025942241658e-01
5.753373413493654276e-01
9.550529215600985777e-01
4.640743101721154784e-01
9.652406417112299186e-01
6.961339724833468523e-01
5.831895334609230597e-01
7.228304947283049620e-01
3.105420866248978506e-01
5.667250693531902250e-01
7.233127184727077275e-01
8.478775147145101165e-01
6.414199103769440136e-01
8.986804901036757887e-01
7.593563047813384204e-01
9.615474248426940651e-01
8.972890416189385210e-01
9.775179856115108201e-01
5.146953405017921090e-01
9.441927021225852146e-01
8.921775898520084569e-01
9.616746774601568903e-01
9.251524192502269539e-01
7.515104769250546823e-01
7.925650557620818049e-01
9.202772963604852752e-01
3.430524582647297843e-02
7.551387537232003844e-01
8.661375661375660950e-01
9.274230592558566633e-01
9.141285124778935067e-01
7.208371806709756857e-01
1.252963933607887104e-01
8.883022794273492950e-01
7.469076305220883061e-01
7.322030928286678009e-01
7.340139709833423121e-01
9.301181692759882269e-01
7.848277785525031858e-01
9.353363814500326168e-01
8.946716232961585691e-01
5.516848516717058892e-01
5.457831325301204517e-01
9.591858712039629253e-01
9.393019726858876650e-01
3.964944438079963107e-01
9.509157509157508681e-01
8.974215027090540753e-01
8.859928949467120729e-01
9.421935921342600162e-01
6.164620281946339153e-01
8.437856328392245864e-01
9.659628112196659844e-01
8.573402417962003863e-01
9.741681260945709298e-01
7.091648905250920176e-01
9.058080048149262931e-01
8.167369445345442625e-01
9.478337754199823717e-01
9.266709565509330115e-01
5.468986384266263379e-01
8.564971751412429057e-01
9.435523114355230945e-01
1.652939505822209609e-02
7.878036688150719113e-01
9.308996088657105483e-01
9.489773597287541884e-01
8.451590353023418212e-01
5.121704785524019421e-01
9.212846347607053232e-01
7.949965253648366703e-01
9.097147610300488907e-01
9.368630248675091643e-01
8.596968871948452717e-01
8.965981812057931544e-01
9.491622511814405971e-01
8.018304112912117976e-01
2.482907900641448673e-01
2.145018054064604385e-01
9.682748263562981350e-01
3.815413891531874158e-01
6.271434644999763774e-01
6.688440452583692686e-01
2.502884716248819919e-01
5.887013939838591225e-01
8.943347704409650989e-01
9.376597943752379427e-01
8.847509858713535902e-01
7.724024189114898631e-01
9.108873974645786964e-01
8.564210526315789718e-01
8.708756098374137444e-01
9.492477432296890782e-01
9.419862340216322849e-01
7.281052118850462884e-01
6.753122457769057396e-01
9.682638456751710976e-01
9.125472179683512541e-01
9.605114704776231971e-01
7.012957229675496063e-01
8.495945261023821748e-01
9.161092735513903795e-01
7.879764474577645172e-01
9.731567644953471596e-01
7.669973605169746467e-01
7.096204766107678807e-01
8.900578642819568786e-01
7.060862331900734645e-01
9.263773768893223126e-01
9.684924866698981782e-01
2.633777600954843590e-01
7.718099968953741064e-01
6.526651601754619447e-01
1.239001359181629569e-01
6.691533010070869203e-01
7.891467799934619443e-01
8.302915880008391314e-01
4.245388933440256696e-01
3.064941590252480696e-01
3.936480855671117829e-01
9.492298916143753207e-01
6.531511679153811922e-01
8.285256410256410797e-01
8.377355385501522589e-01
9.666220304518177153e-01
9.462191670036392832e-01
7.705302163369843749e-01
6.082058079286660757e-01
9.197480142426732730e-01
6.609152288072017711e-01
8.838113577869535220e-01
7.530988987604404494e-01
8.545964974822868321e-01
8.290502074555337053e-01
6.162410532826720910e-01
6.038993710691823447e-01
7.610706877819115590e-01
8.361484874510927146e-01
9.565217391304348116e-01
8.692206076618229638e-01
4.537325847369515497e-01
9.003189792663477409e-01
8.716346545681762370e-01
7.815176558978211840e-01
8.587937579080556771e-01
8.801535789377457064e-01
9.140886634172220582e-01
9.546380299944454695e-01
6.896416298478154072e-01
2.091884767463754458e-01
8.735192054565035225e-01
5.301672795069656274e-01
2.172358456037613572e-01
9.474752600862724750e-01
9.501112484548825954e-01
5.664837484170536230e-01
1.575817641228939581e-01
9.134197837740708481e-01
9.121408830901729381e-01
8.369470339722775432e-01
6.113636363636363313e-01
7.683326974437237888e-01
8.865147468318463897e-01
8.382352941176470784e-01
5.321415887297265002e-01
7.544744778601426560e-01
9.699248120300751896e-01
9.277136802448787689e-01
9.484324139112557672e-01
9.009097060371400456e-01
9.121986326016552349e-01
1.042456406368460903e-01
9.152960526315789824e-01
9.315552699228791811e-01
8.616942909760589853e-01
9.076501259964816493e-01
9.285036380892123242e-01
9.354922279792745599e-01
9.242132305716120877e-01
9.252298471072281094e-01
8.961599905331045779e-01
9.542102028272895220e-01
8.661826743843814569e-01
8.653733098177542882e-01
9.190709046454768050e-01
9.697651525805091044e-01
9.757207285111817452e-01
9.541443924455706993e-01
9.060714677017952523e-01
8.720088615085808126e-01
9.419383989758265407e-01
4.248540856031128299e-01
9.434654262456391161e-01
9.378823186717156757e-01
8.817507730179220404e-01
7.921597247562945920e-01
9.342260732571878723e-01
5.223887129955208097e-01
8.278280992930882043e-01
9.424250338327120335e-01
4.221770091556459881e-01
9.437610376956336866e-01
9.339301599853147007e-01
9.560284450658027566e-01
9.359361477065102353e-01
9.784591654921149795e-01
9.455612560637214337e-01
9.577753684765728526e-01
9.739267382174521259e-01
8.076868968233871238e-01
7.427054697127689620e-01
8.490002984183825374e-01
8.858753399247213389e-01
9.635042170313653509e-01
9.520394441954280751e-01
8.955175508575987653e-01
6.422320676650433713e-01
9.616441068026032601e-01
8.121960916235970718e-01
8.985347985347985622e-01
9.175729482379508806e-01
9.358989219891039602e-01
9.682285590254225971e-01
9.666816913762228403e-01
9.546652325894057212e-01
9.127835683629674790e-01
9.291257113295395831e-01
5.465438426374844560e-01
9.424763717957435061e-01
7.626918282250784165e-01
8.933294036742313038e-01
8.815495406009435930e-01
9.565913538516278569e-01
9.365952920501318113e-01
8.928160092139361126e-01
8.265601597603594586e-01
9.302271403610948841e-01
9.643685303344902149e-01
7.884362680683311142e-01
8.006398009508153280e-01
6.966074313408723295e-01
9.488129134465115300e-01
9.614869654249035280e-01
8.764201252028750444e-01
9.401212121212121353e-01
8.286650644526982745e-01
9.701797892126472478e-01
9.403163950143815786e-01
9.337597845299216992e-01
6.621311247216035145e-01
8.368513821417823406e-01
9.137828517065049727e-01
9.730249286865930713e-01
9.388445503275759663e-01
8.817425606723265918e-01
9.570188871873405168e-01
9.282416567735127799e-01
9.772932524835504786e-01
9.335084263514992209e-01
9.151539160627315539e-01
8.629544362081614794e-01
9.285474672928547557e-01
8.966873907130367138e-01
9.655716854523924697e-01
7.925904317386230913e-01
9.398811263763032775e-01
9.472527184936078148e-01
7.938209084128292625e-01
9.308274450750994022e-01
9.592792923171548081e-01
8.773606901375612388e-01
9.632639850394691949e-01
8.544427732213298876e-01
9.592804578904333690e-01
9.746661429693637135e-01
9.429834419719786975e-01
7.901706815155550290e-01
9.649805447470817255e-01
9.318763536129158753e-01
8.137945191419481139e-01
9.326842469077699649e-01
8.557138012885724399e-01
6.891448207815185079e-01
9.235861275003597326e-01
8.873578992266750731e-01
9.221341097187299995e-01
8.519055899520417974e-01
5.896682643577453309e-01
5.379264657171248798e-01
9.688952975104466736e-01
8.187023903335960417e-01
9.402250458118156518e-01
8.041278889144030106e-01
9.428487475207522062e-01
8.468182013492029370e-01
6.549767921609076504e-01
8.839561193006513218e-01
9.608721441574114008e-01
9.822374571517606956e-01
8.296865759905381887e-01
9.694836619605646799e-01
5.896735222206241911e-01
9.386190499296424017e-01
9.285915228807202215e-01
9.111813676690988517e-01
9.142049567405466926e-01
9.269236007081573803e-01
8.065155422831545851e-01
7.778073522018158492e-01
9.645996271096152208e-01
8.373094685458591924e-01
8.334562273763238549e-01
9.261985736220529342e-01
9.644393592677346083e-01
6.069940397700300805e-01
9.659433030660661279e-01
9.132154384688820903e-01
9.641698668953432305e-01
9.197612958226768498e-01
9.740466751134180257e-01
9.405114281263213805e-01
8.444650367096727672e-01
9.152247522599484819e-01
9.778417422473252296e-01
9.659120821268755153e-01
9.655249985940048685e-01
9.118377349972590640e-01
9.813910355486862302e-01
9.256825694812880201e-01
9.110926168113184787e-01
7.712749327830925594e-01
9.679095529035574019e-01
8.362380531684202589e-01
8.734467996240994347e-01
9.293021051384335873e-01
9.755715434249314644e-01
8.656362648758085809e-01
9.230496872418270105e-01
9.033040538057260926e-01
9.646481924962937438e-01
9.172304166204576781e-01
9.563050207018530813e-01
9.241814392966229974e-01
9.435091898155598678e-01
8.562798402026697842e-01
9.680957128614157137e-01
7.867849296118479829e-01
9.731189758200284867e-01
9.270836253539289640e-01
8.919118063821345199e-01
9.274393900454038775e-01
9.300705467372134549e-01
7.447638216240014541e-01
9.621260209047437506e-01
8.791233619521011677e-01
9.178258866881621181e-01
9.616126647554137374e-01
8.032957863996662562e-01
9.046258944082918863e-01
8.762143528674396498e-01
7.523215875842768074e-01
7.810026385224274614e-01
9.018239966261334395e-01
5.055553723912828978e-01
7.057907037133211992e-01
9.711643631301580815e-01
9.363447918466056841e-01
6.969395694648569117e-01
9.747070230166090532e-01
4.871323529411764747e-02
8.400414742200018603e-01
9.862538944306274979e-01
9.583963609058558930e-01
9.491725768321512824e-01
8.644177133533184065e-01
9.185461323392357658e-01
8.920505171812652678e-01
8.627595076244718442e-01
7.631160572337043480e-01
9.367240089753178234e-01
8.426368473261790504e-01
8.972957212624826928e-01
9.167604049493813800e-01
9.626873719400409479e-01
9.473889094341826356e-01
9.277088055207874939e-01
9.609119860443416927e-01
7.676272225628448798e-01
5.509905813575836087e-01
9.593167003821083672e-01
2.184966917005297660e-01
9.069484567431960187e-01
6.259577979488388788e-01
9.185313703977751043e-01
2.785500844484864111e-02
9.523485486094944719e-01
9.757421243941841738e-01
7.263840399002493564e-01
9.240809006675301251e-01
9.318411344009562836e-01
7.629679603864610860e-01
9.709968739145536931e-01
7.665367730478962471e-01
8.754966566527764282e-01
9.070517744661238391e-01
8.772053634438955472e-01
9.611368106146643830e-01
7.670352074021798972e-01
8.263192612137203463e-01
7.031793450808907497e-01
8.310120705663881502e-01
7.219104214812369635e-01
6.187552896019835602e-01
8.075014085262790520e-01
9.017087033102721971e-01
9.163579495199395408e-01
9.170483460559796240e-01
9.354349802970597372e-01
8.905434152001546755e-01
9.560295467459242191e-01
9.753044949551499254e-01
9.196513470681457747e-01
9.472757937962894559e-01
9.088022354883780185e-01
9.350032390412438277e-01
8.656891495601173325e-01
8.686203490286467099e-01
6.623518145494171616e-01
8.501544799176107281e-01
9.685224336387127098e-01
9.278149100257069293e-01
7.823411371237458667e-01
0.000000000000000000e+00
3.690812166823455587e-01
9.332221020112881904e-01
9.797714609500425276e-01
9.705062552667401699e-01
9.057830092118730470e-01
9.219662615635769720e-01
9.798951659871869557e-01
9.302809573361082718e-01
9.077848961366724589e-01
9.257340241796200297e-01
6.863492063492063755e-01
9.116279069767442289e-01
7.415458937198067257e-01
9.518518518518518379e-01
9.051657671549729889e-01
7.955801104972375359e-01
9.251858736059479504e-01
9.493333333333333623e-01
9.482233502538071068e-01
2.853479853479853334e-01
7.931172468987595092e-01
9.700963000506842571e-01
9.441192123469930308e-01
6.633165829145728498e-01
8.509615384615384359e-01
8.192541856925418253e-01
9.254168957302547627e-01
8.706564342412963509e-01
8.436413125661575974e-01
9.642991356632845124e-01
8.130168044811949546e-01
9.712051517939281897e-01
8.713272543059776831e-01
9.741414694212614522e-01
9.270913277052954538e-01
9.404285377913821353e-01
8.520315342631897826e-01
9.205020920502091641e-01
4.508102799148797080e-01
8.724151385095590960e-01
8.252747252747252293e-01
5.118400280652517509e-01
9.583333333333333703e-01
9.514845720939258955e-01
9.732214973594284224e-01
9.132713929359025373e-01
8.668650055782819441e-01
8.621553884711778970e-01
6.759730661849235878e-01
9.480732033923523483e-01
9.543371244270921760e-01
9.762975071516142300e-01
9.362253919603913399e-01
8.787300071616137576e-01
5.638047559449311796e-01
9.486833220796758726e-01
8.590809628008753140e-01
9.245717207875223664e-01
7.761308950914340699e-01
8.630783758262511318e-01
9.513939268317960218e-01
8.627760252365930249e-01
9.420828905419765809e-01
9.697428139183056350e-01
9.290666666666667073e-01
8.237452779276848158e-01
9.165023011176857137e-01
9.699279966116052254e-01
8.217405370430281852e-01
8.814317673378075924e-01
9.417744916820702805e-01
8.192977938020430395e-01
9.593289273004576012e-01
8.698784331382259927e-01
9.128249317822777487e-01
7.959453503746143355e-01
8.458417849898579588e-01
9.180107526881720048e-01
5.965936739659367660e-01
9.134487350199733680e-01
9.010989010989011172e-01
9.177564661435628768e-01
8.885083713850837617e-01
9.671140939597315800e-01
8.528859396519343772e-01
8.186424390670044016e-01
9.207660533233195110e-01
9.601794727986538991e-01
7.314031180400890619e-01
6.116408140031307505e-01
8.321167883211678662e-01
6.114735658042744770e-01
8.124094640270400625e-01
9.165467625899280657e-01
5.910693301997649307e-01
9.440184049079755058e-01
7.266530334014996706e-01
8.898204684224915173e-01
6.796280642434489039e-01
9.446589446589446215e-01
2.214073465258898643e-01
4.939769256871394676e-01
6.597160904706921292e-01
9.366885124273525154e-01
9.185115402731982570e-01
8.837912780438618165e-01
9.555845852384062811e-01
8.985228002569043415e-01
0.000000000000000000e+00
8.655146506386175442e-01
9.377952755905512028e-01
9.481535382936147061e-01
9.539358600583089931e-01
9.720404521118382046e-01
9.198782961460446606e-01
9.650388457269700737e-01
7.255153262843105910e-01
9.521126760563379809e-01
9.236825192802056161e-01
9.335270398481972931e-01
8.329621380846324863e-01
9.672740137979833897e-01
1.117450657199611230e-01
9.448398576512455627e-01
5.924353531455036626e-01
8.409090909090909394e-01
8.697267179623242583e-01
9.525350593311758818e-01
9.089227924179380524e-01
9.330453563714903309e-01
8.470432145564822379e-01
7.530671425384787288e-01
9.410909090909090891e-01
6.985915492957746054e-01
9.223070845404266471e-01
8.331344809953979968e-01
