9.622192382812500000e-01
9.941864013671875000e-01
9.636840820312500000e-01
8.663635253906250000e-01
9.045104980468750000e-01
9.419097900390625000e-01
9.306945800781250000e-01
9.656524658203125000e-01
9.764556884765625000e-01
9.799652099609375000e-01
9.148864746093750000e-01
9.376525878906250000e-01
9.636688232421875000e-01
9.596862792968750000e-01
4.073791503906250000e-01
7.876129150390625000e-01
6.429443359375000000e-01
9.513092041015625000e-01
6.657409667968750000e-01
9.619598388671875000e-01
8.645782470703125000e-01
7.070159912109375000e-01
6.799468994140625000e-01
8.548583984375000000e-01
7.454833984375000000e-01
9.653167724609375000e-01
8.955078125000000000e-01
9.892272949218750000e-01
3.427734375000000000e-01
9.821319580078125000e-01
8.018188476562500000e-01
7.835693359375000000e-01
9.329223632812500000e-01
8.707580566406250000e-01
8.913879394531250000e-01
7.010955810546875000e-01
6.381225585937500000e-01
4.212188720703125000e-01
4.212493896484375000e-01
9.836425781250000000e-01
9.842529296875000000e-01
9.010925292968750000e-01
3.126220703125000000e-01
9.488067626953125000e-01
9.818878173828125000e-01
9.903717041015625000e-01
9.230957031250000000e-01
9.651947021484375000e-01
9.643859863281250000e-01
9.236297607421875000e-01
9.052886962890625000e-01
9.911193847656250000e-01
9.822540283203125000e-01
9.862213134765625000e-01
9.787139892578125000e-01
9.931945800781250000e-01
9.860534667968750000e-01
9.953765869140625000e-01
9.481048583984375000e-01
9.781036376953125000e-01
9.919128417968750000e-01
9.909667968750000000e-01
6.073303222656250000e-01
9.978942871093750000e-01
9.853820800781250000e-01
9.930725097656250000e-01
9.625854492187500000e-01
9.888610839843750000e-01
9.832763671875000000e-01
9.724121093750000000e-01
9.325103759765625000e-01
9.643707275390625000e-01
9.903259277343750000e-01
9.921569824218750000e-01
9.832458496093750000e-01
9.934082031250000000e-01
9.747619628906250000e-01
9.642639160156250000e-01
9.901733398437500000e-01
9.471435546875000000e-01
9.872589111328125000e-01
8.525695800781250000e-01
9.836425781250000000e-01
9.818115234375000000e-01
9.837341308593750000e-01
9.750366210937500000e-01
7.321777343750000000e-01
9.675445556640625000e-01
9.524078369140625000e-01
6.279754638671875000e-01
7.623443603515625000e-01
8.967285156250000000e-01
9.000244140625000000e-01
9.434661865234375000e-01
9.734191894531250000e-01
9.127502441406250000e-01
9.664001464843750000e-01
9.435424804687500000e-01
9.930877685546875000e-01
3.799591064453125000e-01
8.751220703125000000e-01
9.865570068359375000e-01
9.515533447265625000e-01
9.825286865234375000e-01
9.725799560546875000e-01
8.817596435546875000e-01
6.289215087890625000e-01
9.137878417968750000e-01
6.887359619140625000e-01
9.658508300781250000e-01
9.309692382812500000e-01
6.943206787109375000e-01
8.466186523437500000e-01
6.962738037109375000e-01
8.164367675781250000e-01
9.116363525390625000e-01
9.475250244140625000e-01
9.739227294921875000e-01
9.723205566406250000e-01
9.557037353515625000e-01
9.092712402343750000e-01
7.944488525390625000e-01
9.556732177734375000e-01
9.570007324218750000e-01
7.488861083984375000e-01
4.657440185546875000e-01
8.967132568359375000e-01
7.417297363281250000e-01
9.778137207031250000e-01
9.765167236328125000e-01
8.822937011718750000e-01
9.219512939453125000e-01
7.351379394531250000e-01
8.853302001953125000e-01
9.124450683593750000e-01
9.592132568359375000e-01
9.013519287109375000e-01
7.667999267578125000e-01
9.833526611328125000e-01
8.080596923828125000e-01
9.359130859375000000e-01
7.816314697265625000e-01
6.378936767578125000e-01
9.801635742187500000e-01
9.734191894531250000e-01
8.855285644531250000e-01
9.174957275390625000e-01
9.667053222656250000e-01
7.050933837890625000e-01
4.972991943359375000e-01
9.323730468750000000e-01
9.670257568359375000e-01
8.000946044921875000e-01
9.086761474609375000e-01
9.809265136718750000e-01
9.671325683593750000e-01
9.809875488281250000e-01
6.702728271484375000e-01
5.819702148437500000e-01
7.517089843750000000e-01
9.774322509765625000e-01
9.561614990234375000e-01
9.390869140625000000e-01
9.632263183593750000e-01
9.461975097656250000e-01
9.862213134765625000e-01
9.244842529296875000e-01
9.973602294921875000e-01
9.940032958984375000e-01
5.839233398437500000e-01
9.023284912109375000e-01
9.733581542968750000e-01
7.951507568359375000e-01
9.828796386718750000e-01
9.886932373046875000e-01
8.513031005859375000e-01
8.271331787109375000e-01
9.707641601562500000e-01
8.434295654296875000e-01
9.587097167968750000e-01
9.742279052734375000e-01
4.906158447265625000e-01
9.160614013671875000e-01
9.616546630859375000e-01
8.749542236328125000e-01
8.494110107421875000e-01
9.962921142578125000e-01
9.529724121093750000e-01
9.756622314453125000e-01
9.716491699218750000e-01
9.788208007812500000e-01
9.729766845703125000e-01
9.855346679687500000e-01
6.066741943359375000e-01
8.479309082031250000e-01
9.871826171875000000e-01
