7.587214967842526026e-01
8.549676437000380824e-01
8.170919151552412663e-01
7.365539646251955119e-01
4.337676438653637612e-01
5.351080718036390627e-01
3.067765567765567969e-01
6.466802699733166238e-01
8.346372307362555087e-01
9.333739280458720478e-01
6.318637803590284596e-01
2.295552367288378887e-02
4.900406939387448868e-01
0.000000000000000000e+00
3.190138869406649036e-01
3.765285554311310068e-01
2.465224111282843800e-01
3.462405244826879946e-01
2.550499897980004205e-01
0.000000000000000000e+00
2.501056189269116881e-01
2.468128505864354838e-01
3.799331894640375906e-01
2.357383898441266223e-01
7.082487931155111438e-01
7.908731254025209712e-01
5.858732462506047733e-01
6.047032474804031610e-01
8.992562542258282499e-02
9.300519682217310846e-01
6.078028747433265044e-01
5.846316036078247347e-01
6.225313412330414353e-01
7.237623116561215930e-01
7.185226194242327891e-01
6.395967103931705644e-01
5.524100705846827220e-01
2.318705575018731868e-01
3.623427772836996380e-02
4.656031904287138423e-01
7.299843014128728491e-01
6.593799264319495368e-01
3.574639325313583305e-02
6.896679308112108053e-01
7.376795580110496742e-01
8.421315986990243196e-01
5.021730541288028649e-01
8.947246965431301380e-01
6.622286541244573055e-01
5.878283784896648489e-01
7.868402074247055067e-01
9.777301599448993130e-01
8.079273327828241369e-01
8.792942120037428033e-01
8.948994198749340434e-01
9.426735218508996983e-01
6.967485069674850262e-01
9.046270066100093876e-01
1.903663109316412055e-02
9.230934133662039853e-01
8.504514672686229737e-01
8.667266996848266292e-01
5.054604486422668158e-02
8.804159445407279128e-01
6.521423384168482107e-01
9.239530988274706758e-01
7.050757757998556974e-01
9.083375188347564411e-01
7.778678556951763579e-01
8.499335989375830236e-01
8.817853801951088810e-01
8.621035847162346055e-01
9.216897233201580830e-01
8.847016599371915202e-01
7.702928870292886643e-01
8.705035971223021862e-01
9.432628979143797832e-01
7.738945742421317053e-01
8.633856597369538033e-01
9.594113235845519450e-01
9.399669278884176249e-01
5.059822067696083669e-01
8.583509513742071384e-01
8.902191932215878234e-01
8.013417815877749151e-01
8.814836279339322012e-01
5.942484627120995233e-01
8.853060124022648081e-01
7.880970174604252643e-01
5.911217696087474049e-01
0.000000000000000000e+00
8.446209651499150262e-01
6.195563813726628899e-01
0.000000000000000000e+00
8.225707883479324023e-01
8.632646228896647678e-01
7.797118847539015185e-01
7.099858912055181381e-01
7.762962962962962621e-01
1.523602912034043300e-01
5.794017884674683705e-01
8.264039408866995506e-01
6.668065904082275397e-01
9.142643204792212375e-01
8.220615902564610833e-01
4.153904187099207723e-01
2.166532452890964633e-01
6.551092662678549283e-01
2.727888488823927982e-01
8.157418080026346274e-01
8.527918781725888353e-01
4.400279524807826914e-01
6.543804153486453279e-01
2.310812376868698614e-01
4.574237777376871650e-01
2.177495609887883377e-01
1.993015133876600564e-01
9.117388834374838824e-01
5.323590814196241944e-02
7.862454900228259547e-01
3.313090418353576427e-01
3.826658099521667439e-02
7.751025779979870967e-01
7.633126154879892322e-01
3.300085494442861478e-01
1.965994355338335497e-01
2.711316894583826742e-01
2.114237793514722463e-01
9.056456846203764233e-01
8.431672271476612357e-01
7.392861971069352167e-01
6.505431440869030579e-01
4.108342950240988500e-01
7.508536949242449188e-01
8.334010800766505911e-01
8.661291130365101898e-01
7.741484716157205348e-01
5.904328018223234942e-01
1.876396128071481650e-01
4.637421665174574770e-01
7.278735259815990455e-01
3.100139819680825526e-01
1.592205491585473864e-01
6.850775193798449569e-01
7.171159467359532469e-01
6.763310035378375940e-01
6.103624702745550357e-01
8.827638082957232069e-01
2.139341928661487868e-01
3.346191909195564973e-01
8.134680134680134511e-01
7.201139748737209745e-01
6.911962286387742793e-01
8.045075943165115318e-01
9.483300264550265091e-01
9.260403790688092052e-01
6.388405797101449624e-01
6.141870056598046634e-01
1.735746606334841735e-01
2.589489024501320791e-01
7.895261135619752180e-01
8.959698736285620635e-01
3.980699638118214700e-01
7.068126520681264902e-01
8.882762991128010377e-01
9.636605094772425772e-01
8.300539129837574137e-01
9.730067093150257529e-01
8.989457444073026826e-01
4.341094923836799069e-01
7.678020821997315615e-01
8.936273912513708062e-01
6.540394279087746732e-01
6.988727858293075634e-01
9.181848294137131550e-01
7.960401012997342374e-01
0.000000000000000000e+00
5.757307351638618620e-01
3.196074530866653274e-01
8.419207851384507002e-01
8.884927708457119877e-01
3.954435973125192683e-01
7.603989720806655361e-01
8.016104839346333000e-01
8.270038631230077764e-01
7.315361388427953360e-01
9.588623666835957016e-01
8.042180154999364339e-01
8.151581875072430039e-01
8.564807662598485916e-01
8.692293197663463200e-01
8.892917422016628493e-01
9.549600912200684188e-01
5.361262574456981955e-01
6.818617123156482940e-01
9.015932521087159923e-01
