6.112419532108651632e-01
7.466755319148936643e-01
6.907484407484407729e-01
5.829722394171705790e-01
2.769497400346620508e-01
3.652884294764921491e-01
1.811790156841535937e-01
4.778473672001855577e-01
7.162037888541474828e-01
8.750713606089438601e-01
4.618427399903521358e-01
1.161103047895500721e-02
3.245390070921985726e-01
0.000000000000000000e+00
1.897778241368519858e-01
2.319280432623330723e-01
1.405905685323931287e-01
2.093657086223984221e-01
1.461646398503274047e-01
0.000000000000000000e+00
1.429261226460646905e-01
1.407795229784758462e-01
2.345169884310791542e-01
1.336187266599872525e-01
5.482857607106104147e-01
6.540861360523512191e-01
4.143003763256927763e-01
4.333868378812198996e-01
4.707964601769911578e-02
8.692496650290307825e-01
4.365781710914454217e-01
4.130596706116030914e-01
4.519386610148360406e-01
5.671062046407032708e-01
5.606986360550515469e-01
4.701522815179465242e-01
3.816067377643346803e-01
1.311389041597947613e-01
1.845142590963200560e-02
3.034437946718648305e-01
5.747836835599505756e-01
4.918469739730322865e-01
1.819846130375084303e-02
5.263306508541578665e-01
5.843837535014005935e-01
7.273120138288677872e-01
3.352677393827486196e-01
8.095039251712042860e-01
4.950237992211163895e-01
4.162584557965943732e-01
6.485874426767819223e-01
9.564306033837400856e-01
6.777500692712662422e-01
7.845896946564885344e-01
8.097900190891736960e-01
8.915633357646486346e-01
5.346232179226069192e-01
8.258620689655172820e-01
9.609784507862550312e-03
8.571712949139046467e-01
7.398134511536573754e-01
7.647993643226063121e-01
2.592830917142965180e-02
7.863777089783281493e-01
4.838362068965517127e-01
8.586550435865504260e-01
5.444919190042727397e-01
8.320680929376581547e-01
6.364842454394693538e-01
7.390300230946882376e-01
7.885654189970839889e-01
7.576292298110857137e-01
8.547537227949598693e-01
7.932421560740144928e-01
6.264035386185777821e-01
7.707006369426752102e-01
8.926183211062780343e-01
6.311811023622047045e-01
7.596117954460619437e-01
9.219890099990991628e-01
8.867335865436787312e-01
3.386721423682409471e-01
7.518518518518518823e-01
8.021576763485477324e-01
6.685323383084577076e-01
7.880829015544041916e-01
4.227265252425587705e-01
7.942143962848297045e-01
6.502971185110438812e-01
4.195690989167956131e-01
0.000000000000000000e+00
7.310336605333227489e-01
4.488096239589467462e-01
0.000000000000000000e+00
6.986159169550173464e-01
7.594244362167620332e-01
6.389572060993605751e-01
5.503706404180337408e-01
6.343825665859563756e-01
8.246212206742384310e-02
4.078576079878445948e-01
7.041638683680322419e-01
5.001574307304785805e-01
8.420689655172414190e-01
6.978816408876933330e-01
2.621405446581603349e-01
1.214868867856368773e-01
4.871096586782861504e-01
1.579360165118678938e-01
6.888209121245828515e-01
7.433628318584071248e-01
2.820742545871559592e-01
4.863041700735895589e-01
1.306341719077568075e-01
2.965323665282731946e-01
1.221767470062149474e-01
1.106801137832945370e-01
8.377942293090356873e-01
2.734584450402144720e-02
6.477796651298228792e-01
1.985442782046097920e-01
1.950651430235097322e-02
6.327897863734041062e-01
6.172235805487639171e-01
1.976109215017064769e-01
1.090159554164440020e-01
1.568261086198305954e-01
1.182078666319354016e-01
8.275616698292219686e-01
7.288583509513741898e-01
5.864028738405447916e-01
4.820777642770352478e-01
2.585219991456642608e-01
6.010934762991666513e-01
7.143852663016425630e-01
7.638692579505300673e-01
6.315189512681675943e-01
4.188752424046541800e-01
1.035332785538208705e-01
3.018648018648018572e-01
5.721707242538454086e-01
1.834417436950815938e-01
8.649626607129108635e-02
5.210022107590273066e-01
5.589873417721519244e-01
5.109517601043024326e-01
4.392242273387264029e-01
7.901317687794555678e-01
1.197795691578995292e-01
2.009265322952290822e-01
6.855845629965947596e-01
5.626391418741145678e-01
5.281129560926413058e-01
6.729508196721311064e-01
9.017372848046537603e-01
8.622674084020717222e-01
4.693356047700170119e-01
4.431961658378211211e-01
9.503517986324447331e-02
1.487313628040805580e-01
6.522454737832118488e-01
8.115447687766480511e-01
2.484939759036144669e-01
5.465663217309500999e-01
7.990081513994186091e-01
9.298695246971109274e-01
7.094804813619020045e-01
9.474323913704041367e-01
8.164409154600653640e-01
2.772285100856150541e-01
6.231158737635421607e-01
8.077092511013216347e-01
4.859276278001148919e-01
5.371287128712871617e-01
8.487446417636251850e-01
6.611848967387524700e-01
0.000000000000000000e+00
4.042288557213930544e-01
1.901980901270617919e-01
7.269975786924939287e-01
7.993585174625801315e-01
2.464504187264395796e-01
6.134223471539002048e-01
6.689064558629775892e-01
7.050354533347730213e-01
5.767102723568517941e-01
9.209756097560976018e-01
6.725456863578410660e-01
6.879890453834115460e-01
7.489867603350446323e-01
7.687052157973670585e-01
8.006528590724898420e-01
9.138025095471904446e-01
3.662380448946475631e-01
5.172914850334204839e-01
8.208191126279863470e-01
