7.931034482758620996e-01
7.615979381443298557e-01
8.627889634601043634e-01
6.072328090101221099e-01
8.820879703232644697e-01
6.945917285259809448e-01
5.495726495726496186e-01
9.187444345503116283e-01
7.686757215619693939e-01
8.513616454008759993e-01
7.556818181818182323e-01
3.249293119698397625e-01
6.005326231691078265e-01
3.569265707797123488e-01
7.672469374597034042e-01
7.227456258411844026e-01
4.808705612829324294e-01
8.274459974587039524e-01
8.397317298797409846e-01
5.073336825563121710e-01
6.107174490699733838e-01
2.398843930635837993e-02
8.720862892717532455e-01
6.330313014827018137e-01
7.920225201584044639e-01
9.296925048046124074e-01
9.208588957055214852e-01
5.966942148760330245e-01
2.740924523374249078e-01
9.655215490318550531e-01
7.535029795458205726e-01
8.595370370370369884e-01
7.793662139623540597e-01
0.000000000000000000e+00
7.947437582128777933e-01
7.450173588787449841e-01
4.882832759677495638e-01
4.373592098423150221e-01
5.254237288135593653e-01
5.120643431635388820e-01
7.996715927750410735e-01
7.644089681887545895e-01
6.891891891891891442e-01
6.791044776119402604e-01
8.143796992481202590e-01
8.819599109131402992e-01
6.081443114841935671e-01
9.158216008663975227e-01
9.407881163606354180e-01
7.918574433857196171e-01
4.033810563779017810e-01
9.496675429101593124e-01
6.232952451161076768e-01
8.673523206751054815e-01
8.758488337762031506e-01
9.427687548337200241e-01
9.071986123156982051e-01
9.404761904761904656e-01
2.590090090090090280e-01
9.405578417924096435e-01
8.678646934460887419e-01
7.609082813891362429e-01
5.580618212197159256e-01
8.395461912479740274e-01
9.193286410395234975e-01
9.270097544567776904e-01
9.040937920430520691e-01
9.266826923076922906e-01
8.070017953321364512e-01
8.351003099005056551e-01
7.469789327344669161e-01
7.446833648393195171e-01
8.841025641025640480e-01
8.932913102206213596e-01
8.071479122434536135e-01
8.660337552742616296e-01
8.961829898732384114e-01
9.023996308260268107e-01
8.920187793427230005e-01
9.595585617657529376e-01
9.518628912071535053e-01
8.229809209582555907e-01
6.325316783035944690e-01
9.019267822736031226e-01
8.603441376550620134e-01
8.219054763690922805e-01
7.019956648478959949e-01
7.017077798861479643e-01
7.639540949400104308e-01
8.427417279884732437e-01
7.359307359307358798e-01
8.092373679255152608e-01
7.652797704447632521e-01
3.958587088915956342e-01
6.800411522633744710e-01
8.358306188925080926e-01
7.985813506723806743e-01
7.728923723953354807e-01
7.351632047477745235e-01
0.000000000000000000e+00
8.964796656486095916e-01
8.793410507569011658e-01
8.268476621417797379e-01
4.888533759488613573e-01
8.264283327764784248e-01
5.740164684354985836e-01
5.584523414148123699e-01
5.215455840455840431e-01
8.055388320288981996e-01
7.020300333704115880e-01
8.587678394800056791e-01
7.147808110901684442e-01
5.833292401394960525e-01
8.003080082135524131e-01
6.166915862443931307e-01
6.105948947986756803e-01
6.065059768763472192e-01
7.965479863253565052e-01
7.987946221604079744e-01
7.623911781775971619e-01
6.884723523898781394e-01
8.415371329879102191e-01
3.482156189338510011e-01
7.991931869116988274e-01
7.910049191848208539e-01
7.328085204908543204e-01
3.684933860161484498e-01
5.930361499223775201e-01
8.528513238289205933e-01
7.597376788553259486e-01
6.661076787290379775e-01
7.778226893020748767e-01
6.482907299045272964e-01
8.282370071684588275e-01
9.215289121202221434e-01
8.204057858460344077e-01
8.045553145336226120e-01
8.519001794160822039e-01
6.858757062146892958e-01
3.487399351667886394e-01
9.001042390548992245e-01
7.317320214151352697e-01
7.607628398791540514e-01
5.310344827586206407e-01
7.589761820120867197e-01
7.780563634540166307e-01
6.318032151849699574e-01
8.780395136778115228e-01
5.506385747986659585e-01
1.906239227852464801e-01
7.827230870423153020e-01
5.925807483210745463e-01
8.289648138704742708e-01
6.855063399101609667e-01
7.477572888113630523e-01
9.315708705357143016e-01
7.564994507506408450e-01
6.623288446305307664e-01
3.949707348796878126e-01
6.329753632343650960e-01
2.680569684638860473e-01
8.310743139480536446e-01
9.394057098465721234e-01
5.811611374407582575e-01
8.962431738930193292e-01
8.487681925359785717e-01
9.118098720292504566e-01
8.825524044389642109e-01
6.142783769902413482e-01
7.488287350338365123e-01
6.233624454148471994e-01
9.461366576502411307e-01
9.570924163340497337e-01
5.309917355371900349e-01
9.340961098398169460e-01
7.730835170217976726e-01
6.061365059486537588e-01
7.662068965517241370e-01
7.082253886010362320e-01
8.690476190476190688e-01
8.430363864491844383e-01
4.977797961449187403e-01
9.899484753779880242e-02
5.666802887889933471e-01
7.873202182178872244e-01
8.682306808194172332e-01
9.442176870748298922e-01
8.964646464646465196e-01
7.449564663410490617e-01
7.265179034769071453e-01
8.791690489803697384e-01
9.153730056058645426e-01
9.243972616330985437e-01
8.622224970626429785e-01
9.193414880897636809e-01
8.763520157325467297e-01
