8.646652370741005900e-01
8.388444135050470152e-01
9.105113636363636465e-01
7.580782437707275223e-01
8.880382775119617378e-01
8.717757009345794561e-01
6.397822859970311304e-01
9.392502258355917011e-01
8.874218207088255816e-01
9.228797046456773678e-01
8.325262677021471047e-01
5.431731880468878559e-01
7.527660430496881938e-01
7.119961146187470113e-01
8.600749140540817628e-01
8.298669422555224884e-01
6.668600435097896684e-01
9.152542372881355970e-01
9.037800687285223455e-01
5.939521588686625941e-01
7.152630337343712785e-01
3.138401559454190859e-01
9.283038855888918750e-01
7.663661888576916992e-01
8.831216931216930854e-01
9.587193239070371797e-01
9.583157003808717711e-01
8.759244042728019375e-01
3.796762589928057707e-01
9.799201874960410397e-01
8.404047737895358194e-01
9.149050958850361015e-01
8.793250049054875950e-01
1.282302911350997610e-01
8.776783555018138339e-01
8.537328094302554238e-01
6.538570573597505264e-01
6.693566981784643266e-01
5.346831646044244435e-01
7.284904688304997267e-01
8.652972972972973187e-01
8.364966265212182561e-01
4.298391569606211937e-01
8.030530819937550246e-01
8.723618090452260887e-01
9.355854566275407791e-01
7.817766663042295949e-01
9.529796585914340756e-01
9.579103214890016815e-01
8.977058029689608531e-01
5.900357082128889763e-01
9.738165973460091163e-01
7.468269873079492749e-01
9.211595014703822804e-01
9.300211582164407131e-01
9.648545478478346427e-01
9.346463742166517541e-01
9.510815307820299491e-01
3.745165886423773571e-01
9.666060214801338590e-01
9.250704225352113230e-01
8.769607843137254832e-01
6.280991735537190257e-01
8.984047019311502957e-01
9.502063273727647807e-01
9.531060737151756390e-01
9.467576096915402140e-01
9.557806324110671437e-01
9.041769041769042170e-01
9.069973427812223488e-01
8.589481395561796573e-01
8.385813267476160959e-01
9.451054624121146830e-01
9.383124556842353803e-01
9.000962463907603572e-01
8.746145940390545048e-01
9.366728971962616779e-01
9.403508771929824928e-01
9.335638429241788216e-01
9.772199880936470739e-01
9.758168448184367794e-01
8.790507971820541444e-01
8.339616950686170593e-01
9.431260229132569783e-01
9.176269739650021462e-01
9.049869621903520178e-01
8.265817817119435196e-01
8.060976268987513071e-01
8.588072526032185516e-01
9.071234848065533596e-01
7.093867334167709426e-01
8.841454608474624832e-01
8.394304146015262313e-01
5.410880575069433318e-01
8.010704727921498236e-01
9.057839580814187608e-01
8.879180236714592223e-01
8.433710174717369279e-01
7.813920951381602142e-01
0.000000000000000000e+00
9.430688900117905060e-01
9.445208619899129188e-01
9.045535569599740811e-01
6.404676165127081156e-01
9.095730575444179733e-01
7.234531052691998143e-01
6.011798355380765235e-01
7.195121951219511924e-01
8.551461245235070230e-01
8.484170131116085534e-01
9.237657951656358390e-01
8.374456750315435460e-01
7.338467724474961873e-01
8.737049180327869369e-01
7.971200000000000507e-01
7.497883976821407837e-01
7.483217524437639767e-01
8.732432925716371308e-01
8.832062945660191788e-01
8.606704196519958661e-01
7.832724145345086875e-01
9.126906474820143389e-01
5.617953398475249438e-01
8.833882504219239262e-01
8.995289211522125017e-01
7.516638935108153063e-01
5.514321295143213009e-01
7.653169952051145364e-01
9.195870687313230096e-01
8.678996036988111396e-01
7.869816272965879378e-01
8.466982852973367057e-01
7.674324141354876838e-01
8.949425849010506084e-01
9.561100967065665479e-01
9.017157381910612113e-01
8.836344944842038363e-01
9.094940010432968069e-01
7.244047619047618847e-01
5.154342055365945807e-01
9.375678610206297225e-01
8.168699673124452110e-01
8.687242798353909112e-01
7.229564366128242714e-01
8.542953956547737482e-01
8.722091327274766881e-01
7.876972698997811717e-01
9.351340496033738736e-01
7.327287548400244210e-01
3.838440111420612921e-01
8.860042864652837302e-01
8.202225995095264732e-01
9.023541114058355461e-01
8.197424892703862875e-01
8.396097765656141965e-01
9.629151423857685854e-01
8.338296605122096361e-01
7.981576808452993665e-01
6.372230428360413645e-01
8.068629289330583321e-01
4.069273619767249661e-01
9.001283147989734834e-01
9.492221896096272316e-01
7.445632141540730053e-01
9.416831648779132591e-01
9.226620269682470621e-01
9.469023170592052452e-01
9.525494611548979140e-01
7.978075517661388227e-01
8.578675251195004847e-01
7.528293673824724141e-01
9.643884892086330707e-01
9.762944479101683948e-01
5.941957697983275555e-01
9.587750294464075784e-01
8.663628412281912938e-01
7.509729495988084480e-01
8.745906376420727879e-01
7.857398781798637932e-01
9.227148400228992742e-01
9.140099245462579569e-01
6.568290100582319102e-01
3.782521681120747381e-01
6.932414698162729927e-01
8.801973056609041501e-01
9.223018519832540951e-01
9.575236457437661386e-01
9.378439862038600028e-01
8.154004812650395007e-01
8.173748544819557926e-01
9.283413848631240084e-01
9.428367470210312629e-01
9.627198605199733805e-01
9.244830193641713212e-01
9.527880505259113120e-01
9.442246330567963808e-01
