9.870229007633587459e-01
9.958524339663828995e-01
9.886687463114408603e-01
9.952678911839243359e-01
9.895680731522771278e-01
9.966998804304503246e-01
9.773969084201186153e-01
9.916545777574937715e-01
9.972086760914897763e-01
9.999818294145437214e-01
9.736291955423134192e-01
9.941286492640480921e-01
9.827024474698984324e-01
9.998410023213660791e-01
9.643686103580857427e-01
9.961139684872234445e-01
9.875542879367342763e-01
9.977797585284823301e-01
9.884116142815524420e-01
9.654204273273797599e-01
9.841904045626900244e-01
1.000000000000000000e+00
9.737296006368582058e-01
9.708812541205772417e-01
9.829852199309673244e-01
9.950021875946555294e-01
9.986983457457325741e-01
9.983374384236453070e-01
8.914805702750441263e-01
9.953767034337067665e-01
9.510924430343236091e-01
9.807713081992005533e-01
9.905068243067025602e-01
1.000000000000000000e+00
9.554126587660094483e-01
8.763134942060888388e-01
8.743368437722701669e-01
1.000000000000000000e+00
9.808555605263563626e-01
9.951405224712145392e-01
9.916146522917849149e-01
9.599713594053667087e-01
9.691503995301463670e-01
9.772370359577120524e-01
9.920687168876767270e-01
9.972592871014220872e-01
9.999165818582225196e-01
9.901864221629268492e-01
9.941768912800997837e-01
9.916338242411670834e-01
9.961727514915013071e-01
9.986136432695229548e-01
9.970274523518097842e-01
9.909553874082285274e-01
9.850999211369699804e-01
9.957167563723351433e-01
9.978289861365257085e-01
9.978314794302562962e-01
9.524421195988609368e-01
9.968897713894111501e-01
9.958368547907471280e-01
9.966905681191395860e-01
9.875252501888945877e-01
9.986762306437213521e-01
9.987285940761901903e-01
9.957627793618681888e-01
9.947758734344099851e-01
9.949852315881723142e-01
9.999368188279892378e-01
9.826204978813559698e-01
9.985930805141650657e-01
9.992296244419154316e-01
9.991894301694090874e-01
9.963790931989924271e-01
9.934854969091773125e-01
9.937718651459768182e-01
9.908664336609573908e-01
9.939702249382394994e-01
9.980472748460653687e-01
9.581102619641178597e-01
9.964401349358377180e-01
9.744037915329154531e-01
9.999675703722921138e-01
9.947928682068352124e-01
9.939103272015902268e-01
9.893856816040910163e-01
9.894934832997681617e-01
9.612623260244491652e-01
9.705308484155285020e-01
9.557313407914509451e-01
9.827666947644468909e-01
9.806084779564645526e-01
9.660969086892243762e-01
9.561316988398853578e-01
9.946162849021902286e-01
9.228144809721373631e-01
9.848410922489359010e-01
9.820181621479854295e-01
9.907900663177349188e-01
9.944735311227458352e-01
9.894478486634498138e-01
9.982634503662540792e-01
9.930223521262396824e-01
8.841426454741379004e-01
9.903414682969956528e-01
8.858427618218740474e-01
9.282325125054283754e-01
9.958672865736806212e-01
9.784554300777817959e-01
9.998114662781729667e-01
9.824195584803152581e-01
9.852071005917160118e-01
9.797817296404190968e-01
9.898176881303335506e-01
9.935779973626975847e-01
9.490320500856818109e-01
9.711502797890696481e-01
9.510773357174787668e-01
9.936234706538298322e-01
9.847157016171100841e-01
9.752589745260277221e-01
9.884745523755815722e-01
1.000000000000000000e+00
9.822293751781253635e-01
9.991960039686612616e-01
9.719519362633056714e-01
9.446975449253353085e-01
9.965147102136989732e-01
9.932726143655558060e-01
9.950243838144193775e-01
9.890617270378717629e-01
9.648435538144743973e-01
9.169494521032166556e-01
9.594725772528717167e-01
9.788215067208502207e-01
9.700881003042186590e-01
9.605282821489949940e-01
9.754449905203673721e-01
9.856030099970459757e-01
9.276502986837945608e-01
9.960435377783712907e-01
9.791256002021733185e-01
9.869152118880889502e-01
9.881442165761125107e-01
9.894833249115715379e-01
9.616277860584422355e-01
9.962479959008941899e-01
9.903008887847265518e-01
9.945681694731124400e-01
1.000000000000000000e+00
9.964770430262778200e-01
1.000000000000000000e+00
9.317407535853444722e-01
9.997080291970802390e-01
9.145660095300383041e-01
9.822503413395896610e-01
9.877710101934547016e-01
9.914941288743205350e-01
1.000000000000000000e+00
9.993919843267070613e-01
8.261354633207754761e-01
9.491759802992990602e-01
9.918235468662424115e-01
9.978038309114927173e-01
9.765857067971344119e-01
9.969987995198079656e-01
9.867836368837608063e-01
9.997110661658480391e-01
9.995753982607055166e-01
9.895944405632973728e-01
8.802804078659869358e-01
9.897716005357732882e-01
9.917117662642395137e-01
9.757760687486377593e-01
9.959585424678965015e-01
9.819971195391262730e-01
9.689067571555031178e-01
9.995051559556875631e-01
9.844913347907360279e-01
9.797754352230195751e-01
9.785909840665226733e-01
8.287472978419374581e-01
9.939300277431247777e-01
9.600920567683405293e-01
9.025855314703578047e-01
9.671520227438625827e-01
9.969694552994656789e-01
9.856795049538430442e-01
9.756282828282828445e-01
9.583020348206386929e-01
9.883295307191044543e-01
9.824111331728487828e-01
9.989005641367626476e-01
9.756383042037811704e-01
9.959530406883476683e-01
9.986337909049508577e-01
