9.958706323996534548e-01
9.999829307843304260e-01
1.000000000000000000e+00
9.904984423676012062e-01
6.038598412263892490e-01
9.681980473316692537e-01
1.000000000000000000e+00
9.998055956064606509e-01
9.787895230109011635e-01
9.729490867500779627e-01
9.568155624628924549e-01
9.981438515081206830e-01
8.159085221475734784e-01
9.969526404474240433e-01
9.967527563812113023e-01
8.830963280412973404e-01
9.804187013489339408e-01
9.585808446578241160e-01
9.674150855421254080e-01
9.894619849339315598e-01
3.042372667992648272e-01
4.481574576955877909e-01
6.694725367891963819e-01
7.990652662174659859e-01
7.635042582335774819e-01
9.948015200618552933e-01
9.843224164819830424e-01
9.498999131321523848e-01
9.754933163590070455e-01
9.737730209237296375e-01
9.993066035811886128e-01
9.282874133502234670e-01
1.000000000000000000e+00
9.912428084109770055e-01
7.306411530815108968e-01
9.979824942578682245e-01
1.000000000000000000e+00
9.727472608687618427e-01
8.077193361803340910e-01
8.908161997639605367e-01
9.916709956709957030e-01
1.000000000000000000e+00
8.631250000000000311e-01
1.000000000000000000e+00
9.977123203382610717e-01
7.198296457878882171e-01
9.978564786357116967e-01
9.953890489913544970e-01
9.990482074573781013e-01
9.751458594487518727e-01
9.973238034627371906e-01
9.974648322770134357e-01
9.983167028199566584e-01
1.000000000000000000e+00
8.057714084892030337e-01
1.000000000000000000e+00
9.976096235933256118e-01
1.000000000000000000e+00
9.990559888516779008e-01
9.867118027485852760e-01
9.999367168712821607e-01
9.591613553645574886e-01
8.379674320710227553e-01
1.000000000000000000e+00
9.205212833082561108e-01
1.000000000000000000e+00
9.803883229376454400e-01
1.000000000000000000e+00
9.993469474204422776e-01
9.987764091687739709e-01
9.993505464913670089e-01
9.999204771371769107e-01
1.000000000000000000e+00
9.040782923003478633e-01
9.725445796773281026e-01
9.971220111697080002e-01
4.114034189784010476e-01
9.991055456171735738e-01
9.473242392444910509e-01
7.717850082812416357e-01
9.991683193653636552e-01
1.000000000000000000e+00
9.999174508832755492e-01
9.971140433855477658e-01
9.999217404914697571e-01
9.980400524760143499e-01
9.561799660441425708e-01
9.999058572482073526e-01
1.000000000000000000e+00
9.999366767983789428e-01
9.971981606245321483e-01
9.855004236889182145e-01
1.000000000000000000e+00
9.998693045367662569e-01
1.000000000000000000e+00
1.000000000000000000e+00
9.943017987093231147e-01
9.897861880443304949e-01
1.000000000000000000e+00
9.172262670530854090e-01
9.975645168844550215e-01
1.000000000000000000e+00
1.000000000000000000e+00
9.997761511427484260e-01
9.989249745388706359e-01
9.968526020567154422e-01
9.987568414084825319e-01
9.481413107325669110e-01
9.208160044712573322e-01
9.975479926129398045e-01
9.984106802288620353e-01
8.946693361696802516e-01
9.814433691085673317e-01
9.930198705694592842e-01
1.000000000000000000e+00
9.523991710505340658e-01
9.998117083190688481e-01
9.999565321336202350e-01
1.000000000000000000e+00
9.928440568091070340e-01
9.966809064777906180e-01
1.000000000000000000e+00
6.929024583663758730e-01
9.981450065796775295e-01
9.998154016552318613e-01
9.684587107785217475e-01
1.000000000000000000e+00
9.996195126591308489e-01
1.000000000000000000e+00
9.979481143329781423e-01
1.000000000000000000e+00
9.933745732346279667e-01
9.506450856204551325e-01
8.879731379731379270e-01
9.992668388001657576e-01
1.000000000000000000e+00
9.999382763675642716e-01
9.999685178189144930e-01
1.000000000000000000e+00
9.986637531244596522e-01
9.989746218918226228e-01
1.000000000000000000e+00
1.000000000000000000e+00
8.052527075812274671e-01
4.625728794432951152e-01
9.700655721857932567e-01
1.000000000000000000e+00
9.997349525324080721e-01
9.747373127654818115e-01
8.092027169612239224e-01
1.000000000000000000e+00
9.963192714695943142e-01
1.000000000000000000e+00
1.000000000000000000e+00
1.000000000000000000e+00
9.952923776198550065e-01
9.987787857641311495e-01
9.998836505794200802e-01
1.000000000000000000e+00
9.989958050566074554e-01
8.597580645161290169e-01
1.000000000000000000e+00
1.000000000000000000e+00
8.744034585368591905e-01
1.000000000000000000e+00
8.661738022622862410e-01
9.812483434932414150e-01
1.000000000000000000e+00
1.000000000000000000e+00
9.978053902142507425e-01
9.999530053103998783e-01
1.000000000000000000e+00
9.995556049327852799e-01
1.000000000000000000e+00
9.999651731763804507e-01
1.000000000000000000e+00
9.995124226235903020e-01
9.997154760695051712e-01
9.975996312016151002e-01
9.973045236180249073e-01
1.000000000000000000e+00
9.993277476266212433e-01
9.756091001989996014e-01
1.000000000000000000e+00
9.927822371828067816e-01
9.948717948717948900e-01
9.973172579219795608e-01
1.000000000000000000e+00
9.998524420835177562e-01
9.994111228501654232e-01
1.000000000000000000e+00
9.816718596397687735e-01
1.000000000000000000e+00
1.000000000000000000e+00
9.073094186767871605e-01
1.000000000000000000e+00
9.756653319469946739e-01
9.973705638868155532e-01
9.999051758198340689e-01
9.999199859175215144e-01
9.983116398688576254e-01
9.972969964860953773e-01
6.782076139476195253e-01
9.959359088148735939e-01
9.922823724913716337e-01
9.919004149377593782e-01
9.981824559165842770e-01
9.992854955598652333e-01
9.990779882747943264e-01
9.977167878645710752e-01
7.526837053717834181e-01
9.918692001767565047e-01
9.855014354220461570e-01
9.978404737025426963e-01
9.931120752446400690e-01
9.702499008330027763e-01
9.988841967933532739e-01
9.805275012715251037e-01
9.947752838940129294e-01
9.242305976806423073e-01
9.975391278669160089e-01
9.906729413363687398e-01
1.000000000000000000e+00
9.998091329865915755e-01
9.821932299012694489e-01
9.238351959704076410e-01
9.953829740269295456e-01
9.871148364899735572e-01
9.949886409194172998e-01
1.000000000000000000e+00
9.389224185229891884e-01
1.000000000000000000e+00
8.920250376724238039e-01
8.610597439544808163e-01
9.505829718004338291e-01
9.904682751993351131e-01
9.954941860465116310e-01
9.246617907165733952e-01
9.609099350046425014e-01
9.985055729674754410e-01
9.269112702821225014e-01
1.000000000000000000e+00
1.000000000000000000e+00
1.000000000000000000e+00
1.000000000000000000e+00
9.783685729889990412e-01
9.481507388301128048e-01
1.000000000000000000e+00
9.584060162034344632e-01
9.886472438790863126e-01
9.930370771657558437e-01
9.999468433828870850e-01
9.470091171892373039e-01
9.846970905579579547e-01
9.139414103708513037e-01
9.971631964887865962e-01
9.998831843934349317e-01
9.993913280261408350e-01
1.000000000000000000e+00
9.968147333063068771e-01
8.539562756630784124e-01
1.000000000000000000e+00
9.999646199295936233e-01
9.920035909030455734e-01
8.825955848884843302e-01
9.370505444832545328e-01
1.000000000000000000e+00
1.000000000000000000e+00
9.671259964159920619e-01
9.898653610771114275e-01
1.000000000000000000e+00
1.000000000000000000e+00
9.546900940785832956e-01
9.843917281794105634e-01
9.998926270579814313e-01
9.961059900824434932e-01
9.881208682657480757e-01
9.832083174130753500e-01
8.443595281608240466e-01
9.950473366800309805e-01
9.941477688368690613e-01
9.993476592478894860e-01
9.847187458832827867e-01
9.969096269187760484e-01
9.557670894919546578e-01
9.992721610047563541e-01
9.996746791975420487e-01
9.992339699507303274e-01
9.819569191638184424e-01
9.198975044563280079e-01
9.999763397610316185e-01
9.999768250289686744e-01
9.977607276767115341e-01
9.994640943193997540e-01
9.964421141332334697e-01
1.000000000000000000e+00
9.997072867309416688e-01
9.156203447542030638e-01
1.000000000000000000e+00
6.401086202911948631e-01
9.461795729354257611e-01
1.000000000000000000e+00
9.944616866438356073e-01
1.000000000000000000e+00
9.500422972083842899e-01
9.922729734609134766e-01
9.980856664273749512e-01
9.831812577065351944e-01
9.997013333333333307e-01
9.998669682054011076e-01
1.000000000000000000e+00
8.952823762845381061e-01
9.339461860248928771e-01
9.957143384933683228e-01
9.999604633693116584e-01
8.942154608172652175e-01
9.696787751425998136e-01
9.983077140036665797e-01
7.940323249067551270e-01
1.000000000000000000e+00
9.653153858193770365e-01
1.000000000000000000e+00
8.693483460708243404e-01
9.664770323005312802e-01
9.807850253079934966e-01
1.000000000000000000e+00
9.994596999745740673e-01
9.999619301418102291e-01
9.950318849176924552e-01
9.982250748516413585e-01
9.999842660918545345e-01
9.838605319913731329e-01
1.000000000000000000e+00
9.831229689211268274e-01
9.273912948333589146e-01
7.446926658408440369e-01
9.956789263027937542e-01
9.210593328240387345e-01
1.000000000000000000e+00
1.000000000000000000e+00
9.366151605857131468e-01
7.988122064738959471e-01
9.948254774673064293e-01
9.949638246559795451e-01
8.900758698875033126e-01
1.000000000000000000e+00
9.932222659495386630e-01
9.800166991372112335e-01
9.904091341579448482e-01
9.995584014131154715e-01
9.859020801434066339e-01
9.417646264018375568e-01
1.000000000000000000e+00
1.000000000000000000e+00
9.932492865965331097e-01
9.905407264722069227e-01
8.370171913373520844e-01
9.980229711918658930e-01
9.946108636853557838e-01
9.927231041443417281e-01
9.529005398481105171e-01
1.000000000000000000e+00
9.765317275370687389e-01
9.087733161429848439e-01
1.000000000000000000e+00
8.717618741212077582e-01
9.942910120035132193e-01
9.988496302382908754e-01
9.177253218884120489e-01
7.498710010319917796e-01
9.488633461047254469e-01
9.661502285096619236e-01
9.892221180880974574e-01
9.982075640795841087e-01
9.962092494313874447e-01
9.920665264767730696e-01
9.959104257120723336e-01
9.617565448184340893e-01
9.753263741055169245e-01
9.569183673469388030e-01
1.000000000000000000e+00
9.114773396115362081e-01
9.906362899063628769e-01
1.000000000000000000e+00
9.975530574668087791e-01
1.000000000000000000e+00
9.982918360905327360e-01
9.628501827040194527e-01
1.000000000000000000e+00
1.000000000000000000e+00
9.999031476997578549e-01
9.922865958176207979e-01
1.000000000000000000e+00
9.525916561314791142e-01
9.665049449524164560e-01
1.000000000000000000e+00
9.898600579939844657e-01
9.575325336914740637e-01
9.974680022259321266e-01
9.995337821457210836e-01
7.246499331376135000e-01
1.000000000000000000e+00
9.641463671833807592e-01
9.911712114438980814e-01
9.984624695356331125e-01
1.000000000000000000e+00
9.995210422121463267e-01
9.847451750837860063e-01
9.999839848817283494e-01
1.000000000000000000e+00
9.103087933041130730e-01
1.000000000000000000e+00
9.994998792812057609e-01
9.998443768156037859e-01
9.994284285357053488e-01
9.990963777657294598e-01
9.547990597298139370e-01
9.587707760373072041e-01
9.019929318322584821e-01
1.000000000000000000e+00
9.995744605400804783e-01
4.053321754233608076e-01
9.823153015467813720e-01
9.999497554766529905e-01
9.729101475189986248e-01
9.997100083372603141e-01
9.249557241415770070e-01
9.888037713612256585e-01
1.000000000000000000e+00
9.999817321568842399e-01
9.347441036636524592e-01
9.410222040911474517e-01
9.800214867154249943e-01
1.000000000000000000e+00
6.466392911173546310e-01
1.000000000000000000e+00
1.000000000000000000e+00
8.311984255774609309e-01
1.000000000000000000e+00
1.000000000000000000e+00
9.906740758637352373e-01
9.999773432720846511e-01
1.000000000000000000e+00
9.829820657154078045e-01
1.000000000000000000e+00
1.000000000000000000e+00
9.602929348516276997e-01
9.938358315017103983e-01
9.983732279804787835e-01
9.994484188005615666e-01
9.934025169045830328e-01
9.786316251947118072e-01
9.992167279662171886e-01
9.983075187198686695e-01
7.808368744098206360e-01
5.837573347369241494e-01
1.000000000000000000e+00
9.945165388264428641e-01
9.173623073185813714e-01
9.997609019514078765e-01
9.956571988932861883e-01
9.074777370350969319e-01
9.999836025252111238e-01
9.998763702299513501e-01
6.377931635680876843e-01
9.335907034783964553e-01
9.710189217409019857e-01
9.805337831134041116e-01
9.931809240722122567e-01
8.875393524816355129e-01
9.828055724349019640e-01
9.968749435502809453e-01
9.999681188529163656e-01
9.948689068268569136e-01
1.000000000000000000e+00
1.000000000000000000e+00
1.000000000000000000e+00
9.968192094800031322e-01
9.997840539248199487e-01
1.000000000000000000e+00
9.992896157610583474e-01
9.993280515056334190e-01
9.991410410582374224e-01
1.000000000000000000e+00
1.000000000000000000e+00
9.992564595080239975e-01
9.977085818318789379e-01
9.995714591814870431e-01
9.985245927099348773e-01
9.996823379923761577e-01
1.000000000000000000e+00
1.000000000000000000e+00
1.000000000000000000e+00
9.992842178770949824e-01
9.999842074509246448e-01
9.984952195694859478e-01
1.000000000000000000e+00
9.984792596906749695e-01
9.991113744075829084e-01
9.996052548474704258e-01
1.000000000000000000e+00
9.998267116166230650e-01
1.000000000000000000e+00
9.998042554857400344e-01
9.936203086840225129e-01
8.886091428982484386e-01
9.990061031478576492e-01
9.898385048085647231e-01
9.903528558769032486e-01
9.586601894032474869e-01
1.000000000000000000e+00
1.000000000000000000e+00
9.975245183059505694e-01
9.988716229286220827e-01
9.999519661841936857e-01
9.981288849422808029e-01
9.997050630837293062e-01
8.523923251295336678e-01
8.405794637240066036e-01
9.970991437795349022e-01
9.996822521964316977e-01
9.951579179046989854e-01
9.999679338153949493e-01
1.000000000000000000e+00
9.999669295765332144e-01
1.000000000000000000e+00
9.997324814704077189e-01
9.985680791805007228e-01
9.998760381802405117e-01
1.000000000000000000e+00
9.916151246572721956e-01
9.986544671689989716e-01
1.000000000000000000e+00
9.998605451136557409e-01
8.806857611507160621e-01
8.305203515726670149e-01
9.972180309317238978e-01
9.997778905952532380e-01
9.986125675566669413e-01
1.000000000000000000e+00
1.000000000000000000e+00
9.999839532719279056e-01
1.000000000000000000e+00
9.994665977015210201e-01
1.000000000000000000e+00
9.968784313725490565e-01
9.669770977858025418e-01
9.993916593292243578e-01
1.000000000000000000e+00
9.341327141457751448e-01
9.999843991325917392e-01
9.993882448902762228e-01
9.995529655943162783e-01
9.990512483989816284e-01
9.867799360473440418e-01
9.999663095478741326e-01
1.000000000000000000e+00
9.975699799056030326e-01
1.000000000000000000e+00
9.989412552353371666e-01
9.768732812953695444e-01
9.992098449951245520e-01
9.665787006493280487e-01
9.885242601167706367e-01
8.349194901302895433e-01
1.000000000000000000e+00
1.000000000000000000e+00
9.999824367283137727e-01
9.997980990246629895e-01
9.995737425404944698e-01
9.955376421476896942e-01
9.992173191615922878e-01
9.994800201689146846e-01
1.000000000000000000e+00
9.996885559898469609e-01
9.998403805328097693e-01
9.987479712497101536e-01
9.952439145225748796e-01
9.998293832981759444e-01
9.996230800640764080e-01
1.000000000000000000e+00
9.998615150256197071e-01
9.981311904316949590e-01
1.000000000000000000e+00
9.976527271604175295e-01
9.988669730626835719e-01
8.759460553773320557e-01
9.996271555072238080e-01
9.871877001921844919e-01
1.000000000000000000e+00
9.998582342285579072e-01
9.988853453881165745e-01
1.000000000000000000e+00
9.997377190817081649e-01
1.000000000000000000e+00
1.000000000000000000e+00
9.998439450686641417e-01
1.000000000000000000e+00
1.000000000000000000e+00
1.000000000000000000e+00
