8.224029541015625000e-01
9.824523925781250000e-01
9.890136718750000000e-01
7.767639160156250000e-01
7.662353515625000000e-01
9.690551757812500000e-01
9.628906250000000000e-01
9.930114746093750000e-01
9.745483398437500000e-01
9.761810302734375000e-01
9.138488769531250000e-01
5.621948242187500000e-01
8.419799804687500000e-01
7.634429931640625000e-01
8.049468994140625000e-01
6.997222900390625000e-01
9.735412597656250000e-01
7.666015625000000000e-01
9.441986083984375000e-01
9.881134033203125000e-01
4.933013916015625000e-01
6.191406250000000000e-01
6.625671386718750000e-01
8.046722412109375000e-01
7.401580810546875000e-01
9.920806884765625000e-01
9.852142333984375000e-01
8.675079345703125000e-01
9.323120117187500000e-01
9.750976562500000000e-01
5.016021728515625000e-01
9.378051757812500000e-01
7.245788574218750000e-01
9.919281005859375000e-01
7.128753662109375000e-01
9.979858398437500000e-01
6.070709228515625000e-01
9.399871826171875000e-01
7.775268554687500000e-01
8.927154541015625000e-01
9.328002929687500000e-01
9.667816162109375000e-01
8.138275146484375000e-01
9.329528808593750000e-01
9.950561523437500000e-01
7.745513916015625000e-01
9.976806640625000000e-01
9.954833984375000000e-01
9.974670410156250000e-01
9.683227539062500000e-01
9.935455322265625000e-01
9.974670410156250000e-01
9.921417236328125000e-01
9.918212890625000000e-01
8.062896728515625000e-01
9.827880859375000000e-01
9.974822998046875000e-01
2.916717529296875000e-01
8.619537353515625000e-01
9.753417968750000000e-01
9.963226318359375000e-01
9.629516601562500000e-01
8.437652587890625000e-01
9.084167480468750000e-01
9.026184082031250000e-01
8.429107666015625000e-01
9.631958007812500000e-01
9.869079589843750000e-01
9.847106933593750000e-01
9.768829345703125000e-01
9.978790283203125000e-01
9.946746826171875000e-01
8.410491943359375000e-01
6.463928222656250000e-01
9.761962890625000000e-01
9.971160888671875000e-01
4.735717773437500000e-01
9.989929199218750000e-01
8.424987792968750000e-01
7.910766601562500000e-01
9.937744140625000000e-01
9.124298095703125000e-01
9.167633056640625000e-01
9.965515136718750000e-01
9.932708740234375000e-01
9.979858398437500000e-01
9.159545898437500000e-01
9.934844970703125000e-01
9.645538330078125000e-01
9.966735839843750000e-01
9.511566162109375000e-01
8.526916503906250000e-01
9.880065917968750000e-01
9.934997558593750000e-01
4.894714355468750000e-01
9.888000488281250000e-01
9.183959960937500000e-01
9.585418701171875000e-01
9.854736328125000000e-01
7.572631835937500000e-01
9.972534179687500000e-01
9.964294433593750000e-01
9.587554931640625000e-01
9.627380371093750000e-01
9.519195556640625000e-01
9.966125488281250000e-01
9.950866699218750000e-01
6.778869628906250000e-01
9.152984619140625000e-01
9.973449707031250000e-01
9.981079101562500000e-01
8.972473144531250000e-01
9.776763916015625000e-01
9.448852539062500000e-01
8.920593261718750000e-01
9.403991699218750000e-01
9.749450683593750000e-01
9.624938964843750000e-01
9.322814941406250000e-01
9.886932373046875000e-01
9.965209960937500000e-01
9.954376220703125000e-01
8.699798583984375000e-01
9.970703125000000000e-01
9.995574951171875000e-01
9.568634033203125000e-01
9.241180419921875000e-01
9.980163574218750000e-01
9.142303466796875000e-01
9.974670410156250000e-01
8.576049804687500000e-01
8.256683349609375000e-01
8.831329345703125000e-01
7.374114990234375000e-01
9.982604980468750000e-01
7.563781738281250000e-01
9.966888427734375000e-01
9.949645996093750000e-01
9.279327392578125000e-01
9.972076416015625000e-01
9.972839355468750000e-01
4.954223632812500000e-01
9.177093505859375000e-01
8.287353515625000000e-01
4.767761230468750000e-01
9.665069580078125000e-01
9.612274169921875000e-01
8.674163818359375000e-01
9.730529785156250000e-01
8.232421875000000000e-01
9.134521484375000000e-01
9.964599609375000000e-01
8.814392089843750000e-01
9.963073730468750000e-01
8.626708984375000000e-01
9.911956787109375000e-01
9.968109130859375000e-01
8.578338623046875000e-01
8.127593994140625000e-01
9.914703369140625000e-01
8.545837402343750000e-01
8.152160644531250000e-01
9.557952880859375000e-01
8.746795654296875000e-01
9.132232666015625000e-01
8.088684082031250000e-01
9.718627929687500000e-01
8.761596679687500000e-01
9.670867919921875000e-01
9.965515136718750000e-01
9.937744140625000000e-01
9.328002929687500000e-01
9.953002929687500000e-01
8.765411376953125000e-01
9.499664306640625000e-01
9.456939697265625000e-01
9.389953613281250000e-01
9.624176025390625000e-01
9.973907470703125000e-01
8.992614746093750000e-01
9.129486083984375000e-01
9.807434082031250000e-01
8.689270019531250000e-01
5.640106201171875000e-01
9.931945800781250000e-01
9.849395751953125000e-01
9.966125488281250000e-01
4.914245605468750000e-01
9.450073242187500000e-01
9.768981933593750000e-01
8.045501708984375000e-01
9.520874023437500000e-01
8.997192382812500000e-01
8.476715087890625000e-01
9.022674560546875000e-01
8.787536621093750000e-01
8.368072509765625000e-01
9.955444335937500000e-01
9.956665039062500000e-01
9.939880371093750000e-01
9.701385498046875000e-01
9.953155517578125000e-01
6.809082031250000000e-01
9.934387207031250000e-01
9.922485351562500000e-01
9.854736328125000000e-01
9.241790771484375000e-01
9.907073974609375000e-01
9.889373779296875000e-01
9.962005615234375000e-01
8.150939941406250000e-01
9.801025390625000000e-01
9.841308593750000000e-01
8.424987792968750000e-01
9.919891357421875000e-01
9.749298095703125000e-01
9.954376220703125000e-01
9.685058593750000000e-01
9.613342285156250000e-01
9.548492431640625000e-01
8.799438476562500000e-01
9.905395507812500000e-01
8.880310058593750000e-01
9.600372314453125000e-01
9.288177490234375000e-01
9.406890869140625000e-01
9.326019287109375000e-01
9.852294921875000000e-01
4.293670654296875000e-01
8.067779541015625000e-01
9.569702148437500000e-01
6.591186523437500000e-01
9.430999755859375000e-01
8.221130371093750000e-01
9.758911132812500000e-01
9.270172119140625000e-01
9.776916503906250000e-01
9.519042968750000000e-01
9.738922119140625000e-01
9.928436279296875000e-01
9.279632568359375000e-01
7.338409423828125000e-01
9.802703857421875000e-01
8.942871093750000000e-01
9.791107177734375000e-01
9.741058349609375000e-01
8.176269531250000000e-01
6.558074951171875000e-01
8.898773193359375000e-01
5.022735595703125000e-01
9.931488037109375000e-01
9.893341064453125000e-01
9.500579833984375000e-01
9.883422851562500000e-01
9.658966064453125000e-01
9.915924072265625000e-01
9.613800048828125000e-01
9.989624023437500000e-01
8.668670654296875000e-01
9.415740966796875000e-01
4.866485595703125000e-01
9.063873291015625000e-01
9.777069091796875000e-01
9.926452636718750000e-01
9.370117187500000000e-01
9.518432617187500000e-01
9.512481689453125000e-01
9.823608398437500000e-01
9.547119140625000000e-01
6.297760009765625000e-01
8.757019042968750000e-01
9.930419921875000000e-01
9.697570800781250000e-01
9.862060546875000000e-01
9.681701660156250000e-01
9.494934082031250000e-01
8.750305175781250000e-01
9.859161376953125000e-01
9.273223876953125000e-01
9.929962158203125000e-01
6.991424560546875000e-01
9.395446777343750000e-01
9.713897705078125000e-01
9.868469238281250000e-01
9.688873291015625000e-01
9.850616455078125000e-01
9.887695312500000000e-01
9.938049316406250000e-01
9.861145019531250000e-01
9.194488525390625000e-01
9.476013183593750000e-01
8.762207031250000000e-01
9.857025146484375000e-01
9.337615966796875000e-01
9.772033691406250000e-01
8.866271972656250000e-01
9.893798828125000000e-01
9.518280029296875000e-01
8.340454101562500000e-01
9.049530029296875000e-01
9.670257568359375000e-01
9.264831542968750000e-01
9.721527099609375000e-01
9.139404296875000000e-01
9.516754150390625000e-01
9.930419921875000000e-01
9.959869384765625000e-01
9.046783447265625000e-01
9.867095947265625000e-01
9.950408935546875000e-01
8.594665527343750000e-01
9.460296630859375000e-01
8.835906982421875000e-01
7.081146240234375000e-01
9.731445312500000000e-01
9.181976318359375000e-01
9.835205078125000000e-01
7.329406738281250000e-01
7.256164550781250000e-01
6.927795410156250000e-01
9.762725830078125000e-01
9.583587646484375000e-01
9.313659667968750000e-01
7.765197753906250000e-01
9.843597412109375000e-01
9.446716308593750000e-01
9.963378906250000000e-01
9.620971679687500000e-01
9.793090820312500000e-01
9.974670410156250000e-01
9.962158203125000000e-01
9.743194580078125000e-01
9.628448486328125000e-01
9.837951660156250000e-01
9.493560791015625000e-01
9.062042236328125000e-01
9.544830322265625000e-01
9.588623046875000000e-01
8.939208984375000000e-01
8.818054199218750000e-01
9.600067138671875000e-01
8.293609619140625000e-01
8.166198730468750000e-01
9.227752685546875000e-01
9.611968994140625000e-01
7.768554687500000000e-01
9.430847167968750000e-01
9.101409912109375000e-01
9.903411865234375000e-01
9.618225097656250000e-01
9.884490966796875000e-01
9.605407714843750000e-01
8.382720947265625000e-01
9.506378173828125000e-01
9.884033203125000000e-01
9.915924072265625000e-01
9.421844482421875000e-01
9.059448242187500000e-01
9.937133789062500000e-01
9.517364501953125000e-01
9.147491455078125000e-01
8.683166503906250000e-01
9.822387695312500000e-01
9.255065917968750000e-01
8.491363525390625000e-01
9.177551269531250000e-01
9.786224365234375000e-01
9.130096435546875000e-01
8.187408447265625000e-01
8.539276123046875000e-01
9.608154296875000000e-01
9.679565429687500000e-01
9.865417480468750000e-01
9.179534912109375000e-01
9.772186279296875000e-01
9.838256835937500000e-01
9.944610595703125000e-01
7.882537841796875000e-01
9.842071533203125000e-01
9.677886962890625000e-01
9.693450927734375000e-01
8.927917480468750000e-01
9.866638183593750000e-01
8.767242431640625000e-01
9.784698486328125000e-01
9.887084960937500000e-01
9.798278808593750000e-01
9.298400878906250000e-01
9.849853515625000000e-01
9.354400634765625000e-01
9.973297119140625000e-01
6.772766113281250000e-01
9.950103759765625000e-01
7.601165771484375000e-01
7.388153076171875000e-01
7.345886230468750000e-01
9.902343750000000000e-01
9.685821533203125000e-01
7.490539550781250000e-01
9.919128417968750000e-01
7.266540527343750000e-01
9.191131591796875000e-01
9.756317138671875000e-01
9.235076904296875000e-01
9.957885742187500000e-01
9.488525390625000000e-01
9.978637695312500000e-01
7.738037109375000000e-01
9.946899414062500000e-01
9.320526123046875000e-01
9.445037841796875000e-01
9.495239257812500000e-01
9.815216064453125000e-01
9.906158447265625000e-01
9.921112060546875000e-01
9.574890136718750000e-01
9.374084472656250000e-01
9.735107421875000000e-01
9.179077148437500000e-01
8.376464843750000000e-01
9.880065917968750000e-01
4.367980957031250000e-01
9.839324951171875000e-01
9.578247070312500000e-01
9.384307861328125000e-01
5.862884521484375000e-01
9.512634277343750000e-01
9.768066406250000000e-01
9.699859619140625000e-01
9.796600341796875000e-01
9.569702148437500000e-01
8.811492919921875000e-01
9.833068847656250000e-01
9.285736083984375000e-01
8.335723876953125000e-01
9.873046875000000000e-01
9.374694824218750000e-01
8.984527587890625000e-01
9.024047851562500000e-01
9.198455810546875000e-01
6.740417480468750000e-01
9.067077636718750000e-01
9.685516357421875000e-01
5.018768310546875000e-01
8.627166748046875000e-01
9.021148681640625000e-01
8.781585693359375000e-01
9.903259277343750000e-01
9.714508056640625000e-01
9.890747070312500000e-01
9.727783203125000000e-01
9.758453369140625000e-01
9.854431152343750000e-01
9.940643310546875000e-01
8.392944335937500000e-01
6.644439697265625000e-01
9.394836425781250000e-01
9.927673339843750000e-01
8.946075439453125000e-01
9.728240966796875000e-01
9.938201904296875000e-01
8.985137939453125000e-01
9.832611083984375000e-01
4.503631591796875000e-01
6.703186035156250000e-01
9.232025146484375000e-01
9.793090820312500000e-01
9.837493896484375000e-01
7.645568847656250000e-01
8.984527587890625000e-01
9.881286621093750000e-01
9.852142333984375000e-01
9.938049316406250000e-01
9.949951171875000000e-01
9.858093261718750000e-01
9.974212646484375000e-01
9.931793212890625000e-01
9.968872070312500000e-01
9.991760253906250000e-01
9.965667724609375000e-01
9.946441650390625000e-01
9.985656738281250000e-01
9.984436035156250000e-01
9.411163330078125000e-01
9.792785644531250000e-01
9.992065429687500000e-01
9.974212646484375000e-01
9.995422363281250000e-01
9.976501464843750000e-01
9.666900634765625000e-01
9.953155517578125000e-01
9.329833984375000000e-01
9.710998535156250000e-01
9.935760498046875000e-01
9.832458496093750000e-01
9.915466308593750000e-01
9.867706298828125000e-01
9.978027343750000000e-01
9.982910156250000000e-01
9.966125488281250000e-01
9.938659667968750000e-01
9.972991943359375000e-01
9.476318359375000000e-01
9.499359130859375000e-01
9.681091308593750000e-01
8.340301513671875000e-01
9.986114501953125000e-01
9.905548095703125000e-01
9.820709228515625000e-01
9.666137695312500000e-01
9.918823242187500000e-01
9.942169189453125000e-01
9.848937988281250000e-01
9.959564208984375000e-01
9.971466064453125000e-01
9.979095458984375000e-01
9.940643310546875000e-01
8.874816894531250000e-01
8.443450927734375000e-01
9.971008300781250000e-01
9.926910400390625000e-01
9.942932128906250000e-01
9.801330566406250000e-01
9.947814941406250000e-01
9.941101074218750000e-01
9.923858642578125000e-01
9.986877441406250000e-01
9.981994628906250000e-01
9.988098144531250000e-01
9.750518798828125000e-01
9.918823242187500000e-01
9.984436035156250000e-01
9.946289062500000000e-01
9.985656738281250000e-01
8.845520019531250000e-01
8.449707031250000000e-01
9.971923828125000000e-01
9.946441650390625000e-01
9.907684326171875000e-01
9.644927978515625000e-01
9.908905029296875000e-01
9.944000244140625000e-01
9.165039062500000000e-01
9.922790527343750000e-01
9.969482421875000000e-01
9.963073730468750000e-01
9.644012451171875000e-01
9.987335205078125000e-01
9.844207763671875000e-01
9.217834472656250000e-01
9.980926513671875000e-01
9.985046386718750000e-01
9.860992431640625000e-01
9.976501464843750000e-01
9.835968017578125000e-01
9.610290527343750000e-01
9.260864257812500000e-01
9.972381591796875000e-01
9.973754882812500000e-01
9.980621337890625000e-01
9.641571044921875000e-01
9.792175292968750000e-01
9.671936035156250000e-01
9.890136718750000000e-01
8.392028808593750000e-01
7.213745117187500000e-01
7.126770019531250000e-01
9.773712158203125000e-01
9.989166259765625000e-01
9.945526123046875000e-01
9.941864013671875000e-01
9.962921142578125000e-01
9.890594482421875000e-01
9.836578369140625000e-01
9.983367919921875000e-01
9.962158203125000000e-01
9.986724853515625000e-01
9.950408935546875000e-01
9.988861083984375000e-01
9.988708496093750000e-01
9.451293945312500000e-01
9.993743896484375000e-01
9.862823486328125000e-01
9.755401611328125000e-01
9.976654052734375000e-01
9.974822998046875000e-01
8.769378662109375000e-01
9.986724853515625000e-01
9.874877929687500000e-01
9.971923828125000000e-01
9.904632568359375000e-01
9.986114501953125000e-01
9.962310791015625000e-01
9.990234375000000000e-01
9.703674316406250000e-01
9.448394775390625000e-01
9.989776611328125000e-01
9.869232177734375000e-01
9.960021972656250000e-01
9.630737304687500000e-01
