6.290492452047362626e-01
8.475916606757728511e-01
8.000649139889646211e-01
7.350454890068233160e-01
6.495399131206501808e-01
2.695326651370607562e-01
3.592319054652880483e-01
9.097240134124322530e-01
6.386310904872389838e-01
8.129802699896158114e-01
4.210733087137581432e-01
3.769427994463730447e-01
5.453548686374563026e-01
5.997152124040819876e-01
5.293415938738600390e-01
3.298370672097759582e-01
5.356483811441032916e-01
7.187150421358788899e-01
6.653796653796654192e-01
9.562984938384299083e-01
3.789770896894127383e-01
4.539143412780968778e-01
5.093045335865179490e-01
2.442211607093834058e-01
5.684653539756501228e-01
8.523002421307506182e-01
7.763180057267980994e-01
4.201515241901807585e-01
6.010699273977837542e-01
5.890727887524470630e-01
2.183023097164019100e-01
6.653407787041994981e-01
3.472782641796726133e-01
9.070918086860912943e-01
4.721478824665470975e-01
8.678797468354430000e-01
4.157506915713971019e-01
6.073802270839102624e-01
3.197469775034433304e-01
1.244541484716157193e-01
4.251065845570819457e-01
6.128896377422072828e-01
7.783642891100145400e-01
4.846054333764553412e-01
7.784069460173650423e-01
5.233342838133256958e-01
9.025663331883427842e-01
7.883597883597883715e-01
9.592650372681573723e-01
1.934589800443458907e-01
9.005376344086021279e-01
7.635379061371840859e-01
9.246642246642247098e-01
8.810902074288470276e-01
4.876543209876543217e-01
7.545203800183879483e-01
8.268365817091454240e-01
2.010135493310150415e-02
5.882632003415722011e-01
7.154293092317624003e-01
9.001677852348993758e-01
7.166324435318275343e-01
1.659824462061155192e-01
3.494853523357086544e-01
7.752415026833631151e-01
3.140873204603824020e-01
8.288869032422772065e-01
6.680814940577249894e-01
9.036814592370148169e-01
6.954864593781343585e-01
8.888888888888888395e-01
9.004441154700222327e-01
4.117148735326152664e-01
4.424433249370277044e-01
8.093825829064438260e-01
8.102331606217616500e-01
1.737842384072707247e-01
8.450184501845018348e-01
7.652005480228657452e-01
6.537695350859964449e-01
8.531125421649801144e-01
3.321062319221667058e-01
7.322065617872389742e-01
8.865047995482777665e-01
7.596491228070175739e-01
9.255623721881390820e-01
3.209350959743072496e-01
8.136511375947995672e-01
7.018914473684210176e-01
9.154103852596314761e-01
8.358752440762045044e-01
6.049474951230647823e-01
7.919841941857183043e-01
9.119871647948659676e-01
9.083879836192330914e-02
7.267893660531696831e-01
8.700440528634361126e-01
8.565822519882796415e-01
7.793583535108958849e-01
3.822044670419466050e-01
8.226351351351350871e-01
7.689655172413792927e-01
8.329836607540211935e-01
8.954645488470003301e-01
8.110803324099723488e-01
7.473684210526315708e-01
9.094269870609981155e-01
6.251798561151079570e-01
3.273586442887404524e-01
4.569869911875786839e-01
9.338340486409155705e-01
1.768272516811817963e-01
7.218383240100910703e-01
6.369976751909665058e-01
2.037170263788968816e-01
2.389633208873270243e-01
7.963863794301598853e-01
8.885933503836317415e-01
8.432465342825028465e-01
4.943653618030842134e-01
8.502656042496680167e-01
8.661870503597122184e-01
8.045811620129112995e-01
8.920014743826022441e-01
8.877374784110535488e-01
5.871189479976091086e-01
6.756698201776557555e-01
9.438917628332670340e-01
8.292076410082513949e-01
9.278897136797454870e-01
4.537642003649420275e-01
6.817829457364340540e-01
8.287111468381564983e-01
7.010745409933158978e-01
9.310692669804976340e-01
4.197608326566767412e-01
7.736842105263157521e-01
8.612716763005779930e-01
5.193399764277295549e-01
8.589802480477721769e-01
9.365419987737584329e-01
1.614102074583174118e-01
7.002066245069188399e-01
5.038361845515810788e-01
4.856029382902963404e-02
5.124649423496416834e-01
6.621794871794871584e-01
6.966455197578471648e-01
4.534064212999217025e-01
2.779468335534248102e-01
3.898074745186863033e-01
8.930481283422460059e-01
6.562145165516638512e-01
7.771739130434782705e-01
3.929156124423276997e-01
9.303869499241275154e-01
9.034220532319391372e-01
6.157079646017699082e-01
4.782822689799434146e-01
8.630379746835442623e-01
2.218341209506198286e-01
6.254857028992727441e-01
7.329949238578680193e-01
5.563793636082792204e-01
7.162711491979785183e-01
3.857493857493857758e-01
5.899253259081128631e-01
5.981929311719372810e-01
7.722466243696112231e-01
8.568604191379992630e-01
8.031268094962362714e-01
6.549220010758471933e-01
8.870605833956619612e-01
6.364518633540372505e-01
6.367883929669249099e-01
7.453618153595978901e-01
8.009148333696362032e-01
8.528908446400195187e-01
9.058171745152354681e-01
6.849232318147495668e-01
1.801921655580192294e-01
7.713382507903056018e-01
6.448502606384790559e-01
1.175711407705867517e-01
8.252148997134670649e-01
8.942731277533039203e-01
6.334614247709133839e-01
1.256051640667025238e-01
8.360294926818532257e-01
8.363016294050776844e-01
6.301627793974732272e-01
5.017046944662995056e-01
6.064060467133387533e-01
4.866422492728643689e-01
8.420805534964170835e-01
3.902734091458988641e-01
5.203526056520612064e-01
9.308067757680160703e-01
9.240451388888888395e-01
9.150579150579150056e-01
8.805474625652144338e-01
7.636417556346382085e-01
2.521085441877521025e-02
6.814650388457269559e-01
7.660130718954248907e-01
7.588158467566390453e-01
8.481256568959476549e-01
9.227748691099476597e-01
9.025880661394679594e-01
8.141783029001073979e-01
6.343636118234579069e-01
8.535191497894525359e-01
6.785481417083242262e-01
5.619761799735333296e-01
6.514442916093534652e-01
8.733368194759165704e-01
9.517590618336887465e-01
9.482794254417691304e-01
9.278707036488107462e-01
8.933943554538520404e-01
7.860360360360360010e-01
8.966552901023890909e-01
5.272488001238582189e-01
8.988022178016675801e-01
9.045193703763453330e-01
7.567595406087449517e-01
6.155568955121026864e-01
8.236101578586135785e-01
2.779776258054314497e-01
6.053922324706172420e-01
8.557468790357296573e-01
2.215774768966258246e-01
8.897307846851501001e-01
7.360115127567198323e-01
9.551026949066531158e-01
8.364768424118846912e-01
9.543005127131944931e-01
8.759841792037851294e-01
9.483208630589873289e-01
9.701526673909314225e-01
7.655124005615349114e-01
4.772603896495566933e-01
8.305677988073632001e-01
7.798073192810034415e-01
8.971828864115697355e-01
8.653298753874375526e-01
7.146404811810808111e-01
3.848089365702593856e-01
8.165531894345453567e-01
4.653366925463177095e-01
7.251847940865892017e-01
9.253125685457337379e-01
8.346004392633891156e-01
9.530965878703604455e-01
9.324859151650602973e-01
9.285056765879103891e-01
8.230780061954379168e-01
9.577332498434565355e-01
6.203305627209324546e-01
8.864321930556446905e-01
4.439899745883663651e-01
7.883960255500355174e-01
8.379547471162378525e-01
9.080323995950050353e-01
8.708688049989967705e-01
8.620217667089536961e-01
7.366405718175629280e-01
8.796517954298149755e-01
9.067962845439335728e-01
4.683185213093681298e-01
7.028969400607542051e-01
7.869177403369672641e-01
9.120218805685632590e-01
9.237712378640776656e-01
8.015314569536423628e-01
8.981783785433130607e-01
6.907228059679167975e-01
9.295573536411232407e-01
8.824161812135909999e-01
9.102096627164995013e-01
4.848334938943421601e-01
7.182984965163182745e-01
8.604703080815597760e-01
9.437503772104532951e-01
8.956383462062699197e-01
8.467485220554797909e-01
9.267674305216967445e-01
9.408818859166971915e-01
9.394744976816074011e-01
8.913932341992311104e-01
8.548179319821367361e-01
6.392944853762000390e-01
8.770935960591133007e-01
8.133168491699046543e-01
9.249578779107443527e-01
6.862845883663154511e-01
9.344622425629290907e-01
9.071471291866028963e-01
6.520423108218063035e-01
8.886533711800052027e-01
9.126086807106773557e-01
8.022055763628797020e-01
9.351165161154265659e-01
7.280384481989793377e-01
9.410167983090443888e-01
9.478138222849082917e-01
9.543874287303574233e-01
7.495529814195754925e-01
9.518793776399507856e-01
9.356682027649769751e-01
6.817222164538123685e-01
8.973257194549669746e-01
7.348028477546549864e-01
5.124155844155844353e-01
8.922387860151079764e-01
8.990789277859541073e-01
9.580663507109005161e-01
6.454446517412935069e-01
5.440352084972462920e-01
3.834274219713191822e-01
9.522165645407209000e-01
7.679444987992528615e-01
8.633485414074381081e-01
6.899155533711630595e-01
9.056408843584269341e-01
7.344064386317907811e-01
4.458269525267993805e-01
8.175597755054970772e-01
9.500393081761006053e-01
9.723845998790566769e-01
8.775100401606426015e-01
9.532241985413715257e-01
5.133591678564144445e-01
8.866064092029580790e-01
8.389593908629441321e-01
8.779987740694552567e-01
7.995403472931562616e-01
9.178412663992193687e-01
6.982033204457585018e-01
6.347093839229540624e-01
9.332797807494211950e-01
5.900395425884364942e-01
6.371020142949967990e-01
8.668413593946362461e-01
9.393283730377762764e-01
4.608860280196895309e-01
9.130678500525516439e-01
8.678765123070504295e-01
9.395287767160259707e-01
8.412507135155704585e-01
9.363316386390301282e-01
8.864408913508750043e-01
6.749120967244464087e-01
8.306414662084765643e-01
9.539640591966173089e-01
9.126610505450941657e-01
9.260089202990670065e-01
8.279346827490146055e-01
9.652142729065805726e-01
8.738703797075592083e-01
7.473662551440328761e-01
5.742710294641494295e-01
9.314993423936869243e-01
7.627546421489093120e-01
5.471934630205673722e-01
7.956189574741396875e-01
9.375504276262707215e-01
7.634647176542243008e-01
7.323867233426788470e-01
8.188380013216083331e-01
8.864310856511836700e-01
8.352185262030653590e-01
9.115173956645837849e-01
8.591152886198289984e-01
9.004222600365539009e-01
9.059536541889483541e-01
9.458913983661700886e-01
5.911711658437065475e-01
9.573234793319567171e-01
8.734745628400866213e-01
8.077749360613810659e-01
8.635651440279619173e-01
9.069612338474364321e-01
5.968331913614270956e-01
9.401842374616171671e-01
8.584962709131223058e-01
8.828656815540428804e-01
9.177541835369350531e-01
8.401307864395112235e-01
7.769644779332616213e-01
9.446290143964563013e-01
6.161851851851851691e-01
8.528138528138528018e-01
7.367966199347032452e-01
2.829627246773090965e-01
4.762933695517965194e-01
9.237668161434977598e-01
9.047913064954309359e-01
4.589712597367714420e-01
9.530246141009595107e-01
2.557503619108894913e-02
7.162901565631940581e-01
9.672960215778826365e-01
8.968740198640877681e-01
9.197557784561709582e-01
7.803491405257173552e-01
9.388513513513513375e-01
7.364413173547628144e-01
8.913532626165220352e-01
6.664329672041754415e-01
8.611330066143458861e-01
7.436496805360760520e-01
8.465359477124182463e-01
9.219072164948454162e-01
9.364551967604609617e-01
8.983271375464684239e-01
8.684308958294371106e-01
9.176201372997712102e-01
6.417028461167390008e-01
4.135380477417908707e-01
9.301347708894878163e-01
1.294690328221366205e-01
8.312717164697707162e-01
5.551207893841442198e-01
8.162484427834134637e-01
3.173436594489226215e-01
8.876627604166666963e-01
9.547285442459287896e-01
7.106829573934837496e-01
8.780036968576709899e-01
8.745164784155964321e-01
8.300944258300334555e-01
9.217698154180239412e-01
6.304886827161481078e-01
7.820995933661195609e-01
8.852965982569580561e-01
8.528807877645087077e-01
8.396674298108205425e-01
6.051895192063088125e-01
7.204180244971345459e-01
5.658404165368697836e-01
7.195964879506818734e-01
6.531771999311176691e-01
4.702766130006384437e-01
6.090262778977681979e-01
7.908868461080615919e-01
8.181839435170897845e-01
8.648303538854432704e-01
8.729061230308646779e-01
8.772750910036400951e-01
9.119764816156107345e-01
9.535035859662724933e-01
8.528432933005354322e-01
9.233531280209915648e-01
7.407741702555639129e-01
3.884608598482620634e-01
7.301631377993752503e-01
6.038775898118228236e-01
7.063227611172816500e-01
8.466761972837740791e-01
9.389468906037221618e-01
7.695844538908649390e-01
7.683194383501535940e-01
1.265810516113399509e-01
2.102611740326556788e-01
8.846729423123340652e-01
9.377524523946912938e-01
9.146994402531029023e-01
6.322329123158998421e-01
6.630720939651680856e-01
9.583826071136177793e-01
8.956414395593961242e-01
8.795774647887324438e-01
8.170299036999493225e-01
6.162397293378443219e-01
9.235993208828522372e-01
6.433365292425695658e-01
8.584558823529411242e-01
8.929049531459170019e-01
7.898172323759791169e-01
8.187422934648581618e-01
8.983861326957561788e-01
8.894960534304796607e-01
2.311471907712027429e-01
7.283377541998231619e-01
9.126760563380281743e-01
8.828740157480314821e-01
6.387096774193548043e-01
8.148420279206466388e-01
6.534002422564457735e-01
9.058983975451755377e-01
7.681117083430708536e-01
7.653675124247972805e-01
9.526825188194527616e-01
6.885393258426966145e-01
9.532345372260182526e-01
8.256283662477558183e-01
9.425580801633903771e-01
8.988015978695073072e-01
8.884026258205689475e-01
8.188061278394083153e-01
9.180249280920421695e-01
3.765849535080304511e-01
8.003869273820216623e-01
6.602499155690645383e-01
3.316283547960043321e-01
8.944844124700239707e-01
8.571428571428570953e-01
9.424039563355648408e-01
8.273400144101656917e-01
8.300524934383202158e-01
8.436123348017621204e-01
6.650980392156862209e-01
9.149797570850202177e-01
9.469427369783242066e-01
9.222681186631618289e-01
9.157279029462738196e-01
6.694387563207823133e-01
3.651321759119230403e-01
8.484666265784726047e-01
8.411657559198543188e-01
7.379826635145784186e-01
6.269740998104864627e-01
8.398674765323026481e-01
9.301361752516281722e-01
7.917820867959372011e-01
9.518900343642611173e-01
9.193624003750585638e-01
9.236790606653619840e-01
6.856511390683440732e-01
7.677348671596823104e-01
9.412711182622687245e-01
8.265642151481887856e-01
9.003906250000000000e-01
1.666015472376338180e-01
5.719573706475756802e-01
8.977379830348727330e-01
8.750492707922743474e-01
8.437913688112258503e-01
6.869692532942899277e-01
8.189806678383128036e-01
9.018271910808299818e-01
5.241312741312741386e-01
8.747317596566523967e-01
8.789473684210525883e-01
8.130495141138361914e-01
4.303581580443433530e-01
9.607905642333439689e-01
7.978607290984500722e-01
6.725052692782905739e-01
9.337016574585634832e-01
9.355531686358754540e-01
7.486196817148424998e-01
5.501240694789082397e-01
4.697052901336262187e-01
7.009209888511875874e-01
6.888256420681709846e-01
8.276729559748428056e-01
8.611599297012302312e-01
8.177215189873418000e-01
6.690023007738966632e-01
8.307667629130573994e-01
7.020088280335105013e-01
8.528094756608406435e-01
1.283292978208232515e-01
4.730749732439587518e-01
1.842769943169859093e-01
8.648303114830311333e-01
9.278438030560272054e-01
8.487505480052608409e-01
8.396305625524769223e-01
8.456375838926174504e-01
6.961909132629646724e-01
7.621192052980132470e-01
9.016511127063890907e-01
9.156667809393211899e-01
8.326693227091633842e-01
9.264402326890598394e-01
9.208371246587807590e-01
9.512067156348373853e-01
7.763345344842034201e-01
8.950930626057529427e-01
8.770884788609617511e-01
9.182652210175146212e-01
7.310215557638237716e-01
9.236868186323091701e-01
1.162413202272522261e-01
9.152000000000000135e-01
4.904153354632587725e-01
8.223039215686274161e-01
7.756258856872932927e-01
8.776091081593927479e-01
8.459595959595959114e-01
8.994845360824742508e-01
7.303351861209365081e-01
6.437686344663088311e-01
9.394347240915208452e-01
5.210135970333745759e-01
8.849902534113059938e-01
7.059604603127765943e-01
