9.876696505919723146e-01
9.999317231373218151e-01
9.998719241791140799e-01
9.950155763239875162e-01
6.218998083766766882e-01
9.045309488451451774e-01
1.000000000000000000e+00
9.988983751032772807e-01
9.641723803416695215e-01
9.688074030430111616e-01
9.221702231690706020e-01
9.959628770301623968e-01
8.051090534583325020e-01
9.899616391209263844e-01
9.955444796858480272e-01
8.784455050160708822e-01
9.601282857096810064e-01
9.683456749938970098e-01
9.523331300885907735e-01
9.881035689293211632e-01
3.213827135627785325e-01
4.783428340589793160e-01
7.087143462726336329e-01
7.815266217465979270e-01
7.628491453754987495e-01
9.898004507542731423e-01
9.783961257489944829e-01
9.210446802885523532e-01
9.736897941862932004e-01
9.628933243338797521e-01
9.989802993841008227e-01
9.230268482353355397e-01
1.000000000000000000e+00
9.887480270861972453e-01
7.279075546719682155e-01
9.974548389099261447e-01
9.891813919942300526e-01
9.439979306394693515e-01
8.276663603438023653e-01
8.754581029877631648e-01
9.520519480519480382e-01
1.000000000000000000e+00
9.447916666666666963e-01
1.000000000000000000e+00
9.921745578467412452e-01
7.057858107406252968e-01
9.966901508345548111e-01
9.943920866111067847e-01
9.979962262260591022e-01
9.583855641704195349e-01
9.965894812421468574e-01
9.959499149791312123e-01
9.951583514099783256e-01
9.999511344941606206e-01
8.051075793666289115e-01
9.996147487037898571e-01
9.965386107877376443e-01
9.998367613450864777e-01
9.992358004989773113e-01
9.733057127458906166e-01
9.991140361979495843e-01
9.534029355979700693e-01
8.135335728189141413e-01
1.000000000000000000e+00
9.121487162063777188e-01
9.960536557991347406e-01
9.750699020393798211e-01
1.000000000000000000e+00
9.980231921916091764e-01
9.878619789542376628e-01
9.963408838903848874e-01
9.993479125248508899e-01
1.000000000000000000e+00
8.809929755166063803e-01
9.625141522785168879e-01
9.955041147461924922e-01
4.385471047872521733e-01
9.981339830978964711e-01
9.738509968520461246e-01
7.986055457605385488e-01
9.960175292687607485e-01
1.000000000000000000e+00
9.996078916955588589e-01
9.939555242019528780e-01
9.989982782908123360e-01
9.972181389982138766e-01
8.853480475382002890e-01
9.993253102788194342e-01
1.000000000000000000e+00
9.996833839918946030e-01
9.964068014116137517e-01
9.754966575652009864e-01
9.999838694067167966e-01
9.993791965496398033e-01
1.000000000000000000e+00
1.000000000000000000e+00
9.872991898942743427e-01
9.837469008921192470e-01
1.000000000000000000e+00
8.953841803916025022e-01
9.954256631227265117e-01
9.999536099212914531e-01
1.000000000000000000e+00
9.991269894567188503e-01
9.977179284070762932e-01
9.930040511062636632e-01
9.969324658131387684e-01
9.504069816228917222e-01
8.755445235316358099e-01
9.800735602216118503e-01
9.971392244119516857e-01
8.832040292811111915e-01
9.596210433214839020e-01
9.909503849593994662e-01
1.000000000000000000e+00
8.995695839311333986e-01
9.986477233824032629e-01
9.994566516702527714e-01
1.000000000000000000e+00
9.733961761896560150e-01
9.929330305388365252e-01
9.995013867680513364e-01
6.992466296590007513e-01
9.960363388454648303e-01
9.992462234255299336e-01
9.656688985164763039e-01
9.998839346165006026e-01
9.991439034830444932e-01
9.997436226124856162e-01
9.974232133483911245e-01
1.000000000000000000e+00
9.943548659703207449e-01
9.735866760497302597e-01
9.830586080586080078e-01
9.971311083484747373e-01
1.000000000000000000e+00
9.995525036648407191e-01
9.989296058430927605e-01
1.000000000000000000e+00
9.960384210278097061e-01
9.977249423224814340e-01
1.000000000000000000e+00
9.968624927093180377e-01
8.347653429602888142e-01
4.681367939314149407e-01
9.524561375243680850e-01
9.932562620423892596e-01
9.980000963808972614e-01
9.445721950752131724e-01
7.933098127143234368e-01
9.968357768167914745e-01
9.952404372451650882e-01
1.000000000000000000e+00
9.999228454594553117e-01
1.000000000000000000e+00
9.918834096894051378e-01
9.976844509293916197e-01
9.991157444035928537e-01
9.698362201013314143e-01
9.974895126415186386e-01
8.215322580645161299e-01
1.000000000000000000e+00
1.000000000000000000e+00
8.630247225497351682e-01
9.999366219499313813e-01
8.643593406169169935e-01
9.547276702888948252e-01
1.000000000000000000e+00
9.990579527294137785e-01
9.947897753287967548e-01
9.995613828970659753e-01
1.000000000000000000e+00
9.976986684019235607e-01
1.000000000000000000e+00
9.995820781165654090e-01
1.000000000000000000e+00
1.000000000000000000e+00
9.993699827253328394e-01
9.958828111338960953e-01
9.927830793643892537e-01
1.000000000000000000e+00
9.967535129285608475e-01
9.730812671435487005e-01
9.968413284132841001e-01
9.871666235111341559e-01
9.860106913110446847e-01
9.808262845600302926e-01
1.000000000000000000e+00
9.983768629186955401e-01
9.979562498917504687e-01
9.999693336195528692e-01
9.648932802372660600e-01
1.000000000000000000e+00
9.913465597298438681e-01
9.147173667116739182e-01
1.000000000000000000e+00
9.378581067628254386e-01
9.935875687046210603e-01
9.993204267088107162e-01
9.990238281937621201e-01
9.968588648722932488e-01
9.884088849315504355e-01
6.727602868310097461e-01
9.924168107005496564e-01
9.860507477949636002e-01
9.733609958506224125e-01
9.975447211504735456e-01
9.979245347215134343e-01
9.949028408399004375e-01
9.957619829541012324e-01
7.848881698331838797e-01
9.820945647370746823e-01
9.772898590239129657e-01
9.953790781376988805e-01
9.801596098426069714e-01
9.584490281634272524e-01
9.961891028942218007e-01
9.746421565065755965e-01
9.915764781148371787e-01
9.132749776984835366e-01
9.994422023165009383e-01
9.889570343691068688e-01
1.000000000000000000e+00
9.998807081166197763e-01
9.760666431593794101e-01
9.074256256886510386e-01
9.919615922301523447e-01
9.824262560504612996e-01
9.983963650942135892e-01
1.000000000000000000e+00
9.284758037967738575e-01
1.000000000000000000e+00
8.894749043700012070e-01
8.726173541963015978e-01
9.522437635574837467e-01
9.888060670597096369e-01
9.922965116279069964e-01
9.198097423394999694e-01
9.611265861962240420e-01
9.972602171070383825e-01
9.222962390627936768e-01
1.000000000000000000e+00
1.000000000000000000e+00
1.000000000000000000e+00
9.996556869046252514e-01
9.699422641803854273e-01
9.462271574713648770e-01
9.992854955598652333e-01
9.349149125867348697e-01
9.833128163041991998e-01
9.838594031325186284e-01
9.996633414249517235e-01
9.308427840782743656e-01
9.832066837398715231e-01
9.162541588898807099e-01
9.948259558600510699e-01
9.993964526994140174e-01
9.985744261664878385e-01
9.997086181777429248e-01
9.953668848091735688e-01
8.969037842636776725e-01
9.995183817627227851e-01
9.998407896831714714e-01
9.909894932836813553e-01
8.718991807009558448e-01
9.138586398191904658e-01
1.000000000000000000e+00
9.998935264054514827e-01
9.537786566149663026e-01
9.995104039167687082e-01
1.000000000000000000e+00
9.999842566791038445e-01
9.547362110311750083e-01
9.833023421798989805e-01
9.998568360773084640e-01
9.967144291320616523e-01
9.825738963045516083e-01
9.799103102942063881e-01
8.486127263665060871e-01
9.931269162090226033e-01
9.922823701536210850e-01
9.957981580966999147e-01
9.804467696708508706e-01
9.955677543966656717e-01
9.502870990983123267e-01
9.976302916433927859e-01
9.991144044821976822e-01
9.984331203537666344e-01
9.808640012717589896e-01
9.122660427807486316e-01
9.995977759375369587e-01
9.997914252607184027e-01
9.966671295653380946e-01
9.993009925905214086e-01
9.922054210945180364e-01
9.971637910659418846e-01
9.990852710341925347e-01
9.011846492161452726e-01
1.000000000000000000e+00
6.518373006702102845e-01
9.374067404167738538e-01
9.999277265171409024e-01
9.922142551369863561e-01
1.000000000000000000e+00
9.677131309333584230e-01
9.911716916410904243e-01
9.972481454893514785e-01
9.817509247842169939e-01
9.991039999999999921e-01
9.995842756418784614e-01
1.000000000000000000e+00
8.932389611158824128e-01
9.378711976449930487e-01
9.988546939077105336e-01
9.998220851619025185e-01
8.956306385989739605e-01
9.596217352146502177e-01
9.928077845155831582e-01
7.926296662309924024e-01
9.979875804967801578e-01
9.633745500078259028e-01
1.000000000000000000e+00
8.567469809229333322e-01
9.767266914288400548e-01
9.744437016521821926e-01
1.000000000000000000e+00
9.584286803966437507e-01
9.998857904254306872e-01
9.910524494537544804e-01
9.970776484931064276e-01
9.997954591941091707e-01
9.855499640546369067e-01
1.000000000000000000e+00
9.799989227426970650e-01
9.168216731951769338e-01
7.784802016146256110e-01
9.930902646408730217e-01
9.117647058823529216e-01
9.999081620939042070e-01
1.000000000000000000e+00
9.388398996844915523e-01
7.890192279342079784e-01
9.934456047919214550e-01
9.979075046105830848e-01
8.826632946716664874e-01
1.000000000000000000e+00
9.935283571647207657e-01
9.794600612301698206e-01
9.862416745956231745e-01
9.989963668479897585e-01
9.850057885498748611e-01
9.392199252353286010e-01
1.000000000000000000e+00
1.000000000000000000e+00
9.927168959495719092e-01
9.883048981838195024e-01
8.539852645679839593e-01
9.977091570953366961e-01
9.925162182498525887e-01
9.906795922944651167e-01
9.432701985543050505e-01
1.000000000000000000e+00
9.751912726072879956e-01
9.014119653143130018e-01
9.999772716941679462e-01
8.568432592168918616e-01
9.941446276959109429e-01
9.989435379739406429e-01
9.145064377682403656e-01
8.406862745098039325e-01
9.337931034482758186e-01
9.594561280412644555e-01
9.854358013120899651e-01
9.992471769134253501e-01
9.909620525916763567e-01
9.847256738673293430e-01
9.932260795935647923e-01
9.565387863433466586e-01
9.729154376875529531e-01
9.511632653061224962e-01
1.000000000000000000e+00
9.272513243084167245e-01
9.868944923689448867e-01
1.000000000000000000e+00
9.960025196239945533e-01
1.000000000000000000e+00
9.931487773631147986e-01
9.730816077953714505e-01
9.987625211123931646e-01
1.000000000000000000e+00
9.995803066989508157e-01
9.886870071991772368e-01
1.000000000000000000e+00
9.646017699115043698e-01
9.485678298189961222e-01
1.000000000000000000e+00
9.875547070583361453e-01
9.549854119390542850e-01
9.947690595436838867e-01
9.986572925796766143e-01
7.206535606142117079e-01
1.000000000000000000e+00
9.682589897711694205e-01
9.896624944121591438e-01
9.969412957783339024e-01
1.000000000000000000e+00
9.990420844242927645e-01
9.872876459031549867e-01
9.997437581076535906e-01
1.000000000000000000e+00
9.003045836119158984e-01
1.000000000000000000e+00
9.982754457972614626e-01
9.990316779637571365e-01
9.985532097310041433e-01
9.974956755221645599e-01
9.474638194228099941e-01
9.506875523137630069e-01
8.917550187634349923e-01
1.000000000000000000e+00
9.975531481054629168e-01
4.032479374728614729e-01
9.798129083183582111e-01
9.991625912775506935e-01
9.624497094322753687e-01
9.995287635480479826e-01
9.203034548386244129e-01
9.848359850716951192e-01
1.000000000000000000e+00
9.995433039221058857e-01
9.248624965041484236e-01
9.494143015327233259e-01
9.734308499648774982e-01
1.000000000000000000e+00
6.687198328650673096e-01
1.000000000000000000e+00
1.000000000000000000e+00
8.300590408452163116e-01
1.000000000000000000e+00
9.998952726054081142e-01
9.951195941048562865e-01
9.997054625371003533e-01
1.000000000000000000e+00
9.929310119125539513e-01
1.000000000000000000e+00
1.000000000000000000e+00
9.635524700503745876e-01
9.924476541455272693e-01
9.975017429700209215e-01
9.989804105101290910e-01
9.876267843726521667e-01
9.691256939729200326e-01
9.982461517504427340e-01
9.965979416692309911e-01
7.896305476864966533e-01
6.146558278261886610e-01
1.000000000000000000e+00
9.692540241529580269e-01
9.104500684598736404e-01
9.995034117452318290e-01
9.933106853920778967e-01
9.272306617775449844e-01
9.998852176764778665e-01
1.000000000000000000e+00
6.294446027727951254e-01
9.400249571049758002e-01
9.628441184709807255e-01
9.743030062506200517e-01
9.474144337107137659e-01
8.897353181235182484e-01
9.801273828010712563e-01
9.936053758196499164e-01
9.994101987789520969e-01
9.943526687941931508e-01
1.000000000000000000e+00
9.997021383332288513e-01
9.999844946816758284e-01
9.963982224994153425e-01
9.993521617744597352e-01
9.999536844055393336e-01
9.961639251097148540e-01
9.979685278077289334e-01
9.977823241867220805e-01
1.000000000000000000e+00
1.000000000000000000e+00
9.986833137121259307e-01
9.966727352627283709e-01
9.982858367259481724e-01
9.966764509465902977e-01
9.990804520831939595e-01
9.999840265797712568e-01
1.000000000000000000e+00
1.000000000000000000e+00
9.980272346368714853e-01
9.998420745092465589e-01
9.958526783256564929e-01
1.000000000000000000e+00
9.968776289393644907e-01
9.982851085058618290e-01
9.987210257058043439e-01
1.000000000000000000e+00
9.995589022968587312e-01
1.000000000000000000e+00
9.995302131657760603e-01
9.904138492465650589e-01
8.797252095097651825e-01
9.983227990620098247e-01
9.865063261905939740e-01
9.859622975912349929e-01
9.502107630947205230e-01
9.999839971835042807e-01
1.000000000000000000e+00
9.931254138942322562e-01
9.966954671481075279e-01
9.998238760087101440e-01
9.969713307116579992e-01
9.981976077339013154e-01
8.421105893782383500e-01
8.332341489126553480e-01
9.961633837084171716e-01
9.975851166928808578e-01
9.903944410382178321e-01
9.999839669076975301e-01
9.999215440138082833e-01
9.998677183061328577e-01
9.999526612279677762e-01
9.992446535635042260e-01
9.976711617441110791e-01
9.996591049956613517e-01
9.927937823489273450e-01
9.864981189823375241e-01
9.980687646425631110e-01
9.999843051086870771e-01
9.996126253157103791e-01
8.317929468172354790e-01
8.199091036498689089e-01
9.966993587325537751e-01
9.994764564030967913e-01
9.963539566024037786e-01
1.000000000000000000e+00
1.000000000000000000e+00
9.998234859912064065e-01
9.997463308570393448e-01
9.990463413451435848e-01
9.995202500889858177e-01
9.941176470588235503e-01
9.544014697963191241e-01
9.989434083086528027e-01
1.000000000000000000e+00
9.392482676051228108e-01
9.998283904585094639e-01
9.987921758090069213e-01
9.971581384210106425e-01
9.725652662038867247e-01
9.556785822237070516e-01
9.997136311569301270e-01
1.000000000000000000e+00
9.960901599763228864e-01
9.997537817583059816e-01
9.957805907172996296e-01
9.560524023434163743e-01
9.969738744494133220e-01
9.450848987812077162e-01
9.833735990873095911e-01
8.138317053668020495e-01
1.000000000000000000e+00
9.981552190141147474e-01
9.999121836415687525e-01
9.995340746722991554e-01
9.986265037415932300e-01
9.910432960670473301e-01
9.978867617362991993e-01
9.983140047901172265e-01
1.000000000000000000e+00
9.988476571624336220e-01
9.995211415984293080e-01
9.974804853543550731e-01
9.942695775671301917e-01
9.994571286760144391e-01
9.993089801174733777e-01
1.000000000000000000e+00
9.993229623474741974e-01
9.964662509981142557e-01
1.000000000000000000e+00
9.955679782568410685e-01
9.975264904889570294e-01
8.478992120098420848e-01
9.986950442752835500e-01
9.750785143982125813e-01
1.000000000000000000e+00
9.989603843427581342e-01
9.982660928259590172e-01
9.996582258816218980e-01
9.991360157985682555e-01
9.999328892840964045e-01
1.000000000000000000e+00
9.995318352059925360e-01
9.999843551995494240e-01
9.999054969286501615e-01
1.000000000000000000e+00
