9.856278366111951295e-01
9.087018544935806519e-01
9.735194992778045675e-01
9.580846899317324583e-01
1.000000000000000000e+00
8.089647812166488317e-01
9.876638396299152189e-01
9.930704898446833795e-01
9.555363695229872611e-01
8.424109693391734766e-01
9.987466053895968088e-01
8.190570229572945449e-01
9.830084957521239009e-01
8.962906888720666432e-01
9.570187974057381419e-01
8.063388487532043847e-01
8.631138975966562432e-01
8.932393630905768322e-01
9.671999999999999487e-01
9.069394304051343614e-01
9.760793465577596306e-01
2.491329479768785993e-01
9.684589496751976334e-01
6.359312111233077491e-01
7.280235988200589592e-01
9.400981996726677226e-01
9.735755573905863214e-01
2.222222222222222099e-01
9.797932330827067160e-01
9.957610789980732013e-01
9.675079491255962338e-01
9.853912347408445571e-01
7.112579478867971927e-01
9.558720727018524821e-01
9.997798569069895613e-01
1.000000000000000000e+00
5.513315579227696661e-01
4.122335817016115067e-01
1.000000000000000000e+00
8.076086956521738580e-01
9.799235181644359027e-01
8.495202093631869511e-01
0.000000000000000000e+00
9.307508622976916612e-01
9.936708860759493334e-01
9.162707838479809963e-01
6.015722708593889134e-01
9.949458483754513027e-01
9.993438320209974135e-01
8.129880270692347866e-01
5.457740722576426284e-01
9.692546583850931707e-01
7.358203273696231062e-01
1.000000000000000000e+00
9.994948644552954509e-01
9.991818925552222730e-01
9.990476190476190732e-01
9.742519137091162351e-01
1.000000000000000000e+00
9.514315521038599899e-01
1.000000000000000000e+00
8.515136953387794083e-01
1.000000000000000000e+00
9.000000000000000222e-01
8.801313628899836150e-01
1.000000000000000000e+00
9.394563426688632424e-01
9.846860643185298967e-01
8.333333333333333703e-01
1.000000000000000000e+00
8.155167785234899158e-01
9.209120057000356185e-01
9.187224097636977893e-01
9.895833333333333703e-01
9.304987735077677735e-01
1.000000000000000000e+00
9.412320896065168307e-01
9.852794411177644429e-01
9.587223587223586696e-01
7.416417074536733045e-01
9.746371275783040078e-01
9.436619718309858795e-01
6.415631469979296009e-01
9.859793814432989967e-01
9.995348837209302451e-01
8.160315374507227659e-01
8.716478065416214394e-01
8.917147055499039521e-01
9.778106508875740177e-01
7.932932364956877258e-01
9.477611940298507065e-01
9.153896315617867652e-01
9.910028116213682736e-01
1.000000000000000000e+00
8.840377226685295353e-01
9.887553315238464258e-01
8.145597638957206010e-01
9.640176600441501265e-01
9.965187119234116819e-01
0.000000000000000000e+00
9.994683678894205059e-01
9.352189781021897907e-01
9.634472979360327871e-01
9.985351562500000000e-01
8.650921452853820304e-01
9.891178736517719505e-01
1.000000000000000000e+00
9.212954586574995108e-01
1.000000000000000000e+00
7.592824363788068798e-01
9.949479716483184966e-01
9.876340694006309207e-01
7.808885249257856431e-01
9.915393013100436415e-01
1.000000000000000000e+00
9.689252690616947383e-01
9.733333333333333837e-01
1.000000000000000000e+00
9.201072386058981589e-01
7.176675803638176143e-01
1.000000000000000000e+00
9.463148316651501801e-01
7.660146334179482874e-01
9.690844233055886381e-01
8.448714326080813963e-01
9.701213818860877636e-01
1.000000000000000000e+00
9.624604251469922600e-01
9.565044949762030457e-01
7.723140495867768518e-01
9.132974354294058905e-01
1.000000000000000000e+00
1.000000000000000000e+00
9.917951268025857470e-01
9.963071348940913952e-01
9.640096896989271968e-01
9.883372209263578956e-01
9.946471585333214183e-01
1.000000000000000000e+00
9.534840963412392068e-01
9.660986865459708639e-01
9.626274065685164194e-01
8.862186303700553269e-01
7.551240560949298297e-01
9.841485507246376940e-01
9.799693799438632391e-01
6.142999006951340712e-01
9.617562332373100764e-01
7.154853050135836501e-01
1.629323221877513606e-01
7.934662644397026954e-01
5.916213623281100231e-01
9.991523884482653717e-01
8.975889912430342621e-01
9.368604941352632887e-01
9.474695234577023006e-01
9.731729879740980138e-01
7.843544479058497387e-01
4.522003034901365681e-01
5.904852220641694238e-01
1.000000000000000000e+00
9.961556566766044396e-01
9.924086992203529078e-01
5.932475884244372555e-01
9.483213343787868510e-01
8.261616492146597324e-01
9.869475612548660459e-01
8.909820877084619895e-01
9.065228556753980316e-01
8.807215939687668138e-01
9.998116051243406410e-01
9.987576096409491733e-01
9.866824271079590591e-01
8.978494623655913776e-01
9.923298178331735331e-01
6.684955603953761649e-01
9.446605374823197065e-01
8.858131487889273625e-01
8.477178423236514382e-01
9.946502057613169079e-01
9.977708426214890736e-01
9.753424657534246478e-01
9.393017161213965682e-01
6.466893952987619043e-01
1.000000000000000000e+00
9.958450808725329839e-01
9.721928898275254971e-01
9.996870109546165395e-01
9.658563234089047045e-01
9.932492449813465907e-01
9.980489919791892817e-01
9.595362318840580107e-01
9.298716800954939243e-01
8.662832969793112792e-01
9.664794007490636885e-01
9.523692003948667217e-01
