5.264646464646464130e-01
8.354098360655737299e-01
7.475046210720887041e-01
9.182795698924731687e-01
8.795986622073578287e-01
7.854922279792746487e-01
6.954397394136807575e-01
8.976241900647947691e-01
5.567152917505030496e-01
8.424109693391734766e-01
5.523336414048058973e-01
7.794221282593375433e-01
6.757128134661628538e-01
8.173973075595443172e-01
7.962319370770074567e-01
7.763069329145164676e-01
5.887384176764076660e-01
8.602312719959779308e-01
7.728531855955678154e-01
7.026103169670603332e-01
3.111979166666666852e-01
2.405133928571428492e-01
8.077550753965663244e-01
6.127269522298607329e-01
6.929015956202330129e-01
8.176512455516014022e-01
9.180455518785283209e-01
2.218370883882148925e-01
2.534954407294832679e-01
9.535055350553505171e-01
8.084523414148123699e-01
8.077427821522309426e-01
7.049301865809959322e-01
8.920329446301883403e-01
7.204156091370558235e-01
6.810861643352533745e-01
4.332879866052741780e-01
4.122335817016115067e-01
3.800639658848614100e-01
5.764158262218773698e-01
8.134920634920634885e-01
7.972438258971210612e-01
0.000000000000000000e+00
8.717693836978130939e-01
8.146226415094339757e-01
8.842406876790831483e-01
5.946661956905686663e-01
9.149198520345253050e-01
9.239635995955510772e-01
7.714250432205482788e-01
5.340318323602335493e-01
9.571417618646016479e-01
7.029090909090909278e-01
8.805890227576974594e-01
8.720434846481562863e-01
9.507005708354956397e-01
9.291408325952169589e-01
9.370816599732262331e-01
3.119701593760597080e-01
9.468220094589918645e-01
8.909386869234943163e-01
7.889581478183437246e-01
3.166897827092001738e-01
8.709677419354838745e-01
8.772504091653028357e-01
8.632665832290362662e-01
9.046202657148523230e-01
9.446620959843290422e-01
8.318385650224214833e-01
8.404464871963230888e-01
8.043317093836052090e-01
8.959103512014787718e-01
9.023208365212955773e-01
8.994589720468890714e-01
8.198847262247838108e-01
2.225117895259369483e-01
9.120445415462682393e-01
9.427070899976127683e-01
9.112564222326016150e-01
7.254775856319375382e-01
9.428022465267513752e-01
8.945962928055293251e-01
6.415631469979296009e-01
9.196153846153846123e-01
8.984113712374581784e-01
8.075422626788036906e-01
7.613051719469265954e-01
6.672023004059539630e-01
7.010370021211407288e-01
7.307270161501071559e-01
4.335816263190565012e-01
8.750194795075580956e-01
8.246763375448448175e-01
3.060923983066445864e-01
8.276651406147809142e-01
8.534952663287750374e-01
6.364335126825518829e-01
6.434359805510534436e-01
6.332964601769911495e-01
0.000000000000000000e+00
8.007951157177338741e-01
8.719693747341557000e-01
8.175133689839572115e-01
4.592409611497866861e-01
7.800903517263633180e-01
4.658683721141198553e-01
1.674634000597549910e-01
8.452855245683931207e-01
6.132812500000000000e-01
7.539353769676885308e-01
8.758712246929970524e-01
5.833426495248742460e-01
7.779024116657319299e-01
5.446776611694152948e-01
5.458088179109039650e-01
7.130745203034359880e-01
5.250994796449341973e-01
6.347246070532294171e-01
8.322017458777885013e-01
6.889952153110048272e-01
2.872406854922639474e-01
8.319999999999999618e-01
7.212146773513286035e-01
7.639260846277450279e-01
8.309017646241489974e-01
6.342133374027163484e-01
3.100360817853801687e-01
5.741265344664777670e-01
8.570244018005211961e-01
7.546941247728649049e-01
7.955954841787247211e-01
6.542277339346110887e-01
4.078138518282409808e-01
7.813907933398628325e-01
8.290717226184264321e-01
8.187518369746252800e-01
6.780978509373570828e-01
7.464015531900649592e-01
7.092074592074592010e-01
4.959831675592961120e-01
8.433529594050201972e-01
7.574793125397836224e-01
7.807757166947723038e-01
5.466614603670441053e-01
7.833453496755587997e-01
8.071668768390080073e-01
6.109026269010467969e-01
8.849282515309386810e-01
6.344258705014964583e-01
1.629323221877513606e-01
7.863497156190754067e-01
5.916213623281100231e-01
7.130265716137395016e-01
8.518618456556934504e-01
8.926759670259987178e-01
9.175073334764255462e-01
7.645348837209302584e-01
7.529906956136463991e-01
4.522003034901365681e-01
5.904852220641694238e-01
2.585687250297890039e-01
7.688627830931330509e-01
8.857352133308917796e-01
5.749902610050642293e-01
8.882953862589303418e-01
8.215244448059871862e-01
8.660415271265907711e-01
8.882389162561575846e-01
8.860441767068273355e-01
6.970450348060803769e-01
4.663239752207723465e-01
9.426594746716697726e-01
9.462666263603385364e-01
8.028846153846154188e-01
9.035355739851592682e-01
6.659573580339633869e-01
7.159319308589039421e-01
8.791208791208791062e-01
8.175270108043217743e-01
8.013040114929826929e-01
8.647604327666151836e-01
6.527319398606526990e-01
8.356020154922162435e-01
6.038873994638069842e-01
6.919354268960401511e-01
7.520591696083375188e-01
9.423404981235072864e-01
8.496940675711625035e-01
7.525005320280910848e-01
7.711724137931034173e-01
8.522769344687153303e-01
8.595762359783963857e-01
9.290399522957663025e-01
8.257308467741935054e-01
9.433375982452933961e-01
9.321256038647343090e-01
