9.438200422283579138e-01
9.980821405182898065e-01
9.682320209088609575e-01
9.796362331516741406e-01
9.924658306099779503e-01
9.986608210442406985e-01
9.915160572238048697e-01
9.927466544962592065e-01
9.455035055744380745e-01
1.000000000000000000e+00
9.363117088347133743e-01
9.966495893307311116e-01
9.856771858031007083e-01
9.959455591948357389e-01
9.674515848969683640e-01
9.972895746591557975e-01
9.710896480197057645e-01
9.976176971072036048e-01
9.847376428317095032e-01
9.884999127579588984e-01
9.426216665099809155e-01
9.980024486113795446e-01
9.518186470554786949e-01
9.924181378653578189e-01
9.771882467474998224e-01
9.846026991552518925e-01
9.951723456139194290e-01
9.999846059113300933e-01
9.038449407014887971e-01
9.940260774705199642e-01
9.643063167003173008e-01
9.604263440279428021e-01
9.987481526558289469e-01
9.848591288915181652e-01
9.375918938548475356e-01
8.309797732275615578e-01
9.189959616755087879e-01
1.000000000000000000e+00
9.820588371411381745e-01
9.942893401015228116e-01
9.932538931971502949e-01
9.923113641787991712e-01
1.000000000000000000e+00
9.958715819126717772e-01
9.940123514843725028e-01
9.990446657896385751e-01
9.989155641568928656e-01
9.848140255367919815e-01
9.938816350633160601e-01
9.928438083385189294e-01
9.949532850549698271e-01
9.969044363415375809e-01
9.980447948624203702e-01
9.928349960640673322e-01
9.854355084987499458e-01
9.969774846853836081e-01
9.987749278913252704e-01
9.991107505577310199e-01
9.685991085799182665e-01
9.992619796517246966e-01
9.968541647103014158e-01
9.973997320936096589e-01
9.772092951535057415e-01
9.997075393282640610e-01
9.999058217834214668e-01
9.930388518087834848e-01
9.969182597231377452e-01
9.973059820182413882e-01
9.999368188279892378e-01
9.839115466101694407e-01
9.944789068661934461e-01
9.958854941784119896e-01
9.988652022371726780e-01
9.968198992443324524e-01
9.947693770803613944e-01
9.017146980844955584e-01
9.915036592194952370e-01
9.970582499024833734e-01
9.983307349490558869e-01
9.626057460460174520e-01
9.962536658134291123e-01
9.944370682845666831e-01
1.000000000000000000e+00
9.942326071911149477e-01
9.961821222351938676e-01
9.989234288790203031e-01
9.644716343048219676e-01
9.474854028118330218e-01
9.595976586153535104e-01
9.685047587243279521e-01
9.727139333770410401e-01
9.819875249289260477e-01
9.821265427484593413e-01
9.409766254912090844e-01
9.934793512790502934e-01
9.397468567697913056e-01
9.712805155038107818e-01
9.630036389863292356e-01
9.897650146768757207e-01
9.947320793743131828e-01
9.766249812165027633e-01
9.974898964384946165e-01
9.808579296828802141e-01
8.785189924568965747e-01
9.898410262398451565e-01
7.885298810559907556e-01
7.310890579512007159e-01
9.917179089803196401e-01
9.581150128551436662e-01
9.991258891078926840e-01
9.655086658759612916e-01
7.789115646258503167e-01
9.983694943258402121e-01
9.514158262218773698e-01
8.982069768636651297e-01
9.598398344050628195e-01
9.514763509699891708e-01
9.010996870809119264e-01
9.969059697507499651e-01
9.941923143801078000e-01
8.326763958564076251e-01
9.787114056111659854e-01
9.929298594469654349e-01
9.734949454307699757e-01
9.979643504738444637e-01
9.629563116306406600e-01
9.183276385725133162e-01
9.510586772261674371e-01
9.848547574691229878e-01
9.981382628179781280e-01
9.702999322083585287e-01
9.486548474042824086e-01
7.701484623541887675e-01
9.123928166963274355e-01
9.434393560487652763e-01
9.729544375472594098e-01
8.974071583352013493e-01
9.313785042428258665e-01
9.922417948040237468e-01
9.165182954224004863e-01
9.863109745918333671e-01
9.717968157695223708e-01
9.895617582273070756e-01
9.888979617474326078e-01
9.910624052551794128e-01
9.709175361364345003e-01
9.995371977322689006e-01
9.842434512971208749e-01
9.709303414561052392e-01
1.000000000000000000e+00
9.976321108865146003e-01
1.000000000000000000e+00
8.647871233603297014e-01
9.803128258602711309e-01
9.888816219751471737e-01
9.915001634583949786e-01
9.906901884053397334e-01
9.850213684079498488e-01
1.000000000000000000e+00
1.000000000000000000e+00
8.289650265978948385e-01
9.286228452358401553e-01
9.903234314727507037e-01
9.973910171730515639e-01
9.815947346962549114e-01
9.987057322929171477e-01
9.651187184132735686e-01
9.998394812032489476e-01
9.992923304345091573e-01
9.460234584696841642e-01
7.788601602330662566e-01
9.916676813888357644e-01
9.897437838246981867e-01
9.976025158016004202e-01
9.933185581122482288e-01
9.978156505040806090e-01
9.333505458837415558e-01
9.996488203556491703e-01
9.985901213446123359e-01
9.698005013219791470e-01
9.824000544152906578e-01
9.008536987505953997e-01
9.726665052972610637e-01
9.934126044394042676e-01
8.101984852441891372e-01
9.160743785777402115e-01
9.985644788260626958e-01
9.809285496905961743e-01
9.832242424242424450e-01
9.729413924916954226e-01
9.870492260722550926e-01
9.823759905817855964e-01
9.998377881513256238e-01
9.852599837324180765e-01
9.952238588303923272e-01
9.985687333289962053e-01
