6.550203809999167737e-01
8.969696969696969724e-01
8.040675262528246270e-01
9.477532727916028188e-01
8.818674232654114542e-01
8.889655172413792883e-01
7.202447163515016682e-01
9.141607435757244104e-01
7.071149335418295268e-01
9.151386808532616657e-01
6.866528006885175284e-01
8.503461296412838655e-01
8.000799680127949065e-01
8.728403593642017899e-01
8.686380016784321922e-01
8.875725040108601860e-01
7.204035633787699844e-01
9.294442254631454237e-01
8.508670520231214063e-01
7.578075207138305069e-01
4.620727979994442847e-01
4.412303931554287795e-01
8.810522974926825457e-01
7.668295759104524212e-01
8.100227042700440805e-01
8.866717440974867248e-01
9.419021090330282897e-01
8.165784832451499220e-01
4.125736738703340012e-01
9.692278883964796643e-01
8.665593417404525711e-01
8.602085406481201346e-01
8.448653615096473057e-01
9.327912590522170477e-01
8.149443846429852423e-01
8.076011708404962075e-01
5.936634660337325453e-01
6.379513806938872378e-01
4.953108718304967129e-01
7.405541561712846166e-01
8.283389561420916314e-01
8.761904761904761862e-01
1.965442764578833601e-01
9.334033889399711015e-01
8.639082751744765476e-01
9.502369668246445356e-01
7.953302482120320205e-01
9.472962382445141438e-01
9.508844953173777315e-01
8.902562715531814330e-01
7.144002405050606797e-01
9.771895679252627920e-01
8.186103709776593185e-01
9.321241320674507058e-01
9.278849910149230551e-01
9.690721649484536071e-01
9.527702089009990605e-01
9.576502732240437243e-01
4.360616844602609454e-01
9.731297348484848619e-01
9.305752337772740246e-01
9.009139009139008891e-01
4.074955383700178402e-01
9.320557491289198637e-01
9.416785206258890817e-01
9.131226212146285048e-01
9.447490510333192981e-01
9.661016949152542166e-01
9.272030651340996688e-01
9.100604337006754641e-01
8.933835332574496801e-01
9.286652078774616514e-01
9.575228265184596577e-01
9.426152398871119331e-01
9.029013539651837839e-01
3.213837605305610579e-01
9.520411916145641307e-01
9.685812469317623963e-01
9.451988360814742585e-01
8.370803564039612787e-01
9.663327558936506412e-01
9.302143025355208428e-01
8.423416679143583830e-01
9.528207187311784621e-01
9.419496166484118138e-01
8.948835536372627963e-01
8.710857142857142410e-01
7.894043611883506673e-01
7.959061606964843438e-01
8.376960211088123609e-01
4.464531944231653338e-01
9.066557107641741720e-01
8.727871552079045081e-01
4.325660033814540117e-01
8.885534591194969023e-01
9.156120305374801926e-01
7.690574539992489633e-01
7.451675529669958831e-01
6.224268689057421700e-01
4.930524428507395730e-03
8.756303824967026639e-01
9.090909090909090606e-01
8.696021520600311083e-01
6.058115934854709783e-01
8.634711887869873648e-01
6.283145242682814935e-01
2.838813151563753245e-01
9.069063877603941171e-01
7.164545853444492796e-01
8.957064440935408323e-01
9.233319226971363758e-01
7.098974536236893895e-01
8.932593619972261090e-01
6.744293503373071097e-01
6.722823529411764421e-01
7.997771863588537533e-01
6.493214787084697903e-01
7.491328578666355265e-01
8.919860627177700341e-01
8.228492773571920438e-01
4.224705342109291162e-01
8.748440748440748926e-01
8.452296819787985527e-01
8.386909090909090425e-01
9.285555966014037432e-01
7.003767266638760702e-01
4.684975767366720278e-01
6.498694115839607210e-01
8.936458975940777538e-01
8.687185226636821023e-01
8.700511541933542148e-01
7.557465650843263605e-01
5.751533249847478046e-01
8.551495549437331256e-01
8.919062003674753658e-01
8.970163618864293031e-01
7.944728830004349485e-01
8.345802783181206497e-01
6.768631813125695063e-01
6.475124378109452516e-01
8.831273725870285585e-01
8.436363636363636287e-01
8.765819580844386172e-01
7.495098039215686292e-01
8.705179282868525936e-01
8.925734825207258805e-01
7.909510837380078208e-01
9.337360951285001986e-01
7.799204162840526200e-01
3.521726782164157910e-01
8.803897097306654373e-01
8.076263107721639578e-01
8.133881732876880877e-01
9.220214955408186919e-01
9.485056709992548685e-01
9.584958941775350016e-01
8.133333333333333526e-01
8.555141416356062400e-01
6.922749822820694066e-01
7.960038058991436571e-01
3.983156076229552589e-01
8.402109426499669853e-01
9.241890992105012970e-01
7.301163918525702679e-01
9.342644386646239418e-01
9.052650114456770591e-01
9.160591690848609581e-01
9.609686155806914654e-01
9.319498069498070025e-01
8.226865193723983394e-01
6.305723025749161437e-01
9.613061419771544713e-01
9.650822950315336435e-01
6.581827437006871895e-01
9.347335140018067090e-01
8.048052529473213035e-01
8.113477312062608027e-01
9.388048956083513419e-01
8.606213266162888731e-01
8.808760360578377080e-01
9.258417682297046536e-01
7.643213061455278456e-01
8.944379556164162581e-01
7.962650243369424619e-01
8.184763298150277144e-01
8.348803278179617315e-01
9.591906721536350711e-01
9.131056166928683826e-01
8.106648666891663746e-01
8.464730290456431439e-01
9.085528262799644761e-01
9.148437073809393416e-01
9.683790421612771260e-01
8.933795097676607844e-01
9.684724897805760957e-01
9.639162857830165798e-01
