4.870113805047006639e-01
8.131868131868131844e-01
6.723352228520618201e-01
9.006949114548307156e-01
7.886966551326413111e-01
8.001241464928615654e-01
5.627987831377662120e-01
8.418932527693856471e-01
5.469279148524431866e-01
8.435536088364120610e-01
5.228265618173875140e-01
7.396540398511057823e-01
6.667777407530822709e-01
7.743715511955855391e-01
7.677807836634958916e-01
7.978699800310627976e-01
5.629927864452273223e-01
8.681885125184094498e-01
7.404426559356136472e-01
6.100564391995895175e-01
3.004516711833785103e-01
2.830632514375326925e-01
7.873936337850614420e-01
6.218358476093071019e-01
6.807043354328536910e-01
7.964153783007251741e-01
8.901842798044377059e-01
6.900149031296571867e-01
2.599009900990099098e-01
9.402930846554438116e-01
7.645387832399589412e-01
7.547069541451564278e-01
7.313999021047479232e-01
8.740476190476190732e-01
6.876845053364620819e-01
6.772911471321695354e-01
4.221347107860686232e-01
4.683763645815283150e-01
3.291782086795937423e-01
5.879999999999999671e-01
7.069783197831978061e-01
7.796610169491525744e-01
1.089820359281437057e-01
8.751231527093595863e-01
7.604212373848179274e-01
9.051918735891647527e-01
6.602060415575344843e-01
8.998697189651962969e-01
9.063677841698075666e-01
8.022178893492566409e-01
5.556941304856185537e-01
9.553965595981123160e-01
6.929215822345593523e-01
8.728768577494692149e-01
8.654715056114269389e-01
9.399999999999999467e-01
9.098005203816131869e-01
9.187418086500654946e-01
2.788228155339805836e-01
9.476657060518731690e-01
8.701642819289877595e-01
8.196936542669583936e-01
2.558834516249532953e-01
8.727569331158238075e-01
8.897849462365591267e-01
8.401339829476248688e-01
8.952837729816146561e-01
9.344262295081967595e-01
8.642857142857143238e-01
8.349641226353554657e-01
8.073108977740267589e-01
8.668300653594771532e-01
9.185072353389185373e-01
8.914590747330960463e-01
8.229901269393512520e-01
1.914575547250400300e-01
9.084719590089141983e-01
9.390766301761066526e-01
8.960919540229884683e-01
7.198092843418649744e-01
9.348586417953949068e-01
8.695333137657763611e-01
7.276254526642524922e-01
9.098926380368098643e-01
8.902691511387164081e-01
8.097640358014646100e-01
7.716136869811702770e-01
6.520793036750484051e-01
6.610001103874599826e-01
7.207202559075430726e-01
2.873767258382642908e-01
8.292499624229671129e-01
7.742878013148283278e-01
2.759707932293395394e-01
7.994567677682209439e-01
8.443583443583443371e-01
6.247712019524099825e-01
5.938382887124983300e-01
4.518285489579237368e-01
2.471354751741181716e-03
7.787744962738062382e-01
8.333333333333333703e-01
7.692885771543086504e-01
4.345263456895327447e-01
7.597442143727162200e-01
4.580602006688963002e-01
1.654205607476635642e-01
8.296694606990352439e-01
5.581840557910570100e-01
8.111126242680103404e-01
8.575827055355388362e-01
5.502643612460702549e-01
8.071081257205875437e-01
5.087841606246513715e-01
5.063443680442333283e-01
6.663572607260725977e-01
4.807372505543237029e-01
5.988908275174477103e-01
8.050314465408805464e-01
6.990177736202057845e-01
2.678051620415292100e-01
7.775314116777531925e-01
7.319461444308446030e-01
7.221943887775551518e-01
8.666390842642394121e-01
5.389074980675083726e-01
3.059071729957805741e-01
4.813381884387801790e-01
8.077394892383182867e-01
7.679066086268302449e-01
7.699916305257551441e-01
6.073895750471006716e-01
4.036598007842430169e-01
7.469530702778426345e-01
8.049013546175032285e-01
8.132635253054101288e-01
6.590253108348135269e-01
7.161199203954548009e-01
5.115594787725935566e-01
4.787566672797498590e-01
7.907144923343939480e-01
7.295597484276729050e-01
7.802811824080749803e-01
5.993727949823598466e-01
7.707231040564374025e-01
8.059889016856873756e-01
6.541927899686520442e-01
8.757082471445274408e-01
6.392373306573005953e-01
2.137194071009996532e-01
7.863358504135202764e-01
6.773265110329389493e-01
6.854711498547114701e-01
8.553245651251590864e-01
9.020549563026533102e-01
9.202996789154477275e-01
6.853932584269663009e-01
7.475095785440613039e-01
5.293735096466507528e-01
6.611348190295558425e-01
2.486854523392207084e-01
7.244515175628054582e-01
8.590627763041556175e-01
5.749474890204315791e-01
8.766381385397165049e-01
8.269261701785427521e-01
8.451191642180868602e-01
9.248696718797915217e-01
8.725711703569815070e-01
6.987828925001700053e-01
4.604641075688570839e-01
9.254951635191156489e-01
9.325208085612366471e-01
4.905159332321699650e-01
8.774644901420394216e-01
6.733674616056936069e-01
6.825778678146365852e-01
8.846675712347353837e-01
7.553426676492261960e-01
7.871121202292139518e-01
8.619230769230769029e-01
6.185437281931018827e-01
8.090346083788706455e-01
6.614952962535072256e-01
6.927295241464709319e-01
7.165618672066502715e-01
9.215815485996705636e-01
8.401051939513477507e-01
6.816118047673098701e-01
7.338129496402877594e-01
8.324295010845986775e-01
8.430524834104162757e-01
9.386965578811625743e-01
8.073043266893534797e-01
9.388721873007196406e-01
9.303459484560018256e-01
