9.331167776514536216e-01
9.963202045716780253e-01
9.533597504426271074e-01
9.695440579515126611e-01
9.852536342708115846e-01
9.934475886807493383e-01
9.843708650508258273e-01
9.872862708024319200e-01
9.403149270150895633e-01
1.000000000000000000e+00
9.280811206768835309e-01
9.916077091973651836e-01
9.842606437396710373e-01
9.901421439246986811e-01
9.581495065468913497e-01
9.964731814842028301e-01
9.654339793867894315e-01
9.960619074629284420e-01
9.802544265691256475e-01
9.777136240343892171e-01
9.401303625709003242e-01
9.941040015464913671e-01
9.414697018518167759e-01
9.853307450003663259e-01
9.687804230462873090e-01
9.798236462154612525e-01
9.921900744743953338e-01
9.985375615763546486e-01
9.061317183951551613e-01
9.918269813509722477e-01
9.529672627631958770e-01
9.427820388174714683e-01
9.973745979309744936e-01
9.786290024402869436e-01
9.269100635949761857e-01
8.280101341529260139e-01
9.102660543194235343e-01
1.000000000000000000e+00
9.775851163938725774e-01
9.910238950105236810e-01
9.864447386671710838e-01
9.895154966074534153e-01
1.000000000000000000e+00
9.952887464179901444e-01
9.915201103482867984e-01
9.986218129424293544e-01
9.978311283137857313e-01
9.811787038197740118e-01
9.923069352404697563e-01
9.909769757311761573e-01
9.888371918502120161e-01
9.951002734731084765e-01
9.959465259342860088e-01
9.923048500329333388e-01
9.845294226219440947e-01
9.962339782443550007e-01
9.984027540861581951e-01
9.986115228006676725e-01
9.632289216293178358e-01
9.991565481733996057e-01
9.961655241493724278e-01
9.967851233157355439e-01
9.692834343340889225e-01
9.993381153218606761e-01
9.994820198088182339e-01
9.916370645300029985e-01
9.975609756097560954e-01
9.962673244831056207e-01
9.997788658979623877e-01
9.832494703389830226e-01
9.929014516851057959e-01
9.974262452945811264e-01
9.985733970981599539e-01
9.963476070528967110e-01
9.938183547313361732e-01
8.812104858572705757e-01
9.903836870257014535e-01
9.968469639838772878e-01
9.977953103100738463e-01
9.554538395520862926e-01
9.946262989269549770e-01
9.869077830624695125e-01
9.999675703722921138e-01
9.939689549484230779e-01
9.958192660839932930e-01
9.990411788453774644e-01
9.636166736330128435e-01
9.371835805888267812e-01
9.499596312991993585e-01
9.633077308398730887e-01
9.438668789610065168e-01
9.669665209827300600e-01
9.749173601767412434e-01
9.316925774583939557e-01
9.849356294933957479e-01
9.344818145441526891e-01
9.647357706479129380e-01
9.524145166049241551e-01
9.783496668582166711e-01
9.870887466873505822e-01
9.732356034928956179e-01
9.945377620611265401e-01
9.723428339725286307e-01
8.663456357758620996e-01
9.836689075349892564e-01
7.816760951552074177e-01
7.271001881845817749e-01
9.867353230348780979e-01
9.474240895629251202e-01
9.973948067529351258e-01
9.616826720740712098e-01
7.556253270538985101e-01
9.910648289056045446e-01
9.433023015257305799e-01
8.807391296902026268e-01
9.474202141196830240e-01
9.404783022366999257e-01
8.848994188645507020e-01
9.943302288325925886e-01
9.908537645626847024e-01
8.156394553391100866e-01
9.641900465247427165e-01
9.888509322048301131e-01
9.648443393854045924e-01
9.970406103527318376e-01
9.432181806308365113e-01
9.167299417868893796e-01
9.285597408122525653e-01
9.757986614227558420e-01
9.964742322393568275e-01
9.599479653346525421e-01
9.372038906467111685e-01
7.661541180629197756e-01
8.922706681766704451e-01
9.328110346983432555e-01
9.710728542036681787e-01
8.876933422999327972e-01
9.195979899497487287e-01
9.819337987219950437e-01
9.095628733547431732e-01
9.786317652165202885e-01
9.648386825035801806e-01
9.860933030870894234e-01
9.890549919914575216e-01
9.900991662455785880e-01
9.703109293216403142e-01
9.988595229830912192e-01
9.810344516757107947e-01
9.662102680327407933e-01
1.000000000000000000e+00
9.939551448647607756e-01
1.000000000000000000e+00
8.455088843101654650e-01
9.735140771637121881e-01
9.872932822573110556e-01
9.907694082806099978e-01
9.849622873733707706e-01
9.805817186008879416e-01
1.000000000000000000e+00
1.000000000000000000e+00
8.197972415800280910e-01
9.081644250805076535e-01
9.871253832712406640e-01
9.956902245706736876e-01
9.820024462694391110e-01
9.960609243697479132e-01
9.577762944598073869e-01
9.996308067674725129e-01
9.958168865684315918e-01
9.344596830532779785e-01
7.735069191551346979e-01
9.889540243881225212e-01
9.855050524164553627e-01
9.792321823333437480e-01
9.911185711492079831e-01
9.963754200672108041e-01
9.173059899675420903e-01
9.990741627558024085e-01
9.951842347051927939e-01
9.663667891357345940e-01
9.817878823949529599e-01
8.803172974755432145e-01
9.646973392667622660e-01
9.918950019178492949e-01
8.111560894924697562e-01
8.984209919704944092e-01
9.969056543584018382e-01
9.794576133635410908e-01
9.737373737373737903e-01
9.663478391506835630e-01
9.849153849941729710e-01
9.767883186027306319e-01
9.994953409152352863e-01
9.736742912690697915e-01
9.945858247046813760e-01
9.958525795328866392e-01
