9.801851551080071889e-01
1.000000000000000000e+00
9.891240198971419373e-01
1.000000000000000000e+00
9.227586650997311457e-01
1.000000000000000000e+00
9.572378150344805769e-01
1.000000000000000000e+00
9.917245455888872296e-01
9.988915942871678944e-01
9.855470871948509570e-01
1.000000000000000000e+00
9.163610608326119289e-01
1.000000000000000000e+00
9.151473272028207151e-02
6.913543962772471518e-01
4.184870681273092363e-01
8.042135969532452355e-01
9.595701291554721291e-01
6.565677394794029453e-01
8.496913290088057291e-01
6.547457954765126820e-01
3.692261036031767030e-01
9.979671818914365167e-01
9.892247101513408358e-01
9.069599165348500858e-01
9.505700916100968678e-01
1.000000000000000000e+00
6.424110522331567541e-01
9.976623781406382951e-01
7.681713296798384771e-01
9.872348853120160861e-01
9.368338694253672827e-01
8.050543518450048452e-01
9.302226709889993561e-01
6.014038293807367763e-01
7.051429250138570026e-01
7.846398393708692298e-01
6.235286858059638782e-01
9.980500185712517514e-01
9.978721392093814480e-01
6.658426813051928628e-01
3.439359515308882398e-01
9.978953162692052459e-01
9.991379040095300645e-01
9.989976821399486617e-01
1.000000000000000000e+00
9.833455704589817437e-01
1.000000000000000000e+00
9.961107654013690027e-01
7.928970770327566919e-01
9.983287754481919851e-01
9.767282900697833448e-01
9.955660513759698738e-01
9.841770558920751588e-01
9.983836816499377376e-01
9.998449275811803760e-01
9.999219956629588069e-01
9.744954809954190500e-01
9.958706004322690486e-01
9.994835195793032590e-01
9.988810968402804802e-01
8.870796132673358647e-01
1.000000000000000000e+00
1.000000000000000000e+00
9.965433200057345342e-01
9.971654581410679397e-01
9.998377097601349739e-01
9.981045648396777992e-01
9.860467425847457834e-01
9.858029033702117028e-01
9.803204061980215211e-01
9.987841452541136311e-01
9.970403022670024651e-01
9.972420351878269473e-01
1.000000000000000000e+00
9.741634000811014715e-01
9.925724873228448653e-01
9.982834915985574487e-01
8.765785279333033753e-01
9.980166466071095366e-01
4.404127661719970943e-01
9.975677779219094266e-01
9.926506937349636184e-01
9.942416306439907370e-01
9.855503969856008739e-01
8.615343694190067403e-01
9.940905643070083730e-01
9.641895983314270335e-01
6.281307396894306727e-01
7.847866129686865699e-01
9.612593881274663632e-01
9.900666101891995030e-01
9.553488954644372422e-01
1.000000000000000000e+00
9.302487205947391757e-01
1.000000000000000000e+00
8.662754483165590047e-01
1.000000000000000000e+00
1.614957016353176789e-01
7.893743843187016607e-01
8.992801212427380397e-01
1.000000000000000000e+00
9.931977370689655249e-01
9.969973476570971327e-01
1.000000000000000000e+00
5.937625657439724591e-01
7.429218950490760198e-01
9.645751293650535185e-01
9.998971634244580020e-01
9.573592990779354883e-01
7.948315420842892998e-01
1.000000000000000000e+00
8.463763899663822032e-01
9.905810627986231243e-01
9.793854663295950003e-01
9.686507232587766580e-01
1.000000000000000000e+00
1.000000000000000000e+00
9.976699704399234481e-01
9.981594892175386091e-01
1.000000000000000000e+00
9.790785023538809417e-01
9.975188184210967979e-01
6.361148174757945695e-01
7.222947822111931426e-01
9.126961528726904582e-01
6.098602611512909943e-01
9.942730973573449260e-01
9.782028469750889688e-01
9.930376151999853462e-01
9.644585070229186874e-01
9.586426299045598676e-02
9.694224235560588987e-01
9.670404814004376348e-01
9.637399546309810550e-01
9.720727788986026630e-01
7.655125444070167706e-01
7.827858020180662457e-01
8.893289182488310907e-01
9.731060732529798196e-01
7.221295594305450205e-01
5.729855015287503850e-01
9.909707609685625140e-01
9.859461849418897916e-01
9.534125966237997352e-01
9.957356076759061869e-01
9.970433936072400360e-01
7.397591264118076326e-01
4.273045589710203762e-01
1.000000000000000000e+00
1.000000000000000000e+00
8.738244354229992572e-01
9.938060479666318559e-01
9.917406334672521639e-01
9.895771235168554503e-01
1.000000000000000000e+00
8.671839342765860215e-01
9.818295225120233782e-01
3.767163775777331303e-01
9.982860931007162542e-01
5.816253078234514540e-01
9.923675447561900453e-01
9.984973579920739528e-01
9.417749043819286792e-01
9.998874549819928292e-01
8.093639744445504380e-01
1.000000000000000000e+00
9.998584660869018759e-01
8.812369011288009313e-01
9.498361252731245541e-01
9.953032859603040405e-01
6.160920410248647006e-01
9.999377276831584727e-01
9.960889120657062668e-01
8.898703792606816876e-01
5.448141044555916412e-01
9.977652204450403461e-01
8.528498558438678545e-01
9.814922913161419071e-01
9.826721308687741407e-01
2.807130033341882491e-01
9.527994488614147661e-01
9.923452795890799205e-01
1.556106903456080659e-01
9.766798570824849479e-01
9.997128957652124948e-01
9.608595678490514658e-01
9.878949494949494925e-01
9.682007111022084000e-01
9.909557966613594671e-01
9.999824287044684068e-01
9.959086567056575356e-01
7.185311563870097062e-01
9.261338777891205964e-01
1.000000000000000000e+00
