9.891510009765625000e-01
9.916076660156250000e-01
9.776611328125000000e-01
9.397277832031250000e-01
9.215393066406250000e-01
9.922180175781250000e-01
9.797363281250000000e-01
9.895019531250000000e-01
9.870147705078125000e-01
9.704437255859375000e-01
9.649353027343750000e-01
9.606933593750000000e-01
9.847564697265625000e-01
9.875946044921875000e-01
9.571685791015625000e-01
9.765319824218750000e-01
9.734039306640625000e-01
9.805297851562500000e-01
9.879150390625000000e-01
9.861145019531250000e-01
9.619445800781250000e-01
9.605102539062500000e-01
9.662322998046875000e-01
9.199829101562500000e-01
8.892211914062500000e-01
9.805450439453125000e-01
9.907684326171875000e-01
9.973602294921875000e-01
9.266052246093750000e-01
9.944763183593750000e-01
9.716796875000000000e-01
9.298248291015625000e-01
9.417724609375000000e-01
9.696960449218750000e-01
9.614257812500000000e-01
8.775482177734375000e-01
8.757324218750000000e-01
9.522094726562500000e-01
9.695434570312500000e-01
9.845733642578125000e-01
9.920959472656250000e-01
9.751586914062500000e-01
9.692382812500000000e-01
9.901428222656250000e-01
9.920501708984375000e-01
9.968566894531250000e-01
9.638214111328125000e-01
9.901428222656250000e-01
9.837951660156250000e-01
9.810333251953125000e-01
9.511108398437500000e-01
9.891815185546875000e-01
9.842529296875000000e-01
9.952697753906250000e-01
9.863586425781250000e-01
9.972991943359375000e-01
9.964447021484375000e-01
9.967651367187500000e-01
9.563140869140625000e-01
9.882507324218750000e-01
9.958801269531250000e-01
9.933929443359375000e-01
9.906463623046875000e-01
9.979400634765625000e-01
9.971923828125000000e-01
9.962921142578125000e-01
9.817962646484375000e-01
9.971923828125000000e-01
9.940948486328125000e-01
9.858398437500000000e-01
9.506530761718750000e-01
9.785766601562500000e-01
9.915466308593750000e-01
9.968261718750000000e-01
9.933013916015625000e-01
9.704589843750000000e-01
9.711303710937500000e-01
9.951019287109375000e-01
9.950714111328125000e-01
9.725646972656250000e-01
9.952087402343750000e-01
9.887695312500000000e-01
9.778137207031250000e-01
9.940643310546875000e-01
9.941864013671875000e-01
9.852142333984375000e-01
9.302368164062500000e-01
9.571990966796875000e-01
9.749603271484375000e-01
9.380645751953125000e-01
9.940490722656250000e-01
9.402618408203125000e-01
9.861450195312500000e-01
9.712982177734375000e-01
9.810485839843750000e-01
9.459991455078125000e-01
9.752655029296875000e-01
9.884948730468750000e-01
9.785308837890625000e-01
9.209594726562500000e-01
9.906311035156250000e-01
9.969940185546875000e-01
9.584350585937500000e-01
9.832458496093750000e-01
9.696350097656250000e-01
8.538970947265625000e-01
9.317626953125000000e-01
9.806976318359375000e-01
9.271545410156250000e-01
9.602508544921875000e-01
9.789123535156250000e-01
8.001098632812500000e-01
9.593963623046875000e-01
9.834136962890625000e-01
9.484405517578125000e-01
9.750823974609375000e-01
9.829864501953125000e-01
9.207611083984375000e-01
9.888763427734375000e-01
9.687805175781250000e-01
8.872222900390625000e-01
9.756469726562500000e-01
9.617767333984375000e-01
9.828033447265625000e-01
9.716033935546875000e-01
9.818572998046875000e-01
9.793548583984375000e-01
9.756469726562500000e-01
9.821319580078125000e-01
9.872894287109375000e-01
9.698638916015625000e-01
9.747924804687500000e-01
9.128723144531250000e-01
9.627380371093750000e-01
9.811706542968750000e-01
9.723815917968750000e-01
9.549560546875000000e-01
9.220581054687500000e-01
9.933929443359375000e-01
9.048309326171875000e-01
9.855041503906250000e-01
9.898681640625000000e-01
9.665985107421875000e-01
9.828491210937500000e-01
9.871063232421875000e-01
9.747161865234375000e-01
9.739685058593750000e-01
9.768066406250000000e-01
9.192199707031250000e-01
8.938598632812500000e-01
9.638824462890625000e-01
9.822998046875000000e-01
9.466094970703125000e-01
9.257354736328125000e-01
9.686279296875000000e-01
9.798889160156250000e-01
9.622802734375000000e-01
9.077301025390625000e-01
9.726562500000000000e-01
9.503021240234375000e-01
8.931884765625000000e-01
8.966674804687500000e-01
9.953765869140625000e-01
9.658203125000000000e-01
9.720306396484375000e-01
9.694519042968750000e-01
9.831848144531250000e-01
9.956207275390625000e-01
9.920501708984375000e-01
9.491271972656250000e-01
9.367523193359375000e-01
9.926757812500000000e-01
9.897766113281250000e-01
9.970245361328125000e-01
9.936523437500000000e-01
8.726654052734375000e-01
9.364318847656250000e-01
9.813537597656250000e-01
9.334869384765625000e-01
9.730224609375000000e-01
9.846801757812500000e-01
9.662933349609375000e-01
9.123687744140625000e-01
9.677124023437500000e-01
9.242553710937500000e-01
9.529266357421875000e-01
9.972991943359375000e-01
9.880371093750000000e-01
9.842224121093750000e-01
9.774169921875000000e-01
9.902496337890625000e-01
9.812316894531250000e-01
9.896697998046875000e-01
9.530792236328125000e-01
9.876098632812500000e-01
9.948272705078125000e-01
