9.901275634765625000e-01
9.949951171875000000e-01
9.796295166015625000e-01
9.422760009765625000e-01
9.273681640625000000e-01
9.893035888671875000e-01
9.886779785156250000e-01
9.943542480468750000e-01
9.864196777343750000e-01
9.700164794921875000e-01
9.705657958984375000e-01
9.652557373046875000e-01
9.829254150390625000e-01
9.841003417968750000e-01
9.632263183593750000e-01
9.800567626953125000e-01
9.783325195312500000e-01
9.797973632812500000e-01
9.894104003906250000e-01
9.861907958984375000e-01
9.660339355468750000e-01
9.515380859375000000e-01
9.712066650390625000e-01
9.228515625000000000e-01
8.914184570312500000e-01
9.820556640625000000e-01
9.899291992187500000e-01
9.978790283203125000e-01
9.365692138671875000e-01
9.951629638671875000e-01
9.835052490234375000e-01
9.424591064453125000e-01
9.415130615234375000e-01
9.753570556640625000e-01
9.666900634765625000e-01
8.777160644531250000e-01
8.776397705078125000e-01
9.471893310546875000e-01
9.753265380859375000e-01
9.877166748046875000e-01
9.912109375000000000e-01
9.760589599609375000e-01
9.893341064453125000e-01
9.904174804687500000e-01
9.943847656250000000e-01
9.973907470703125000e-01
9.653472900390625000e-01
9.908905029296875000e-01
9.888916015625000000e-01
9.821777343750000000e-01
9.522857666015625000e-01
9.895782470703125000e-01
9.856872558593750000e-01
9.962463378906250000e-01
9.871368408203125000e-01
9.977874755859375000e-01
9.975738525390625000e-01
9.983978271484375000e-01
9.626464843750000000e-01
9.895019531250000000e-01
9.961395263671875000e-01
9.924621582031250000e-01
9.895477294921875000e-01
9.983062744140625000e-01
9.973144531250000000e-01
9.972991943359375000e-01
9.803009033203125000e-01
9.970550537109375000e-01
9.932098388671875000e-01
9.862365722656250000e-01
9.476318359375000000e-01
9.805145263671875000e-01
9.912109375000000000e-01
9.967651367187500000e-01
9.921569824218750000e-01
9.850921630859375000e-01
9.752655029296875000e-01
9.954223632812500000e-01
9.958038330078125000e-01
9.758605957031250000e-01
9.943389892578125000e-01
9.900817871093750000e-01
9.742431640625000000e-01
9.940795898437500000e-01
9.947967529296875000e-01
9.841003417968750000e-01
9.327545166015625000e-01
9.603271484375000000e-01
9.774169921875000000e-01
9.458618164062500000e-01
9.956054687500000000e-01
9.531707763671875000e-01
9.908447265625000000e-01
9.763793945312500000e-01
9.766998291015625000e-01
9.514617919921875000e-01
9.736480712890625000e-01
9.848632812500000000e-01
9.857482910156250000e-01
9.303588867187500000e-01
9.914245605468750000e-01
9.961090087890625000e-01
9.664764404296875000e-01
9.870300292968750000e-01
9.742279052734375000e-01
8.533782958984375000e-01
9.462890625000000000e-01
9.799957275390625000e-01
9.401702880859375000e-01
9.591064453125000000e-01
9.784545898437500000e-01
7.834014892578125000e-01
9.522247314453125000e-01
9.844055175781250000e-01
9.524688720703125000e-01
9.779663085937500000e-01
9.838409423828125000e-01
9.300994873046875000e-01
9.918060302734375000e-01
9.653167724609375000e-01
8.988494873046875000e-01
9.831390380859375000e-01
9.589233398437500000e-01
9.772644042968750000e-01
9.687652587890625000e-01
9.766082763671875000e-01
9.873504638671875000e-01
9.788360595703125000e-01
9.815216064453125000e-01
9.848785400390625000e-01
9.727935791015625000e-01
9.805145263671875000e-01
9.286651611328125000e-01
9.690856933593750000e-01
9.839630126953125000e-01
9.726715087890625000e-01
9.614105224609375000e-01
9.310302734375000000e-01
9.974517822265625000e-01
9.083099365234375000e-01
9.902343750000000000e-01
9.873199462890625000e-01
9.650878906250000000e-01
9.814300537109375000e-01
9.886016845703125000e-01
9.749298095703125000e-01
9.713287353515625000e-01
9.766693115234375000e-01
9.183349609375000000e-01
8.877410888671875000e-01
9.659881591796875000e-01
9.782257080078125000e-01
9.570922851562500000e-01
9.186706542968750000e-01
9.637756347656250000e-01
9.810791015625000000e-01
9.852294921875000000e-01
9.036865234375000000e-01
9.712677001953125000e-01
9.429473876953125000e-01
9.016571044921875000e-01
9.074554443359375000e-01
9.959411621093750000e-01
9.653167724609375000e-01
9.744567871093750000e-01
9.671325683593750000e-01
9.855651855468750000e-01
9.938354492187500000e-01
9.905090332031250000e-01
9.457092285156250000e-01
9.377441406250000000e-01
9.939575195312500000e-01
9.917449951171875000e-01
9.950714111328125000e-01
9.953155517578125000e-01
8.738555908203125000e-01
9.499206542968750000e-01
9.768066406250000000e-01
9.515991210937500000e-01
9.788513183593750000e-01
9.850463867187500000e-01
9.718780517578125000e-01
9.207611083984375000e-01
9.656524658203125000e-01
9.330139160156250000e-01
9.583435058593750000e-01
9.971008300781250000e-01
9.888916015625000000e-01
9.874114990234375000e-01
9.829101562500000000e-01
9.919586181640625000e-01
9.829559326171875000e-01
9.892120361328125000e-01
9.522094726562500000e-01
9.891052246093750000e-01
9.936065673828125000e-01
