9.957284391749228192e-01
9.974116693173668002e-01
9.927662085827502203e-01
9.953575994079256750e-01
9.233704138963568786e-01
9.995536070147469365e-01
9.887295879450178626e-01
9.946048149174422370e-01
9.965026353381606361e-01
1.000000000000000000e+00
9.707155673344417535e-01
9.924697080588761322e-01
9.873770362792161359e-01
9.998251025535027647e-01
9.701801945463243149e-01
9.903175769450567323e-01
9.944091527840798195e-01
1.000000000000000000e+00
9.946427993396562695e-01
9.993655124280252933e-01
9.690702265676413019e-01
1.000000000000000000e+00
9.838700506074793406e-01
9.795436231777892022e-01
9.897114788919373352e-01
9.868576044155756843e-01
9.959797007842878802e-01
9.991687192118227090e-01
9.360806207418622682e-01
9.958442278055791297e-01
9.852898759734640688e-01
9.357603255194267833e-01
9.977571068416934974e-01
9.876876432744213785e-01
9.628527395440293901e-01
8.335756115795157628e-01
8.819977828806714326e-01
1.000000000000000000e+00
9.750551501781774544e-01
9.922619784573479818e-01
9.963432318264926479e-01
9.930103310716356102e-01
9.999690885766835402e-01
9.981219745171370228e-01
9.958932881908524326e-01
9.986374741589926218e-01
9.908907389178999159e-01
9.943052595762970070e-01
9.880585263434157328e-01
9.914782548572218523e-01
9.925143521819068670e-01
9.991833789121847831e-01
9.987760097919217150e-01
9.960640673446109483e-01
9.860395657499538835e-01
9.980280916129240509e-01
9.975343485407685007e-01
9.985803210658512619e-01
9.621455986133465865e-01
9.994025549561580402e-01
9.960403167746579856e-01
9.978252304782917470e-01
1.000000000000000000e+00
9.993535079887941874e-01
9.997645544585537225e-01
9.972601430460200644e-01
9.958965062623599263e-01
9.986367619851341804e-01
9.999684094139946744e-01
9.850701800847457834e-01
9.983159600093794994e-01
9.991420817648604125e-01
9.991732187727973002e-01
9.974653652392947434e-01
9.953399904897765049e-01
9.855670426556641939e-01
9.920636453163921287e-01
9.962293589910284908e-01
9.987244295365427238e-01
9.468715517593689901e-01
9.972199149022732412e-01
9.995126132333910229e-01
9.998864963030223985e-01
9.957815641169297516e-01
9.946202631495913993e-01
9.982001076571120901e-01
9.556750389482083774e-01
9.859231949760977054e-01
9.811612729596985716e-01
9.481966939388879467e-01
9.989073085448472167e-01
9.917257181652310294e-01
9.909636052557266872e-01
9.777683841372724061e-01
9.998328038789500161e-01
9.367141924478233905e-01
9.973921967797836352e-01
9.997541225453233649e-01
9.857890567971795415e-01
9.440566220670932873e-01
9.926535655251865764e-01
9.998579186663298923e-01
9.655003463481389714e-01
9.894093480603448620e-01
9.860710294093115724e-01
8.467145343777197075e-01
9.434159522622360683e-01
9.923344831608592598e-01
9.361961792560289375e-01
1.000000000000000000e+00
9.795500631288976967e-01
9.998591152437306118e-01
9.925866342014870725e-01
9.956199896560641305e-01
9.512784066583322984e-01
9.906004513140704848e-01
9.936946670751963806e-01
9.189450156459544328e-01
9.933093559077130763e-01
9.969918275082594317e-01
8.920287966642778121e-01
9.863421683349781199e-01
1.000000000000000000e+00
9.997652936344281205e-01
9.996236614321393210e-01
9.999346960099262382e-01
9.930397367754998372e-01
9.923094544621526847e-01
9.947733388532394860e-01
9.982041650191116888e-01
9.883105223620806123e-01
9.811996718731689215e-01
9.173736302580417501e-01
9.641037049021193850e-01
9.865582994685839768e-01
9.733237202595529380e-01
9.742210266756332615e-01
9.225615255766009826e-01
9.990982446866399913e-01
9.338236517629832090e-01
9.932723448298887980e-01
9.986184820149944796e-01
9.916329684058257099e-01
9.895103796991300271e-01
9.882990146538656040e-01
9.730839890464141329e-01
9.997520702137154824e-01
9.880293497268745062e-01
9.833860907677611785e-01
1.000000000000000000e+00
9.725671383193762454e-01
1.000000000000000000e+00
9.703992329504885772e-01
9.971637122002084963e-01
9.968793796131926177e-01
9.921347666391030495e-01
9.957711364281882638e-01
9.880502883697771521e-01
9.997866158921917545e-01
1.000000000000000000e+00
8.957912267369476655e-01
8.873650312559197006e-01
9.994395173255085085e-01
9.994550858652575531e-01
9.729939619857495003e-01
9.997186374549820176e-01
9.913798035663201613e-01
9.999518443609746177e-01
9.997641101448363488e-01
9.999264624774791832e-01
9.384741442097596087e-01
9.934593908187938638e-01
9.943609733943912232e-01
9.999688638415792363e-01
9.959096538687177702e-01
9.976956313010081345e-01
9.909818530539982184e-01
1.000000000000000000e+00
9.497512910686563004e-01
9.773203310098547147e-01
9.835903888992807431e-01
9.850144725753856578e-01
9.787550971009365552e-01
9.910945082801060346e-01
9.309436754592147478e-01
9.554727419416804146e-01
9.996331445888826384e-01
9.878605484732695396e-01
9.937616161616161792e-01
9.822224447894235544e-01
9.921868588217914731e-01
9.888597986329532574e-01
9.991168466016617788e-01
9.942468307973099106e-01
9.965728452676096971e-01
9.995283325743282710e-01
