9.531013615733736621e-01
9.079885877318116805e-01
8.797945755095489817e-01
8.271351506182269553e-01
1.000000000000000000e+00
9.075062255425115909e-01
1.000000000000000000e+00
9.976105137395460121e-01
9.061083531189294549e-01
8.155589411540659084e-01
9.738876122832671456e-01
5.993581831646507263e-01
9.365317341329335576e-01
7.763058289174867843e-01
9.139276684621303604e-01
8.165928687951526932e-01
7.575757575757575690e-01
6.674497520229705216e-01
9.135999999999999677e-01
7.216205375050140924e-01
8.768961493582263511e-01
2.971098265895953938e-01
9.378570869531188681e-01
6.566044639590193910e-01
6.763520157325466631e-01
9.612111292962356446e-01
9.397192402972749381e-01
9.774305555555555802e-01
9.600563909774436633e-01
9.917790622992934679e-01
9.702901430842607589e-01
9.881929157494496740e-01
5.862111956115197975e-01
9.113072352324361747e-01
9.905338470005503604e-01
1.000000000000000000e+00
8.799600532623169657e-01
4.572864321608040017e-01
1.000000000000000000e+00
8.293478260869565633e-01
8.833652007648183924e-01
8.614422797324803316e-01
5.497005988023951906e-01
8.588485009286283001e-01
9.436133486766398182e-01
9.804038004750593727e-01
7.196712524566731828e-01
9.778236204228983874e-01
1.000000000000000000e+00
9.173607496095783631e-01
7.940166748406081165e-01
9.479037267080745455e-01
6.673011039208222028e-01
9.972636059592581148e-01
9.978110793062805461e-01
9.961821652577038666e-01
1.000000000000000000e+00
9.958246346555323925e-01
1.000000000000000000e+00
9.173524979714848815e-01
1.000000000000000000e+00
8.692936088419028762e-01
1.255474452554744547e-01
9.017543859649123084e-01
9.337712096332786427e-01
9.971003986951794129e-01
7.981878088962108819e-01
9.811128126595202170e-01
8.279424977538185626e-01
1.000000000000000000e+00
8.318389261744966179e-01
8.358864742904643652e-01
8.706829394962347646e-01
9.806547619047618625e-01
9.452166802943581247e-01
9.983268265476854531e-01
8.993381336824496364e-01
9.845309381237524748e-01
8.958230958230958274e-01
9.893345021550149498e-01
9.721925133689839349e-01
9.519469759734879855e-01
6.268115942028985588e-01
9.593814432989691277e-01
1.000000000000000000e+00
8.559461235216819786e-01
8.482405828553712945e-01
8.087487283825025575e-01
9.464168310322156330e-01
9.408193372673626653e-01
9.090909090909090606e-01
8.139876100423867333e-01
9.930646672914714701e-01
9.585087191822008190e-01
7.933985330073349829e-01
9.913587769345815204e-01
7.870142646335465120e-01
8.584988962472406282e-01
1.000000000000000000e+00
7.918948521358160075e-01
9.826333510544036365e-01
9.302007299270073082e-01
9.784149992122262995e-01
9.676106770833333703e-01
8.631239935587761147e-01
9.016756548536210003e-01
1.000000000000000000e+00
9.004885109462638093e-01
1.000000000000000000e+00
6.378806841885690249e-01
9.788116422862312982e-01
1.753943217665615006e-01
8.943085269730780551e-01
8.455240174672489228e-01
9.806803863922721742e-01
8.969228437168409451e-01
8.592907801418440128e-01
9.965664342940381282e-01
9.860589812332439807e-01
7.757288811363070025e-01
1.000000000000000000e+00
9.727024567788898901e-01
6.328206659698372150e-01
8.148462714455579903e-01
7.417349533766600667e-01
7.278244631185807334e-01
8.797413793103447954e-01
8.113975576662143530e-01
8.996562665256477853e-01
8.809917355371901238e-01
9.087341425572693643e-01
9.844907806307082732e-01
1.000000000000000000e+00
9.912978617603181997e-01
9.738015607580825517e-01
9.735840350674818122e-01
9.039486837720759338e-01
9.663663127843696854e-01
9.819227608874281366e-01
6.400073542930685422e-01
9.731984380546681024e-01
9.367416275683546623e-01
6.775840068056145915e-01
7.427184466019417508e-01
9.977355072463768293e-01
9.918346516968614690e-01
6.617676266137040297e-01
9.276845137578225708e-01
6.649378447353255783e-01
2.007353786050787015e-01
9.604149805018026287e-01
6.290374160537256509e-01
9.189320094448144571e-01
7.347890367337654993e-01
8.376175027036020238e-01
9.387513852973771167e-01
7.395929694727104708e-01
7.009345794392523032e-01
6.607413830479080818e-01
4.852220641694325876e-01
1.000000000000000000e+00
9.916836654636749238e-01
9.513746409519902025e-01
5.594855305466237549e-01
9.759783306008981141e-01
8.386780104712041606e-01
9.629799251965498463e-01
9.144533662754786851e-01
7.806882383153569416e-01
7.062466343564889337e-01
9.626978146194423713e-01
9.962728289228475198e-01
9.821118991331757586e-01
8.771121351766513197e-01
9.848993288590603967e-01
6.573546657731613729e-01
7.914603960396039417e-01
5.771626297577854281e-01
1.000000000000000000e+00
9.954732510288065717e-01
9.983652845890920169e-01
9.287671232876711924e-01
6.611716966776566284e-01
7.439440157904181339e-01
9.303655299162753023e-01
9.803383291289509138e-01
9.567053854276663660e-01
9.970266040688575693e-01
8.871892925430210353e-01
9.914727305027536408e-01
9.833080424886191384e-01
9.566376811594202723e-01
9.429026161344872259e-01
8.226584704871439113e-01
9.440074906367040830e-01
9.442250740375123241e-01
