5.772925764192139431e-01
7.259211376858435427e-01
5.975442043222003452e-01
8.188047734476971984e-01
8.472256780293605516e-01
6.886692552064949124e-01
5.157057654075546393e-01
8.330654881478505303e-01
7.051601128256180795e-01
8.577541123894646402e-01
6.502807065589484292e-01
5.636712409620776576e-01
7.368812802381838889e-01
6.422889402104182688e-01
7.472285690107471900e-01
6.658256880733944838e-01
6.052328451538587784e-01
7.953618756371050313e-01
8.355109659356042551e-01
5.276190476190476542e-01
3.637777777777777555e-01
2.648664176960643379e-01
8.562100394504149614e-01
5.574406573341448290e-01
6.974466264086348621e-01
8.029435813573180258e-01
9.151503164556962222e-01
1.215277777777777797e-02
1.215200281921766656e-01
9.602115336187357908e-01
2.780340912230295225e-01
8.089820867645810543e-01
7.072356215213357888e-01
6.191017126878713972e-01
7.727505986999657628e-01
6.814065623897448409e-01
5.497229157785762377e-01
4.453300987697106361e-01
4.972105997210599648e-01
0.000000000000000000e+00
7.266393442622950394e-01
8.350463139195533069e-01
0.000000000000000000e+00
8.013177901672580150e-01
8.597430406852248908e-01
8.975118483412322101e-01
3.614436305163480356e-01
9.326512367140160631e-01
9.277903858056529840e-01
8.270889820064086795e-01
1.840731070496083588e-01
9.326320674452780457e-01
6.570370370370370861e-01
8.942359978249048158e-01
8.622745782431646688e-01
9.467700258397933055e-01
8.949730700179533427e-01
8.865069356872635753e-01
2.922297297297297147e-01
9.541517496246679775e-01
8.836206896551723755e-01
7.932432432432432456e-01
3.203928905519176640e-01
6.824561403508772051e-01
7.339901477832512233e-01
8.742857142857143327e-01
8.987927565392354046e-01
9.472767968167122854e-01
8.612483161203412507e-01
8.189379398592450121e-01
8.210937918474476849e-01
8.245922797137158478e-01
8.525012893243940626e-01
9.077134986225895430e-01
8.554310011596443220e-01
4.090805384439881176e-01
8.803997632980472554e-01
9.148242960204794327e-01
7.889610389610389740e-01
8.730283365280248065e-01
9.440863438764802718e-01
8.509070294784580879e-01
7.463768115942028825e-01
9.288585209003215049e-01
8.906379453189726680e-01
8.107979734008866624e-01
7.046913202933985376e-01
6.504633392944236814e-01
7.738921516284036350e-01
8.003386622839783193e-01
5.122676579925650175e-01
6.582407262482391497e-01
6.022124393272378917e-01
3.574973031283710800e-01
7.646148555708390804e-01
8.237915824297004086e-01
6.615233896644624467e-01
8.262032085561497041e-01
5.647668393782383500e-01
4.539465506525792171e-01
8.382286488929056034e-01
8.530482256596906288e-01
8.250324815937635226e-01
7.166546503244412003e-01
6.878269475470097927e-01
4.272206685310960261e-01
7.378402498884426564e-01
7.653295635271248898e-01
6.982310093652445149e-01
8.351862145636465007e-01
8.926356312825265427e-01
3.961300599700149916e-01
8.071010611921055622e-01
6.962555066079295640e-01
6.431459022418228866e-01
6.862957350075773455e-01
6.389961389961390514e-01
7.916099387338325633e-01
7.501111605157847473e-01
7.773016792125072572e-01
3.637626145727247406e-01
7.155668837911828284e-01
7.243258749282845965e-01
7.298438699769643767e-01
5.329708202496744596e-01
7.621381886087768009e-01
4.311961722488038551e-01
6.968900569426194069e-01
8.659831121833534429e-01
6.480511925538103846e-01
6.524520255863539564e-01
7.069931773879142289e-01
5.146363950674196497e-01
8.798047589993899242e-01
8.349056603773584717e-01
8.368048732560424696e-01
5.526155575328993708e-01
7.165481577246283207e-01
5.094494658997534842e-01
3.161971149191596386e-01
8.053579536854851284e-01
6.987883591892197765e-01
5.925624872993293657e-01
5.769385295299317429e-01
7.893163989540530334e-01
8.409805835773944693e-01
6.292112564407451591e-01
8.236045238963881632e-01
5.839885143911943688e-01
2.529012984028495836e-01
8.724057390724057059e-01
5.705148704828909567e-01
8.050163465467919943e-01
8.261751960945642459e-01
8.516366612111292422e-01
9.149249544115584110e-01
7.177476835352815110e-01
6.431008986463429000e-01
3.507478864079774383e-01
6.941417969366808771e-01
3.156228610540725565e-01
7.967126265027507648e-01
8.526706756278740196e-01
5.808838232353529252e-01
8.697393515575333467e-01
9.581354158280331879e-01
8.592824336018105580e-01
9.115151515151515005e-01
4.571135079609656149e-01
7.075220859421905706e-01
3.982243806199491365e-01
9.495977283483199027e-01
9.379463942861531178e-01
1.008970455106575626e-01
9.089481946624803355e-01
6.394571938415570811e-01
7.180283878257185393e-01
5.238754325259515898e-01
8.060000000000000497e-01
7.422891689722307396e-01
8.609085092770313308e-01
6.091456212385398805e-01
8.579356270810211127e-01
7.979695431472081379e-01
6.843866310763562222e-01
7.552636011453596199e-01
9.271926854046732558e-01
8.659164859002169701e-01
7.728484848484848957e-01
7.730019225487503309e-01
8.932968536251709724e-01
8.843381389252948921e-01
9.356730960429509025e-01
8.868121733784198879e-01
9.408051235132662837e-01
9.393794749403341360e-01
