6.942061963941886793e-01
8.311026131293817176e-01
7.143358689291983143e-01
9.057855424737308869e-01
8.849488805487252252e-01
8.778374631779587434e-01
5.721217468019409447e-01
8.740988402465782459e-01
8.025990665324426176e-01
9.341245097053203494e-01
7.400356009596780194e-01
6.739640344018764662e-01
7.635947338294218900e-01
7.489665003563792389e-01
8.451990298188043482e-01
8.679245283018868218e-01
7.352941176470588758e-01
9.206433603615579164e-01
8.955585138569527315e-01
6.217732884399550519e-01
5.027949841365765282e-01
5.126146788990825209e-01
9.104842771821256564e-01
7.083725305738476363e-01
8.262744664381289628e-01
8.765694984947499657e-01
9.511225909000595724e-01
9.030154849225754399e-01
2.156237134623301688e-01
9.781615033011681337e-01
4.476429890325020478e-01
8.815391662849290100e-01
8.573436401967673426e-01
8.088648423681198407e-01
8.633285646161182880e-01
8.048340047228781380e-01
7.013219807304503783e-01
6.627273780558452509e-01
5.123966942148759918e-01
8.000000000000000444e-01
8.321867834062955938e-01
8.667400168273897698e-01
1.808278867102396381e-01
8.858765814613994705e-01
8.959205020920502083e-01
9.568221070811744333e-01
7.366167023554603954e-01
9.633545108005082680e-01
9.530580240460010399e-01
8.938658868877517039e-01
4.229236510848251029e-01
9.715579566219114671e-01
8.179611650485436591e-01
9.266093816030427366e-01
9.166538045994752082e-01
9.571913338553902362e-01
8.936170212765957022e-01
8.782874617737003176e-01
4.168190127970749503e-01
9.785714285714285365e-01
9.019500137324910627e-01
8.692079433919196463e-01
3.577023498694517079e-01
9.205020920502091641e-01
9.551667577911426843e-01
8.889962945062026556e-01
9.561186650185413693e-01
9.565217391304348116e-01
9.579640990683935264e-01
8.874252534881705845e-01
9.139092070126553224e-01
9.252927547122550278e-01
9.385550303848750886e-01
9.312977099236641187e-01
9.056103108415466396e-01
5.062826485952279798e-01
9.351405692099697964e-01
9.444904722452360790e-01
8.994252873563218786e-01
9.270838535683963988e-01
9.712980586220022472e-01
8.892166986281162533e-01
9.152448328478290929e-01
9.651539708265802764e-01
9.014675052410900946e-01
9.013342398232344621e-01
8.389276468781536877e-01
7.818304301799634537e-01
8.545799299883314326e-01
8.867732996790035349e-01
4.149318018664752139e-01
7.931082850196371492e-01
7.113333333333333730e-01
4.862573099415204436e-01
8.889721727724163580e-01
8.989017037352080575e-01
7.935607403730231546e-01
8.714313841307343989e-01
5.933039190241370386e-01
5.372958658231572482e-01
8.937968426088342966e-01
9.426377597109304451e-01
8.922006203192374141e-01
8.160064891172096324e-01
8.032005172553139394e-01
6.040392241246810290e-01
7.851713249912291026e-01
9.110280373831776135e-01
7.772557292166075715e-01
9.279859484777517320e-01
9.478768064791767145e-01
5.738018326850814477e-01
8.946318853077503963e-01
8.097965151699768604e-01
7.564510046867424231e-01
7.918190269600248188e-01
7.516419904263609286e-01
8.723404255319149314e-01
8.136797690428603236e-01
8.787552969451647433e-01
5.085747318389106653e-01
8.205047648968478713e-01
8.500355366027008142e-01
8.232189973614775225e-01
6.608244994110717974e-01
9.136538700459684303e-01
5.656839768101640242e-01
8.154447253504941706e-01
9.047470525856153856e-01
8.276315789473683848e-01
7.912320730117340384e-01
7.973344325364111196e-01
6.577107103422893397e-01
9.287987155159830310e-01
9.033733562035448639e-01
9.023721665788086987e-01
7.075930847093249154e-01
8.191540185954209186e-01
8.610315186246417785e-01
4.671986441635477827e-01
8.845623428246938147e-01
7.917760840325369642e-01
7.889074826679416397e-01
7.457386363636363535e-01
8.701324372405613294e-01
9.060484573819068688e-01
8.132123749709234684e-01
9.102066866316461669e-01
7.397374801438006964e-01
4.965016843741901775e-01
9.077192140187236857e-01
8.139578987293760726e-01
8.867184239085065256e-01
9.161184691401339508e-01
9.308799860802993154e-01
9.596106348975736999e-01
7.921379566104209680e-01
8.018611601684553225e-01
6.935483870967742437e-01
8.741710142364488290e-01
4.575220141386580619e-01
8.762045412589994919e-01
8.648937116427999339e-01
7.573493975903614617e-01
9.265464351929884046e-01
9.793322734499204651e-01
9.203746244919597252e-01
9.498569492546303783e-01
8.133333333333333526e-01
8.263607517695874538e-01
5.703631647211413469e-01
9.621085345445852255e-01
9.707680250783699005e-01
1.665899677864703110e-01
9.443426477324782242e-01
7.965646004480956277e-01
8.177044261065266051e-01
8.307506540551419238e-01
8.727345150368452931e-01
8.403118683222638996e-01
9.161957927701001037e-01
7.407710399836383575e-01
9.146677810279982834e-01
8.540365486930372452e-01
8.090775204177266255e-01
8.442633228840125126e-01
9.478609625668449334e-01
9.141630901287554067e-01
8.730951466256883231e-01
8.517817961715972164e-01
9.275274669892148438e-01
9.345783749928827655e-01
9.738944582972877129e-01
9.278455608295371748e-01
9.693676814988290147e-01
9.436173953815496507e-01
