8.116150707943364795e-01
6.524176594253678907e-01
7.329630741519063131e-01
2.978469470568577693e-01
2.409886714727085544e-01
6.219772403982930520e-01
6.144200626959247513e-01
5.266106442577030977e-01
5.174794993526111719e-01
8.915742583641360630e-01
4.996836110525205710e-01
0.000000000000000000e+00
2.628000849798172722e-01
2.252830188679245393e-01
1.647231376525549462e-01
5.267758217407362276e-01
0.000000000000000000e+00
0.000000000000000000e+00
2.791840381179273578e-01
3.124749298034496525e-01
8.384698170433421693e-02
0.000000000000000000e+00
4.405673648015004940e-01
1.366619368570415050e-01
5.455157030060545642e-01
7.715246979660498328e-01
7.526479750778816147e-01
0.000000000000000000e+00
4.942171025128896250e-02
9.454145805348638243e-01
5.321656221543735743e-01
7.536474164133738496e-01
2.918588704650292853e-01
8.012712793161393954e-01
6.840659340659340781e-01
4.673711381785916053e-01
2.581175696630797489e-01
1.225796377264209841e-01
2.525055777880086394e-02
3.117076808351976203e-01
5.433212996389891192e-01
5.867711771177117619e-01
2.476275207591933578e-02
3.762684617703205281e-01
7.144760213143872551e-01
8.110082805650268289e-01
2.834224598930481509e-01
8.086579364417382232e-01
7.576552930883639903e-01
6.835846512198111569e-01
8.700629650829994066e-01
9.627463054187191949e-01
5.158404770778979298e-01
8.861613164283786981e-01
8.486409155937052473e-01
9.582018927444795331e-01
8.293838862559241853e-01
9.405080213903743713e-01
2.388001558239189748e-01
9.435053380782918442e-01
8.497237569060773765e-01
7.778768956289027203e-01
3.121724467939661699e-02
7.844112769485903636e-01
4.710065645514223132e-01
9.219430485762144523e-01
5.634769348074724071e-01
9.016670693404204018e-01
6.713066906151773372e-01
7.699248120300752340e-01
7.743462774737207566e-01
8.432410001037452529e-01
8.849912302681032239e-01
8.152838427947598499e-01
5.982486865148861632e-01
7.810259238830666861e-01
8.838136901698404602e-01
9.221320973348783312e-01
8.810289389067523791e-01
8.875746042729867336e-01
9.427653672068915247e-01
5.118475559237779526e-01
7.553956834532373765e-01
8.789925168826427937e-01
7.846715328467153139e-01
5.787892444043863938e-01
7.217950908366079776e-01
8.408050260888084715e-01
6.982898081811879099e-01
5.563734007265834780e-01
0.000000000000000000e+00
8.313753840592806865e-01
7.135214658285408129e-01
3.472327520849128324e-01
5.793332169663117925e-01
7.913964262078093670e-01
6.194458107886539056e-01
2.438103457575921118e-01
4.597402597402597269e-01
9.057090422102077876e-02
3.210993513144417832e-01
6.289881494986326871e-01
4.774732199117832643e-01
9.002378828427000101e-01
6.407515945526632839e-01
2.554892141756548440e-01
1.690424620964086078e-01
7.909977494373593432e-01
2.026010793594620885e-01
6.517869559171186600e-01
7.623813521017627215e-01
0.000000000000000000e+00
4.162657385607533844e-01
2.002638522427440670e-01
2.197059139207899470e-01
5.284220100045474711e-01
4.516312056737588621e-01
6.509132184501082996e-01
7.392670157068063075e-01
6.878191101385849882e-01
6.847126162652039660e-01
0.000000000000000000e+00
6.208850512682136946e-01
5.666354921674070511e-01
0.000000000000000000e+00
1.916864289229943119e-01
2.042349726775956331e-01
2.771302250803858724e-01
7.693263733532189619e-01
5.775345860004129639e-01
8.313630313943474182e-01
5.612926305747674149e-01
1.226885173291994285e-01
5.851810045956623574e-01
7.550739957716702255e-01
8.374230130022485286e-01
7.328133794323390404e-01
5.973490058772039646e-01
0.000000000000000000e+00
3.607748184019370363e-01
7.905924920850293525e-01
3.694114826800911078e-01
7.834218761371079809e-02
4.973076923076922840e-01
7.275429326287978782e-01
6.401477832512315613e-01
4.899635036496350349e-01
6.811292719167905130e-01
1.720589445953733532e-01
1.934859849980260504e-01
5.070734953418445379e-01
4.641803058760397005e-01
6.048291571753986462e-01
5.199601350977244296e-01
6.762225969645868640e-01
8.869458296331717007e-01
5.379659456971928044e-01
8.094971127431742630e-01
1.830745759669747952e-01
0.000000000000000000e+00
5.977323145181168140e-01
7.601732658166067136e-01
8.901929580266561004e-01
5.557956777996070352e-01
8.433618714578560160e-01
8.372639598022529883e-01
7.632193299871600223e-01
8.709079678814082293e-01
7.013319672131147486e-01
3.214730358429984669e-01
5.604666095890410427e-01
8.153991052507651993e-01
7.313699498587977743e-01
7.864583333333333703e-01
9.186200796107917288e-01
8.065961073453046248e-01
4.672421425409473139e-01
0.000000000000000000e+00
7.033195020746888515e-01
8.034130459189401385e-01
8.447126870363385054e-01
2.462777203004813120e-01
6.809740309778840039e-01
5.540166204986149978e-01
6.640336527225987329e-01
7.838540016475508132e-01
9.633251833740831271e-01
6.921970116214720692e-01
7.975800352911519564e-01
7.454012263396427862e-01
8.646165385336583853e-01
7.949954086317723156e-01
9.544742510280007641e-01
4.488956907934221752e-01
3.418037508801126667e-01
8.999262355544627168e-01
