9.967354230956634309e-01
9.996101911622540248e-01
9.927324846134389924e-01
1.000000000000000000e+00
9.143551684723988382e-01
9.999840573933838073e-01
9.903952427652983337e-01
9.983863343710779326e-01
9.999835804475970535e-01
9.991096413126431264e-01
9.227147771979785640e-01
1.000000000000000000e+00
9.574093019595498744e-01
9.998728018570929299e-01
1.826751005510374171e-01
9.374316270715976618e-01
1.000000000000000000e+00
1.000000000000000000e+00
8.432978344608811350e-01
1.000000000000000000e+00
7.065588668484221735e-01
1.000000000000000000e+00
7.571030535074584344e-01
9.937000952311185742e-01
8.251393928666254096e-01
9.927809376367247030e-01
9.740328214591709166e-01
1.000000000000000000e+00
3.544978551602321337e-01
9.930044501393915368e-01
8.448766945486011481e-01
9.429980915343343373e-01
1.000000000000000000e+00
9.585336094061968071e-01
9.288055127455669968e-01
5.886323046891224209e-01
8.760590703935386969e-01
7.751024847318664923e-01
5.753976212146922897e-01
9.934845858610870106e-01
9.980455204589874230e-01
9.932830986395717598e-01
4.917389221186689308e-01
8.998818139135784655e-01
9.919433211072447021e-01
9.942210110881413154e-01
9.997831128313785509e-01
9.589190737988216862e-01
1.000000000000000000e+00
9.918239645993224274e-01
9.673182995009568241e-01
9.978729869340625669e-01
9.991098253032157928e-01
9.932848169389689730e-01
9.823648841384633457e-01
9.977856438604147948e-01
9.966504357534968772e-01
9.990795488229146093e-01
9.745109570385044329e-01
9.935862517352264112e-01
9.973706451309982679e-01
9.974627688913403345e-01
6.722024332701115323e-01
9.994920419911953458e-01
9.999843036305702260e-01
9.963999553976774504e-01
9.935728411338167199e-01
9.964133856989840776e-01
9.999842047069973372e-01
9.746755826271186196e-01
9.062693184967278714e-01
9.786746038693863170e-01
9.977304044743454670e-01
9.956863979848866730e-01
9.935171976541449235e-01
9.996862400577318786e-01
9.653387915886226800e-01
9.950104017683005786e-01
9.977638147430749616e-01
7.884261718909640893e-01
9.948466715261650162e-01
1.000000000000000000e+00
9.972921260863925053e-01
9.896351712091751018e-01
9.906919509039850968e-01
9.904286098775400005e-01
9.115210700307785352e-01
9.904037820388434943e-01
9.567718495593083849e-01
7.071506094506595508e-01
9.487527707533327526e-01
9.208639198879789989e-01
9.644191956944236921e-01
9.640849811344386344e-01
9.999498411636850159e-01
9.028705010214181925e-01
1.000000000000000000e+00
7.703668491623775205e-01
9.999068134871945679e-01
4.074397259388533588e-01
8.007947506386389191e-01
9.999684263702954823e-01
9.999831049688286955e-01
9.902007004310344751e-01
9.964635427961365810e-01
1.000000000000000000e+00
7.347723288244093487e-01
9.810361779066473220e-01
8.824974777882643728e-01
1.000000000000000000e+00
9.574358189539733388e-01
1.000000000000000000e+00
1.000000000000000000e+00
8.754525471942073978e-01
9.627695100440121223e-01
1.000000000000000000e+00
1.000000000000000000e+00
9.985695127402771654e-01
9.992932418212372436e-01
9.965223439401843519e-01
9.991367515799074450e-01
1.000000000000000000e+00
9.878481959244718169e-01
9.552884373585475153e-01
1.000000000000000000e+00
7.050708548292300426e-01
9.440647937231080311e-01
9.909349739830480841e-01
9.916856413440972018e-01
9.999505733491498294e-01
9.667271294820352079e-01
9.567575711918034909e-01
8.390597384234711464e-01
8.236935770910855936e-01
9.107533604251328851e-01
9.725675699439041422e-01
9.919113801090936322e-01
9.119222486056657306e-01
1.000000000000000000e+00
9.049536582524918549e-01
9.833227605088310508e-01
9.635750989807092548e-01
6.255383502646546523e-01
9.882855437957350775e-01
9.870515411824153373e-01
9.247460917189503915e-01
9.926447496735590903e-01
9.994952135426995454e-01
1.000000000000000000e+00
7.074410993612866294e-01
8.710944267975743172e-01
9.903860020189395597e-01
8.891654256512780963e-01
9.900938477580812913e-01
9.919274969634681582e-01
9.787696390454029283e-01
9.998264272414555398e-01
9.895647483506908593e-01
7.099125125157986771e-01
9.855258491107771190e-01
9.940498326515433414e-01
9.309528319757529591e-01
9.974778279647884549e-01
9.981175693527080117e-01
9.503562622556157580e-01
9.978428871548619128e-01
9.230857251835605792e-01
1.000000000000000000e+00
9.999213700482787459e-01
6.437107033864029049e-01
8.530225782957028269e-01
9.922591194530937520e-01
9.118003254740189023e-01
9.993461406731637409e-01
9.942963300958216344e-01
9.675708113298128188e-01
8.753319563293007199e-01
1.000000000000000000e+00
1.000000000000000000e+00
9.722384369742128607e-01
9.791861513085177160e-01
3.860696881984391760e-01
9.786247602733348927e-01
9.905941997565165247e-01
9.606729346217462995e-01
9.557608820930501015e-01
9.996490948241486540e-01
9.552801541947045783e-01
9.950545454545454138e-01
9.687348723855309096e-01
9.881818032598526091e-01
9.984712972887490601e-01
9.970982102626029242e-01
6.390382288174261127e-01
6.250911477322443899e-01
9.997560340901697762e-01
