8.850226928895612577e-01
6.940085592011412396e-01
8.046862461884127793e-01
3.707929536449133257e-01
6.282538754021643745e-01
8.150124510850230708e-01
9.236700077101002160e-01
5.572281959378733163e-01
7.532916037124972597e-01
9.046848219386783851e-01
9.805723835387507581e-01
0.000000000000000000e+00
7.466266866566716454e-01
3.448145344436033266e-01
1.000000000000000000e+00
9.904451176881845509e-01
0.000000000000000000e+00
6.160271469590185289e-02
1.000000000000000000e+00
5.363016446048937125e-01
1.000000000000000000e+00
9.248554913294798271e-03
8.941065977929091302e-01
2.080131723380900244e-01
7.785152409046214306e-01
8.441898527004909614e-01
9.995871180842279546e-01
2.256944444444444406e-02
1.000000000000000000e+00
9.969171483622351060e-01
9.912559618441971754e-01
9.959975985591354997e-01
3.636703652911108531e-01
9.527263194687172199e-01
9.714914694551458618e-01
1.000000000000000000e+00
3.782956058588548554e-01
4.370126494541674012e-01
1.000000000000000000e+00
4.706521739130434812e-01
5.984703632887189428e-01
6.323059028787437752e-01
1.000000000000000000e+00
1.000000000000000000e+00
8.814729574223245656e-01
9.964370546318289668e-01
3.489369304984813458e-01
1.000000000000000000e+00
7.530621172353455517e-01
7.097865694950546978e-01
9.780120974333823547e-01
9.784161490683229712e-01
4.868671488389798019e-01
9.923989054423837386e-01
9.979794578211820255e-01
9.961821652577038666e-01
9.961904761904761818e-01
9.784272790535838427e-01
6.043478260869564744e-01
9.888721455894284862e-01
9.049939098660170211e-01
8.736184526669870110e-01
1.000000000000000000e+00
8.491228070175438347e-01
6.081007115489873716e-01
9.945632475534613715e-01
6.025535420098846462e-01
9.540581929555895790e-01
6.675651392632524495e-01
1.000000000000000000e+00
9.575838926174496946e-01
9.115306970668566322e-01
9.319657231887821247e-01
9.280753968253968589e-01
7.395748160261651494e-01
8.650306748466257689e-01
9.997818023128954845e-01
9.912674650698602985e-01
8.697788697788697565e-01
9.993181873523754311e-01
9.952635599694422686e-01
5.304059652029825545e-01
8.110766045548654102e-01
9.938144329896907436e-01
1.000000000000000000e+00
6.819973718791064732e-01
9.906991164160595664e-01
9.450661241098677889e-01
9.967126890203813483e-01
9.999432591920108804e-01
0.000000000000000000e+00
1.000000000000000000e+00
1.000000000000000000e+00
8.334335538184004522e-01
6.442542787286064110e-01
9.972303772226223106e-01
6.625676340383669372e-01
1.000000000000000000e+00
6.579634464751957790e-01
1.000000000000000000e+00
1.000000000000000000e+00
7.130474452554744769e-01
5.044903103828580759e-01
9.882812500000000000e-01
7.072821613884415770e-01
3.573767334360554715e-01
1.000000000000000000e+00
9.636330740003619111e-01
5.921117099461048472e-01
6.641635377555277220e-01
8.838787513195596190e-01
1.480126182965299797e-01
4.451837444979015457e-01
6.591157205240174566e-01
3.063138737225255537e-01
5.393360618462937905e-01
4.672340425531915087e-01
7.153261887420664378e-01
8.198391420911528282e-01
7.567904310989285177e-01
7.294685990338164450e-01
1.205641492265696092e-02
7.086755263550843509e-01
8.542551384406319448e-01
6.032777620796835050e-02
1.000000000000000000e+00
5.762931034482758896e-01
5.350520126639529694e-01
8.113432046536224185e-01
7.278925619834710758e-01
9.826594870858811337e-01
8.362915733241427230e-01
2.699866011612326866e-01
8.401292889109895912e-01
9.968645484949832936e-01
9.910024224247317992e-01
7.886537820726424730e-01
8.844678383441877401e-01
1.479046836483155318e-02
7.644787644787645053e-01
9.518991835285764980e-01
5.804885940786280729e-01
4.823479370480646677e-01
7.227615965480043148e-01
1.000000000000000000e+00
9.997448328655269556e-01
6.379344587884806517e-01
6.979239098043110712e-01
1.934634066024532861e-01
5.437205561300700873e-01
7.687440217791184915e-01
5.737128237927726637e-01
8.243022340618756383e-01
5.430456044580916908e-01
7.428666500291156716e-01
9.704469892870336567e-01
6.359851988899167807e-01
8.147571247259720595e-01
8.668978972469109090e-01
0.000000000000000000e+00
6.855516400108430108e-01
9.905852816569904462e-01
9.292162494870742639e-01
5.805868167202572483e-01
9.975764487846603412e-01
8.691099476439790861e-01
9.998473398977176796e-01
8.983940704138356770e-01
8.870056497175141663e-01
9.004667025668641189e-01
9.781461944235116945e-01
8.203503540812523420e-01
9.996847911741528758e-01
9.293394777265745477e-01
9.961649089165868221e-01
8.553359021611660618e-01
7.446074964639320948e-01
1.806228373702422063e-01
6.817427385892116387e-01
9.835390946502057252e-01
9.983652845890920169e-01
1.000000000000000000e+00
6.930425226139149686e-01
6.400502422393683499e-01
6.945068409230140682e-01
9.421279121531384027e-01
9.767687434002112479e-01
9.647887323943662441e-01
8.762633160338705318e-01
1.000000000000000000e+00
1.000000000000000000e+00
8.121739130434783016e-01
9.877648463145329849e-01
9.944477493555423653e-01
1.000000000000000000e+00
9.518756169792694788e-01
