8.141309323973752177e-01
3.693490054249548016e-01
6.427767957576731028e-01
8.565287993122552290e-01
7.440115440115440126e-01
8.649022318783330388e-01
3.963739779594738777e-01
4.897894065092533444e-01
8.118754525706010083e-01
8.848594741613781123e-01
7.285052143684820347e-01
4.811091037624695699e-01
7.838669950738915704e-01
5.278685070066378993e-01
1.889962908845678191e-01
7.787347322267460514e-01
5.995887191539365224e-01
7.017227007502083724e-01
6.797987670941685323e-01
5.332790172975683252e-01
8.292217327459617815e-01
6.759841602608898103e-01
8.138450993831390923e-01
7.664516129032258318e-01
6.962930847604595908e-01
8.508267433501078836e-01
8.071017274472168657e-01
8.025331030512378172e-01
3.795727514440267458e-01
7.761165235844507126e-01
7.487025402895384207e-01
8.424124513618677090e-01
7.962624701419137585e-01
4.863394304237091958e-01
4.487427466150870625e-01
7.112359550561797583e-01
8.024229926536924351e-01
7.383779432481384353e-01
8.045491324283017276e-01
7.581863979848866286e-01
5.973454278663375971e-01
8.666448944045286318e-01
8.762548023299046029e-01
8.346938775510204245e-01
8.511493816857598205e-01
8.623867916967219438e-01
7.861111111111110938e-01
8.426220040427374602e-01
4.584557623245184566e-01
3.151786740204527426e-01
7.475634632819583292e-01
6.251998720818675581e-01
7.391019832880297846e-01
7.242363209130581181e-01
9.092541211033131621e-01
9.266860043509789202e-01
5.603224128965158535e-01
4.553995989687768531e-01
3.338391502276176204e-01
8.203021857121901572e-01
3.237100737100737091e-01
7.822421646610918655e-01
8.410799202331645796e-01
7.999483070560868825e-01
9.373498799039231555e-01
8.307573415765069358e-01
8.676775738228251766e-01
6.316446547079308527e-01
7.384615384615385025e-01
7.886196932651700076e-01
6.115271898404428530e-01
5.636569701548923561e-01
7.610820244328098116e-01
7.271480804387568941e-01
5.720408836135839614e-01
8.451169888097660454e-01
7.432377049180327599e-01
5.570159857904085632e-01
3.650406504065040747e-01
3.218872870249017137e-01
7.778822644348316606e-01
5.873437500000000533e-01
7.430043157455101799e-01
8.203027357311484247e-01
9.226741844542891702e-01
7.964601769911504592e-01
7.033468559837727785e-01
7.700380871773169211e-01
6.585430463576158466e-01
9.376279349789283790e-01
9.542723371049551817e-01
5.347639484978540247e-01
9.050729370781623873e-01
4.556946130341970047e-01
6.634941119535409104e-01
7.576071922544951320e-01
7.346521145975443146e-01
8.481382047391151646e-01
8.367956213459385451e-01
8.229805615550755959e-01
6.609387430389817020e-01
6.894915254237288238e-01
8.250451033908497989e-01
8.349232421504833024e-01
9.425560842963970343e-01
8.904529616724738972e-01
8.048721659430776443e-01
7.524925895984909685e-01
8.749050873196658751e-01
9.132602193419740999e-01
9.423325062034739741e-01
8.244299256981808544e-01
9.290996487335921872e-01
8.770027113630761706e-01
3.883209149194247201e-01
4.167153711279953376e-01
5.204638472032742103e-01
7.988289418653282681e-01
6.939640745286176360e-01
1.839769196626719894e-01
7.056657223796033440e-01
3.101386896221903222e-01
9.205150976909414196e-01
6.922187981510015131e-01
8.198198198198197728e-01
8.902506963788300309e-01
6.021754636233951352e-01
8.164448993517571251e-01
7.511240733989549279e-01
6.927619368989370585e-01
7.880356033947423233e-01
8.279375357074842956e-01
9.174258577243651347e-01
5.855891719745223156e-01
9.014352185595386757e-01
8.086942364050797583e-01
8.936170212765957022e-01
8.911501695960530878e-01
4.874848116646415819e-01
9.630323466966403956e-01
8.980156898938624899e-01
7.672647257955315103e-01
6.591081450022751032e-01
4.509915371984337673e-01
9.093374660984114843e-01
9.526491447642887467e-01
7.186168879979955015e-01
7.683831320194957071e-01
7.928308572986234593e-01
8.422459893048128698e-01
5.144901610017889038e-01
7.931271841575769921e-01
2.953245054765407662e-01
9.637480798771120849e-01
7.087591240875912302e-01
9.164112566174421604e-01
8.506158693784016123e-01
9.487312273433453624e-01
8.620689655172413257e-01
9.261658031088082499e-01
2.637614678899082299e-01
9.602474510253179441e-01
9.111604664075513282e-01
7.585290208241027843e-01
2.018267530936947440e-01
7.910447761194029370e-01
9.282321899736147852e-01
8.956975228161668801e-01
9.033293221018853236e-01
9.338181818181817695e-01
8.386952636282395401e-01
8.181527644614893235e-01
7.907473689833858232e-01
9.366432438659140214e-01
8.796915167095116228e-01
9.084668192219679250e-01
8.259482453030839721e-01
5.244490358126722152e-01
9.029912754466140612e-01
9.182805857345299749e-01
9.232192414431081851e-01
9.515524435957281035e-01
9.424161472246957993e-01
8.428508189464364309e-01
8.115577889447236348e-01
3.359950859950859847e-01
5.786210783392823354e-01
9.225102319236015980e-01
3.993001555209953479e-01
8.824007807417045823e-01
8.692089974676001640e-01
5.594509367464292060e-01
5.426026336173508380e-01
7.011749761829152439e-01
7.565546708098660478e-01
6.385109599395313307e-01
