7.555983440839511012e-01
8.890842256672526478e-01
8.357643493085811226e-01
8.232513545452518899e-01
7.179828391621962957e-01
4.560280759702725062e-01
3.333333333333333148e-01
9.274103139013453179e-01
8.389583090038538193e-01
8.967058149527356026e-01
4.680929887931832845e-01
5.361784159271446581e-01
7.125705366790731077e-01
7.659044340627817471e-01
5.181570259796182132e-01
6.201620816222698229e-01
3.135684721972287203e-01
8.320801460361613167e-01
8.383789062500000000e-01
9.786063390792824057e-01
5.991521831284442046e-01
3.702598681266223157e-01
8.054957189146135788e-01
4.813389316538371765e-01
6.624260456208748149e-01
9.465872269258910343e-01
9.012405978313958732e-01
7.721695915514831254e-01
7.222463813132882215e-01
8.088954056695991657e-01
7.934948381041764254e-01
8.627684372365223009e-01
6.711571328038604678e-01
9.711921997340818846e-01
6.982494655959327057e-01
9.779208831646734046e-01
6.630020110914741638e-01
6.264745949392771518e-01
4.589189730577905579e-01
1.133031854097301533e-01
8.081100651701665916e-01
6.963207029104887535e-01
7.780098822962278060e-01
5.134615384615384137e-01
9.173693086003372743e-01
8.050226522736171342e-01
9.696535244922341867e-01
9.512459371614301329e-01
9.797979797979797789e-01
5.606891151135473539e-01
9.552734606714913257e-01
9.367521367521367548e-01
9.657066223896800805e-01
9.264058046125939194e-01
6.536853856738582547e-01
7.946428571428570953e-01
9.483362521891418595e-01
2.649034337009060353e-02
7.274537009109006691e-01
7.755183017557781833e-01
9.144322685940778905e-01
9.523354926696215861e-01
5.668681983071341968e-01
5.170770062410928736e-01
8.828208381159508011e-01
6.681279853431917326e-01
8.270974383339272373e-01
7.414529914529914834e-01
9.255428536865663025e-01
8.058195471078258842e-01
9.639889196675900385e-01
9.320505111244737906e-01
5.493965328066710008e-01
5.112404081288473012e-01
9.229743589743589771e-01
9.691455696202531112e-01
4.576857869454648009e-01
8.740861088545898161e-01
7.526971698395146237e-01
8.620791436273834707e-01
9.324066029539530565e-01
4.022686692574309331e-01
7.887553617639759818e-01
9.737386598758555056e-01
8.094032549728752413e-01
9.802130898021308436e-01
6.286422814631121847e-01
8.465473145780051389e-01
8.109517601043024770e-01
9.359982034583427257e-01
9.147886307892079127e-01
7.027951442429000162e-01
8.576036123205934558e-01
9.371316306483300496e-01
2.948827032940318227e-01
7.913989125061789975e-01
9.171966950008916264e-01
9.509149623250807704e-01
8.374384236453201735e-01
1.856390918375363241e-01
9.484867997424339947e-01
6.843702579666161023e-01
9.091476524030792650e-01
9.388738179144587859e-01
8.609121407199201714e-01
9.579831932773109626e-01
9.536023054755042860e-01
7.400722440967745230e-01
1.932385708797541291e-01
9.598130841121494949e-01
9.724878048780487561e-01
3.440214477211796518e-01
7.591778543424022585e-01
6.047997378982717942e-01
3.912037037037037202e-01
2.855653986451276438e-01
8.570740324393768539e-01
9.300197281893906043e-01
8.693672226634895361e-01
7.549194991055455661e-01
9.566606750549231375e-01
8.530405405405405705e-01
6.736618999646749595e-01
9.597219382539358135e-01
6.945812807881773798e-01
7.298969072164948058e-01
8.137133061924147759e-01
9.514066496163683384e-01
8.867303052554285081e-01
9.676937441643324034e-01
5.251964060940145229e-01
6.759460155186997055e-01
8.296059074186803439e-01
8.322313233987960190e-01
9.797321751719145766e-01
8.171391190580026276e-01
7.152899824253075023e-01
9.041916167664670878e-01
6.520797227036395638e-01
9.524061343204653918e-01
9.675196850393700254e-01
2.634929054502055390e-01
7.400414276609305064e-01
7.061787642471505366e-01
1.527741024962512018e-01
6.973473953339724973e-01
7.780618556701031086e-01
6.016581818181818697e-01
7.293516276567123535e-01
2.927637635794512749e-01
4.890829694323143850e-01
9.821499404998016436e-01
6.208101189579882107e-01
6.969696969696970168e-01
5.116021487511768218e-01
9.715033732756016560e-01
9.388012618296529554e-01
7.366947562921694059e-01
5.914024390243902696e-01
8.906045156591405609e-01
2.493068807834947498e-01
8.279325042330822892e-01
7.855332557024453655e-01
7.371076042128225092e-01
8.224867382585069331e-01
2.448479132280122483e-01
8.583690987124463767e-01
6.949887289752036956e-01
8.925820133298710823e-01
9.474169741697416880e-01
8.014109347442680553e-01
7.476562061415820137e-01
9.207690682442425389e-01
8.267577569029319617e-01
7.213812677388836692e-01
8.558745190884877729e-01
8.257185791476164827e-01
9.194140405409874095e-01
9.695497851671959211e-01
4.770832532944023763e-01
2.584631226670099369e-01
8.630052832043249023e-01
8.883585731716069356e-01
1.702545727742942050e-01
9.540933435348125657e-01
9.499280432732867263e-01
6.626189694781752237e-01
3.528265107212475438e-01
9.030851675800054545e-01
8.706520962788372175e-01
8.380761311440789729e-01
6.548866682914940007e-01
7.603870670455418201e-01
6.013942918769017432e-01
9.094085067102180009e-01
5.455718475073313423e-01
4.657234484059611379e-01
9.764642333513388062e-01
9.106669877197206553e-01
9.143365983971505351e-01
9.218457472192650437e-01
9.449576597382601806e-01
9.484732824427480891e-01
9.037098791162984091e-01
9.580246913580247048e-01
8.923775671406003474e-01
8.670510868508860547e-01
9.345514688509096723e-01
9.457890273338117604e-01
9.322967282150955715e-01
8.161893062649512309e-01
9.080299785867237405e-01
9.474708171206225327e-01
5.289997381513484864e-01
9.114198871037776373e-01
9.420973217653715315e-01
9.700607258861743132e-01
9.728804035160483199e-01
9.392285983066792632e-01
8.967833969904744906e-01
8.632134245998996924e-01
9.525184009236542515e-01
1.888538380651945403e-01
9.339409800559516084e-01
9.243590701846177149e-01
9.012822872568869714e-01
6.935038009675189574e-01
9.399287815451308203e-01
3.769072958071547630e-01
7.935615928544845765e-01
9.474560152163575832e-01
3.729346970889063639e-01
9.455975130291670583e-01
8.823862615879858318e-01
9.712776046606150793e-01
8.844440778620916710e-01
9.831398707915331991e-01
9.496902007178520400e-01
9.669321533923304068e-01
9.856309326830967610e-01
4.234926306386779804e-01
7.098204734211192024e-01
8.956335003579097842e-01
8.510251077105928097e-01
9.633102801547298588e-01
9.549158826204050543e-01
6.626607085665482400e-01
5.660729162534217096e-01
8.724847420665826636e-01
3.453181113145061265e-01
9.643738977072310314e-01
9.533720462254929862e-01
9.001480250344093825e-01
9.812317683967196613e-01
9.624012265597358118e-01
9.632888019984794381e-01
9.014532067428793205e-01
9.912846998063266080e-01
7.144919966819257562e-01
9.355717344753747833e-01
2.702959086875363348e-01
8.783877969611884051e-01
9.199232797890194435e-01
9.616793211255024731e-01
9.426842513576415561e-01
9.006649616368286315e-01
8.379888268156424624e-01
9.276039234002801948e-01
9.622235872235872511e-01
5.669756221432199483e-01
8.453740536378800963e-01
9.216786955359529410e-01
9.496433696746418018e-01
9.526777020447906308e-01
8.770134325754491700e-01
9.631757556625365480e-01
8.315539996955926272e-01
9.793473513446059320e-01
9.391966263079024602e-01
9.711096520026264445e-01
6.528504689311180886e-01
8.421460558043403211e-01
9.084945611558581380e-01
9.762613115160531096e-01
9.442183385204692136e-01
9.019641186973896829e-01
9.676866461662549934e-01
9.629203426671780752e-01
9.847640041493775920e-01
9.238687015773151545e-01
9.318677283888289198e-01
8.647552412097244678e-01
9.396699669966996904e-01
9.017573627439098294e-01
9.529836425111943843e-01
8.229570505511212275e-01
9.628110994564699210e-01
9.573550551030186595e-01
8.120931131073119147e-01
9.334481724134593428e-01
9.647653140956915507e-01
8.918539002189191933e-01
9.633840195093961167e-01
8.491846276656402903e-01
9.671966469223042262e-01
9.816732293033882950e-01
9.696044211751018160e-01
7.945773832497105005e-01
9.796196764248492617e-01
9.667431192660550510e-01
8.362032505588785636e-01
9.461564813297784760e-01
8.488890795230333852e-01
6.785867347813415718e-01
9.399716513111268101e-01
6.344894494300266918e-02
9.269458216355056512e-01
8.878085669529519608e-01
8.205023958182081634e-01
5.133547654153876039e-01
9.743841924091376505e-01
8.710825853682996334e-01
9.354186934071690995e-01
7.441985815602837340e-01
9.488903347068604610e-01
8.668777707409752731e-01
7.577994760657299489e-01
9.022105973675329516e-01
9.774339136041263476e-01
9.893162393162393542e-01
9.253326092859082141e-01
9.745615084905785430e-01
6.157538114059852852e-01
9.611593059936908157e-01
9.293028705330990125e-01
5.026174552060110878e-01
9.065349544072948129e-01
9.588121659921883255e-01
7.084435043187026215e-01
7.275302521784647869e-01
9.652785448654221945e-01
9.165979000085365813e-01
6.491228070175438791e-01
9.400011256824449823e-01
9.788938246599304671e-01
6.259105098855358706e-01
9.649103747963063693e-01
9.389901047085648100e-01
9.769769769769769407e-01
8.585847583778092318e-01
9.704655025726208750e-01
9.308187186040363104e-01
8.444856282409964887e-01
9.034385303815355428e-01
9.794773603732369605e-01
9.728016899920781668e-01
9.501818582607737262e-01
8.941485002458613440e-01
9.870666099945352157e-01
9.390861919279613890e-01
8.649801097215360501e-01
7.895368518233574218e-01
9.675383740761795970e-01
8.430761682816141356e-01
8.454116638078902346e-01
9.140385585166220794e-01
9.765001234669520302e-01
8.488156642796333973e-01
8.697924793259478315e-01
8.067844172994387275e-01
9.678672047513896537e-01
9.305373525557011360e-01
9.561279365977922717e-01
9.257734015418156437e-01
9.282528266657446014e-01
9.493512584023761081e-01
9.849400574655702290e-01
7.410909498626502279e-01
9.751756095766981325e-01
9.519012118246452658e-01
8.768886080312517928e-01
9.256853486036623613e-01
9.656926165514164717e-01
7.759445534838076419e-01
9.732152206236518444e-01
8.976780357738028959e-01
9.004141566265060348e-01
9.182039679777236341e-01
8.174791301659281029e-01
8.754388088609127427e-01
9.314294213892607699e-01
7.566321177813389864e-01
9.216804979253111485e-01
7.619453333201240408e-01
6.986305302747553014e-01
6.173872220562502955e-01
9.683244523386619340e-01
9.520330506631876633e-01
1.277241815593863627e-01
9.777169496599803500e-01
4.974709287166918792e-02
8.337019018133569048e-01
9.849618650165491429e-01
9.518026233876869524e-01
9.647936581953835411e-01
8.731534519143804296e-01
9.500362056480811113e-01
5.424236604570770170e-01
9.128907622058306526e-01
7.944214876033057759e-01
9.293285563125359694e-01
8.464857091497393071e-01
8.819130821055748415e-01
9.282136894824707385e-01
9.581183116953664314e-01
9.457960047832820738e-01
9.309239387190388904e-01
9.723543094752876703e-01
8.075580512976172631e-01
5.657223226843479669e-01
9.642538975501113718e-01
2.080392365923872389e-01
9.308469308469308201e-01
6.470110272780035254e-01
9.008005022759378866e-01
7.337815069978480542e-01
9.471984498627482596e-01
9.844460397224216175e-01
7.942204174142978301e-01
9.111906803167078017e-01
9.429900498550241039e-01
5.580486071000133608e-01
9.756763980873749409e-01
7.886450612798527882e-01
8.584890651197513156e-01
9.402651571577536060e-01
8.878014680181754992e-01
9.504022956169470016e-01
7.142565108957847908e-01
8.240697904963319997e-01
4.772507752529103753e-01
8.607931860527016088e-01
7.631522896698615943e-01
0.000000000000000000e+00
7.860712822613682427e-01
8.960759262639167444e-01
9.037143042997463072e-01
9.329693660903851660e-01
9.365623334094890229e-01
8.989218328840969940e-01
9.637825609783412517e-01
9.810050313684079981e-01
9.174413984902661801e-01
9.574703324242647140e-01
8.113996437611324941e-01
9.496706934807874756e-01
8.754001092981497090e-01
9.524831391784182033e-01
9.192967478590293728e-01
9.094724513200918015e-01
9.800583368057622646e-01
8.741533382662644014e-01
8.290235430335777256e-01
0.000000000000000000e+00
3.630810994231422062e-01
9.337533730133112941e-01
9.844227360162939311e-01
9.818531028544936756e-01
7.800909376876662416e-01
9.419704104712818271e-01
9.842448007842587998e-01
9.440802949610814787e-01
9.047247169074580375e-01
9.195664575014261821e-01
6.946372239747633515e-01
9.351203167834297725e-01
6.810126582278480667e-01
9.868374244041266952e-01
7.855297157622739279e-01
6.177536231884057649e-01
9.133819951338199017e-01
9.325997248968362907e-01
8.897085946145333324e-01
2.365793934827651046e-01
7.748138117806364633e-01
9.536494405966968735e-01
9.617606602475928801e-01
0.000000000000000000e+00
9.163310961968680335e-01
7.494539100043686730e-01
9.273824766782513551e-01
8.654011508697665445e-01
8.356936196132176420e-01
9.710343112879165073e-01
7.386977537674154215e-01
9.655204591051183005e-01
8.873907615480649547e-01
9.833422890918860348e-01
9.504132231404959219e-01
9.411484393614486521e-01
8.198254364089775370e-01
9.353671147880041614e-01
4.181848570951027799e-01
8.727967555763531671e-01
7.452979832313618713e-01
5.173510300013826058e-01
9.699416778824585528e-01
9.629629629629629095e-01
9.664593932541926113e-01
9.217410339669451780e-01
8.873470878218002733e-01
8.875275667728498297e-01
5.999637484139931365e-01
9.600117181778233810e-01
9.596488266081377727e-01
9.823708206686929678e-01
9.408033826638477759e-01
7.617090625664281189e-01
6.104906262465097377e-01
9.569053274516456931e-01
8.640245237573899173e-01
9.278142352347299449e-01
7.337467493498699422e-01
8.786091276001242178e-01
9.608950015395668620e-01
8.925281473899693285e-01
9.697908597986056867e-01
9.740389415876186119e-01
9.189189189189189699e-01
8.128540305010892864e-01
9.117599086609036174e-01
9.793573100659714870e-01
8.419713831478536914e-01
8.569794050343249037e-01
9.511153298528713940e-01
6.677992977687167153e-01
9.745850622406638797e-01
9.364406779661016422e-01
8.923924690035205387e-01
7.946704314832788718e-01
8.606327593111734453e-01
9.148541561288147106e-01
6.275862068965517571e-01
9.156130549838282784e-01
8.548286604361370333e-01
9.326948656557595418e-01
8.826660495255728156e-01
9.806387555849743753e-01
8.655274888558692759e-01
9.093743713538523510e-01
9.476765459202342035e-01
9.612716763005780818e-01
7.237131544214694401e-01
8.058289174867524496e-01
7.666055045871559281e-01
7.396141676023272327e-01
8.130303639654132830e-01
9.505617977528090234e-01
7.403189066059225887e-01
9.547422274695002153e-01
7.338443396226415061e-01
8.929996372869060117e-01
8.756756756756757243e-01
9.491689527190576570e-01
2.482134012594636729e-01
7.152497602807881272e-01
5.278966617383861193e-01
9.604472729435555856e-01
9.310986964618249706e-01
8.918311266550087435e-01
9.423550665133847426e-01
8.939544103072348813e-01
8.548740416210295345e-01
8.017774956356134020e-01
9.451510333863275548e-01
9.261670076250697603e-01
9.655172413793103869e-01
9.701167623194142386e-01
8.698884758364312519e-01
9.769863013698629750e-01
8.341027332014362417e-01
7.068557919621749619e-01
9.236641221374045641e-01
9.567562864352214813e-01
9.410968178740690693e-01
9.716211422490245164e-01
7.584353538369662528e-01
9.398462234283130323e-01
8.917420484388678403e-01
7.503828483920367276e-01
7.588502269288955882e-01
9.597826086956521285e-01
8.466864490603362992e-01
8.616600790513834207e-01
7.844703954107764554e-01
6.881013846514902887e-01
9.305912596401028081e-01
5.914634146341463117e-01
9.206014244262727964e-01
7.778579156148575091e-01
