6.348605448780172411e-01
8.003165012228455888e-01
7.178652782297428869e-01
7.006603916805829169e-01
8.928497552230573175e-01
9.870420017873100527e-01
2.000000000000000111e-01
8.687319506432134020e-01
7.615009539961840046e-01
9.994891443167305267e-01
3.055622732769044947e-01
3.667530577911153333e-01
8.735006255059238889e-01
6.206200355975878269e-01
3.496706702828361046e-01
6.974415563184567235e-01
9.994264410668196597e-01
7.190827652262099523e-01
8.783507264170247186e-01
9.863716814159292356e-01
8.212030832397257951e-01
2.957860615883306510e-01
6.843740387573054029e-01
8.280497592295344989e-01
6.061838893409275952e-01
9.534638871341335475e-01
9.982687729928586551e-01
9.879192497218248770e-01
6.473273942093541455e-01
1.000000000000000000e+00
6.595723932811623502e-01
1.000000000000000000e+00
5.082603730491054295e-01
9.941025253288976460e-01
7.166745730550284632e-01
9.663636363636363136e-01
6.702481579141921220e-01
9.469026548672566657e-01
6.846299432214364433e-01
1.000000000000000000e+00
7.883380426406370045e-01
5.341196293176073695e-01
6.377436775553213533e-01
3.454075032341526463e-01
8.843474222015791364e-01
8.271363714729038641e-01
9.712781235040689465e-01
9.821029082774048735e-01
9.615861214374225030e-01
3.895538628944504866e-01
9.461809635722678857e-01
9.716312056737588243e-01
9.557578055871571721e-01
8.629012792662321685e-01
8.792429110210923104e-01
6.594627971596171978e-01
9.747974797479748155e-01
1.342296110946181002e-02
5.730102162033736679e-01
6.345779220779220742e-01
8.423539518900343692e-01
9.957222301440182832e-01
9.995735607675906298e-01
8.330958036421218793e-01
9.009453349773941522e-01
9.918406993686255113e-01
7.256999930521781383e-01
5.891341256366723345e-01
8.616961369523594705e-01
8.097146899316198798e-01
9.401496259351620477e-01
8.737316798196166356e-01
3.787365363669369378e-01
4.185860259596796418e-01
9.990008880994671880e-01
9.760956175298804993e-01
9.360011557353365985e-01
7.774566473988439030e-01
6.038215338879432403e-01
7.794818874101487882e-01
8.907702523240371706e-01
2.517749145411516953e-01
6.513466042154566482e-01
9.665086887835703244e-01
6.798298906439854683e-01
9.933891582194799286e-01
4.584086799276672619e-01
7.343316694398225319e-01
6.820175438596490780e-01
8.800675675675675436e-01
8.439912677706192801e-01
5.437272254034357655e-01
7.507058159232071759e-01
8.823121387283237027e-01
1.736876771957959753e-01
6.548057259713701006e-01
8.477090429623118650e-01
9.630962115017716041e-01
7.203389830508474256e-01
1.023165187269971799e-01
9.932569116655428632e-01
5.201845444059977064e-01
8.334286985822366711e-01
8.875041940277045294e-01
7.587501997762505779e-01
9.247787610619468968e-01
9.199332777314428444e-01
5.941737070814450128e-01
1.069530087178396788e-01
9.344858962693357585e-01
9.525993883792048811e-01
1.000000000000000000e+00
9.476494142073260685e-01
4.334859692379945950e-01
2.431654676258992731e-01
8.788310762651461161e-01
7.500000000000000000e-01
8.691933418693982283e-01
7.689209441738479311e-01
7.567244471010161622e-01
9.329957148422283186e-01
7.437407952871870620e-01
5.675705467372134105e-01
9.529029638652050105e-01
5.320754716981132004e-01
8.080434782608695299e-01
6.859330973195578718e-01
9.076860512403416292e-01
7.965398967245863604e-01
9.715035620547431972e-01
3.561127788569073971e-01
5.112507996551052258e-01
7.088261233350670043e-01
7.148548758985487916e-01
9.688618468146027451e-01
6.915553259024138644e-01
5.567715458276333296e-01
8.271912350597609986e-01
4.837672774027643730e-01
9.355844155844156296e-01
9.451923076923076650e-01
1.517373043146238998e-01
5.873537780588049539e-01
8.710536700868192206e-01
1.000000000000000000e+00
9.440438419382751745e-01
6.367440604751619659e-01
4.302654572688691115e-01
9.303363074811256128e-01
9.774590163934425702e-01
3.236994219653179239e-01
9.884231536926147976e-01
4.501266486155995894e-01
5.348837209302325091e-01
3.437267450513469269e-01
9.558153358430750979e-01
8.985507246376811530e-01
5.831486570339509123e-01
4.198519544608458332e-01
8.055335968379446765e-01
9.790723981900452122e-01
7.063863704294112145e-01
6.468133107727016551e-01
8.934148558208708790e-01
6.985330476347453299e-01
1.890750182083029973e-01
7.739938080495356587e-01
5.325538134467180384e-01
8.464948284353964736e-01
9.340609367894497916e-01
6.686286050618011068e-01
5.970055585440200430e-01
8.616053776196125336e-01
7.046777950310558758e-01
5.641879393266741038e-01
7.481705964964151523e-01
7.031692441733826682e-01
8.512644663523361022e-01
9.870673259794598975e-01
3.178723186402498402e-01
1.484109386548410903e-01
7.723773916868265088e-01
8.731922398589064827e-01
9.304822968320647369e-02
9.991987179487179516e-01
9.246449618394357861e-01
9.312730627306272657e-01
2.142011834319526575e-01
8.241144941150466696e-01
7.815104500576997015e-01
7.231451392474260720e-01
4.868635622395361406e-01
6.134068521157300946e-01
4.299955937431152453e-01
8.396402066451630342e-01
3.751108960400032499e-01
3.035459597698322853e-01
9.603825136612021973e-01
8.363555948695267084e-01
8.424680013127666678e-01
8.600589081443934525e-01
9.288687097994703379e-01
9.036363636363636820e-01
8.243346007604562820e-01
9.857723577235771861e-01
8.548997351494513897e-01
7.831748354059985262e-01
8.784424045010363891e-01
9.001614305227865209e-01
9.044626021370207880e-01
9.565085619033186770e-01
9.464345497154335041e-01
9.174254317111459889e-01
3.596190645721151768e-01
8.811922753988244983e-01
9.913336861603598837e-01
9.432848118648723412e-01
9.565377532228360735e-01
8.907287131539504133e-01
9.854368932038835016e-01
7.607746940871102925e-01
9.887640449438201973e-01
1.042731072921504881e-01
8.762170857675048996e-01
8.658747199402538897e-01
9.985046220772159087e-01
5.389366272824919202e-01
9.724491430402050218e-01
2.325093929207039667e-01
6.577721565845081608e-01
9.976966601572280213e-01
2.292069632495164488e-01
9.999355420910145398e-01
8.534851400470386817e-01
9.948101687388987147e-01
7.933266748048680705e-01
9.847432659932660037e-01
9.992826398852223679e-01
9.865466803106001104e-01
9.781068156939562996e-01
2.686271176837214392e-01
5.503046022076120147e-01
8.109929997407311353e-01
7.407539118065433748e-01
9.297782470960929135e-01
9.567563779086066811e-01
5.092353851202475745e-01
3.947710610042882706e-01
7.752333979214374171e-01
2.122112494632889534e-01
9.852252252252252651e-01
9.111990328607538769e-01
8.427015462413692815e-01
9.960889484858643783e-01
9.978234287111763523e-01
9.348582270475387368e-01
8.206448881676426943e-01
9.890499194847021114e-01
5.558051718369102501e-01
8.808141410231598023e-01
1.562671384343211067e-01
7.831475037284283403e-01
8.520039968913067918e-01
9.998142644873699858e-01
9.998025276461295352e-01
8.274436090225564255e-01
7.211538461538461453e-01
8.649825783972125981e-01
9.445281881217968412e-01
3.959566402872913282e-01
7.321627028228495648e-01
8.547347545860188855e-01
1.000000000000000000e+00
9.947132980886539411e-01
7.809652029826015252e-01
9.340578600949027699e-01
7.339090385722509824e-01
9.928521728129546808e-01
9.991535227561298971e-01
9.582118561710398774e-01
4.865954550214682262e-01
7.289057841383422831e-01
8.824098717638518830e-01
9.633049966362913219e-01
9.993412050879237896e-01
8.214341025243920846e-01
9.404271996864589367e-01
9.300975670001234707e-01
9.984880357612411217e-01
8.733397780766644081e-01
8.725022560268145266e-01
7.619047619047618625e-01
8.978304742684157791e-01
8.223980900168007535e-01
9.142193390023669597e-01
6.991733402221648186e-01
9.284597701149425175e-01
9.630978522842911227e-01
6.841008950366150865e-01
1.000000000000000000e+00
9.954998874971874301e-01
8.053856078578266464e-01
9.539417613636363980e-01
7.378982311846603581e-01
9.463373853314654971e-01
9.951705105460280087e-01
9.483641536273115236e-01
6.591691347154406966e-01
9.620599110444242319e-01
9.366666666666666474e-01
7.185131346692971155e-01
9.997796594164122252e-01
7.381947034688548515e-01
5.144921885154279950e-01
8.871571906354515091e-01
3.276388958469014789e-02
8.916341071018156761e-01
8.001324142228453118e-01
8.269382737729388255e-01
3.453108740894901274e-01
9.732964186835759701e-01
7.725695988615138843e-01
9.998720163819031503e-01
5.926084893939052023e-01
9.958273272134132714e-01
7.650346523585960234e-01
6.100460122699385979e-01
8.224751942158295970e-01
9.672222665284312404e-01
9.963110974485090976e-01
8.610409297625063463e-01
9.715770495280517949e-01
4.448296961044258535e-01
9.909543652810245407e-01
9.994959423358031891e-01
3.612581602373887146e-01
8.567604622315074803e-01
9.964536928487690570e-01
5.485191756516991646e-01
5.717466002032618455e-01
9.634929190963884560e-01
8.921508890489114885e-01
4.805194805194805130e-01
8.945366898768076780e-01
9.983099385005398396e-01
4.555092767890950300e-01
9.367661190146951977e-01
8.916566815917260636e-01
9.770522100723856296e-01
7.523064198002162861e-01
9.995827073944250074e-01
9.997160435399905509e-01
7.308309172783912233e-01
8.238831615120274510e-01
9.775002691355366702e-01
9.967532467532467244e-01
9.991655269928837457e-01
8.100980100980100795e-01
9.934608568110981919e-01
9.152662442441654722e-01
7.623281393217231638e-01
6.527912065543738374e-01
9.984746259900264542e-01
9.849257752049063175e-01
7.322871204382951360e-01
9.994909862142099533e-01
9.665553201890174639e-01
7.388518373218255775e-01
7.919073775925750125e-01
6.766578983801744274e-01
9.634654741150610047e-01
9.704756697648988517e-01
9.702117183653372612e-01
8.629951382800669091e-01
8.708317114311664442e-01
9.183426584001209703e-01
9.912254462060026139e-01
6.123841877702285164e-01
9.988322597656985602e-01
9.999395258829221200e-01
7.807672634271100032e-01
8.924113212211098878e-01
9.591456930166607497e-01
6.339129127624392179e-01
9.577906018136850275e-01
8.143519451723443270e-01
8.192172647084011716e-01
8.513240065589784411e-01
6.913020742548370290e-01
7.784714747039828131e-01
8.731176798661460792e-01
6.091557139674760313e-01
8.547378547378546854e-01
6.165426794074264638e-01
5.368425697140840613e-01
4.465366094579577561e-01
9.800259662438829400e-01
9.795078299776286412e-01
6.821867819975672986e-02
9.594560564089650301e-01
1.000000000000000000e+00
7.148274554417899385e-01
9.768611849499581057e-01
9.146515533165406886e-01
9.406683337122073718e-01
7.748645575546786457e-01
9.048275862068965170e-01
3.723959706766520883e-01
8.397415185783522196e-01
6.589545844044558676e-01
9.951496839343219047e-01
7.338320087268194181e-01
7.888741721854304334e-01
8.660436137071650942e-01
9.234554973821988977e-01
9.000111927769279818e-01
9.126608661130777289e-01
9.956578559082669422e-01
1.000000000000000000e+00
3.944301243976240934e-01
9.476852358542191546e-01
6.127370933299837175e-01
9.994994159853162197e-01
4.782086479066575135e-01
8.278995960761684758e-01
5.795673140267201262e-01
9.527883053600433305e-01
9.751004216461665042e-01
6.586779448621553623e-01
8.368689207966650834e-01
9.988951741205586154e-01
3.894412634102982773e-01
9.586786506361619775e-01
6.510437495001200059e-01
9.285222639911050457e-01
8.872645487770592920e-01
7.982401005656819537e-01
9.237142154048068043e-01
5.555202238616128163e-01
7.007812060922834485e-01
3.140429517628955391e-01
7.556427870461236429e-01
6.170139486826243802e-01
0.000000000000000000e+00
6.475431965442765003e-01
8.117188016665564110e-01
8.286689094075824213e-01
9.182089552238805741e-01
8.847482014388489135e-01
8.179747722494744577e-01
9.377179218967921503e-01
9.749129608138472625e-01
8.479729729729730270e-01
9.223232036353308239e-01
6.837082912032356186e-01
9.468361542243135531e-01
7.784102742103435890e-01
9.277396237682890012e-01
8.506467858200849053e-01
8.345723242274966092e-01
9.765124555160142883e-01
7.788032454361054624e-01
7.079762689518787067e-01
0.000000000000000000e+00
1.000000000000000000e+00
9.064724756843477449e-01
9.935665613460733514e-01
9.791295158840235269e-01
6.394664666307227074e-01
9.022588435857366029e-01
9.990996540776192480e-01
9.057679080279060768e-01
8.266143417766678159e-01
1.000000000000000000e+00
5.321411309811503454e-01
8.781464530892448828e-01
5.163147792706334060e-01
9.900071377587437160e-01
6.468085106382979177e-01
4.469200524246395578e-01
8.570776255707762692e-01
8.788075178224238337e-01
8.013289036544850585e-01
1.341593676564836468e-01
6.324049513704685932e-01
9.132653061224489388e-01
9.604395604395604691e-01
0.000000000000000000e+00
8.927637314734089280e-01
5.994060097833682210e-01
8.645975443383355774e-01
7.644309418088338637e-01
7.177609207428721216e-01
9.460998062015504306e-01
5.864559819413092123e-01
9.369736484650910135e-01
7.975763016157989549e-01
9.828141783029000766e-01
9.087643678160919336e-01
8.960980036297641060e-01
6.946645536185948044e-01
8.790087463556851555e-01
2.643702451394759345e-01
7.745172676309779458e-01
6.153414405986903368e-01
5.652567975830815605e-01
9.457567804024497038e-01
9.945066124109868122e-01
9.687106522286578203e-01
9.999208422385814643e-01
7.975057433541188345e-01
7.977973568281938599e-01
7.828760643330179292e-01
9.362857142857142767e-01
9.227272727272727293e-01
9.805825242718446688e-01
8.888149134487349778e-01
9.998139880952381375e-01
9.106053845009668413e-01
9.950599858856740143e-01
7.608947165445429928e-01
9.538142189932538040e-01
5.794628751974723047e-01
7.834994462901440082e-01
9.252816762205969825e-01
8.062875635691170162e-01
9.441930618401206399e-01
9.828715365239294455e-01
8.499999999999999778e-01
6.847127913378601161e-01
9.967902995720399062e-01
9.733502538071066024e-01
7.270730367929708615e-01
7.497497497497497276e-01
9.399624765478423738e-01
7.564308166014497292e-01
9.827405857740585393e-01
8.825878594249201292e-01
8.208955223880597396e-01
6.592972181551977062e-01
7.553602811950790308e-01
8.430702299564947211e-01
4.573748308525033557e-01
8.487326246933769580e-01
7.464635473340587302e-01
9.815229563269877167e-01
7.952460383653043863e-01
9.648323021816997969e-01
7.629338572364112725e-01
8.684918347742555111e-01
9.011830201809325480e-01
9.316526610644257911e-01
5.670458462599103910e-01
9.276688453159041003e-01
7.803511393350766046e-01
5.870058327932599074e-01
6.849630683743308524e-01
9.477221807318895186e-01
5.877034358047016349e-01
9.266615737203972580e-01
8.903991987408784725e-01
8.133465477370334096e-01
9.795918367346938549e-01
9.915711395819285512e-01
9.994301994301993952e-01
5.567228074128316440e-01
3.586002748704937293e-01
9.389463891150133801e-01
8.710801393728222486e-01
8.135824977210573961e-01
9.522071025555923773e-01
8.185117967332123934e-01
7.533783783783783994e-01
6.691390728476821481e-01
9.014404852160727843e-01
8.624870107377901052e-01
9.821640903686087443e-01
9.839421918908068942e-01
7.697368421052631637e-01
9.575725026852845989e-01
9.539093270761752619e-01
5.466179159049360248e-01
8.701123595505617647e-01
9.170975813177647540e-01
8.910256410256410797e-01
9.536908077994429300e-01
9.606656580937972256e-01
8.910806174957118797e-01
9.954397394136808019e-01
6.004901960784313486e-01
6.114090687469526664e-01
9.373673036093418398e-01
7.341337907375643512e-01
7.569444444444444198e-01
6.453733355806505756e-01
5.245080500894454545e-01
8.701923076923077094e-01
4.199134199134199052e-01
8.528836754643206453e-01
6.364709353791678792e-01
