8.063201904296875000e-01
9.788208007812500000e-01
9.867706298828125000e-01
7.580871582031250000e-01
6.895599365234375000e-01
9.195861816406250000e-01
9.586791992187500000e-01
9.920959472656250000e-01
9.789581298828125000e-01
9.724884033203125000e-01
9.123687744140625000e-01
5.741271972656250000e-01
8.538818359375000000e-01
7.820892333984375000e-01
7.438812255859375000e-01
6.810302734375000000e-01
7.671813964843750000e-01
7.641906738281250000e-01
9.494934082031250000e-01
9.888458251953125000e-01
5.671386718750000000e-01
6.779327392578125000e-01
8.360443115234375000e-01
8.642883300781250000e-01
6.987609863281250000e-01
9.922027587890625000e-01
9.845733642578125000e-01
8.880767822265625000e-01
9.317779541015625000e-01
9.761352539062500000e-01
7.851257324218750000e-01
9.577789306640625000e-01
8.003540039062500000e-01
9.940490722656250000e-01
7.609100341796875000e-01
9.992675781250000000e-01
5.781097412109375000e-01
8.033599853515625000e-01
7.527008056640625000e-01
7.277374267578125000e-01
9.555206298828125000e-01
9.662475585937500000e-01
6.627197265625000000e-01
9.227905273437500000e-01
9.947662353515625000e-01
8.936157226562500000e-01
9.980621337890625000e-01
9.979400634765625000e-01
9.965820312500000000e-01
9.914398193359375000e-01
9.942474365234375000e-01
9.983062744140625000e-01
9.918060302734375000e-01
9.913330078125000000e-01
7.964630126953125000e-01
9.831542968750000000e-01
9.981994628906250000e-01
2.900848388671875000e-01
8.621215820312500000e-01
9.654693603515625000e-01
9.944000244140625000e-01
9.893341064453125000e-01
9.453430175781250000e-01
8.500518798828125000e-01
9.112091064453125000e-01
8.452148437500000000e-01
9.333648681640625000e-01
9.852294921875000000e-01
9.812164306640625000e-01
9.747467041015625000e-01
9.974212646484375000e-01
9.948272705078125000e-01
8.433380126953125000e-01
5.577850341796875000e-01
9.770812988281250000e-01
9.988098144531250000e-01
7.657165527343750000e-01
9.976348876953125000e-01
7.474670410156250000e-01
8.930511474609375000e-01
9.940643310546875000e-01
9.131622314453125000e-01
9.090728759765625000e-01
9.974822998046875000e-01
9.919586181640625000e-01
9.986114501953125000e-01
9.451599121093750000e-01
9.926757812500000000e-01
9.645996093750000000e-01
9.956512451171875000e-01
9.549407958984375000e-01
8.382415771484375000e-01
9.865264892578125000e-01
9.921875000000000000e-01
5.574188232421875000e-01
9.871215820312500000e-01
9.149780273437500000e-01
9.721679687500000000e-01
9.859008789062500000e-01
6.836547851562500000e-01
9.975585937500000000e-01
9.936523437500000000e-01
9.600219726562500000e-01
9.632110595703125000e-01
9.531860351562500000e-01
9.983215332031250000e-01
9.950866699218750000e-01
6.585235595703125000e-01
9.359130859375000000e-01
9.986877441406250000e-01
9.978485107421875000e-01
9.066619873046875000e-01
9.381408691406250000e-01
9.263763427734375000e-01
9.036865234375000000e-01
8.117218017578125000e-01
9.728393554687500000e-01
9.610290527343750000e-01
9.247131347656250000e-01
9.874572753906250000e-01
9.966888427734375000e-01
9.946899414062500000e-01
6.194000244140625000e-01
9.969940185546875000e-01
9.962158203125000000e-01
9.580230712890625000e-01
9.336700439453125000e-01
9.965209960937500000e-01
9.176177978515625000e-01
9.973602294921875000e-01
8.330841064453125000e-01
7.310791015625000000e-01
8.035278320312500000e-01
7.406005859375000000e-01
9.982910156250000000e-01
8.720397949218750000e-01
9.950561523437500000e-01
9.946289062500000000e-01
9.264831542968750000e-01
9.972534179687500000e-01
9.969787597656250000e-01
4.915161132812500000e-01
9.004211425781250000e-01
8.878936767578125000e-01
7.068786621093750000e-01
9.566497802734375000e-01
9.589385986328125000e-01
7.910614013671875000e-01
9.692993164062500000e-01
6.483459472656250000e-01
9.107360839843750000e-01
9.986267089843750000e-01
8.078765869140625000e-01
9.948120117187500000e-01
8.654327392578125000e-01
9.913635253906250000e-01
9.955596923828125000e-01
8.564910888671875000e-01
7.955017089843750000e-01
9.885406494140625000e-01
6.818695068359375000e-01
8.650970458984375000e-01
9.522247314453125000e-01
8.823089599609375000e-01
9.162597656250000000e-01
7.556610107421875000e-01
9.798583984375000000e-01
8.657989501953125000e-01
9.810638427734375000e-01
9.965209960937500000e-01
9.914093017578125000e-01
9.314117431640625000e-01
9.942779541015625000e-01
9.071350097656250000e-01
9.460754394531250000e-01
9.479827880859375000e-01
9.168243408203125000e-01
9.628143310546875000e-01
9.975128173828125000e-01
7.923126220703125000e-01
9.120941162109375000e-01
9.829864501953125000e-01
9.050598144531250000e-01
5.618438720703125000e-01
9.945068359375000000e-01
9.846038818359375000e-01
9.686279296875000000e-01
5.541992187500000000e-01
9.511566162109375000e-01
9.723663330078125000e-01
8.596038818359375000e-01
9.567871093750000000e-01
9.047851562500000000e-01
8.420867919921875000e-01
9.026641845703125000e-01
8.817749023437500000e-01
7.839202880859375000e-01
9.953460693359375000e-01
9.943389892578125000e-01
9.926605224609375000e-01
9.675140380859375000e-01
9.956359863281250000e-01
9.991760253906250000e-01
9.964752197265625000e-01
9.961090087890625000e-01
9.833679199218750000e-01
8.747558593750000000e-01
9.873199462890625000e-01
9.873199462890625000e-01
9.968109130859375000e-01
8.698577880859375000e-01
9.737854003906250000e-01
9.950561523437500000e-01
7.804260253906250000e-01
9.937744140625000000e-01
9.718933105468750000e-01
9.935302734375000000e-01
9.690704345703125000e-01
9.507141113281250000e-01
8.973236083984375000e-01
8.710174560546875000e-01
9.899597167968750000e-01
8.234405517578125000e-01
9.553222656250000000e-01
9.073486328125000000e-01
9.508972167968750000e-01
9.187927246093750000e-01
9.881591796875000000e-01
4.067993164062500000e-01
8.307189941406250000e-01
9.662780761718750000e-01
6.716461181640625000e-01
9.455261230468750000e-01
8.701019287109375000e-01
9.676513671875000000e-01
9.144897460937500000e-01
9.804077148437500000e-01
9.617156982421875000e-01
9.657897949218750000e-01
9.924468994140625000e-01
8.030395507812500000e-01
7.723541259765625000e-01
9.777526855468750000e-01
8.775939941406250000e-01
9.856719970703125000e-01
9.803314208984375000e-01
6.624908447265625000e-01
6.661987304687500000e-01
8.625946044921875000e-01
2.851104736328125000e-01
9.969177246093750000e-01
9.876251220703125000e-01
9.413299560546875000e-01
9.895935058593750000e-01
9.513549804687500000e-01
9.896850585937500000e-01
9.611968994140625000e-01
9.991760253906250000e-01
8.582000732421875000e-01
9.426116943359375000e-01
2.722778320312500000e-01
9.068145751953125000e-01
9.796142578125000000e-01
9.934539794921875000e-01
9.436340332031250000e-01
9.259185791015625000e-01
9.499969482421875000e-01
9.810791015625000000e-01
9.624633789062500000e-01
5.836791992187500000e-01
8.896789550781250000e-01
9.955291748046875000e-01
9.641265869140625000e-01
9.814605712890625000e-01
9.677276611328125000e-01
9.644012451171875000e-01
8.817901611328125000e-01
9.898986816406250000e-01
9.300384521484375000e-01
9.946289062500000000e-01
6.983947753906250000e-01
9.440612792968750000e-01
9.663696289062500000e-01
9.883117675781250000e-01
9.644470214843750000e-01
9.824066162109375000e-01
9.902191162109375000e-01
9.911499023437500000e-01
9.928283691406250000e-01
8.954925537109375000e-01
9.546966552734375000e-01
9.185943603515625000e-01
9.860534667968750000e-01
9.381561279296875000e-01
9.685974121093750000e-01
8.933868408203125000e-01
9.880981445312500000e-01
9.511108398437500000e-01
8.515777587890625000e-01
8.950653076171875000e-01
9.704132080078125000e-01
9.283905029296875000e-01
9.688415527343750000e-01
9.192810058593750000e-01
9.566497802734375000e-01
9.942474365234375000e-01
9.936218261718750000e-01
8.700561523437500000e-01
9.886016845703125000e-01
9.946899414062500000e-01
8.759002685546875000e-01
9.448394775390625000e-01
8.924865722656250000e-01
7.139129638671875000e-01
9.741516113281250000e-01
1.161956787109375000e-01
8.880310058593750000e-01
8.415374755859375000e-01
8.113708496093750000e-01
6.927947998046875000e-01
9.737701416015625000e-01
9.607696533203125000e-01
9.341583251953125000e-01
7.248229980468750000e-01
9.784240722656250000e-01
9.518890380859375000e-01
9.844818115234375000e-01
9.646301269531250000e-01
9.829101562500000000e-01
9.967956542968750000e-01
9.958038330078125000e-01
9.708099365234375000e-01
9.584655761718750000e-01
9.879760742187500000e-01
9.539642333984375000e-01
5.404205322265625000e-01
9.587097167968750000e-01
9.554290771484375000e-01
8.485717773437500000e-01
8.649749755859375000e-01
9.568328857421875000e-01
9.552764892578125000e-01
7.332763671875000000e-01
9.349365234375000000e-01
9.720153808593750000e-01
7.805786132812500000e-01
9.556427001953125000e-01
9.158935546875000000e-01
9.908752441406250000e-01
9.405670166015625000e-01
9.888763427734375000e-01
9.520874023437500000e-01
8.668365478515625000e-01
9.530792236328125000e-01
9.883880615234375000e-01
9.937133789062500000e-01
9.310302734375000000e-01
9.014587402343750000e-01
9.934997558593750000e-01
9.539642333984375000e-01
9.207611083984375000e-01
8.956451416015625000e-01
9.825744628906250000e-01
9.023895263671875000e-01
9.119873046875000000e-01
9.323730468750000000e-01
9.825744628906250000e-01
9.078674316406250000e-01
8.471984863281250000e-01
7.142333984375000000e-01
9.742431640625000000e-01
9.716949462890625000e-01
9.834442138671875000e-01
9.205169677734375000e-01
9.683380126953125000e-01
9.802246093750000000e-01
9.953613281250000000e-01
7.885894775390625000e-01
9.794006347656250000e-01
9.745025634765625000e-01
9.673004150390625000e-01
8.938598632812500000e-01
9.882659912109375000e-01
8.885192871093750000e-01
9.804840087890625000e-01
9.859466552734375000e-01
9.677124023437500000e-01
8.673248291015625000e-01
9.729766845703125000e-01
9.371948242187500000e-01
9.929656982421875000e-01
6.779022216796875000e-01
9.953918457031250000e-01
6.333465576171875000e-01
8.398284912109375000e-01
7.264099121093750000e-01
9.902038574218750000e-01
9.663391113281250000e-01
5.792083740234375000e-01
9.920501708984375000e-01
7.219390869140625000e-01
9.196777343750000000e-01
9.744873046875000000e-01
9.326629638671875000e-01
9.953918457031250000e-01
9.486389160156250000e-01
9.957885742187500000e-01
4.546661376953125000e-01
9.924316406250000000e-01
9.331970214843750000e-01
9.419097900390625000e-01
9.478759765625000000e-01
9.756622314453125000e-01
9.842529296875000000e-01
9.882354736328125000e-01
9.578094482421875000e-01
9.375305175781250000e-01
9.795074462890625000e-01
9.226074218750000000e-01
8.350982666015625000e-01
9.902038574218750000e-01
4.333038330078125000e-01
9.864196777343750000e-01
9.535980224609375000e-01
9.421386718750000000e-01
7.564849853515625000e-01
9.550933837890625000e-01
9.811553955078125000e-01
9.667510986328125000e-01
9.731292724609375000e-01
9.582977294921875000e-01
5.446624755859375000e-01
9.875030517578125000e-01
9.334259033203125000e-01
8.235626220703125000e-01
9.877624511718750000e-01
9.265289306640625000e-01
9.461975097656250000e-01
8.933563232421875000e-01
9.187622070312500000e-01
5.292816162109375000e-01
9.201965332031250000e-01
9.660644531250000000e-01
1.165618896484375000e-01
8.804779052734375000e-01
9.131164550781250000e-01
8.870697021484375000e-01
9.898834228515625000e-01
9.745788574218750000e-01
9.839782714843750000e-01
9.753265380859375000e-01
9.766693115234375000e-01
9.841461181640625000e-01
9.911956787109375000e-01
8.465118408203125000e-01
9.781951904296875000e-01
9.512939453125000000e-01
9.952697753906250000e-01
9.538421630859375000e-01
9.716949462890625000e-01
9.948883056640625000e-01
9.325256347656250000e-01
9.797210693359375000e-01
3.702697753906250000e-01
6.849517822265625000e-01
9.217071533203125000e-01
9.873962402343750000e-01
9.916381835937500000e-01
7.653198242187500000e-01
9.761199951171875000e-01
9.897003173828125000e-01
9.833374023437500000e-01
9.925537109375000000e-01
9.956970214843750000e-01
9.852294921875000000e-01
9.967498779296875000e-01
9.923095703125000000e-01
9.994354248046875000e-01
9.962005615234375000e-01
9.935607910156250000e-01
9.945678710937500000e-01
9.970092773437500000e-01
9.954376220703125000e-01
9.381561279296875000e-01
9.746246337890625000e-01
9.986724853515625000e-01
9.978790283203125000e-01
9.969787597656250000e-01
9.971466064453125000e-01
9.649963378906250000e-01
9.939422607421875000e-01
9.378967285156250000e-01
9.670715332031250000e-01
9.928894042968750000e-01
9.859771728515625000e-01
9.887237548828125000e-01
9.862365722656250000e-01
9.981079101562500000e-01
9.979858398437500000e-01
9.962310791015625000e-01
9.911804199218750000e-01
9.961853027343750000e-01
9.468841552734375000e-01
9.502258300781250000e-01
9.656982421875000000e-01
8.401947021484375000e-01
9.989776611328125000e-01
9.942626953125000000e-01
9.837036132812500000e-01
9.672698974609375000e-01
9.905853271484375000e-01
9.929962158203125000e-01
9.663238525390625000e-01
9.958343505859375000e-01
9.963531494140625000e-01
9.986724853515625000e-01
9.923095703125000000e-01
8.460540771484375000e-01
8.807983398437500000e-01
9.980621337890625000e-01
9.905242919921875000e-01
9.956359863281250000e-01
9.796905517578125000e-01
9.940338134765625000e-01
9.941864013671875000e-01
9.935913085937500000e-01
9.982147216796875000e-01
9.984130859375000000e-01
9.977111816406250000e-01
9.737854003906250000e-01
9.917449951171875000e-01
9.985198974609375000e-01
9.924163818359375000e-01
9.961853027343750000e-01
9.968566894531250000e-01
8.209838867187500000e-01
9.985046386718750000e-01
9.954223632812500000e-01
9.892730712890625000e-01
9.644927978515625000e-01
9.893798828125000000e-01
9.922943115234375000e-01
9.143066406250000000e-01
9.912414550781250000e-01
9.964447021484375000e-01
9.961395263671875000e-01
9.922637939453125000e-01
9.982147216796875000e-01
9.834289550781250000e-01
9.725036621093750000e-01
9.978179931640625000e-01
9.979553222656250000e-01
9.808349609375000000e-01
9.843444824218750000e-01
9.805908203125000000e-01
9.610748291015625000e-01
9.290618896484375000e-01
9.979858398437500000e-01
9.965209960937500000e-01
9.982452392578125000e-01
9.311218261718750000e-01
9.819946289062500000e-01
9.663085937500000000e-01
9.903869628906250000e-01
8.378753662109375000e-01
7.598419189453125000e-01
8.148498535156250000e-01
9.898529052734375000e-01
9.977416992187500000e-01
9.933929443359375000e-01
9.946441650390625000e-01
9.951019287109375000e-01
9.919128417968750000e-01
9.809417724609375000e-01
9.978942871093750000e-01
9.939422607421875000e-01
9.990997314453125000e-01
9.953918457031250000e-01
9.962615966796875000e-01
9.987182617187500000e-01
9.309082031250000000e-01
9.962158203125000000e-01
9.853515625000000000e-01
9.772491455078125000e-01
9.986724853515625000e-01
9.975585937500000000e-01
9.876556396484375000e-01
9.979705810546875000e-01
9.943389892578125000e-01
9.950256347656250000e-01
9.878387451171875000e-01
9.988708496093750000e-01
9.952697753906250000e-01
9.973297119140625000e-01
9.678955078125000000e-01
9.391632080078125000e-01
9.971160888671875000e-01
9.856872558593750000e-01
9.954071044921875000e-01
9.624023437500000000e-01
