6.084511418362591462e-01
8.107019562715764849e-01
7.468272046859746327e-01
7.083238528631019548e-01
5.518407212622088442e-01
2.758749532943081118e-01
2.570162481536188981e-01
8.977536793183578112e-01
7.242929387525753882e-01
7.701997834858773651e-01
3.799569995222168983e-01
3.710326430961208288e-01
5.630082278785545347e-01
6.212510257564126670e-01
3.817512592018597606e-01
4.602398816442988538e-01
1.825630252100840234e-01
7.127756753229805842e-01
6.734490935515948795e-01
9.557174568842847773e-01
4.431457638220784867e-01
2.342090553381777629e-01
6.650554958825635188e-01
3.397025903421809767e-01
4.813964634361678208e-01
8.619707613442186833e-01
7.625661375661375585e-01
6.186099657210989422e-01
6.009063735416063645e-01
6.108138032847388876e-01
6.657343677797504800e-01
7.473150614313944784e-01
5.424774740667828166e-01
9.248236953455570841e-01
5.273510242085660549e-01
9.427816901408451189e-01
5.002623294858341563e-01
4.270355795366951868e-01
3.057433169072434898e-01
5.867819641754169063e-02
6.560440641290449237e-01
6.143639427127211006e-01
6.299133636916601775e-01
3.966364812419146402e-01
8.029020556227327576e-01
7.211339461904990866e-01
9.260948905109489537e-01
8.687002652519894008e-01
9.581207108921344640e-01
6.545454545454545414e-01
9.119892231701840490e-01
8.120078740157480324e-01
9.092751549833094638e-01
8.732802317161477701e-01
5.085696718161555330e-01
7.538040170419963992e-01
8.468253968253968145e-01
1.717630094575681859e-02
5.834123672230652202e-01
7.047893640877782584e-01
8.737655646200085391e-01
8.511492156147391075e-01
3.150188070929607620e-01
3.861588861588861610e-01
7.926010569918583437e-01
4.732917506917412864e-01
7.178168874826972301e-01
6.035653650254668712e-01
8.779966235227911753e-01
6.084147755507702815e-01
9.089116719242902320e-01
9.011843079200592133e-01
4.224252692726612746e-01
3.404577735558872997e-01
7.862322005765702837e-01
8.744680851063829641e-01
2.700369344413665607e-01
8.283261802575107025e-01
6.284912852724701127e-01
7.494838265657260967e-01
8.729963008631319576e-01
3.264528004207205014e-01
6.981573559520327654e-01
9.368740515933232649e-01
7.422867513611615120e-01
9.382819015846538546e-01
5.111512959614225027e-01
7.959407569939659366e-01
7.075109649122807154e-01
8.841617523167649706e-01
8.515724606884828018e-01
5.617919448632350266e-01
7.555053642010163273e-01
8.869404706968159191e-01
1.888718734047983572e-01
6.752556237218814150e-01
8.691763156450639238e-01
8.937796652510616724e-01
7.893462469733656395e-01
1.266940896297900077e-01
8.059048660470202741e-01
5.397923875432526497e-01
8.421387246487379574e-01
8.930420327713132211e-01
8.255611760986405478e-01
9.111727966689798786e-01
9.179929862422444575e-01
5.921326961752061413e-01
4.016814572629612279e-01
8.580645161290322287e-01
9.485433219825954998e-01
1.910661107802263114e-01
6.049303519061584034e-01
5.049713416773892183e-01
3.007194244604316502e-01
1.650035408485160671e-01
7.857442348008385480e-01
8.870117237495520612e-01
8.098538778568752372e-01
6.121024049650891641e-01
8.812684365781711104e-01
8.394698085419735056e-01
5.084447780653063020e-01
8.953095684803001886e-01
3.188097768331561999e-01
6.019593067068575998e-01
7.271747719273040644e-01
9.137651821862348145e-01
8.411959134615384359e-01
9.300573888091822061e-01
4.322797104008476166e-01
5.213596820367436546e-01
7.234244623838274046e-01
6.866751376535366047e-01
9.448630136986301276e-01
6.936635266411539380e-01
6.511627906976744651e-01
8.680422264875239380e-01
5.093753348333869280e-01
8.873981792045999573e-01
9.331040950296968228e-01
1.570319460353824526e-01
6.135803249668078108e-01
5.843275147557452920e-01
7.955902618282038874e-02
4.096458358515653320e-01
6.704913606911446777e-01
4.651839534400332710e-01
3.161642006897318891e-01
1.712509487837496069e-01
3.683548645249800080e-01
9.504227517294389083e-01
4.736221504061490228e-01
6.046511627906976383e-01
4.021431760678672584e-01
9.353560730505362519e-01
8.670046801872074438e-01
6.150607215672369010e-01
4.395047833427124240e-01
8.217718888022863544e-01
1.499978693484467496e-01
7.558610613003918788e-01
6.975747320924985395e-01
5.838080168776371703e-01
7.388510544815465320e-01
1.438812854063267754e-01
7.827424023154847532e-01
5.626361945256443953e-01
7.556219940205382013e-01
8.566221142162818714e-01
7.019906323185011177e-01
6.538461538461538547e-01
8.145012881854987175e-01
7.374090247452692592e-01
6.066099395733135502e-01
7.603104212860309907e-01
7.156392942714006056e-01
8.556493030080704054e-01
8.992033252511257846e-01
3.422462545887489105e-01
1.760532150776053240e-01
8.212951432129513840e-01
8.105455595112094347e-01
1.101354979312087479e-01
8.664660958111548572e-01
9.075149838635315769e-01
3.209647495361780956e-01
2.747982786444325143e-01
8.663333699593451787e-01
7.743047009598819086e-01
7.172668625253657559e-01
5.473941937740468555e-01
6.400470850628833253e-01
4.870129870129870087e-01
8.384033394208192380e-01
4.284216469070086242e-01
3.461557165783202827e-01
9.441076445364483538e-01
8.840388007054673647e-01
9.010450685826257855e-01
8.669653159573745826e-01
8.131264144843194375e-01
8.420245398773006373e-01
8.960060286360210791e-01
8.700598802395209663e-01
7.735436514133999797e-01
7.665017908920347400e-01
8.964553610825121144e-01
9.066048101574899487e-01
8.630217519106407886e-01
7.418729900422332824e-01
7.799262523608238018e-01
8.978558665872543587e-01
3.637132303858306437e-01
7.993619283941864051e-01
8.573710634413509446e-01
9.502995642701524970e-01
9.537309162787068750e-01
9.040731681378283424e-01
7.981339884616446279e-01
7.574488691391785267e-01
8.899755501222493814e-01
1.758012076172782157e-01
8.812899403275635812e-01
8.700178121168660184e-01
7.999455040871934486e-01
5.337820120618826936e-01
8.496897913141567837e-01
2.414529069997233268e-01
6.589752290464879758e-01
8.867302379467070228e-01
2.453614155741815350e-01
8.932365897901010099e-01
8.289992513102071303e-01
9.406333841864380485e-01
8.049059810114891356e-01
9.591264533388208502e-01
8.993388052895576745e-01
9.311258655572336451e-01
9.666172952033724730e-01
3.112325371789094186e-01
5.487665118523433749e-01
8.101347848626231363e-01
7.190288374498901014e-01
9.241332733003151390e-01
8.924112687103732400e-01
5.224149326526426051e-01
4.174297966523723979e-01
7.761119189690618425e-01
2.173352557035026777e-01
8.788788788788788331e-01
9.083534312650733966e-01
8.148945127941245037e-01
9.551316496507253895e-01
9.239246517757730981e-01
9.210253217102531975e-01
8.228035538005923355e-01
9.627760252365931137e-01
5.629750011949715693e-01
8.898702466598149563e-01
1.535072976559044566e-01
7.893260421845039732e-01
8.546260387811633885e-01
9.188588998975060207e-01
8.856526429341963214e-01
8.154078327444052032e-01
7.305139550714772056e-01
8.692290940766550511e-01
9.236677024095679700e-01
4.075518525084205201e-01
7.406090242276061053e-01
8.578504210004952446e-01
9.040804644697031378e-01
8.985015132501661395e-01
7.979494614747307812e-01
9.299409580619636406e-01
7.060174217297809918e-01
9.479596793781880359e-01
8.844817675139337032e-01
9.249055415617128961e-01
4.830989583333333282e-01
7.376964509702649275e-01
8.303844718178424733e-01
9.483921474165963872e-01
8.732725017717930527e-01
8.294453885369998947e-01
9.334436119490123751e-01
9.207653624432724504e-01
9.637879462865143187e-01
8.595687609615185742e-01
8.734215273601924068e-01
7.800178412132025008e-01
8.775308641975309021e-01
8.299373732027873762e-01
9.062106132382981016e-01
7.089468698871953523e-01
9.255621844882974125e-01
9.073047221167236387e-01
6.947207593784539004e-01
8.778111627060002364e-01
9.209318497913768775e-01
8.056974378140442372e-01
9.263613861386138515e-01
7.473120943368181113e-01
9.413688809230424948e-01
9.528775955247937857e-01
9.237548964745383451e-01
6.706555671175858935e-01
9.539911603386761474e-01
9.292817679558010857e-01
7.275118540823036772e-01
8.926310458343884591e-01
7.451360417443160244e-01
5.403428630087768747e-01
8.915911513859274828e-01
8.229380625553162076e-02
8.555270782259861706e-01
7.886608924799938247e-01
6.424737800974936741e-01
3.494406867845993858e-01
9.407555478301176111e-01
7.800620292423571245e-01
8.668814934163009411e-01
6.032710597058756896e-01
8.714961049337506260e-01
7.695059244355019201e-01
6.087435709037471998e-01
8.283564903661625456e-01
9.642338345569471114e-01
9.260743263548031345e-01
8.548387096774193727e-01
9.448663780813395530e-01
4.609422802365898408e-01
9.103596852753840230e-01
8.514825956166738319e-01
3.053211335169228047e-01
8.236177132849636928e-01
9.101189838139136512e-01
5.536599790728355952e-01
5.766829598799787515e-01
9.239318467262257473e-01
7.856571078777605521e-01
4.948202677431802754e-01
8.949142644794818580e-01
9.552537494659680828e-01
4.790988262021961264e-01
9.343650941637143825e-01
8.827455315243915024e-01
9.422589777976456693e-01
7.617291799109980888e-01
9.299482839680300872e-01
8.653869816660514358e-01
7.366456945472489304e-01
8.416380297823596868e-01
9.497606396969856535e-01
9.288251712763258006e-01
9.079352363283720306e-01
8.188367129135538658e-01
9.633289677342540269e-01
8.782539802308910737e-01
7.645659928656362014e-01
6.719711220702628829e-01
9.316960859554873631e-01
7.207033703160979909e-01
7.345481522696712950e-01
8.288973384030418057e-01
9.446201898049894075e-01
7.457243570216284256e-01
7.428314999769871640e-01
6.492070621566526922e-01
9.167600795516182011e-01
8.548609198567888035e-01
8.932186619986299814e-01
8.645952185103616960e-01
8.715391009655348853e-01
8.860307512934489926e-01
9.559845559845560059e-01
5.816642576915135310e-01
9.448872368562135637e-01
8.990212071778139746e-01
7.976470588235293757e-01
8.634906092533211064e-01
9.210187805505530845e-01
6.419301498221176017e-01
9.396740452444660718e-01
8.181818181818182323e-01
8.297835942177743673e-01
8.438810489133271586e-01
7.052466445877636492e-01
7.770721205597416192e-01
8.294101356964829197e-01
6.160348503105014251e-01
8.649687650168188524e-01
6.044181535452636256e-01
5.770313049595497956e-01
4.480182738609704840e-01
9.246031746031746490e-01
8.989150240185522778e-01
1.118732261116367060e-01
9.532733633183407829e-01
2.506963788300835619e-02
7.197031258464705594e-01
9.667293299755258529e-01
9.054444236721297390e-01
9.151193633952254824e-01
7.782088154638485689e-01
9.099656357388316019e-01
3.760701791396375282e-01
8.430232558139535426e-01
6.771052426579419192e-01
8.500476255272826354e-01
7.341436808477481701e-01
8.033588997619677263e-01
8.730859070853880244e-01
8.995021779713752164e-01
8.978058978058978123e-01
8.674827035657264318e-01
9.335446800079254537e-01
6.585803576954019078e-01
4.038439986551607963e-01
9.026179077111133875e-01
1.188064669519733746e-01
8.606321839080459668e-01
4.960535346602608087e-01
8.621127954053290354e-01
5.776395878896471991e-01
8.977859277370280333e-01
9.635049147044987272e-01
6.759085213032581807e-01
8.380105584884690595e-01
8.775185372102953796e-01
4.089193258936859032e-01
9.499338966488475311e-01
6.624010237542989898e-01
7.500759713479487889e-01
8.889513635085746213e-01
8.108300527682384962e-01
9.111069398262361396e-01
5.681124395828033302e-01
7.085370651379756524e-01
3.226064895179596714e-01
7.612484231182544692e-01
6.216635095574306602e-01
7.461526503963936130e-03
6.497480201583872850e-01
8.130083989154156532e-01
8.332620778110303439e-01
8.439187930713354380e-01
8.959479739869935511e-01
8.073970690858338628e-01
9.260055001718803247e-01
9.576688754581421659e-01
8.416362308254200508e-01
9.031761578284595027e-01
6.677498738011105051e-01
8.915702699109161466e-01
7.992363762582436193e-01
8.828906026849471234e-01
8.534610447319047610e-01
8.404512489927478125e-01
9.454921803127874780e-01
7.559003715978708238e-01
7.183655536028119570e-01
8.383813908408045343e-03
2.193685466134864259e-01
8.808090127713300577e-01
9.613866863359763482e-01
9.572875669398025478e-01
6.355517006962188020e-01
8.704608938547485630e-01
9.630425833600145813e-01
8.826564739608218080e-01
8.512602058927937199e-01
8.368831168831168954e-01
6.192307692307692513e-01
9.061616732617298053e-01
5.700575815738962993e-01
9.396847155586017797e-01
7.148936170212766283e-01
5.229357798165137350e-01
8.053664397276731890e-01
8.430634023854363113e-01
7.975098296199213399e-01
1.709036530655842767e-01
6.651193633952254824e-01
9.293642785065590051e-01
9.096103896103896469e-01
3.737373737373737570e-01
7.884761182714177252e-01
6.290744291441520142e-01
8.826739427012277872e-01
7.902118249534451078e-01
7.313628040805649766e-01
9.501022003126127213e-01
7.368421052631578538e-01
9.442102430711274419e-01
8.164272890484739476e-01
9.465433050629658007e-01
9.111584932480455423e-01
8.885435168738898826e-01
7.189646064447966500e-01
8.865282472235634925e-01
3.924344885883347400e-01
8.087269206832169433e-01
6.334279630943931982e-01
3.643560766302048615e-01
9.403239556692242207e-01
9.063774564330737693e-01
9.325200833085390828e-01
8.336853220696938127e-01
8.053823432884804623e-01
8.207048458149779346e-01
3.182714426552744058e-01
9.174836601307189143e-01
9.312134977287476190e-01
9.531066822977726227e-01
9.086517347386912080e-01
5.917730808747981852e-01
4.267647260980136359e-01
8.750780762023735448e-01
8.061148396718866849e-01
7.715121136173768157e-01
6.290679304897314195e-01
8.056478405315614655e-01
9.315581854043392118e-01
8.490566037735849392e-01
9.468190854870774942e-01
9.263108171941426550e-01
8.747514910536778876e-01
7.217838135437695257e-01
7.564206542308732351e-01
9.292395282635217413e-01
7.331136738056013291e-01
7.702297702297702386e-01
5.880555555555555536e-01
5.222035843559635904e-01
9.274714356681569294e-01
8.818217510797016212e-01
8.131868131868131844e-01
6.863836017569545644e-01
7.690685413005272641e-01
8.468468468468468568e-01
5.283073367995377856e-01
8.597297297297297192e-01
8.243386243386243706e-01
7.828976517501107235e-01
5.700687466948703985e-01
9.582929194956353314e-01
7.841082733027723295e-01
7.784021500122160209e-01
9.236111111111111605e-01
9.275521405049396151e-01
7.140888735790561492e-01
4.837684449489216831e-01
4.706355591311343622e-01
6.728155339805824697e-01
7.019719455173816236e-01
8.687967369136642137e-01
7.251356238698011270e-01
8.693297224102911613e-01
5.533774609640189635e-01
8.612643859372536292e-01
7.187014174668495681e-01
8.701624815361890253e-01
1.255275016093269358e-01
5.794231960795358516e-01
3.932922243946457841e-01
8.872196360558611827e-01
8.896611642050390456e-01
7.970253718285214006e-01
8.634643377001455233e-01
8.188657407407406996e-01
8.236914600550964138e-01
7.080794701986754536e-01
8.886462882096070048e-01
8.693849343469246538e-01
8.633540372670807095e-01
9.317445185891325421e-01
7.926829268292683306e-01
9.448275862068965525e-01
6.747217255897111077e-01
6.471663619744058016e-01
8.702189781021897330e-01
9.295524047817625979e-01
8.717632552404438462e-01
9.318488529014844479e-01
3.910465461013934441e-01
9.086378737541528361e-01
6.785079928952042483e-01
6.299019607843137081e-01
7.091614154144449955e-01
9.194699286442405972e-01
7.876712328767123683e-01
7.776243093922652339e-01
6.494510592237513480e-01
5.588550983899821523e-01
8.779149519890260267e-01
4.730983302411873592e-01
8.726207906295754269e-01
7.097964001180289140e-01
