9.630667051689286717e-01
9.999829307843304260e-01
1.000000000000000000e+00
9.965732087227414659e-01
5.552148918696961921e-01
9.085121172864861760e-01
1.000000000000000000e+00
9.989631765677904340e-01
9.897729328006050764e-01
9.596055869406994177e-01
9.982188384032409934e-01
9.883990719257540469e-01
8.615126956320865448e-01
9.951959272935861911e-01
1.000000000000000000e+00
6.741014902113567908e-01
7.493432609711679904e-01
9.679388070632273244e-01
9.408378465621749509e-01
9.872597044416087098e-01
4.200256804048440040e-01
8.685533462004578764e-01
9.695391509719615275e-01
8.757431629013079366e-01
7.710380561014829048e-01
9.914784411140540321e-01
9.765739144709841835e-01
8.574800770480038858e-01
9.754049084093642241e-01
9.661074149069520667e-01
9.960027735856752384e-01
9.482564481508849452e-01
9.963327051393062739e-01
9.919046891706124747e-01
7.745526838966202421e-01
9.994413061021789613e-01
4.875586007933646049e-01
7.554459287179202676e-01
7.676991549092744282e-01
7.160072054164855482e-01
9.587705627705627176e-01
1.000000000000000000e+00
9.806249999999999689e-01
1.000000000000000000e+00
9.948251108341353843e-01
9.298639243793497267e-01
9.983765977902816502e-01
9.973985512890412020e-01
9.994322640973833938e-01
9.997523871427024256e-01
9.967526639578335734e-01
9.973720822383675966e-01
9.917223427331887109e-01
1.000000000000000000e+00
7.714865867468467808e-01
9.992455495449219516e-01
9.976872332169188784e-01
1.000000000000000000e+00
9.990335123957654329e-01
9.986021288062516543e-01
9.999841792178205679e-01
9.793243681971190995e-01
9.193081293222136186e-01
8.592222353557015246e-01
9.108382274426054526e-01
8.003656704259517474e-01
9.847877519895196219e-01
1.000000000000000000e+00
9.998940995816933963e-01
9.706990782282405306e-01
9.979407571677491040e-01
9.993479125248508899e-01
1.000000000000000000e+00
7.270681306690308654e-01
9.568532408717803639e-01
9.975887120611066639e-01
7.485583648957586655e-01
9.998920486089691861e-01
1.000000000000000000e+00
9.744082919271250809e-01
9.962894248608534786e-01
1.000000000000000000e+00
9.996904408122833097e-01
9.979156980006733679e-01
9.998904366880575489e-01
9.979610223339181463e-01
1.000000000000000000e+00
9.996861908273578790e-01
1.000000000000000000e+00
9.999050151975683587e-01
9.990803122660677493e-01
9.961632614631390492e-01
1.000000000000000000e+00
9.998529676038619973e-01
9.887970735212463502e-01
1.000000000000000000e+00
9.985582864204310960e-01
9.646118963361658416e-01
1.000000000000000000e+00
1.000000000000000000e+00
9.945982233462913324e-01
1.000000000000000000e+00
1.000000000000000000e+00
9.957021019407695794e-01
9.973973067783183932e-01
9.986755998753505947e-01
9.982240591549750297e-01
9.513300327263572997e-01
9.717258724705341022e-01
9.978118161925602081e-01
9.995708836617926973e-01
8.937777638741162267e-01
9.290901978126647753e-01
9.994387835633735673e-01
1.000000000000000000e+00
7.971146182050056206e-01
9.993324204039711889e-01
9.998261285344809401e-01
1.000000000000000000e+00
9.858290402893694626e-01
9.976972796137781874e-01
1.000000000000000000e+00
7.391455194290246222e-01
9.967973617871355163e-01
9.936775066916899712e-01
9.666043061572797690e-01
9.984524615533416636e-01
9.998256099687683474e-01
9.976156902961158535e-01
9.980753630565143419e-01
1.000000000000000000e+00
9.991211168576547008e-01
9.999061693642974369e-01
9.937423687423687646e-01
9.979917758439322828e-01
9.978669163935278696e-01
1.000000000000000000e+00
9.988036771187507323e-01
1.000000000000000000e+00
9.974532706607347476e-01
9.987342988977185865e-01
1.000000000000000000e+00
9.999597755475553296e-01
8.954873646209385862e-01
6.859444548931101782e-01
9.225700430166428045e-01
1.000000000000000000e+00
9.994940002891427033e-01
9.029893647599884776e-01
6.243240569770509563e-01
9.982948352846042761e-01
9.984610747092700356e-01
1.000000000000000000e+00
1.000000000000000000e+00
1.000000000000000000e+00
9.954005988239962299e-01
9.987312059887076821e-01
1.000000000000000000e+00
1.000000000000000000e+00
9.991253785976903501e-01
6.785322580645161139e-01
9.999153140437544440e-01
1.000000000000000000e+00
8.716710646978459431e-01
9.998521178831730749e-01
8.799945952206308375e-01
9.940365756692287613e-01
1.000000000000000000e+00
9.730507191521574617e-01
9.957370889053791529e-01
9.998590159311997461e-01
1.000000000000000000e+00
9.970162045487009905e-01
9.999554843304843121e-01
1.000000000000000000e+00
9.999807718191782158e-01
1.000000000000000000e+00
9.994919215526877343e-01
9.958987076160046303e-01
9.864139295263352203e-01
1.000000000000000000e+00
9.955565757759595735e-01
9.239229817673317857e-01
1.000000000000000000e+00
9.906622216468151665e-01
9.910482921083627605e-01
9.321424062618356432e-01
1.000000000000000000e+00
9.977866312527666759e-01
9.943363874118849033e-01
9.972400257597595630e-01
9.966842727893763243e-01
1.000000000000000000e+00
9.996623047699451092e-01
9.928110060942232362e-01
1.000000000000000000e+00
9.949118421343715601e-01
9.970312818076949579e-01
9.998893717898064137e-01
9.997599577525644321e-01
9.973692993305455223e-01
9.928449906984878615e-01
9.984304311697904666e-01
9.998131452328677948e-01
9.938003323533171063e-01
9.814605809128630343e-01
9.680176014795446315e-01
9.992344595284270437e-01
9.975992902249360972e-01
9.982797716787864539e-01
8.685585605282144517e-01
9.618559434379142514e-01
9.972253853185994998e-01
1.000000000000000000e+00
9.930487380055103008e-01
9.521618405394685070e-01
9.989356954028907332e-01
9.840514422727603128e-01
9.950151943274511135e-01
8.170439339875111839e-01
9.984578534632674307e-01
9.883284347870406883e-01
1.000000000000000000e+00
9.998329913632676424e-01
9.832069816643159710e-01
9.284196442625530787e-01
9.950518725627253147e-01
9.856812777224968070e-01
9.978618201256180820e-01
1.000000000000000000e+00
9.457697794359706256e-01
1.000000000000000000e+00
8.926915497855569814e-01
9.056187766714082210e-01
9.326870932754880439e-01
9.990650079214606905e-01
9.687500000000000000e-01
9.374253071370524104e-01
9.422160321881770662e-01
9.959110815915648285e-01
9.978491030968739128e-01
1.000000000000000000e+00
9.999654110892047809e-01
1.000000000000000000e+00
9.986992616396954681e-01
9.798899898572208667e-01
9.468829238436653473e-01
1.000000000000000000e+00
9.943016629840679688e-01
9.001504582136506949e-01
9.964627714663565339e-01
9.995924659354679109e-01
9.819657549477429637e-01
9.850539485284857122e-01
8.734480240201250023e-01
9.973416118039573064e-01
9.998247765901524531e-01
9.989588505710303989e-01
1.000000000000000000e+00
9.961197660276828181e-01
1.000000000000000000e+00
1.000000000000000000e+00
9.996815793663429428e-01
9.921864609655539624e-01
8.886265361857077494e-01
9.854119580850626559e-01
1.000000000000000000e+00
1.000000000000000000e+00
9.708335908051659580e-01
9.991676866585067485e-01
1.000000000000000000e+00
9.999685133582078000e-01
9.471960892824202727e-01
9.764842884243346566e-01
1.000000000000000000e+00
9.941285631711843651e-01
9.649958207745498173e-01
9.867476421260079622e-01
8.481475328127595636e-01
9.970014487382500290e-01
9.925384052670080948e-01
9.973714504988487883e-01
9.812559986450118954e-01
9.948154925282097771e-01
9.379298299238041370e-01
9.997291761878163152e-01
9.987167901680824578e-01
9.990250526645658713e-01
9.900445115650584604e-01
9.509246880570410010e-01
9.997397373713474700e-01
9.992120509849362620e-01
9.970143035689487121e-01
9.986951861689733478e-01
9.954356069472403146e-01
1.000000000000000000e+00
9.996341084136770583e-01
9.236362346598566697e-01
9.989371175777771450e-01
6.136468685001155166e-01
9.461281193722664851e-01
9.986990773085354656e-01
9.751712328767123683e-01
1.000000000000000000e+00
9.822821693768211126e-01
9.927604260696876182e-01
9.979831128431272402e-01
1.000000000000000000e+00
9.974826666666666286e-01
9.995011307702540426e-01
1.000000000000000000e+00
8.882933041134836172e-01
9.994835511026184394e-01
9.816381571655521387e-01
9.988534377100383166e-01
1.000000000000000000e+00
8.775142599819873990e-01
9.820194612889577845e-01
7.943511109694284533e-01
1.000000000000000000e+00
9.709813742369698408e-01
9.992264196121046771e-01
8.616183419870485638e-01
1.000000000000000000e+00
9.648935154235507294e-01
1.000000000000000000e+00
9.981884057971014412e-01
9.995050918435328668e-01
9.902862227495180525e-01
9.959840077451279639e-01
9.999213304592727836e-01
9.689791516894320500e-01
1.000000000000000000e+00
9.849722606244502021e-01
9.249184848020657324e-01
8.759984622613301575e-01
9.866385232680857653e-01
8.982683982683982160e-01
1.000000000000000000e+00
1.000000000000000000e+00
9.439770245125799208e-01
9.329444222142662113e-01
9.987455702951045788e-01
9.881543481344872148e-01
9.184180692421731740e-01
1.000000000000000000e+00
9.896366260002623649e-01
9.790704146952406983e-01
9.917031398667934816e-01
9.997390553804773594e-01
9.854352616051088587e-01
9.267891726343286951e-01
9.999396025850093572e-01
1.000000000000000000e+00
9.908215852463904127e-01
9.915726472206934927e-01
8.083054253181514159e-01
9.980543526015188682e-01
9.911536818986028674e-01
9.726617987888453998e-01
9.989477536828621496e-01
9.996077149395227179e-01
9.753150069084984830e-01
8.661232298446630562e-01
9.993408791308695527e-01
8.849169466885917767e-01
9.896311115448424012e-01
9.991078765113275972e-01
9.477253218884119645e-01
9.868421052631578538e-01
9.675862068965517260e-01
9.673638897843854778e-01
9.821368322399249839e-01
9.983509589532174600e-01
9.955109532740114009e-01
9.904989485757981216e-01
9.940367881528455740e-01
9.541259500542887961e-01
9.632716920156967344e-01
9.621632653061223950e-01
1.000000000000000000e+00
9.021188934667451198e-01
9.930509474305094786e-01
1.000000000000000000e+00
9.901637755596472967e-01
1.000000000000000000e+00
9.997400620137767424e-01
9.825822168087697817e-01
1.000000000000000000e+00
1.000000000000000000e+00
9.995964487489911177e-01
9.934007541995200086e-01
9.999684825945127642e-01
9.977876106194690786e-01
9.981339802201902867e-01
1.000000000000000000e+00
9.897159735605064457e-01
9.583661371740841428e-01
1.000000000000000000e+00
9.982656695820822934e-01
7.148741911188305487e-01
1.000000000000000000e+00
9.648845302119581913e-01
9.720049172999553067e-01
9.979554116165333388e-01
1.000000000000000000e+00
9.998403474040488126e-01
1.000000000000000000e+00
9.999839848817283494e-01
1.000000000000000000e+00
8.949310353366515258e-01
1.000000000000000000e+00
9.997930534956713799e-01
9.999654170701341993e-01
9.983567320401528500e-01
9.942168177006687202e-01
9.514004927922059540e-01
9.637928972856630860e-01
8.994972128101431652e-01
1.000000000000000000e+00
9.879430486356141072e-01
4.077464177160226022e-01
9.837596358933879959e-01
1.000000000000000000e+00
9.900312919088064545e-01
9.999275020843150230e-01
9.539266738917818733e-01
9.879002160675701694e-01
1.000000000000000000e+00
9.999634643137684797e-01
9.270299244896056390e-01
9.940555976455504039e-01
9.945663402338745795e-01
1.000000000000000000e+00
7.011742669836467101e-01
1.000000000000000000e+00
9.996880324446257848e-01
9.751752235610952058e-01
1.000000000000000000e+00
1.000000000000000000e+00
9.955061609084320251e-01
9.999093730883386044e-01
1.000000000000000000e+00
1.000000000000000000e+00
1.000000000000000000e+00
1.000000000000000000e+00
9.919993226939847197e-01
9.943150832080117629e-01
9.981989309783871889e-01
9.995988500367720686e-01
9.922990232907588082e-01
9.720413787594360810e-01
9.993699768423920382e-01
9.982049440968304710e-01
9.985835694050991806e-01
9.843460631225997570e-01
1.000000000000000000e+00
9.975557592422853448e-01
1.000000000000000000e+00
9.999264313696639705e-01
9.953419955871537494e-01
9.957656713811768867e-01
9.999836025252111238e-01
1.000000000000000000e+00
6.489245779618112442e-01
9.495398533770083027e-01
9.784551913820765945e-01
9.928961206468895906e-01
1.000000000000000000e+00
9.952971355280034738e-01
9.828955956158710316e-01
9.947975938871728152e-01
9.997768319704143369e-01
9.951035604780676946e-01
9.998266815825547216e-01
9.996707844735687187e-01
1.000000000000000000e+00
9.990956575972558262e-01
1.000000000000000000e+00
1.000000000000000000e+00
9.951536008587755777e-01
9.992186645414342649e-01
9.996720338585997068e-01
1.000000000000000000e+00
1.000000000000000000e+00
9.998296053039221754e-01
9.983520622763513153e-01
1.000000000000000000e+00
9.973287362748295415e-01
9.997826523105731722e-01
1.000000000000000000e+00
9.985956216439487720e-01
1.000000000000000000e+00
9.989350558659217949e-01
9.992735427425341044e-01
9.980547960288477238e-01
1.000000000000000000e+00
9.972982592376884448e-01
9.997661511598902040e-01
9.992420893071433108e-01
1.000000000000000000e+00
9.997952046378272284e-01
1.000000000000000000e+00
9.997651065828879746e-01
9.951653901746108088e-01
8.810020501384742131e-01
9.995341108505583216e-01
9.920984477326338924e-01
9.814508982518327374e-01
9.523845528608964051e-01
1.000000000000000000e+00
1.000000000000000000e+00
9.373718898804831445e-01
9.972274163388999968e-01
9.999679774561290868e-01
9.986204490676138246e-01
9.992135015566114831e-01
7.748542746113989965e-01
8.669341812184381268e-01
9.971303357819055746e-01
9.985860222741210768e-01
9.926582716282287278e-01
1.000000000000000000e+00
1.000000000000000000e+00
9.998181126709327904e-01
9.998422040932257726e-01
9.996380631658458027e-01
9.979229280420449655e-01
9.999070286351803283e-01
1.000000000000000000e+00
9.857329592552445119e-01
9.984961691888811774e-01
1.000000000000000000e+00
9.999690100252568437e-01
9.768468866317582266e-01
8.585500630668508881e-01
9.984125487237520691e-01
9.993178068282777549e-01
9.970960716302331717e-01
1.000000000000000000e+00
1.000000000000000000e+00
9.999839532719279056e-01
9.992752310201122867e-01
9.994989251135499853e-01
9.995976291068914277e-01
9.926117647058823046e-01
9.780797617916310305e-01
9.996478027695508972e-01
1.000000000000000000e+00
9.660958531364510771e-01
9.999531973977753285e-01
9.994196169471851743e-01
9.999680689710226389e-01
9.666355686975222072e-01
9.634897150765999729e-01
9.998652381914965304e-01
1.000000000000000000e+00
9.979438291508948566e-01
1.000000000000000000e+00
9.973842776402447319e-01
9.180999880437938909e-01
9.951413873104468788e-01
9.479669432966422171e-01
9.859405409032950818e-01
8.083128204324171451e-01
1.000000000000000000e+00
9.779269809944656222e-01
9.850185292516290270e-01
9.999534074672299377e-01
9.985475671750181359e-01
9.932504838219534671e-01
9.988259787423884317e-01
9.983297617546955660e-01
1.000000000000000000e+00
9.991435289720790314e-01
9.998882663729667941e-01
9.980678568668367445e-01
9.956567691647124629e-01
9.999689787814864950e-01
9.996387850614065762e-01
8.991474357778482807e-01
1.000000000000000000e+00
9.970268938686056570e-01
1.000000000000000000e+00
9.995212798814009370e-01
9.985318524192519085e-01
9.680599246270283897e-01
9.994096628864377330e-01
9.887970500460930845e-01
1.000000000000000000e+00
9.998109789714105800e-01
9.993962287518964871e-01
9.999689296256020210e-01
9.999382868427548754e-01
9.910407194268744391e-01
1.000000000000000000e+00
9.999687890137328727e-01
1.000000000000000000e+00
9.999527484643251363e-01
1.000000000000000000e+00
