8.761749267578125000e-01
9.854888916015625000e-01
9.831085205078125000e-01
9.617919921875000000e-01
9.806976318359375000e-01
9.812316894531250000e-01
9.367523193359375000e-01
9.755554199218750000e-01
9.299468994140625000e-01
9.720306396484375000e-01
9.818878173828125000e-01
9.309844970703125000e-01
9.827575683593750000e-01
9.660339355468750000e-01
9.575805664062500000e-01
9.474487304687500000e-01
9.663848876953125000e-01
9.932708740234375000e-01
9.804077148437500000e-01
9.189147949218750000e-01
9.738464355468750000e-01
8.241577148437500000e-01
7.993621826171875000e-01
9.348144531250000000e-01
9.653625488281250000e-01
9.807891845703125000e-01
9.666442871093750000e-01
8.728027343750000000e-01
9.582824707031250000e-01
9.483642578125000000e-01
9.434051513671875000e-01
9.444427490234375000e-01
9.689025878906250000e-01
9.489440917968750000e-01
9.451751708984375000e-01
9.687805175781250000e-01
8.887176513671875000e-01
9.545593261718750000e-01
9.584045410156250000e-01
9.493560791015625000e-01
9.725189208984375000e-01
9.480438232421875000e-01
9.441070556640625000e-01
9.808197021484375000e-01
9.788818359375000000e-01
9.878692626953125000e-01
9.379272460937500000e-01
9.688262939453125000e-01
8.391876220703125000e-01
9.577636718750000000e-01
9.723510742187500000e-01
9.468383789062500000e-01
9.384918212890625000e-01
9.339294433593750000e-01
9.811553955078125000e-01
9.656677246093750000e-01
9.384002685546875000e-01
9.025268554687500000e-01
8.602142333984375000e-01
9.874420166015625000e-01
9.304046630859375000e-01
9.154052734375000000e-01
9.414825439453125000e-01
9.415435791015625000e-01
8.908996582031250000e-01
9.021911621093750000e-01
9.826812744140625000e-01
9.720764160156250000e-01
9.261169433593750000e-01
9.402618408203125000e-01
9.212341308593750000e-01
9.865417480468750000e-01
9.778900146484375000e-01
9.001312255859375000e-01
9.747009277343750000e-01
9.896850585937500000e-01
9.600982666015625000e-01
9.867553710937500000e-01
9.737091064453125000e-01
9.962005615234375000e-01
9.796295166015625000e-01
9.802856445312500000e-01
9.508056640625000000e-01
9.075927734375000000e-01
9.911804199218750000e-01
9.815521240234375000e-01
9.931182861328125000e-01
9.770812988281250000e-01
9.394683837890625000e-01
9.876861572265625000e-01
9.846343994140625000e-01
9.904785156250000000e-01
9.820251464843750000e-01
9.933929443359375000e-01
9.934539794921875000e-01
9.929504394531250000e-01
9.762725830078125000e-01
9.912567138671875000e-01
9.951934814453125000e-01
9.916992187500000000e-01
9.617767333984375000e-01
9.967193603515625000e-01
9.918975830078125000e-01
9.904479980468750000e-01
9.936523437500000000e-01
9.900665283203125000e-01
9.980468750000000000e-01
9.768829345703125000e-01
9.487762451171875000e-01
9.871826171875000000e-01
9.923095703125000000e-01
9.952392578125000000e-01
9.863891601562500000e-01
9.761505126953125000e-01
9.791107177734375000e-01
9.907073974609375000e-01
9.926452636718750000e-01
9.026336669921875000e-01
9.890441894531250000e-01
9.675292968750000000e-01
9.930877685546875000e-01
9.053344726562500000e-01
9.642333984375000000e-01
9.806518554687500000e-01
9.417419433593750000e-01
9.641418457031250000e-01
8.718566894531250000e-01
9.292907714843750000e-01
9.602661132812500000e-01
9.742126464843750000e-01
9.939117431640625000e-01
9.853363037109375000e-01
9.894409179687500000e-01
9.845428466796875000e-01
9.049530029296875000e-01
9.578094482421875000e-01
9.766693115234375000e-01
9.817047119140625000e-01
9.741363525390625000e-01
9.515380859375000000e-01
9.650878906250000000e-01
9.764404296875000000e-01
9.677276611328125000e-01
9.609527587890625000e-01
9.879608154296875000e-01
8.838806152343750000e-01
9.975280761718750000e-01
9.654235839843750000e-01
9.804840087890625000e-01
9.659423828125000000e-01
9.712371826171875000e-01
9.730072021484375000e-01
9.783630371093750000e-01
9.828948974609375000e-01
9.877471923828125000e-01
9.845733642578125000e-01
9.887847900390625000e-01
9.637908935546875000e-01
9.652862548828125000e-01
9.575958251953125000e-01
9.097137451171875000e-01
9.131164550781250000e-01
9.925079345703125000e-01
9.889373779296875000e-01
9.921569824218750000e-01
9.953002929687500000e-01
9.455718994140625000e-01
9.516143798828125000e-01
9.878387451171875000e-01
9.840850830078125000e-01
9.700012207031250000e-01
9.877777099609375000e-01
8.875427246093750000e-01
9.592132568359375000e-01
9.939575195312500000e-01
8.761444091796875000e-01
9.571228027343750000e-01
9.752044677734375000e-01
9.657135009765625000e-01
9.321899414062500000e-01
9.725799560546875000e-01
9.378662109375000000e-01
9.504089355468750000e-01
9.969482421875000000e-01
9.716949462890625000e-01
9.580383300781250000e-01
9.725646972656250000e-01
9.831390380859375000e-01
9.818267822265625000e-01
9.892272949218750000e-01
9.585876464843750000e-01
9.897003173828125000e-01
9.962310791015625000e-01
9.512176513671875000e-01
9.099731445312500000e-01
8.698883056640625000e-01
