8.913256901342828664e-01
9.903008246803112202e-01
9.976413107573077754e-01
9.839727783805108929e-01
9.867623504286925362e-01
9.837354724608388112e-01
9.362022947069222889e-01
9.954876778896216694e-01
9.366455706715834939e-01
9.821990512423089958e-01
9.948336398595553076e-01
9.164964303013710678e-01
9.980147046452546578e-01
9.769694784119594688e-01
9.671206920651684857e-01
9.779749208195979149e-01
9.697460471173593444e-01
9.978687799949482740e-01
9.940867390900336442e-01
9.328023976293103869e-01
9.817005021101973261e-01
8.005330722367275387e-01
8.009746996284561327e-01
9.452082187671849711e-01
9.826374198587561892e-01
9.992801439712057920e-01
9.702146382522860435e-01
1.000000000000000000e+00
9.750206530718726894e-01
9.545836565813291541e-01
9.505933930436867296e-01
9.590423997692529845e-01
9.756656077147602968e-01
9.514349575324094754e-01
9.593378461151859105e-01
9.934272300469483286e-01
8.975340413056225319e-01
9.605244607359368914e-01
1.000000000000000000e+00
9.532599037703901601e-01
9.907112798932566911e-01
9.548096388689348846e-01
9.492849911414831254e-01
9.999836371371535471e-01
9.898399227213137141e-01
9.984677738236457101e-01
9.517213580314772825e-01
9.766795573636013472e-01
8.176033934252385782e-01
9.586232001294289207e-01
9.738590184432635022e-01
9.484586842984508159e-01
9.421467533437943853e-01
9.328142544222945975e-01
9.909824468664002461e-01
9.706683012132902855e-01
1.000000000000000000e+00
1.000000000000000000e+00
8.724612570988545812e-01
1.000000000000000000e+00
9.371468206205757490e-01
9.976225234619394699e-01
9.387274595907689756e-01
9.350012499759620122e-01
9.038249124246536814e-01
9.969918260653084507e-01
9.996224742708008648e-01
1.000000000000000000e+00
9.270296053163451511e-01
9.366357264633453639e-01
9.244924476205944597e-01
9.919387532354133619e-01
9.867127560913919737e-01
9.997308753279956495e-01
9.838208541945039354e-01
9.995695496213631293e-01
9.669982409439747961e-01
9.929096510244331819e-01
9.726007772067118973e-01
9.981464470835247349e-01
9.894212818917237362e-01
9.879190522487486525e-01
1.000000000000000000e+00
1.000000000000000000e+00
9.940906956789223869e-01
9.859243236465092819e-01
9.957088266616550554e-01
9.998832146015115274e-01
9.886308206071067195e-01
9.963347006988757526e-01
9.962326535153952500e-01
9.910839076582004248e-01
9.823481047703743751e-01
9.944721912427871846e-01
9.957820302081071828e-01
9.960061779434936646e-01
9.828061161322273476e-01
9.944648473879351691e-01
9.954299308229255239e-01
9.951776849736033714e-01
9.709179503785601018e-01
9.982298433026506324e-01
9.960916040119920378e-01
9.920512289532790184e-01
9.938035596572182273e-01
9.922912136064137023e-01
9.998104564839678243e-01
9.770921610169491789e-01
9.969729914092643197e-01
9.858180863170795671e-01
9.972926967658263253e-01
9.957493702770781052e-01
9.899191631003328995e-01
9.852532827133959614e-01
9.888775175237028980e-01
9.930275646859966221e-01
9.945355191256830540e-01
9.873717765335731089e-01
9.934905324541031257e-01
1.000000000000000000e+00
9.940780246229502515e-01
9.022029131814248704e-01
9.733346468975255794e-01
9.989642766289930087e-01
9.516131877436539988e-01
9.709849962995357187e-01
9.766864251127066465e-01
9.619587274827511303e-01
9.894555946874867836e-01
9.892606846943748922e-01
9.966111039045272291e-01
9.875918663283129728e-01
9.900135676647839889e-01
9.898398600457543051e-01
9.037884257324163562e-01
1.000000000000000000e+00
9.851287351711583984e-01
9.891512937972019026e-01
9.847424500346761977e-01
9.631252344096287166e-01
9.948068808828302023e-01
9.845537568823975461e-01
9.980184940554821527e-01
9.605296367484030817e-01
9.967737094837935130e-01
8.597310956422237194e-01
9.998234293235738201e-01
9.722958402607450035e-01
9.927136700008132308e-01
9.694184307861808403e-01
9.754189588832002933e-01
9.810591966547954623e-01
9.998693770920075163e-01
9.936475011343748331e-01
9.997569078680820231e-01
9.888486064804324904e-01
9.967323890043303658e-01
9.724703080442480552e-01
9.983407436046136674e-01
9.797759623950416108e-01
9.527140868800820783e-01
9.846889105230551831e-01
9.982499242755695779e-01
9.974625980359850264e-01
9.980449507389163033e-01
9.998270141062133298e-01
9.801632532999963177e-01
9.876183539694100011e-01
9.919634004209647582e-01
9.941338984975210957e-01
9.892735934240433071e-01
9.916726419398995684e-01
9.949351896303408882e-01
9.894696075538507163e-01
9.998882610222520340e-01
8.859899249120806175e-01
9.592933420320708393e-01
9.734215314503374961e-01
9.893012860440405509e-01
9.307911445435418374e-01
9.910611543785334820e-01
9.262644728823887785e-01
9.563755810826386483e-01
9.990270356487758185e-01
9.707672539140431711e-01
9.679191919191919569e-01
9.779157694426361402e-01
9.847840716970601704e-01
9.919172040554550263e-01
9.966836688715462467e-01
9.799035848195687404e-01
9.936378882893394104e-01
9.992030446945546762e-01
9.507360365626826848e-01
8.813805706691032471e-01
9.252118140787077838e-01
