8.501562787277072708e-01
9.630812921547745598e-01
8.738068273742113368e-01
7.009783071033602875e-01
7.497303128371090031e-01
1.000000000000000000e+00
9.969379943863230231e-01
7.356504468718967349e-01
1.000000000000000000e+00
9.885748647023451241e-01
8.651763884037723118e-01
9.882567994239184195e-01
8.253812100344318781e-01
9.697571743929359611e-01
1.000000000000000000e+00
5.788608981380065632e-01
9.996455785929470039e-01
9.443430656934306278e-01
8.753741925319048489e-01
9.998372395833333703e-01
9.570585077831454957e-01
9.808359013867488096e-01
1.000000000000000000e+00
9.980097702189252296e-01
8.069573738363546855e-01
7.932137393964677763e-01
9.608656311265268979e-01
4.186119873817034653e-01
9.242501791380898224e-01
1.000000000000000000e+00
9.339213215735685525e-01
8.229498256783386312e-01
8.587234042553191227e-01
9.879304963063156864e-01
1.000000000000000000e+00
8.042611512584101341e-01
1.000000000000000000e+00
9.959053685168335335e-01
5.541287143497087841e-01
9.831832852046883398e-01
8.844306301215032473e-01
9.752567693744164101e-01
1.000000000000000000e+00
6.834011759384893692e-01
9.083818085668958764e-01
8.237603305785123897e-01
9.439627635301633957e-01
9.362398759262450243e-01
1.000000000000000000e+00
9.689830929885628885e-01
9.947742474916387856e-01
9.998846464413426727e-01
9.616794401866044506e-01
9.913462396288696965e-01
9.983566146261297902e-01
9.684116419986092961e-01
5.831069399851814827e-01
2.073997472136044906e-01
8.702082260319329299e-01
5.938599296450272069e-01
9.384876188169763989e-01
6.688274764016831631e-01
9.629814491306879498e-01
9.951976357591429956e-01
1.000000000000000000e+00
6.320526133610245845e-01
6.930414047257750232e-01
6.216216216216216006e-01
9.924098671726755416e-01
9.939588890632354845e-01
1.000000000000000000e+00
9.671897289586305346e-01
9.502487562189054771e-01
6.920322719243805487e-01
1.000000000000000000e+00
7.723230167200284546e-01
1.000000000000000000e+00
9.890083632019115445e-01
9.996905621454358348e-01
9.895013123359579499e-01
9.226965122332119185e-01
9.616770062037222067e-01
5.594065577858122751e-01
4.651345683327507974e-01
9.787742106659591546e-01
1.000000000000000000e+00
9.887173396674584502e-01
7.123458995890655787e-01
7.504495667811018622e-01
9.622670807453416186e-01
7.891130567186904754e-01
1.000000000000000000e+00
1.000000000000000000e+00
1.000000000000000000e+00
1.000000000000000000e+00
1.000000000000000000e+00
9.369565217391304657e-01
9.844673698852439703e-01
1.000000000000000000e+00
8.899567515617491376e-01
1.000000000000000000e+00
9.736842105263158187e-01
9.994526546250683818e-01
1.000000000000000000e+00
9.773476112026359131e-01
9.956610515569167541e-01
9.254267744833782894e-01
1.000000000000000000e+00
8.214228187919463409e-01
9.992874955468471487e-01
9.176837185146715647e-01
9.920634920634920917e-01
9.885527391659852947e-01
9.760178471834913827e-01
9.487962760928067008e-01
9.980039920159680111e-01
9.955773955773955519e-01
8.786373487228188450e-01
9.879297173414820499e-01
0.000000000000000000e+00
9.982016698779704322e-01
9.752583465818760455e-01
9.669760414418303585e-01
8.855456103599314011e-01
9.365886741268226734e-01
9.498685075608152006e-01
5.658193372673626653e-01
9.647218453188602938e-01
8.957721986740572184e-01
9.487986743993371830e-01
9.409937888198758316e-01
9.940206185567009856e-01
1.000000000000000000e+00
9.354467805519053325e-01
9.285382111300573005e-01
4.441171374111939074e-01
9.971949509116408983e-01
9.141304347826086918e-01
9.971319311663480178e-01
8.985170107589415256e-01
5.808383233532934398e-01
9.991793188346327348e-01
6.049035369774919957e-01
9.940124028797491240e-01
9.608147905759162333e-01
9.902297534539348245e-01
8.990117356392834935e-01
9.609358679757676880e-01
8.859540854110096175e-01
1.000000000000000000e+00
1.000000000000000000e+00
9.543805650214356451e-01
6.460032626427406610e-01
8.672936259143155802e-01
7.856956408248498835e-01
9.898666666666666725e-01
8.102687525070196850e-01
7.922987164527420800e-01
3.991329479768785937e-01
8.703921108241371440e-01
7.113062568605927893e-01
7.565880039331366325e-01
9.504091653027822995e-01
9.267134599504541770e-01
9.930555555555555802e-01
7.878787878787878451e-01
8.238197810087954931e-01
7.920120572720421581e-01
9.937880482047459774e-01
9.765957446808510856e-01
1.000000000000000000e+00
9.966442953020133722e-01
6.716367900820907622e-01
7.865099009900989868e-01
8.629757785467128128e-01
1.000000000000000000e+00
9.987654320987654488e-01
1.000000000000000000e+00
8.922374429223743908e-01
9.837687040324626375e-01
7.412524672528261194e-01
9.832040024504798970e-01
9.815254488796557597e-01
9.816965857092573300e-01
9.974960876369327600e-01
9.847036328871893174e-01
9.875643986498490179e-01
1.000000000000000000e+00
9.746086956521738953e-01
9.537451507012831842e-01
9.131469363474122858e-01
9.763108614232209881e-01
9.439782823297137027e-01
9.988992845349476957e-01
9.902772983546197505e-01
7.369507323568574853e-01
