3.664610820516824297e-01
8.531047265987025119e-01
8.350715137067937777e-01
5.838457703174338986e-01
5.424954792043399365e-01
6.422338568935427316e-01
6.538043932180740425e-01
7.068081991215227067e-01
5.374773322587145241e-01
4.755364806866952954e-01
8.140955364134691008e-01
7.978276416949758865e-01
8.277176398841287197e-01
6.654643823264202451e-01
2.924408246373123021e-01
4.316831683168316780e-01
7.192199847055824602e-01
8.312284730195177440e-01
8.159403669724770714e-01
5.362192354686682316e-01
7.623734923055593971e-01
4.718364727989367013e-01
2.036700581395348708e-01
5.639926515615432123e-01
6.041158004883152577e-01
8.299797434166104049e-01
8.539063022121232693e-01
4.740694006309148500e-01
8.698776831183665514e-01
5.198637911464245587e-01
6.449358606165038754e-01
6.064209274673008077e-01
6.115875738517247973e-01
7.400559353635798310e-01
3.417002565042139839e-01
7.681849082256968497e-01
3.621096824980319928e-01
7.468978412374638332e-01
5.929520680901896323e-01
6.379009382500545611e-01
7.826716543984554297e-01
5.541442974990179460e-01
3.877653351161624573e-01
7.211623779946760848e-01
8.338934229476716586e-01
8.425118858954041556e-01
7.201815930664465792e-01
7.298333774133827223e-01
4.593998461143882772e-01
8.502002381210087556e-01
8.876069966505396591e-01
7.133218135439809426e-01
7.406215816228042259e-01
7.197592388842146693e-01
4.963295269168025992e-01
8.137725542128786405e-01
6.676819229502798381e-01
2.660002298058141146e-01
5.685489568125088322e-01
7.368084425967380557e-01
7.734114958517561700e-01
6.879959479993246196e-01
7.535663796427194416e-01
7.789127423822714835e-01
2.321735395189003515e-01
6.349450424283843430e-01
7.608008429926238492e-01
7.108547953863169067e-01
4.317568360521065740e-01
7.650201068363243762e-01
4.344872918492550529e-01
6.104240282685512442e-01
8.049798115746972238e-01
6.879916098584163420e-01
6.734291904668111561e-01
7.845074912336627015e-01
3.315439672801636095e-01
8.278802300218124355e-01
8.490979155719040605e-01
9.473906613141770405e-01
8.436585080220165844e-01
8.829604130808950124e-01
5.981052106706556959e-01
4.736659134364679113e-01
8.656438865643886205e-01
5.897522904648795361e-01
7.887587822014051619e-01
7.335934728627172552e-01
6.979594944419065250e-01
9.389515091913155365e-01
6.846226119636705798e-01
8.405315614617939746e-01
8.344808205704651316e-01
8.943902439024390416e-01
7.099391480730222748e-01
7.567140600315955812e-01
3.603455368161250782e-01
9.371641627371422034e-01
8.389570552147239679e-01
7.832669322709163717e-01
2.147335423197492266e-01
7.254150702426565012e-01
7.748091603053435250e-01
8.150118203309693055e-01
9.193485847227607088e-01
8.573932092004381555e-01
9.438596491228070651e-01
7.716654107008289465e-01
8.216543590288476473e-01
9.090712275384282837e-01
8.783783783783783994e-01
8.657487091222031417e-01
7.326139088729016757e-01
5.339892665474060829e-01
9.052660715521416712e-01
8.680675909878682317e-01
8.080446037435284889e-01
8.460814820175120987e-01
9.008561170947252394e-01
0.000000000000000000e+00
9.450042491198251682e-01
6.121287902469522146e-01
6.594013368206916859e-01
8.808494643863935547e-01
6.888852672750978012e-01
7.118332311465358497e-01
5.579301995051850760e-01
2.384552177485620428e-01
8.635434680081748304e-01
7.769271383315733415e-01
9.046594982078852709e-01
8.341101329190402369e-01
7.565095003518649275e-01
8.512918379330592922e-01
6.594313832695462008e-01
5.208802633858949926e-01
3.180196253345227708e-01
4.322916666666666852e-01
5.524161605492474703e-01
6.670859538784067455e-01
2.416307590321511434e-01
7.594266126519164661e-01
5.948275862068965747e-01
8.449936398328184994e-01
9.381564508543659420e-01
6.314948428647523260e-01
9.504435607219333670e-01
6.724013300563828066e-01
7.448633552762816690e-01
4.727143869596031056e-01
5.836094543848022731e-01
8.330502076255190680e-01
6.737229636447308323e-01
7.580923608113940837e-01
7.934139439156161488e-01
7.874710952280848941e-01
7.508474576271186862e-01
3.723882570748479059e-01
4.049176039759351253e-01
8.046122477677002394e-01
5.746531521817267452e-01
7.327638804148871587e-01
9.237340789064927282e-01
8.610844989461582388e-01
5.284403669724770936e-01
8.490196078431372362e-01
7.252561041361780259e-01
7.299667887251979348e-01
9.089246943206490403e-01
9.220420061290081071e-01
3.984088127294981851e-01
8.383777239709443441e-01
6.958190598043666464e-01
7.788167149358709018e-01
8.654434250764525549e-01
2.289351192172508764e-01
7.217270746682511451e-01
8.054824036389753861e-01
8.201824583866836882e-01
7.239580098142741615e-01
7.133056796426292534e-01
8.252735464492597650e-01
8.040516097913903426e-01
9.337089824328803633e-01
7.741110569897711180e-01
5.710497582280456008e-01
7.566982408660352100e-01
8.067506121021336130e-01
8.764650969816408788e-01
9.321871097877245660e-01
8.369382360009612887e-01
9.391069012178620001e-01
9.418549905838041747e-01
7.395094923816507571e-01
7.451844173792865345e-01
5.678593148185687722e-01
