8.773649267018320819e-01
9.859770959233414844e-01
9.910538286580743428e-01
9.783837985337147103e-01
9.856945447693226114e-01
9.805773117736230615e-01
9.283337377378765298e-01
9.929092081122625757e-01
9.237388083254430837e-01
9.713180843235795781e-01
9.889817756228055368e-01
9.090411305098666794e-01
9.922607130238739748e-01
9.651837524177949712e-01
9.568235824001739553e-01
9.610884881390989731e-01
9.632177382999682624e-01
9.933537509472089022e-01
9.893730253932317975e-01
9.105266702586206629e-01
9.729094033062538616e-01
7.926639106469394180e-01
7.885094816077719004e-01
9.288273425652818771e-01
9.731181045985615174e-01
9.963321621390007765e-01
9.674599227149252023e-01
1.000000000000000000e+00
9.679768685595026012e-01
9.453064391000776112e-01
9.434350007706403529e-01
9.549703931183087802e-01
9.722307332570028215e-01
9.416897630755476367e-01
9.435692858601246735e-01
9.860893757607372967e-01
8.812137598540621397e-01
9.475891724235161462e-01
1.000000000000000000e+00
9.450284162349745776e-01
9.793184850662013385e-01
9.452589303206425653e-01
9.420558086560364419e-01
9.985927937952023825e-01
9.867522252121714299e-01
9.965730855410570577e-01
9.343886842924934433e-01
9.705522910284097859e-01
8.137327677624602851e-01
9.516663970231353797e-01
9.654188809002813842e-01
9.387342395413860174e-01
9.339273705447209695e-01
9.219172787011983283e-01
9.807988308275936706e-01
9.636734031621265739e-01
9.999812695499072923e-01
1.000000000000000000e+00
8.528828568678409328e-01
1.000000000000000000e+00
9.263142862971500691e-01
9.961835245046923859e-01
9.338316359899093699e-01
9.270590950174034672e-01
8.871777069460662357e-01
9.953321438944442434e-01
9.978333305976396783e-01
9.999662213514837195e-01
9.218717156854818739e-01
9.258382269369198614e-01
9.161604677602728231e-01
9.865593912745189709e-01
9.797824803979428010e-01
9.993271883199892347e-01
9.733084340840671977e-01
9.948027102431247215e-01
9.592926415417425412e-01
9.860148978826750454e-01
9.691445353772317750e-01
9.973590971721015830e-01
9.852209085252022769e-01
9.811854092398545335e-01
9.999826132313309746e-01
9.988538046291502992e-01
9.913707967037415081e-01
9.810495626822157700e-01
9.929367913299504966e-01
9.993159712374246606e-01
9.831150801095643876e-01
9.935619872379215511e-01
9.910028771717878104e-01
9.899754205021928932e-01
9.802339043911606487e-01
9.930013415442305869e-01
9.933473932326396527e-01
9.927923992573987055e-01
9.766156988981057330e-01
9.913546187773463192e-01
9.950856105424609188e-01
9.932393034433850687e-01
9.613729934773558305e-01
9.967213619431702920e-01
9.916652278328023096e-01
9.900441244404798447e-01
9.950230718523401796e-01
9.894998214807361192e-01
9.991470541778549874e-01
9.749238612288135819e-01
9.957792415424953081e-01
9.856955265692024515e-01
9.952500607927372567e-01
9.951511335012594994e-01
9.858931684894595149e-01
9.755110365059692645e-01
9.864444744820128896e-01
9.901183201144194701e-01
9.925040550542510998e-01
9.840614655278107081e-01
9.881846383346611917e-01
1.000000000000000000e+00
9.921732957005073850e-01
8.930811941159504386e-01
9.630724266456496263e-01
9.974561180361231072e-01
9.395826350791158799e-01
9.651651752674426099e-01
9.713432960427450524e-01
9.280228528612906036e-01
9.855518309500572727e-01
9.741012756088133218e-01
9.947950447528862705e-01
9.844609959463467286e-01
9.890827627551825874e-01
9.878212891939173179e-01
8.976327088953908184e-01
1.000000000000000000e+00
9.764126930256236125e-01
9.815525566423176640e-01
9.732835256289010806e-01
9.546182958846193278e-01
9.662756371617131634e-01
9.745474926642708757e-01
9.959709379128137696e-01
9.518512046906245638e-01
9.899834933973589157e-01
8.560122055878707226e-01
9.995023917300716043e-01
9.649376944476452111e-01
9.843539074571033831e-01
9.648697568269457570e-01
9.700289375775114076e-01
9.734403515299704379e-01
9.991019675075516471e-01
9.869384844752706609e-01
9.990924560408395161e-01
9.837018094714012895e-01
9.927509794901892004e-01
9.676130487919526457e-01
9.941523294026677338e-01
9.725923539111810401e-01
9.454435572485532235e-01
9.786043012655987194e-01
9.944805304075656771e-01
9.938212614512621501e-01
9.920874384236453292e-01
9.985374828979854955e-01
9.661543552597713358e-01
9.794792425345957287e-01
9.877885434967905720e-01
9.869621163380388751e-01
9.693931562723790973e-01
9.872237794146404566e-01
9.915266442630821242e-01
9.857443198583653032e-01
9.991539763113367334e-01
8.714158983620061694e-01
9.517906809051265293e-01
9.723672351930892077e-01
9.716777195617923857e-01
9.204945351630141603e-01
9.884095192035088351e-01
9.191042047531993164e-01
9.402973606362134973e-01
9.971927585931892324e-01
9.691948737023636795e-01
9.555555555555556024e-01
9.706044368771595821e-01
9.818623508363015784e-01
9.821475637398745517e-01
9.935475731305084546e-01
9.699446505445672440e-01
9.926170336882018663e-01
9.968121787782187049e-01
9.435262439992205818e-01
8.801345682601653397e-01
9.067226225354343416e-01
