5.160655415046990768e-01
9.034386080646491513e-01
3.275309328882176629e-01
1.135744618538585410e-01
6.794616151545364024e-01
6.701062215477997519e-01
7.593256467396569676e-01
5.974043261231281043e-01
3.322745391131041170e-01
1.454319453076445001e-01
8.650559811431938195e-01
8.978188298486483587e-01
7.862686567164178797e-01
9.225686557918645336e-01
8.412121212121211888e-01
1.441836471498581240e-01
6.300100480071452180e-01
9.143364403018198194e-01
6.914751056592104428e-01
9.446212603437300626e-01
8.285547103569338434e-01
4.919032749981845920e-01
2.788441606898552916e-01
4.384890656063618053e-01
3.961775021603212710e-01
8.155610155610155676e-01
9.093938319744770959e-01
5.823124320405944632e-01
5.961667431435530018e-01
1.943354195396202466e-01
6.835257082896117886e-01
7.508596436386371087e-01
7.127761767531219927e-01
6.546496192272759362e-01
0.000000000000000000e+00
8.213467048710602070e-01
7.446592065106816261e-01
0.000000000000000000e+00
7.223052028877271491e-01
7.913727895328631634e-01
5.841806967827971597e-01
3.428798727128082868e-01
2.578475336322870182e-01
0.000000000000000000e+00
8.985275501365846962e-01
8.841791044776119435e-01
6.576611811426336107e-01
7.430397078959378732e-01
4.307857543876779105e-01
6.093137254901960231e-01
8.873086358413811991e-01
8.553888806376552800e-01
8.118250245445620683e-01
8.152662213367709576e-01
3.900156006240249745e-02
8.648507890214051086e-01
4.697644296931919317e-01
3.599440407960647903e-01
7.986272931407024656e-01
7.716707683893901937e-01
7.115711335894822076e-01
8.125134611242731397e-01
5.994599914204243873e-01
7.155943814556172677e-01
8.455925852888976912e-01
6.516183986371379966e-01
2.518273015121474945e-01
0.000000000000000000e+00
7.702664796633941213e-01
8.767742391074077046e-01
7.902655760880541447e-01
8.211648892534865185e-01
7.589938578531734148e-01
7.418173082697735454e-01
4.581682242990653964e-01
6.106562539362639930e-01
2.938710773762320261e-01
8.513582778062531720e-01
9.200456881781838847e-01
5.483345669874167827e-01
5.096749953034003244e-01
8.714479025710419879e-01
6.161145617667356245e-01
6.888548281147361951e-01
8.936323300155893934e-01
8.359414437152953292e-01
8.042024832855778627e-01
6.106933141032244716e-01
7.290451840555007834e-01
9.826777756248789020e-01
8.193357676925752120e-01
9.267673204458868330e-01
9.046711879905509068e-01
9.475452196382428971e-01
7.243877199034149950e-01
8.225384838803369014e-01
1.895115912671618275e-01
9.538221876043173619e-01
9.026937877954920308e-01
8.599137931034482873e-01
9.515871362089324548e-02
9.377817853922452151e-01
0.000000000000000000e+00
8.742802303262955377e-01
8.388877530157432538e-01
8.725042411588150859e-01
8.436663233779608806e-01
8.708223488391869660e-01
8.524849323189408468e-01
8.296960441401054487e-01
9.465548860361540084e-01
9.052111410601976216e-01
7.051134179161860915e-01
7.827408082649650600e-01
9.427500601726094276e-01
9.136337706788363322e-01
8.701075268817204389e-01
2.413207902952083650e-01
9.705704799275580719e-01
1.618989653073645840e-01
9.693635113167438089e-01
7.073239436619718212e-01
8.610910590904403694e-01
9.653919787933827878e-01
8.685803319949660928e-01
7.974513749161636911e-01
8.498708361658735555e-01
2.046035805626598286e-03
9.220847923016852743e-01
4.536349711323200418e-01
8.839423571796191093e-01
8.967502321262766918e-01
8.516537928302634342e-01
8.681639928698752229e-01
6.183116478566123009e-01
3.773026315789473895e-01
1.883157240522063403e-01
3.803921568627450789e-01
7.115563839701770643e-01
3.432307001347372766e-01
5.216141929035482405e-02
9.216436206727468550e-01
7.357449417535254499e-01
8.528856115546346039e-01
9.442279686700515429e-01
7.068737339635381423e-01
9.547722517302430489e-01
7.053798891053498776e-01
1.962443797937053758e-01
4.902609334803381125e-01
5.099645099645099267e-01
3.687615907685967698e-01
3.056594365494889054e-01
2.795778559526013868e-02
4.061179087875417260e-01
7.264150943396225912e-01
0.000000000000000000e+00
3.086341946520212431e-01
3.663781659852387018e-01
4.483066909845152548e-01
6.135842129417163893e-01
6.487467018469657010e-01
8.475703324808183670e-01
8.649718073004253327e-01
7.456310679611650727e-01
9.019120933697541975e-01
8.395667097579458948e-01
8.079858166962151644e-01
9.436396692276113329e-01
5.825122304141114871e-01
8.844834159359512560e-01
9.347826086956522174e-01
7.965152457996266255e-01
0.000000000000000000e+00
8.753420492550927356e-01
3.643179557799709478e-01
9.062105528906841956e-01
9.053099131839289493e-01
3.898253795902383301e-01
7.460770918726452594e-01
7.390996459281740094e-01
6.246173469387754640e-01
8.214239510112553155e-01
9.660637381567613868e-01
8.084910620399579084e-01
8.613714849531327600e-01
5.429912420767406545e-01
9.125272115574906140e-01
8.998408150270614803e-01
9.650506230529595220e-01
7.578261199120746028e-01
5.723932792025082650e-01
0.000000000000000000e+00
7.891071428571428958e-01
6.992798809188558451e-01
5.542951455293285701e-01
