5.834789361289069998e-01
8.532359679266895425e-01
7.824390243902439313e-01
7.340969329799318377e-01
4.871800558931819181e-01
5.892368501064153552e-01
1.232387956456839073e-01
8.553079947575360498e-01
6.741765071472964888e-01
6.653071628855468100e-01
0.000000000000000000e+00
3.616252924209044095e-01
6.331477558259841487e-01
4.765288996118745568e-01
4.497869043006586520e-01
6.878064727034979287e-01
2.019927011527544447e-01
7.492514552453924948e-01
7.680247840781073698e-01
9.324040269941364922e-01
4.550687163502408761e-01
4.728869720717404079e-01
4.095355275299907838e-01
3.940798858773181257e-01
5.817513022440565784e-01
8.947983635300993388e-01
8.101510361784334258e-01
5.448898422487374882e-01
5.624577335523137656e-01
6.065603811618105468e-01
3.419833628404433390e-01
7.621133794795408312e-01
4.761530692402648479e-01
9.167476064936866953e-01
1.451155089489868377e-01
8.826366559485530061e-01
3.587323492446832240e-01
6.406729168492070192e-01
6.330439223697650331e-01
2.286860581745235599e-01
5.643691990374699596e-01
5.185341196293176136e-01
7.660160323253388803e-01
4.206985769728331381e-01
8.472990216928966145e-01
5.705956000715435295e-01
9.235895157707685321e-01
8.375000000000000222e-01
9.748603351955307250e-01
6.030368763557483192e-01
9.115323854660347669e-01
7.401574803149606474e-01
9.409045477261369639e-01
9.071170084439083015e-01
4.223059628233952756e-01
6.503086419753086878e-01
8.590446358653093251e-01
1.543746554137155960e-02
6.127561571724008394e-01
7.732725892179195260e-01
9.151307329618516562e-01
7.336831059811123046e-01
2.097683155917345055e-01
2.378988002876281926e-01
7.960510719002946711e-01
4.413021890246535128e-01
8.034091662797638866e-01
6.286078098471986619e-01
9.036050156739812156e-01
5.399532710280373626e-01
9.328419328419328416e-01
8.628185907046477254e-01
3.665738835773931781e-01
3.844800571758432151e-01
7.683958636014015520e-01
7.777777777777777901e-01
3.054048091771453532e-01
9.360222531293462822e-01
8.117168608485381132e-01
7.655739328513420094e-01
8.732394366197182567e-01
2.354719957927951524e-01
7.738102007164382456e-01
9.441903019213174764e-01
7.689050211736236928e-01
9.286007386130488150e-01
4.867389993972272566e-01
7.791920309905920883e-01
6.949013157894736725e-01
9.025727541121889574e-01
8.645512049767368756e-01
5.474591357824890592e-01
7.859966120835686354e-01
9.069069069069068956e-01
2.007503078553223019e-02
7.206543967280163443e-01
8.544541688386512179e-01
8.539813524809773959e-01
7.073244552058111090e-01
2.762069712058887183e-01
5.822784810126582222e-01
7.177419354838709964e-01
8.569521266450504937e-01
9.066749367813350391e-01
7.860546378653112676e-01
8.865489130434782705e-01
9.232633279483036803e-01
7.046872412079722148e-01
3.536964670228885943e-01
9.260563380281690016e-01
9.559422436134764611e-01
1.614331723027375154e-01
5.206306871666144254e-01
5.813832010029251762e-01
2.526378896882494063e-01
4.042371067836507681e-01
7.883782651208269820e-01
8.828316953316953652e-01
8.200168602472835966e-01
5.592080687336570266e-01
9.317835365853658347e-01
7.584683357879233867e-01
6.675217048145224430e-01
9.191063174114021406e-01
9.330855018587360661e-01
5.717852684144818509e-01
5.274185391228957132e-01
9.563301282051281937e-01
8.302695387391451076e-01
9.277192982456140546e-01
5.086820884101477258e-01
7.586733277824035948e-01
8.749267403242961816e-01
6.168452992707874616e-01
9.598874032371569331e-01
4.944268103639182232e-01
7.008196721311474864e-01
4.182547642928786114e-01
4.965177327761705617e-01
9.017509727626459304e-01
9.477611940298507065e-01
1.606211022018582124e-01
4.715956392467789970e-01
5.062154696132596943e-01
7.634328029267863081e-02
5.071739480896340080e-01
6.575323974082073475e-01
7.138835829898462215e-01
3.244994110718492086e-01
3.372261764909128545e-01
2.014145355724339670e-01
8.975277678251523117e-01
5.347771034362310827e-01
7.523939808481532321e-01
6.904761904761904656e-01
9.457854406130268288e-01
9.190976273823414644e-01
6.975519057948559309e-01
4.757369810830699985e-01
8.513338513338513103e-01
0.000000000000000000e+00
7.670242032703780133e-01
3.741233373639661353e-01
4.932441654155861888e-01
7.277768626805029006e-01
3.462005931255773272e-01
6.888338414634146423e-01
5.696518735051819826e-01
6.181562938699111109e-01
9.155052264808362095e-01
7.477954144620810872e-01
3.067061143984221028e-01
8.783730934689089054e-01
7.630757590087959841e-01
6.173098261620022509e-01
7.596601403768008520e-01
8.223153996950555156e-01
8.608181430226178321e-01
8.950786056049213624e-01
4.032072738172553517e-01
1.626016260162601590e-01
7.455608488523169930e-01
5.535066607911596215e-01
1.270332585831148720e-01
9.105058365758754713e-01
9.059566954743982770e-01
9.172566371681415420e-01
1.330285099515868819e-01
8.653402220512256271e-01
8.365091463414634498e-01
8.204355815284514186e-01
3.138311859058637854e-01
6.571676372196754157e-01
7.346453089244850965e-01
7.519226317549320138e-01
3.670457294943140769e-01
6.343845371312308856e-01
9.578475336322870293e-01
8.695460555310710049e-01
8.791748526522593643e-01
8.716444084716039598e-01
9.005681818181817677e-01
1.120235839124026078e-01
8.657616892911010886e-01
8.906820950060900799e-01
7.717053555108754903e-01
7.959791946700952581e-01
9.120200088274238448e-01
9.127326513003820585e-01
8.845020624631703132e-01
8.943101063576095466e-01
8.161582033190897256e-01
9.210762331838564521e-01
8.423450528668443571e-01
8.263914485809067401e-01
8.867390278433223694e-01
9.596730245231607226e-01
9.514177399252181644e-01
9.061496665843418175e-01
8.140116534740545751e-01
6.845032659231581329e-01
9.010537840426987577e-01
5.670613729587493657e-01
9.129754860524090798e-01
8.863662035468202749e-01
7.872488615054915595e-01
7.112051428106436202e-01
8.251575774184708445e-01
2.372104961794380684e-01
7.016505092649404363e-01
8.795398448519040624e-01
2.939322301024428485e-01
8.625837480192377615e-01
7.539564593925173197e-01
9.266187421091958143e-01
8.789564482625075170e-01
9.705668604651163101e-01
8.337907254943354163e-01
9.292353908065521528e-01
9.642978578714722637e-01
5.794911333847340140e-01
5.857797335583820875e-01
8.364013481980814291e-01
8.254793105674262943e-01
9.578853046594981713e-01
8.687721039895762720e-01
7.815411820716861024e-01
4.282750034582930021e-01
9.313782991202346206e-01
4.210706990954498075e-01
9.052701801200800924e-01
9.160624038672818825e-01
8.799775416774638925e-01
9.230015471892728529e-01
9.454642377045381352e-01
9.339769542198691488e-01
8.596107742208433100e-01
9.759306803594351987e-01
8.029184475240686014e-01
8.861553304389773178e-01
3.453311927080636168e-01
8.304110172499468145e-01
8.591252220248667415e-01
8.852351200263071096e-01
8.720436280137772167e-01
8.333495224218876452e-01
7.557842803674719168e-01
9.118415324336091032e-01
9.293138065430495143e-01
4.967459157922698987e-01
7.360524561013558342e-01
6.023797719385225458e-01
8.619979002216432429e-01
9.137982416927432627e-01
7.755608394500155267e-01
9.156975866131029651e-01
6.857356515236492367e-01
9.248331577098700684e-01
8.560794644367644146e-01
9.079283887468030390e-01
5.381862503565778555e-01
8.607577240318747824e-01
8.468995010691375835e-01
9.647895815748220860e-01
8.825950782997762367e-01
8.676899462778203675e-01
9.449111154522367162e-01
9.415283203125000000e-01
9.313659462438008685e-01
8.808327498867427607e-01
8.480941944909974328e-01
8.062666841713710397e-01
9.108280254777070262e-01
8.173483779971790764e-01
9.329486585519942698e-01
6.941789373977439448e-01
9.481223028188412449e-01
8.881683204524952746e-01
6.854846581850128073e-01
8.712177321747927028e-01
9.148994672624162217e-01
8.135522932736169999e-01
9.273879142300195388e-01
7.361145518505672891e-01
9.144255918449466503e-01
9.550339366515837591e-01
9.553384508025122290e-01
7.571440006403585832e-01
9.588367368758686782e-01
9.244830132939438894e-01
6.969162080780811896e-01
8.421652572701004980e-01
7.639039395952039735e-01
6.750765306122449294e-01
9.011165340643176869e-01
8.914629463714321966e-01
9.633254584317696434e-01
6.528066528066528429e-01
6.832355886139321877e-01
3.940277237984194936e-01
9.375299929428370094e-01
7.710779082177161570e-01
8.643480670638770125e-01
7.031299399304458131e-01
8.951410125722052413e-01
7.436470675907295158e-01
4.873466257668711554e-01
7.947259168140232699e-01
9.397698110272960648e-01
9.781553398058252524e-01
8.499242041435067785e-01
9.456869009584664143e-01
4.792983887415867561e-01
8.930869645155359304e-01
8.386742200050731899e-01
8.338655612194300071e-01
7.989658609519063592e-01
8.728885243380412051e-01
7.409126063418406405e-01
6.907999806417267630e-01
9.177337632427452485e-01
5.296261183859690691e-01
8.555496990040779570e-01
8.783221600996317102e-01
9.234804474117749296e-01
6.302536917834153929e-01
9.349186774321148752e-01
8.954716193656093726e-01
9.394225874481856309e-01
8.918935995450811838e-01
9.261091358788066108e-01
8.650264052073525223e-01
7.204367404848559531e-01
8.454227972748611375e-01
9.650758533501896386e-01
9.112426035502958488e-01
9.285190457702429123e-01
8.517564887981295962e-01
9.737850131673450038e-01
8.762133150622358757e-01
8.045236290118776834e-01
6.491014932928372838e-01
8.909157432573698854e-01
7.431320475423396354e-01
5.901197882811775042e-01
8.010672286044456802e-01
9.657078759714766703e-01
7.681770742737867863e-01
8.602057558423129580e-01
7.707812845221706510e-01
9.131061138439915403e-01
8.428100397012313616e-01
9.056084498661113313e-01
8.802153789024164121e-01
9.088324258923170529e-01
8.620970478452664176e-01
9.594464731885450348e-01
5.981683849762620131e-01
9.552577542418675405e-01
8.635437881873727628e-01
8.083256622685895953e-01
8.787920985100161619e-01
9.143023062883690599e-01
6.131683118705216762e-01
9.410743134087237172e-01
8.393469058657528903e-01
9.013868799455457825e-01
9.494325652203999821e-01
7.826390099355063912e-01
8.023143164693218310e-01
9.353760445682450797e-01
6.722164604785539899e-01
7.296777296777297028e-01
7.173760112557158175e-01
3.153320097065960836e-01
5.882825040128411009e-01
9.341486359360301472e-01
8.888888888888888395e-01
6.073605482521169385e-01
9.587996352482798246e-01
2.539260047910566961e-02
7.446773931415570091e-01
9.782466557104737559e-01
9.115125471953940961e-01
9.309428950863213315e-01
7.965038697624766684e-01
9.539202200825309674e-01
8.993112324764322985e-01
8.788368336025847993e-01
6.612915790293681928e-01
8.855109733328636601e-01
7.498052049244194883e-01
8.403861412324782343e-01
9.259211209133367815e-01
9.620970233803687321e-01
9.078024600697631730e-01
8.818259251080475813e-01
8.941198643045609185e-01
6.412774932208497036e-01
4.029474392020621076e-01
9.298969072164948724e-01
1.440326307351346147e-01
7.740018090192530842e-01
4.897048730267673511e-01
7.465243702976774864e-01
4.345305541648001452e-02
9.017237370885781145e-01
9.654230009028573756e-01
6.940789473684210176e-01
9.117483811285846951e-01
8.761092811470645447e-01
6.248769017424683492e-01
9.355458036204059580e-01
6.261697192673758572e-01
7.863326695314956094e-01
8.947146471745853757e-01
8.131808278867102002e-01
8.605237260878957350e-01
6.401678962096158942e-01
7.352478363493312186e-01
5.299259358110361973e-01
7.106074766355140460e-01
6.257964525572584646e-01
4.740250792338431829e-01
7.252519798416127150e-01
8.516022464486290300e-01
8.948704090983856663e-01
8.857516828721017088e-01
8.928571428571429047e-01
8.444871570854447507e-01
9.222991399202853380e-01
9.682398906972842223e-01
8.417276720351390962e-01
9.409558210614059615e-01
9.194657783535362672e-01
9.002680965147452641e-01
6.396091141229620636e-01
8.732922582373425779e-01
8.434990843780814096e-01
8.815589523554124840e-01
9.209633278598795547e-01
8.487550723911627681e-01
7.259942869698967627e-01
9.692270414344559594e-05
2.158049138247158105e-01
8.790591913593406304e-01
9.385254710897756869e-01
9.285450744065920636e-01
9.202403969344732371e-01
9.068018532196333581e-01
9.453755153253271537e-01
9.178002894356005470e-01
8.961130742049470133e-01
7.980198019801980625e-01
5.645239246012566658e-01
9.023972602739726012e-01
5.863723608445297053e-01
8.923566878980891959e-01
9.243466299862448388e-01
6.946264744429881954e-01
7.998188405797101996e-01
9.364485981308411366e-01
9.262555626191989466e-01
1.815851313821832957e-01
7.044650751547303358e-01
9.167446211412535462e-01
8.959881129271917155e-01
6.293929712460063497e-01
8.816326530612245138e-01
6.123693379790940972e-01
9.045020463847203152e-01
7.504521850749752421e-01
7.577818467172378059e-01
9.450828595621144634e-01
7.286162113748320124e-01
9.539485518978233491e-01
8.144075403949730951e-01
9.599790740256343158e-01
9.207443142660234336e-01
9.103878733838608461e-01
7.786582144743793288e-01
9.179536679536679511e-01
1.747329474249567360e-01
7.678472606530160061e-01
6.184448462929476031e-01
3.267735093094508714e-01
9.224422442244224474e-01
8.658794501233697538e-01
9.312341657618530277e-01
8.538019601216627619e-01
8.332786347226780466e-01
8.132158590308370405e-01
3.288734720845721826e-01
9.148514851485148869e-01
9.383717158611741826e-01
9.558766106989456945e-01
9.002880567250166610e-01
5.624694802929891546e-01
3.310580204778156843e-01
8.735348550277606261e-01
8.218654434250765028e-01
8.385791366906474309e-01
5.981042654028435601e-01
8.133997785160576033e-01
9.468694449930871171e-01
7.981524249422632389e-01
9.488721804511278668e-01
9.451456310679611228e-01
9.349112426035502965e-01
7.170122958340979791e-01
8.694029850746268773e-01
9.486661277283751081e-01
7.819879187259747289e-01
8.876739562624254010e-01
8.566108007448789419e-01
6.583156404812455786e-01
8.941451990632318658e-01
8.635819704826486198e-01
8.424507658643326513e-01
6.614934114202050131e-01
7.539543057996485054e-01
8.835041938490214575e-01
5.748508663952277553e-01
8.597014925373134275e-01
7.247007616974973088e-01
8.652238071815051557e-01
8.130381303813037919e-01
9.703512729616500243e-01
7.710106963545076963e-01
8.097653772986683762e-01
9.179986101459346459e-01
9.208025343189017997e-01
6.150137741046831641e-01
9.322250639386189253e-01
7.423552374756018368e-01
4.841218405703175409e-01
6.842176594158704273e-01
8.705566733735747853e-01
7.287522603978300317e-01
9.103703703703703853e-01
5.316777816777816801e-01
7.573915900131406032e-01
8.039150995271087119e-01
8.961532613653641066e-01
1.189876862371589961e-01
5.441052216526783836e-01
1.078338090707262921e-02
8.565131655260410648e-01
9.445407279029462977e-01
8.131132917038358388e-01
7.018976699495556026e-01
8.375219170075979269e-01
1.953293413173652626e-01
7.067549668874172353e-01
9.084821428571429047e-01
9.400413507925569068e-01
9.135254988913525942e-01
9.323562570462232690e-01
9.386617100371746902e-01
9.640401903754627355e-01
5.905472219894410957e-01
8.969258589511753810e-01
8.731894767957434356e-01
9.241632380740576469e-01
8.796821793416571555e-01
9.462402177611431986e-01
4.942056074766355139e-02
9.039115646258503167e-01
7.383357383357382897e-01
8.051470588235294379e-01
7.796208530805687209e-01
9.023437500000000000e-01
7.874892887746358650e-01
9.008152173913043237e-01
7.340622371740959107e-01
5.624329159212879681e-01
9.582763337893296374e-01
5.726654298082869410e-01
8.886174890083048394e-01
6.838300383593980403e-01
