8.035736083984375000e-01
9.843597412109375000e-01
9.897918701171875000e-01
7.856903076171875000e-01
6.472015380859375000e-01
9.793853759765625000e-01
6.325378417968750000e-01
9.915771484375000000e-01
9.680023193359375000e-01
9.398956298828125000e-01
8.738098144531250000e-01
5.711212158203125000e-01
8.863830566406250000e-01
6.954193115234375000e-01
7.833099365234375000e-01
8.688507080078125000e-01
7.897949218750000000e-01
7.942657470703125000e-01
9.622955322265625000e-01
9.813537597656250000e-01
5.305023193359375000e-01
6.941528320312500000e-01
7.070922851562500000e-01
8.963012695312500000e-01
7.414855957031250000e-01
9.917602539062500000e-01
9.835052490234375000e-01
8.446044921875000000e-01
9.308929443359375000e-01
9.672393798828125000e-01
5.859985351562500000e-01
9.585723876953125000e-01
7.863159179687500000e-01
9.908447265625000000e-01
6.691131591796875000e-01
9.977722167968750000e-01
6.029357910156250000e-01
9.374237060546875000e-01
9.122924804687500000e-01
9.413299560546875000e-01
9.226531982421875000e-01
9.651184082031250000e-01
7.808685302734375000e-01
9.316711425781250000e-01
9.945220947265625000e-01
8.168334960937500000e-01
9.973754882812500000e-01
9.960327148437500000e-01
9.978027343750000000e-01
9.944152832031250000e-01
9.940185546875000000e-01
9.954681396484375000e-01
9.927825927734375000e-01
9.941253662109375000e-01
7.216339111328125000e-01
9.827117919921875000e-01
9.972534179687500000e-01
2.915344238281250000e-01
8.742828369140625000e-01
9.772186279296875000e-01
9.969787597656250000e-01
9.612731933593750000e-01
8.652038574218750000e-01
6.927337646484375000e-01
9.081115722656250000e-01
8.025512695312500000e-01
9.547729492187500000e-01
9.866485595703125000e-01
9.868621826171875000e-01
9.699554443359375000e-01
9.974975585937500000e-01
9.944152832031250000e-01
8.402709960937500000e-01
6.583251953125000000e-01
9.586486816406250000e-01
9.945373535156250000e-01
7.597808837890625000e-01
9.992980957031250000e-01
8.693084716796875000e-01
8.916473388671875000e-01
9.940948486328125000e-01
9.112701416015625000e-01
9.393005371093750000e-01
9.972076416015625000e-01
9.941711425781250000e-01
9.973449707031250000e-01
9.480285644531250000e-01
9.939117431640625000e-01
9.660339355468750000e-01
9.964752197265625000e-01
9.604644775390625000e-01
8.293304443359375000e-01
9.884338378906250000e-01
9.938507080078125000e-01
4.778747558593750000e-01
9.895782470703125000e-01
9.190521240234375000e-01
9.584197998046875000e-01
9.852447509765625000e-01
7.449340820312500000e-01
9.838867187500000000e-01
9.962615966796875000e-01
9.656677246093750000e-01
9.701538085937500000e-01
9.588928222656250000e-01
9.974517822265625000e-01
9.956512451171875000e-01
7.551422119140625000e-01
8.763427734375000000e-01
9.987182617187500000e-01
9.981842041015625000e-01
8.728637695312500000e-01
9.067535400390625000e-01
9.388580322265625000e-01
9.048919677734375000e-01
9.575195312500000000e-01
9.768829345703125000e-01
9.650726318359375000e-01
9.413604736328125000e-01
9.819946289062500000e-01
9.972686767578125000e-01
9.949951171875000000e-01
7.428894042968750000e-01
9.967956542968750000e-01
9.994506835937500000e-01
9.581298828125000000e-01
9.001922607421875000e-01
9.983367919921875000e-01
9.311065673828125000e-01
9.968566894531250000e-01
8.726348876953125000e-01
8.673248291015625000e-01
9.120788574218750000e-01
6.416168212890625000e-01
9.982604980468750000e-01
7.909851074218750000e-01
9.966583251953125000e-01
9.645996093750000000e-01
9.282989501953125000e-01
9.969177246093750000e-01
9.974365234375000000e-01
4.968414306640625000e-01
7.966156005859375000e-01
9.236297607421875000e-01
6.802520751953125000e-01
9.533538818359375000e-01
9.612884521484375000e-01
8.697204589843750000e-01
9.649963378906250000e-01
8.536529541015625000e-01
6.502532958984375000e-01
9.956359863281250000e-01
8.374176025390625000e-01
9.972381591796875000e-01
9.333496093750000000e-01
9.913635253906250000e-01
9.968261718750000000e-01
8.957519531250000000e-01
8.152008056640625000e-01
9.912414550781250000e-01
9.460449218750000000e-01
8.849945068359375000e-01
8.025512695312500000e-01
8.300323486328125000e-01
9.243469238281250000e-01
7.947998046875000000e-01
9.750823974609375000e-01
8.764495849609375000e-01
9.626464843750000000e-01
9.970397949218750000e-01
9.934539794921875000e-01
8.820037841796875000e-01
9.952545166015625000e-01
9.235534667968750000e-01
9.526367187500000000e-01
9.503631591796875000e-01
9.502105712890625000e-01
9.651641845703125000e-01
9.953155517578125000e-01
8.177185058593750000e-01
9.135589599609375000e-01
9.820709228515625000e-01
7.990112304687500000e-01
5.782623291015625000e-01
9.943847656250000000e-01
9.845581054687500000e-01
9.971466064453125000e-01
5.081481933593750000e-01
9.626159667968750000e-01
9.803619384765625000e-01
9.090423583984375000e-01
8.407287597656250000e-01
9.155578613281250000e-01
9.115295410156250000e-01
8.528289794921875000e-01
8.802490234375000000e-01
8.628997802734375000e-01
9.956970214843750000e-01
9.954833984375000000e-01
9.943695068359375000e-01
9.709625244140625000e-01
9.957275390625000000e-01
9.356536865234375000e-01
9.972839355468750000e-01
9.945220947265625000e-01
9.809417724609375000e-01
8.934631347656250000e-01
9.908752441406250000e-01
9.891967773437500000e-01
9.970092773437500000e-01
9.661865234375000000e-01
9.717712402343750000e-01
9.959716796875000000e-01
9.440307617187500000e-01
9.928131103515625000e-01
9.707031250000000000e-01
9.954833984375000000e-01
9.714508056640625000e-01
9.594116210937500000e-01
8.967437744140625000e-01
8.312225341796875000e-01
9.889678955078125000e-01
9.146423339843750000e-01
9.685821533203125000e-01
9.232482910156250000e-01
9.394073486328125000e-01
9.458465576171875000e-01
9.805297851562500000e-01
4.105072021484375000e-01
8.516082763671875000e-01
9.582977294921875000e-01
6.992187500000000000e-01
9.245758056640625000e-01
8.560028076171875000e-01
9.565429687500000000e-01
9.475402832031250000e-01
9.826965332031250000e-01
9.279174804687500000e-01
9.618988037109375000e-01
9.903869628906250000e-01
8.751678466796875000e-01
7.902984619140625000e-01
9.807434082031250000e-01
9.174957275390625000e-01
9.913940429687500000e-01
9.677276611328125000e-01
8.529663085937500000e-01
6.846771240234375000e-01
9.553680419921875000e-01
4.853363037109375000e-01
9.956665039062500000e-01
9.883422851562500000e-01
9.575958251953125000e-01
9.772186279296875000e-01
9.640960693359375000e-01
9.902954101562500000e-01
9.696197509765625000e-01
9.988555908203125000e-01
9.303436279296875000e-01
9.459838867187500000e-01
4.213409423828125000e-01
9.270935058593750000e-01
9.806365966796875000e-01
9.893493652343750000e-01
9.319763183593750000e-01
9.214630126953125000e-01
9.561920166015625000e-01
9.876403808593750000e-01
9.634704589843750000e-01
6.531066894531250000e-01
8.912811279296875000e-01
9.877624511718750000e-01
9.458465576171875000e-01
9.823455810546875000e-01
9.668731689453125000e-01
9.574127197265625000e-01
8.717498779296875000e-01
9.804077148437500000e-01
9.091339111328125000e-01
9.906616210937500000e-01
7.282714843750000000e-01
9.696044921875000000e-01
9.672241210937500000e-01
9.910888671875000000e-01
9.599609375000000000e-01
9.868469238281250000e-01
9.913940429687500000e-01
9.926910400390625000e-01
9.828948974609375000e-01
9.116973876953125000e-01
9.460601806640625000e-01
9.324493408203125000e-01
9.891052246093750000e-01
9.367675781250000000e-01
9.757080078125000000e-01
8.916168212890625000e-01
9.913787841796875000e-01
9.300079345703125000e-01
8.525085449218750000e-01
8.912200927734375000e-01
9.622192382812500000e-01
9.313964843750000000e-01
9.681701660156250000e-01
9.187316894531250000e-01
9.415893554687500000e-01
9.927215576171875000e-01
9.951171875000000000e-01
9.074096679687500000e-01
9.882507324218750000e-01
9.937591552734375000e-01
8.663787841796875000e-01
9.091491699218750000e-01
8.969421386718750000e-01
8.056488037109375000e-01
9.774322509765625000e-01
8.964843750000000000e-01
9.701538085937500000e-01
7.222442626953125000e-01
7.972564697265625000e-01
7.145080566406250000e-01
9.662322998046875000e-01
9.607238769531250000e-01
9.253082275390625000e-01
7.994079589843750000e-01
9.764556884765625000e-01
9.475097656250000000e-01
9.795989990234375000e-01
9.592590332031250000e-01
9.763641357421875000e-01
9.967041015625000000e-01
9.954681396484375000e-01
9.675750732421875000e-01
9.610443115234375000e-01
9.822540283203125000e-01
9.417724609375000000e-01
8.721923828125000000e-01
9.507598876953125000e-01
9.243316650390625000e-01
9.131011962890625000e-01
9.025115966796875000e-01
9.454956054687500000e-01
7.577362060546875000e-01
9.205474853515625000e-01
9.299316406250000000e-01
9.461364746093750000e-01
8.509979248046875000e-01
9.573211669921875000e-01
9.235687255859375000e-01
9.872894287109375000e-01
9.738922119140625000e-01
9.854125976562500000e-01
9.496917724609375000e-01
8.616943359375000000e-01
9.588012695312500000e-01
9.898834228515625000e-01
9.890136718750000000e-01
9.494323730468750000e-01
9.235687255859375000e-01
9.933166503906250000e-01
9.503784179687500000e-01
9.291839599609375000e-01
8.942260742187500000e-01
9.681549072265625000e-01
9.099731445312500000e-01
8.652954101562500000e-01
9.106903076171875000e-01
9.869384765625000000e-01
9.186553955078125000e-01
9.037933349609375000e-01
7.942047119140625000e-01
9.622650146484375000e-01
9.643554687500000000e-01
9.806365966796875000e-01
9.310913085937500000e-01
9.770050048828125000e-01
9.689941406250000000e-01
9.935607910156250000e-01
7.817382812500000000e-01
9.810485839843750000e-01
9.601287841796875000e-01
9.714050292968750000e-01
9.070281982421875000e-01
9.842376708984375000e-01
8.822021484375000000e-01
9.777374267578125000e-01
9.878387451171875000e-01
9.823150634765625000e-01
9.553985595703125000e-01
9.809722900390625000e-01
9.439544677734375000e-01
9.964599609375000000e-01
7.299346923828125000e-01
9.914245605468750000e-01
7.302703857421875000e-01
7.632141113281250000e-01
7.964782714843750000e-01
9.893188476562500000e-01
9.576416015625000000e-01
8.181610107421875000e-01
9.924163818359375000e-01
7.206420898437500000e-01
9.280853271484375000e-01
9.812164306640625000e-01
9.352722167968750000e-01
9.952392578125000000e-01
9.534606933593750000e-01
9.979553222656250000e-01
9.116668701171875000e-01
9.942779541015625000e-01
9.336547851562500000e-01
9.504089355468750000e-01
9.510040283203125000e-01
9.815826416015625000e-01
9.912872314453125000e-01
9.943847656250000000e-01
9.616851806640625000e-01
9.428405761718750000e-01
9.571380615234375000e-01
9.091644287109375000e-01
8.374176025390625000e-01
9.901428222656250000e-01
4.460296630859375000e-01
9.733123779296875000e-01
9.546203613281250000e-01
9.054107666015625000e-01
4.461059570312500000e-01
9.548492431640625000e-01
9.783782958984375000e-01
9.701995849609375000e-01
9.854431152343750000e-01
9.512176513671875000e-01
7.151947021484375000e-01
9.820709228515625000e-01
9.286804199218750000e-01
8.444671630859375000e-01
9.885711669921875000e-01
9.319610595703125000e-01
9.113311767578125000e-01
9.136657714843750000e-01
9.281158447265625000e-01
6.775054931640625000e-01
9.055023193359375000e-01
9.668426513671875000e-01
5.340576171875000000e-01
9.068298339843750000e-01
9.314575195312500000e-01
9.317321777343750000e-01
9.906768798828125000e-01
9.769287109375000000e-01
9.864196777343750000e-01
9.717407226562500000e-01
9.797821044921875000e-01
9.835052490234375000e-01
9.935150146484375000e-01
9.601593017578125000e-01
9.772949218750000000e-01
8.880157470703125000e-01
9.927825927734375000e-01
9.491424560546875000e-01
9.797821044921875000e-01
9.889831542968750000e-01
9.539337158203125000e-01
9.809722900390625000e-01
3.703308105468750000e-01
6.736907958984375000e-01
9.220886230468750000e-01
9.738159179687500000e-01
9.822692871093750000e-01
9.477539062500000000e-01
9.788208007812500000e-01
9.813995361328125000e-01
9.869995117187500000e-01
9.955139160156250000e-01
9.937744140625000000e-01
9.862518310546875000e-01
9.973907470703125000e-01
9.934234619140625000e-01
9.974212646484375000e-01
9.991607666015625000e-01
9.964447021484375000e-01
9.932556152343750000e-01
9.984436035156250000e-01
9.982299804687500000e-01
9.415435791015625000e-01
9.795989990234375000e-01
9.986419677734375000e-01
9.967956542968750000e-01
9.982299804687500000e-01
9.977874755859375000e-01
9.660491943359375000e-01
9.957275390625000000e-01
9.347381591796875000e-01
9.717407226562500000e-01
9.930725097656250000e-01
9.907531738281250000e-01
9.921875000000000000e-01
9.873809814453125000e-01
9.976654052734375000e-01
9.982452392578125000e-01
9.969329833984375000e-01
9.936065673828125000e-01
9.974060058593750000e-01
7.889862060546875000e-01
9.487915039062500000e-01
9.678039550781250000e-01
8.256530761718750000e-01
9.985656738281250000e-01
9.883880615234375000e-01
9.826049804687500000e-01
9.669952392578125000e-01
9.922485351562500000e-01
9.935302734375000000e-01
9.380035400390625000e-01
9.954071044921875000e-01
9.971008300781250000e-01
9.982757568359375000e-01
9.931335449218750000e-01
8.085937500000000000e-01
8.953247070312500000e-01
9.968719482421875000e-01
9.928894042968750000e-01
9.945220947265625000e-01
9.805908203125000000e-01
9.948577880859375000e-01
9.958953857421875000e-01
9.933319091796875000e-01
9.984436035156250000e-01
9.982757568359375000e-01
9.989929199218750000e-01
9.764709472656250000e-01
9.935913085937500000e-01
9.980621337890625000e-01
9.939422607421875000e-01
9.982757568359375000e-01
9.953002929687500000e-01
8.894958496093750000e-01
9.965515136718750000e-01
9.947814941406250000e-01
9.912109375000000000e-01
9.647216796875000000e-01
9.893188476562500000e-01
9.942779541015625000e-01
9.314880371093750000e-01
9.921112060546875000e-01
9.961395263671875000e-01
9.958190917968750000e-01
9.930419921875000000e-01
9.985961914062500000e-01
9.839935302734375000e-01
9.679565429687500000e-01
9.981994628906250000e-01
9.977111816406250000e-01
9.829406738281250000e-01
9.975738525390625000e-01
9.879150390625000000e-01
9.514160156250000000e-01
9.288940429687500000e-01
9.970550537109375000e-01
9.977111816406250000e-01
9.981536865234375000e-01
9.185638427734375000e-01
9.774627685546875000e-01
9.727935791015625000e-01
9.895782470703125000e-01
8.023986816406250000e-01
7.530059814453125000e-01
7.144470214843750000e-01
9.811248779296875000e-01
9.990234375000000000e-01
9.936065673828125000e-01
9.810638427734375000e-01
9.957580566406250000e-01
8.974761962890625000e-01
9.831085205078125000e-01
9.981231689453125000e-01
9.973449707031250000e-01
9.988098144531250000e-01
9.945068359375000000e-01
9.989929199218750000e-01
9.989624023437500000e-01
9.254455566406250000e-01
9.991302490234375000e-01
9.869079589843750000e-01
9.791870117187500000e-01
9.983825683593750000e-01
9.975891113281250000e-01
6.119995117187500000e-01
9.982757568359375000e-01
9.916992187500000000e-01
9.975738525390625000e-01
9.929046630859375000e-01
9.984741210937500000e-01
9.962158203125000000e-01
9.988861083984375000e-01
9.758758544921875000e-01
9.440155029296875000e-01
9.990692138671875000e-01
9.894561767578125000e-01
9.965209960937500000e-01
9.673004150390625000e-01
