3.563154991726420473e-01
9.629037983670571954e-01
7.511729493609448083e-01
7.973202892386218599e-01
7.718446601941747476e-01
9.945652173913043237e-01
9.728247001786169967e-01
7.187686196623634949e-01
1.000000000000000000e+00
9.699338544798556949e-01
9.215857492141110718e-01
9.936298676120312034e-01
9.721265781275618689e-01
9.379690949227372787e-01
9.921671018276762011e-01
2.431544359255202736e-01
9.998227892964735020e-01
9.174270072992700698e-01
9.429651804001890625e-01
9.973958333333333703e-01
8.955090356056539802e-01
9.043721109399075475e-01
1.000000000000000000e+00
9.994572100597068909e-01
9.294463498285154834e-01
7.964121818940341768e-01
9.977378977529783866e-01
5.413249211356466750e-01
8.324802948101136524e-01
9.702510917030567894e-01
9.675206495870082302e-01
9.204183719872669478e-01
9.126241134751773565e-01
9.977109561960253448e-01
9.882037533512064709e-01
8.310490904560179359e-01
1.000000000000000000e+00
8.950181983621473547e-01
3.634463192474242099e-01
9.616103278410056410e-01
7.150324950551003589e-01
9.729225023342670253e-01
9.965517241379310276e-01
3.116236996834012007e-01
9.132734003172924275e-01
8.373966942148760584e-01
9.094642694168111330e-01
9.591590556608651230e-01
1.000000000000000000e+00
9.838388861263053231e-01
9.761705685618728978e-01
9.982696966201407562e-01
9.885038320559813574e-01
9.952716567044339602e-01
9.745275267050123036e-01
9.555974967716300839e-01
5.556104387914710951e-01
4.074457083764219112e-01
9.971304539768964803e-01
6.747681483850336281e-01
9.370345704425743216e-01
8.741044012282497278e-01
9.448465185924631582e-01
9.920206871074990218e-01
9.875115633672525428e-01
5.851505711318795155e-01
7.019293301539129004e-01
5.740477319424688307e-01
1.000000000000000000e+00
9.927035932841675736e-01
9.732728189611699054e-01
9.029957203994294357e-01
1.661049590755897809e-01
9.713085406024729584e-01
9.897630886224042523e-01
8.043400924937744723e-01
9.637625289128758377e-01
9.870967741935483541e-01
9.922640536358947605e-01
9.945319335083114831e-01
8.888599687662676052e-01
9.872923754252551642e-01
8.968956489215808014e-01
8.258476057322614583e-01
9.235871583974528676e-01
9.810126582278481111e-01
9.554631828978622510e-01
7.788100768268715335e-01
5.377636096125552045e-01
9.670807453416149224e-01
7.415302626570232647e-01
1.000000000000000000e+00
9.991581074254924921e-01
9.989091900736296603e-01
1.000000000000000000e+00
9.902574808629088787e-01
8.249999999999999556e-01
9.532861945056219088e-01
1.000000000000000000e+00
9.010091302258529389e-01
1.000000000000000000e+00
9.631578947368421018e-01
9.534756431308155644e-01
1.000000000000000000e+00
9.625205930807249066e-01
9.908116385911178714e-01
8.863432165318957390e-01
1.000000000000000000e+00
8.077315436241611080e-01
1.000000000000000000e+00
9.405349259932485051e-01
9.841269841269840724e-01
9.382665576451348910e-01
9.168990518683770574e-01
9.647974398138046137e-01
9.952594810379241652e-01
9.975429975429975782e-01
8.727201889595052053e-01
9.772345301757066061e-01
9.877819548872180944e-01
9.921644187540141768e-01
9.877782193958664081e-01
8.670407943017482966e-01
9.014473433631688959e-01
8.756640669153384904e-01
9.559500328731097563e-01
9.345211075805719414e-01
8.968792401628222777e-01
9.208238234974459591e-01
9.370339685169842836e-01
9.420289855072463414e-01
9.905154639175257625e-01
1.000000000000000000e+00
8.050262812089356013e-01
8.352968532010540681e-01
4.539941084734014920e-01
8.765778401122019670e-01
9.163043478260869401e-01
9.206500956022944937e-01
9.653969177086362263e-01
9.976047904191617244e-01
9.993844891259745511e-01
6.053054662379421247e-01
9.878822439233017061e-01
9.373363874345549407e-01
9.933592855507212827e-01
8.909820877084619895e-01
7.526634635471067813e-01
7.521599605035793612e-01
9.970014992503748452e-01
7.429977289931869455e-01
9.813125206111904530e-01
5.756233978093684422e-01
5.373563218390804419e-01
7.935264943878882482e-01
9.493333333333333623e-01
8.443642198154833745e-01
6.301050175029171418e-01
1.228323699421965259e-01
6.704234170775612567e-01
7.180753750457372631e-01
7.402163225172074812e-01
9.659574468085105892e-01
9.378612716763006230e-01
7.013888888888888395e-01
7.149460708782742202e-01
7.538143959791778759e-01
9.453654860587792363e-01
9.996272828922847520e-01
9.936170212765957910e-01
1.000000000000000000e+00
9.916107382550335414e-01
7.729519182442620151e-01
8.297383309759547299e-01
9.550173010380622607e-01
9.414937759336099443e-01
9.931412894375857281e-01
9.985138950809927527e-01
9.601826484018264329e-01
4.029926451940147314e-01
6.673246007536336455e-01
9.662548499081069497e-01
9.530345748627392366e-01
9.799366420274551182e-01
9.987480438184663800e-01
9.344441409450969793e-01
9.928939420856279785e-01
9.997832213310210436e-01
9.784347826086956523e-01
9.427036705461055988e-01
8.843942097957564474e-01
9.744382022471910210e-01
8.699407699901283708e-01
1.000000000000000000e+00
1.000000000000000000e+00
8.379494007989347626e-01
