3.701047986762272535e-01
9.735534256301029421e-01
8.213881248988836870e-01
8.394300297745640460e-01
8.214670981661272853e-01
9.945652173913043237e-01
9.724419494769073191e-01
7.499503475670308283e-01
1.000000000000000000e+00
9.879735417919423002e-01
9.446384910932588141e-01
9.939622223453166150e-01
9.865551729791769420e-01
9.598233995584989353e-01
1.000000000000000000e+00
4.003285870755750042e-01
1.000000000000000000e+00
9.447992700729926918e-01
9.462738301559792120e-01
9.965820312500000000e-01
9.117910180712113233e-01
9.083204930662557297e-01
1.000000000000000000e+00
1.000000000000000000e+00
9.519843214110730312e-01
8.492560144625226348e-01
9.984919318353189244e-01
5.794321766561514320e-01
8.587880028662094878e-01
9.705240174672489228e-01
9.825003499930001771e-01
9.461876610580567393e-01
9.483687943262411046e-01
9.997919051087296172e-01
1.000000000000000000e+00
8.701719411911288393e-01
1.000000000000000000e+00
9.189035486806187425e-01
4.091384201881439475e-01
9.762187871581450294e-01
7.391918621079400786e-01
9.796918767507002412e-01
9.995689655172413923e-01
4.181365897783808072e-01
9.282125859333686391e-01
8.677685950413223104e-01
9.224240211736789430e-01
9.763915216267448072e-01
1.000000000000000000e+00
9.906141223272003637e-01
9.773550724637680709e-01
9.998846464413426727e-01
9.900033322225925136e-01
9.961637969488803535e-01
9.967132292522596915e-01
9.625509089103009286e-01
6.135671359183337836e-01
4.801792485349879458e-01
9.991906408652785343e-01
7.834985609210105562e-01
9.459950354180540755e-01
8.950301376094620398e-01
9.565759920139755845e-01
9.944588104913187898e-01
9.976873265494912157e-01
5.955347871235722179e-01
7.725991762410578945e-01
6.418523786944839715e-01
1.000000000000000000e+00
9.915267534912913794e-01
9.808371154815935800e-01
9.322396576319543771e-01
2.325469427058257099e-01
9.765121497111758364e-01
9.909330213512722585e-01
9.224475275702597177e-01
9.776407093292213135e-01
9.940262843488649747e-01
9.931923671995873670e-01
9.875328083989500794e-01
8.964081207704320819e-01
9.927956774064439216e-01
9.198354319910235777e-01
8.158860538273331464e-01
9.328734412310958346e-01
9.919447640966628787e-01
9.768408551068883394e-01
8.032874754332678391e-01
5.932646722249468318e-01
9.677795031055900221e-01
7.609440426341834707e-01
9.993919124353907169e-01
9.989897289105910128e-01
9.994545950368148857e-01
1.000000000000000000e+00
9.951287404314543839e-01
8.597826086956521507e-01
9.535180248058421348e-01
1.000000000000000000e+00
9.399327246516098189e-01
1.000000000000000000e+00
9.842105263157894246e-01
9.720853858784893609e-01
1.000000000000000000e+00
9.538714991762767825e-01
9.948953547728432989e-01
9.070080862533692612e-01
1.000000000000000000e+00
8.144966442953019969e-01
9.998812492578078581e-01
9.615684237860295802e-01
9.880952380952381375e-01
9.578904333605887667e-01
9.670942554378136879e-01
9.585424394501418366e-01
9.967564870259481014e-01
9.990171990171989869e-01
8.626391019553413253e-01
9.844155844155844104e-01
9.910714285714286031e-01
9.937058445728965683e-01
9.891693163751987816e-01
9.363263544139865946e-01
9.031613026090268281e-01
9.078783768509098850e-01
9.567718606180144469e-01
9.366772582841579320e-01
9.531886024423338322e-01
9.050103249646777037e-01
9.650372825186412928e-01
9.591097308488613082e-01
9.901030927835051676e-01
1.000000000000000000e+00
8.360709592641261123e-01
8.433576189738024587e-01
5.369953214347600312e-01
9.943899018232819076e-01
1.000000000000000000e+00
9.364244741873805067e-01
9.649607444024426162e-01
9.976047904191617244e-01
9.997948297086581837e-01
6.229903536977492440e-01
9.873832774966141423e-01
9.499345549738219541e-01
9.961834974429433220e-01
9.366893143915997477e-01
7.998746605389597253e-01
7.709207603060972414e-01
1.000000000000000000e+00
8.701741105223315120e-01
9.882378806199846322e-01
6.271265439291540122e-01
6.159874608150470721e-01
8.097102584181675722e-01
9.725333333333333607e-01
8.969113517849980344e-01
7.689614935822637332e-01
2.462427745664739764e-01
7.055646865461375761e-01
7.583241858763263288e-01
7.471484759095378125e-01
9.785597381342062695e-01
9.434351775392237904e-01
9.930555555555555802e-01
8.140729327170005414e-01
7.796625381439598046e-01
9.601544837980406921e-01
9.998757609640949173e-01
9.977935382190701308e-01
1.000000000000000000e+00
9.865771812080537106e-01
7.827525548668118338e-01
8.479490806223479726e-01
9.930795847750865102e-01
9.464730290456431216e-01
9.957475994513032003e-01
9.983652845890920169e-01
9.803652968036529192e-01
5.244737509510525308e-01
7.225910640588552036e-01
9.633449050439044647e-01
9.654251372607212112e-01
9.743048222456881513e-01
9.978090766823161095e-01
9.497405080579076619e-01
9.978681826256884380e-01
1.000000000000000000e+00
9.929275362318840115e-01
9.505620212871779273e-01
8.892193799986780611e-01
9.715355805243445220e-01
9.252221125370188037e-01
1.000000000000000000e+00
1.000000000000000000e+00
8.533954727030625964e-01
