6.016059295861643230e-01
9.328805076414335984e-01
9.369610715780661847e-01
7.846934071000460920e-01
6.755208333333333481e-01
8.720244150559511853e-01
8.836280661722760721e-01
7.949200376293509285e-01
6.986328511987319745e-01
8.596705308114703792e-01
9.020902090209020896e-01
9.286175961115851196e-01
8.382656572608396806e-01
8.437420341575324612e-01
6.840684068406840401e-01
4.185082872928176934e-01
9.279338842975206614e-01
9.238027836753951449e-01
9.063149480415667592e-01
6.075648949320148207e-01
8.711897738446411354e-01
6.870589946897505129e-01
3.438650306748466390e-01
9.384601563201868668e-01
8.693679092382495810e-01
7.510204081632653184e-01
9.330780950892683112e-01
5.285243466555261671e-01
7.823742073134594133e-01
8.095608671484157970e-01
8.639772045590882188e-01
8.091334101226370645e-01
8.009253309343271621e-01
8.175176244392223790e-01
8.688605108055009740e-01
8.839839226105320469e-01
4.940039377125469700e-01
8.875053214133673540e-01
5.121084203510331001e-01
8.345739024760747693e-01
8.190158465387823439e-01
4.228623133765646025e-01
5.852674066599394820e-01
6.704750450992182920e-01
9.117229633834800229e-01
8.322803671474550136e-01
8.475707299236711068e-01
9.168828994726709869e-01
7.558124815393054696e-01
9.372327790973872252e-01
9.565585630094929348e-01
9.265883902117854065e-01
8.389522000633111709e-01
8.139418832290507000e-01
9.320619785458880147e-01
9.377465601847396748e-01
7.806835347432024008e-01
3.255411255411255200e-01
7.046634828675070183e-01
6.750000000000000444e-01
8.795995135333880555e-01
8.284774895016113749e-01
9.093258477030700115e-01
9.607092789754859696e-01
8.102272727272726849e-01
7.565649396735273369e-01
8.216216216216216672e-01
7.603840125391849725e-01
4.135418418250098038e-01
9.275504431453893694e-01
7.808618641321957154e-01
9.031797070382279191e-01
7.302788844621513897e-01
8.499338856356424277e-01
9.398769574944071392e-01
8.844884488448845339e-01
3.653329563127385993e-01
9.473077366539836008e-01
9.668531178785995106e-01
9.678269463050400701e-01
8.835164835164834862e-01
9.381836682777918712e-01
7.875112309074573380e-01
9.260353641949251591e-01
9.135562647426113125e-01
9.513361462728551210e-01
9.522342064714945931e-01
7.810179705154417507e-01
3.835634537887295803e-01
9.488724253032646549e-01
8.302860830286082905e-01
9.779104477611940682e-01
9.397743524551088745e-01
9.829164958316249923e-01
9.708372530573847747e-01
9.569548203486303306e-01
4.051863857374392031e-01
9.572308807538962849e-01
9.551282051282051766e-01
8.722444889779559229e-01
5.150375939849624052e-01
9.411764705882352811e-01
9.580399887355673938e-01
9.545454545454545858e-01
9.394611727416798397e-01
9.733674775928297107e-01
8.788718207000755234e-01
9.190450547478010712e-01
8.801928341864063698e-01
9.421243618918753171e-01
9.349693251533742755e-01
9.600991325898389217e-01
8.807795185326710019e-01
7.295285359801488845e-01
9.161702293345792558e-01
9.648821218074655759e-01
9.372579395817195458e-01
9.639007022055187113e-01
9.615145872129112758e-01
4.910080454330336130e-01
9.794094794094794221e-01
8.812584269662920855e-01
7.829449677739216407e-01
9.031048135028131307e-01
8.244115082824760021e-01
8.932193914224103581e-01
7.376811104731669788e-01
5.217224144559784449e-01
7.447928894851584269e-01
9.422145328719723212e-01
9.383081896551723755e-01
9.625076828518746019e-01
9.353146853146853124e-01
7.677053824362606305e-01
8.086379961322405219e-01
5.808434771916881623e-01
6.049913941480206114e-01
6.952240275726243590e-01
8.887811969953961500e-01
8.062412668840241992e-01
2.833043909699826113e-01
9.424860853432281971e-01
7.318176108529079738e-01
9.582470063560065698e-01
9.093255027584979944e-01
9.548206447706977240e-01
9.265143992055611122e-01
7.634131368937998596e-01
8.043016838828357384e-01
7.490174059517125116e-01
8.326166587036152311e-01
9.013345245407337059e-01
7.379411764705882115e-01
8.374189912651450740e-01
8.565482384420990414e-01
9.408565601631543318e-01
8.189075630252100613e-01
6.955489614243323127e-01
2.324393358876117588e-01
8.648050626189317525e-01
8.195070235886562360e-01
8.437491316308667333e-01
9.424851254634819542e-01
9.296857833443199493e-01
8.993981083404987142e-01
6.147278548559231837e-01
7.043778897821468821e-01
7.764856844975539518e-01
9.784067341710381838e-01
9.702058942268874109e-01
1.573033707865168496e-01
9.755745397665743779e-01
8.403556804690718307e-01
8.199755543914789557e-01
8.734741329199767756e-01
8.131041890440386943e-01
9.274838709677419857e-01
9.233317231384997603e-01
9.064278384177628656e-01
6.829739298358544763e-01
8.265134251461409010e-01
9.122558062532519774e-01
9.439427869681427108e-01
9.636821287306723827e-01
9.430575458179349946e-01
8.944954128440366636e-01
9.001650165016501504e-01
9.566395663956639428e-01
9.392118340459956194e-01
9.503753127606339168e-01
9.152696283878177796e-01
9.696969696969697239e-01
9.151636606546426078e-01
8.983094131467388443e-01
8.815789473684210176e-01
7.236036419785953910e-01
