7.168121337890625000e-01
9.817504882812500000e-01
9.664764404296875000e-01
9.742584228515625000e-01
9.808502197265625000e-01
9.894561767578125000e-01
9.667205810546875000e-01
9.744262695312500000e-01
8.117218017578125000e-01
9.524841308593750000e-01
9.760589599609375000e-01
9.395751953125000000e-01
9.510192871093750000e-01
9.544525146484375000e-01
9.677734375000000000e-01
9.125671386718750000e-01
9.737396240234375000e-01
9.923248291015625000e-01
9.762725830078125000e-01
8.499755859375000000e-01
9.692840576171875000e-01
9.021301269531250000e-01
9.728088378906250000e-01
9.649810791015625000e-01
9.731597900390625000e-01
9.802246093750000000e-01
9.749908447265625000e-01
8.770446777343750000e-01
8.866729736328125000e-01
9.509124755859375000e-01
8.913116455078125000e-01
9.325256347656250000e-01
9.568634033203125000e-01
9.366760253906250000e-01
9.882507324218750000e-01
9.791107177734375000e-01
7.682952880859375000e-01
9.705810546875000000e-01
9.576110839843750000e-01
9.560394287109375000e-01
9.841918945312500000e-01
8.024749755859375000e-01
9.641113281250000000e-01
9.840850830078125000e-01
9.821014404296875000e-01
9.900360107421875000e-01
9.359436035156250000e-01
9.746398925781250000e-01
8.792266845703125000e-01
9.462280273437500000e-01
9.758453369140625000e-01
9.221191406250000000e-01
9.400482177734375000e-01
9.392547607421875000e-01
9.903564453125000000e-01
9.678344726562500000e-01
9.492340087890625000e-01
9.125518798828125000e-01
8.924713134765625000e-01
9.898681640625000000e-01
7.985992431640625000e-01
9.500732421875000000e-01
9.717864990234375000e-01
9.795379638671875000e-01
9.762115478515625000e-01
9.350433349609375000e-01
9.623413085937500000e-01
9.819488525390625000e-01
7.442321777343750000e-01
9.293670654296875000e-01
9.399414062500000000e-01
9.920349121093750000e-01
9.379882812500000000e-01
9.686279296875000000e-01
9.854583740234375000e-01
9.866638183593750000e-01
9.641418457031250000e-01
9.861602783203125000e-01
9.606018066406250000e-01
9.925079345703125000e-01
9.814453125000000000e-01
9.704742431640625000e-01
9.777221679687500000e-01
9.441833496093750000e-01
9.816741943359375000e-01
9.891662597656250000e-01
9.932098388671875000e-01
9.917602539062500000e-01
9.172973632812500000e-01
9.832763671875000000e-01
9.848327636718750000e-01
9.811096191406250000e-01
9.823303222656250000e-01
9.949188232421875000e-01
9.953155517578125000e-01
9.960327148437500000e-01
9.701080322265625000e-01
9.912109375000000000e-01
9.951019287109375000e-01
9.888916015625000000e-01
8.736419677734375000e-01
9.968414306640625000e-01
9.929656982421875000e-01
9.923248291015625000e-01
9.936523437500000000e-01
9.907226562500000000e-01
9.965515136718750000e-01
9.816894531250000000e-01
9.681243896484375000e-01
9.885864257812500000e-01
9.920959472656250000e-01
9.965972900390625000e-01
9.883880615234375000e-01
9.489440917968750000e-01
9.714202880859375000e-01
9.861907958984375000e-01
9.954528808593750000e-01
9.449005126953125000e-01
9.924316406250000000e-01
7.102508544921875000e-01
9.924163818359375000e-01
9.197235107421875000e-01
9.744567871093750000e-01
9.835510253906250000e-01
9.254150390625000000e-01
9.593658447265625000e-01
9.143829345703125000e-01
9.920806884765625000e-01
9.471282958984375000e-01
9.845428466796875000e-01
9.899139404296875000e-01
9.907379150390625000e-01
9.924468994140625000e-01
9.875183105468750000e-01
9.174957275390625000e-01
9.598846435546875000e-01
9.789428710937500000e-01
9.786834716796875000e-01
9.826202392578125000e-01
9.298858642578125000e-01
8.547668457031250000e-01
9.720611572265625000e-01
9.708557128906250000e-01
9.745483398437500000e-01
9.785308837890625000e-01
9.716644287109375000e-01
9.964599609375000000e-01
9.619750976562500000e-01
9.724426269531250000e-01
9.813842773437500000e-01
9.848785400390625000e-01
9.466094970703125000e-01
9.783782958984375000e-01
9.763488769531250000e-01
9.905853271484375000e-01
9.821624755859375000e-01
9.745941162109375000e-01
9.508666992187500000e-01
9.396820068359375000e-01
9.627532958984375000e-01
9.476623535156250000e-01
9.103088378906250000e-01
9.844207763671875000e-01
9.896087646484375000e-01
9.918060302734375000e-01
9.888458251953125000e-01
9.600830078125000000e-01
8.933410644531250000e-01
9.860839843750000000e-01
9.862365722656250000e-01
7.087097167968750000e-01
9.890594482421875000e-01
9.348297119140625000e-01
9.400329589843750000e-01
9.945678710937500000e-01
9.763641357421875000e-01
9.576110839843750000e-01
9.770507812500000000e-01
8.826904296875000000e-01
8.858947753906250000e-01
9.662017822265625000e-01
9.230804443359375000e-01
9.588775634765625000e-01
9.926300048828125000e-01
9.637145996093750000e-01
9.665527343750000000e-01
9.776916503906250000e-01
9.827270507812500000e-01
9.628601074218750000e-01
9.909057617187500000e-01
9.170837402343750000e-01
9.771728515625000000e-01
9.957885742187500000e-01
9.423065185546875000e-01
9.280090332031250000e-01
8.979034423828125000e-01
