8.470270877823985467e-01
7.776816608996539593e-01
8.205039696237487190e-01
2.664790830471303607e-01
3.306429672621746807e-01
0.000000000000000000e+00
4.664324024412798142e-01
7.871039466370205462e-01
8.042579837194739900e-01
9.458266452648474987e-01
7.568157033805889000e-01
8.492797247903677293e-02
5.613180515759312872e-01
7.822157961322970809e-01
3.630495359140388234e-01
5.015487113552685727e-01
2.046949360996738188e-01
7.437648456057006641e-01
7.263641814911053762e-01
0.000000000000000000e+00
3.513735137351373661e-01
7.598566308243727141e-01
5.261164069094727003e-01
3.652300949598247075e-03
7.126570640514863220e-01
8.540643048013102367e-01
8.722843976300197477e-01
0.000000000000000000e+00
1.494906919564453762e-01
9.773430104133795648e-01
4.641745266702027028e-01
8.867482161060142865e-01
8.076780552879270214e-01
8.250517208952417025e-01
7.871738168951791792e-01
6.891465953018138801e-01
5.847088134537526960e-01
2.584473454398889536e-01
5.119872905834777638e-02
4.788189987163029571e-01
7.432930036822724684e-01
2.772660391429665472e-01
5.387618156595799790e-02
9.039594464995205358e-01
7.639560439560439953e-01
9.391612522150029063e-01
0.000000000000000000e+00
9.423971027259824274e-01
6.543046357615893704e-01
9.071038251366120297e-01
6.668120128631384036e-01
9.747799660575443559e-01
8.358099431297010273e-01
9.305418022351110707e-01
9.186164010882238440e-01
9.727709556860650864e-01
3.818424566088117755e-01
4.144115796098175042e-01
7.331688403242862806e-02
9.689781021897809765e-01
9.265776699029125707e-01
8.770589639532108128e-01
7.538656248280416194e-02
1.672025723472668757e-01
1.086956521739130405e-01
9.297771775827143870e-01
7.769276044732195130e-01
8.262370540851553535e-01
8.804151624548736121e-01
8.985608985608986021e-01
9.407926928722883941e-01
9.153181112835291344e-01
9.075297225891677533e-01
9.205219454329774953e-01
7.339572192513369453e-01
7.977265128719491782e-01
9.413669560424418048e-01
8.721575454248721160e-01
9.329569513055752106e-01
9.082456628854371772e-01
9.617810760667903081e-01
1.860128220934533227e-01
8.873661670235546417e-01
8.926137410204457723e-01
8.919311346193735668e-01
8.286288560692126604e-01
7.384379424256725111e-01
8.675268035616936491e-01
8.433146632198764703e-01
7.376623376623376860e-01
0.000000000000000000e+00
9.303560274828232002e-01
4.164125311893540071e-01
6.611328125000000000e-01
5.034767091255922811e-01
8.976906272755643679e-01
8.379603399433427358e-01
9.323101592028404383e-01
5.650280024891101149e-01
1.099768121179269392e-01
6.002233686113918054e-01
7.278934790030727742e-01
6.572879204569493927e-01
9.329437096278068164e-01
7.620351838196566252e-01
4.979025025314624542e-01
2.458513049199502754e-01
7.923128292646731685e-01
5.197979085888849715e-01
7.884761182714177252e-01
8.330402010050250716e-01
4.385782869159783881e-01
5.616902237926972852e-01
1.945709082631459086e-01
3.586472255974078593e-01
6.706297229219143619e-01
4.699929395151800637e-01
7.344189392453076559e-01
3.281039892424921778e-01
8.294832610704385711e-01
8.285644411836634582e-01
0.000000000000000000e+00
7.645662100456620536e-01
7.671604423117045490e-01
6.199919710959453933e-01
3.262656526081278430e-01
1.248004347973776240e-01
1.319566709438691754e-01
8.823121707790407831e-01
8.529578744180765781e-01
9.117863720073664524e-01
4.876049989756197633e-01
3.322821207286758560e-01
6.300469107092738774e-01
8.380952380952381153e-01
9.005252268024829254e-01
8.319985996236488601e-01
5.971370143149283827e-01
3.056636945874670608e-01
5.019162735849056478e-01
9.393225864879550802e-01
2.290446898391758634e-01
1.532948828077064785e-01
6.534286470743976283e-01
8.458374142997061584e-01
7.326947577030151759e-01
6.832990190141697839e-01
8.934064334578623034e-01
3.207859670255213680e-01
2.944484659502199508e-01
7.260383386581469312e-01
7.676315368623061186e-01
7.491294975957553115e-01
6.733939528350706416e-01
9.167249825052484757e-01
9.514583776878858812e-01
7.070885628424959934e-01
6.884538046354111707e-01
3.907203907203907201e-01
4.060706362900102229e-01
7.125077784691972171e-01
6.946393488633174629e-01
9.266850986748021990e-01
6.962924686732979707e-01
8.097313208854001187e-01
7.663570072919788645e-01
6.868857210613685815e-01
9.398496240601503793e-01
7.586866432897673151e-01
5.159976236951540063e-01
6.554903604358759406e-01
9.452111104586293777e-01
4.270642279022026089e-01
7.936794582392776576e-01
9.538068709377901522e-01
7.194381827640020655e-01
4.015624999999999889e-01
6.498481663162812838e-01
1.801263126424754168e-01
9.078744209984559443e-01
9.147719537100068576e-01
3.901725859363856519e-01
8.516091662744813551e-01
7.188708834291688277e-01
7.598138091543832351e-01
8.870612848537315909e-01
9.529584711503124028e-01
8.326191574922539029e-01
8.493833312570076011e-01
9.130695958122372335e-01
9.140988804121668032e-01
8.763323487864389527e-01
9.714486426815194253e-01
4.858920561423817341e-01
9.086878676784039266e-01
8.569822983984265452e-01
