6.670704274095864417e-01
7.640079103493737644e-01
6.972807991120976157e-01
2.723540363775242001e-01
2.103079954371046278e-01
1.214841412327947318e-01
1.940745174322908995e-01
7.304252998909487316e-01
7.369351669941061056e-01
9.346833998859098713e-01
5.847015897836851384e-01
5.534235507978186447e-02
3.075503613716746298e-01
5.812362570241876858e-01
2.219800670960158651e-01
2.634778337222153932e-01
1.153647808281510756e-01
3.886963794957581375e-01
5.150208623087622062e-01
2.731108553893363822e-01
1.949943117178612184e-01
4.862745098039215619e-01
3.657948379317274568e-01
9.668306907235282854e-02
5.523348721590909394e-01
7.430885227590058317e-01
7.382538868956091127e-01
6.185185185185184675e-01
7.985290254793800391e-02
9.302464704474754376e-01
3.192386994448850324e-01
7.973056811131791211e-01
7.060991957104557626e-01
6.524947294448348867e-01
6.348385292884104469e-01
5.269987569353909995e-01
4.104315258998155191e-01
1.500051985859846004e-01
2.679444553099941465e-02
2.965517241379310165e-01
6.033182503770738725e-01
1.680758516201554253e-01
2.830220655526556606e-02
8.399999999999999689e-01
5.282674772036474176e-01
7.730004623208506231e-01
3.503083700440528525e-01
8.679126606164075941e-01
7.594501718213058084e-01
8.176901814685735292e-01
4.860355170632871258e-01
9.617922356912690374e-01
5.086046029442256033e-01
8.388166284111195914e-01
8.299776286353467425e-01
9.149362021516137533e-01
2.130681818181818232e-01
2.429330135343498454e-01
1.576868829337094435e-01
9.266174554928354734e-01
8.585646935568360671e-01
7.618862042088854203e-01
3.824038407860213401e-02
8.046357615894039750e-01
4.712269272529858721e-01
8.136242996166322961e-01
6.868521549372613721e-01
7.419126328217237054e-01
7.168758716875871517e-01
7.863615420058363004e-01
8.834590246354951937e-01
8.071641217708633853e-01
8.376730002345765813e-01
8.297520661157025135e-01
5.609284332688587726e-01
8.010335917312662035e-01
8.801594445158801294e-01
7.254298642533936192e-01
7.873496313542879266e-01
8.395746023162543592e-01
9.108440469536053241e-01
1.084397965967692640e-01
7.934418382000957282e-01
7.226940843391447267e-01
7.501744591765526771e-01
7.556034482758621218e-01
5.640068369917236035e-01
7.950742027155036640e-01
6.938234616271030664e-01
5.927807306734844683e-01
0.000000000000000000e+00
8.669773251345118670e-01
2.900918743467018612e-01
3.148387096774193372e-01
3.569286616161616021e-01
8.151687488346075483e-01
7.316004231524859680e-01
8.547950502706883613e-01
7.441485068603712616e-01
6.119815668202765319e-02
3.993065383526747669e-01
2.984869325997249190e-01
5.400311526479750768e-01
8.378973441585247928e-01
6.376154219990279870e-01
4.842591701164917772e-01
1.411838790931989884e-01
5.508483186020521893e-01
2.808285683460999271e-01
6.890989988876529138e-01
6.973393627090125335e-01
2.974103959467067071e-01
4.152420923328897784e-01
1.074324755762722655e-01
2.394766780432309450e-01
5.618353969410051496e-01
2.837806301050175284e-01
6.295389636882905426e-01
7.022076092062000674e-01
7.758024102135783195e-01
6.365568544102019333e-01
1.457620085071065393e-02
5.904329285250764503e-01
7.339357429718875725e-01
4.090122982321291456e-01
1.953288933491469648e-01
6.611813106082868596e-02
7.462356067316208708e-02
7.971634674165546386e-01
7.405568363184962255e-01
8.107935494172121560e-01
3.194867045905542824e-01
2.108832324754526810e-01
4.762260250373263060e-01
7.153240763948067737e-01
8.076231911472618874e-01
7.195782479959558220e-01
4.644295302013422555e-01
1.394522745502463634e-01
3.390926730111799015e-01
8.600994705599229739e-01
1.403070494186046402e-01
7.269262894132386132e-02
4.964406144623454420e-01
6.577301161751564207e-01
5.616782814857389505e-01
5.762801337321836748e-01
7.350232228607415097e-01
1.837390480153501260e-01
1.759370414832599760e-01
5.637029230683898717e-01
6.566237350505980119e-01
6.158321027430975203e-01
5.477996125103792302e-01
8.587371732454497364e-01
8.910162978667020006e-01
2.966184930545811560e-01
5.167111449993645467e-01
1.587848101265822709e-01
2.507521255722694464e-01
5.481927710843373935e-01
5.748807925559001886e-01
7.746344564526382870e-01
5.600609175709118093e-01
6.630588902542773333e-01
6.571933204881181823e-01
5.264621709863356314e-01
9.289850655288022230e-01
8.422232182877633644e-01
3.545513136444629620e-01
4.571267556788625175e-01
8.646471156944891545e-01
2.911151384460095026e-01
6.989640463132236192e-01
8.753678015973097581e-01
5.729578392621871297e-01
2.595222420765541105e-01
7.985450475657526193e-01
1.099101564281479426e-01
8.111959867745981434e-01
8.275098425196850682e-01
2.577122189915608819e-01
7.092749954800217083e-01
5.867251095804634220e-01
6.228533265487851134e-01
7.815963142821565901e-01
9.412962334577535950e-01
6.871950558386642482e-01
6.728989612842304346e-01
8.260220829603103221e-01
8.005900728913571962e-01
7.889486662183367027e-01
9.471066475370636395e-01
3.198612609183004718e-01
7.978182904961147459e-01
6.600300525920360650e-01
