9.720121028744326264e-01
8.266761768901569329e-01
8.066121007863906733e-01
2.723540363775242001e-01
5.931558935361216367e-01
1.444325862682319384e-01
1.000000000000000000e+00
8.002389486260453877e-01
8.096265918411396090e-01
9.361074081127404023e-01
9.373302694798412160e-01
1.352752406813132469e-01
9.995002498750624742e-01
9.004542013626041230e-01
9.964823568209300042e-01
1.000000000000000000e+00
9.934691745036572375e-01
8.491255546854606928e-01
9.874666666666667147e-01
2.855996791014841496e-01
1.000000000000000000e+00
9.317919075144508456e-01
9.971824371918290852e-01
9.705451884376142813e-02
6.117502458210423155e-01
8.710310965630114755e-01
8.920313790255987030e-01
8.697916666666666297e-01
1.000000000000000000e+00
9.987154784842645627e-01
1.000000000000000000e+00
9.001400840504302225e-01
7.880563520758010476e-01
9.736106256553652694e-01
9.996697853604843420e-01
1.000000000000000000e+00
9.922769640479360831e-01
1.000000000000000000e+00
9.607293127629733531e-01
5.141304347826086696e-01
7.648183556405353523e-01
1.000000000000000000e+00
1.000000000000000000e+00
9.304855399310162367e-01
1.000000000000000000e+00
9.928741092636579335e-01
3.551902805074146907e-01
9.962867457452294628e-01
7.734033245844269544e-01
8.854763144195730851e-01
1.000000000000000000e+00
9.732919254658385366e-01
9.337647506661591601e-01
1.000000000000000000e+00
9.994948644552954509e-01
9.972729751840742063e-01
1.000000000000000000e+00
9.867780097425191688e-01
6.076086956521739024e-01
9.894517213399791622e-01
9.981729598051156671e-01
9.394521864488226681e-01
1.000000000000000000e+00
8.526315789473684070e-01
4.750957854406130387e-01
1.000000000000000000e+00
7.778006589785831926e-01
8.019397651863195975e-01
9.236298292902066498e-01
1.000000000000000000e+00
9.434630872483221742e-01
9.980999881249257299e-01
9.272916125681640587e-01
9.960317460317460458e-01
7.113654946852002725e-01
8.644729503625209199e-01
9.957087788202778622e-01
1.000000000000000000e+00
9.970515970515970716e-01
9.073465312781552328e-01
9.958747135217723701e-01
1.000000000000000000e+00
8.579192546583851442e-01
1.000000000000000000e+00
1.000000000000000000e+00
8.638304862023653552e-01
9.718648271585800247e-01
8.538487622923024434e-01
9.896449704142011861e-01
9.998297775760326411e-01
0.000000000000000000e+00
9.807086186284099671e-01
9.883786316776007608e-01
8.803367408298256036e-01
7.899056933286762172e-01
9.686478701600842456e-01
7.937366781439579855e-01
9.759381898454746462e-01
8.024369016536118115e-01
1.000000000000000000e+00
1.000000000000000000e+00
9.899635036496350349e-01
5.462423192059240318e-01
9.910481770833333703e-01
7.042404723564144042e-01
4.843990755007704374e-01
1.000000000000000000e+00
9.810023520897412919e-01
6.376776090151886622e-01
6.891948268669170208e-01
1.000000000000000000e+00
9.999369085173501759e-01
4.152420923328897784e-01
9.183951965065502154e-01
2.946941061178776633e-01
5.846596938002122101e-01
6.899290780141843493e-01
6.421808344605139940e-01
8.016085790884718287e-01
8.101171193620733124e-01
8.681159420289854545e-01
3.196087352138307636e-02
9.510228460504703829e-01
7.450314251741124716e-01
6.014410850522746710e-01
9.995331465919701230e-01
7.758620689655172376e-01
9.907281772953414611e-01
8.619777895293495584e-01
8.628099173553719359e-01
9.268960481883726787e-01
8.323281061519903767e-01
1.000000000000000000e+00
5.154773744405768410e-01
9.942865105908583745e-01
9.850040373745529987e-01
8.300566477840719548e-01
9.569096261932376057e-01
1.000000000000000000e+00
6.747563890421033328e-01
9.515441959531416583e-01
9.995146416437469261e-01
5.923011484474691724e-01
7.146709816612729638e-01
1.000000000000000000e+00
9.974483286552692229e-01
6.504468718967229002e-01
9.274858448395748578e-01
6.543179385856590091e-01
9.093416063426404961e-01
7.477742623795158305e-01
9.130156699712184132e-01
8.332021553550886805e-01
5.627203457295576472e-01
9.537476083520505243e-01
9.936461026967122745e-01
9.777983348751155823e-01
9.382716049382715529e-01
3.399089529590288428e-01
9.089615931721194420e-01
6.660341555977229433e-01
9.742664365291071604e-01
1.000000000000000000e+00
5.912379421221864995e-01
1.000000000000000000e+00
6.696662303664921989e-01
9.969467979543545910e-01
9.413218035824583163e-01
9.650744735490498494e-01
8.393466164063901891e-01
9.933119819140919793e-01
1.000000000000000000e+00
1.000000000000000000e+00
8.809523809523809312e-01
9.983221476510066861e-01
8.742670464064332680e-01
9.757779349363507881e-01
9.875432525951557405e-01
1.000000000000000000e+00
9.759945130315500483e-01
9.995541685242977925e-01
9.956164383561644238e-01
9.949277200101445118e-01
6.725282612596447107e-01
9.998468450071472668e-01
9.314438343967947898e-01
9.764167546638508055e-01
9.918622848200312481e-01
9.732313575525812777e-01
9.834784153490850889e-01
1.000000000000000000e+00
8.161159420289855193e-01
9.849796080771908713e-01
9.996695088902108894e-01
9.998127340823970144e-01
8.672260612043435346e-01
