3.453429410194822635e-01
9.120214909335124798e-01
7.625496834977182337e-01
6.726516726516726941e-01
5.113680154142581369e-01
7.412265154200637918e-01
7.324606836801959009e-01
7.518062878344073940e-01
5.403922365613250678e-01
7.166957533449680451e-01
6.993916863805339501e-01
8.565455594002306938e-01
8.235930735930735436e-01
7.503302509907530116e-01
5.301824988301356845e-01
2.057630736392742909e-01
7.904115400933390267e-01
8.622564567285908588e-01
8.383396226415094077e-01
4.215437392795883254e-01
7.748708548575237165e-01
6.614555964266947141e-01
6.125240847784200193e-01
6.197961651407842831e-01
6.817178747241554593e-01
7.609390193082372633e-01
8.713738771903990488e-01
4.970347003154574339e-01
3.949227147097962853e-01
6.954590325765054315e-01
6.300363056760824865e-01
7.185478073328540605e-01
6.836993243243243423e-01
7.748504929691287790e-01
8.275324675324675638e-01
7.039337474120083149e-01
4.213062647390546367e-01
8.592150170648463758e-01
3.495595042556368659e-01
6.908415841584157890e-01
8.515657913214436103e-01
2.660987858368825676e-01
3.793949304987734861e-01
6.478688524590163755e-01
8.424097597786441849e-01
7.637104994903159971e-01
8.155115511551155327e-01
7.428160919540229834e-01
5.796256719124408541e-01
8.548056155507559595e-01
9.195199895649905919e-01
8.702801461632155844e-01
7.132094114740937796e-01
6.911773940345369294e-01
7.565789473684210176e-01
8.626956991182292978e-01
5.240800197579649211e-01
2.781799379524301785e-01
7.531573629704471085e-01
7.454545454545454808e-01
8.249427917620136830e-01
7.176145339652448829e-01
8.593689732315050733e-01
9.153345593436129635e-01
7.062891010865985919e-01
5.664351718992136631e-01
6.859801226474941949e-01
3.056740951477793788e-01
2.255303539768906407e-01
7.280100525474069162e-01
5.292940077405579036e-01
8.623613829093280669e-01
8.528955896857827179e-01
8.824131831300623396e-01
7.336909871244635672e-01
7.470051340559041853e-01
3.041431261770244920e-01
8.741097612065353850e-01
9.133689839572192160e-01
9.316112640271013712e-01
8.643118148599269190e-01
8.543412208820551079e-01
5.377401300862199029e-01
4.906005221932114857e-01
7.798002219755827413e-01
8.091247672253258916e-01
8.879260543038706155e-01
8.451473998012587474e-01
1.059342815105443897e-01
9.288638294585618294e-01
6.392333709131905461e-01
7.904349915885604538e-01
8.405325024784024990e-01
9.640781827786581992e-01
9.087749782797567288e-01
9.262402088772846431e-01
3.656019656019656172e-01
9.235934244037972141e-01
8.879870129870129913e-01
7.419798350137488674e-01
9.688826025459688907e-02
8.550955414012738620e-01
9.310710498409331404e-01
8.841326037978757268e-01
9.072939316070369742e-01
9.203263738900887558e-01
8.961968680089485995e-01
8.284789644012945375e-01
7.661635624063369843e-01
9.184707508060800940e-01
8.548304213771840132e-01
9.099571224392567492e-01
8.093264248704663544e-01
7.242841993637327835e-01
8.247532485975999084e-01
9.117992024395965567e-01
8.462268628381585112e-01
9.005926209137832261e-01
9.316355919357283133e-01
2.818304172274562758e-01
9.633887292265400637e-01
7.743921692453425987e-01
6.591151955546057373e-01
8.164430488153011645e-01
6.601795076868390844e-01
7.168644281747033054e-01
5.935408477637310609e-01
8.125369603784742267e-01
6.697163769441902836e-01
8.496932515337423109e-01
6.967975206611570771e-01
8.287542340986074896e-01
8.524980174464710236e-01
7.409010742344075418e-01
7.230452966612319621e-01
4.614451568185756192e-01
3.462846041767848604e-01
5.402808573540280879e-01
7.718017671917019040e-01
5.982764943160983062e-01
9.454657809361964593e-02
7.599438465138044219e-01
5.090361445783132543e-01
9.027171617626355005e-01
8.926256077795785560e-01
9.046878471450788828e-01
8.633980881899475657e-01
6.877914004489725786e-01
5.662155630739487133e-01
5.989817310572027598e-01
7.084708470847084216e-01
7.991190235844728429e-01
6.275734443673375296e-01
6.118522319138020027e-01
8.083632632119035488e-01
8.922318125770652975e-01
7.866004962779156173e-01
4.461832061068702338e-01
3.090031241124680528e-01
7.077977061042259876e-01
7.283327532196310905e-01
7.689983313038379897e-01
9.320827943078913158e-01
8.818349375383984778e-01
7.428139183055976202e-01
6.405460060667340638e-01
7.579590056694286426e-01
6.524893503727369204e-01
8.375676801332777588e-01
9.383814767327852691e-01
4.283204497540407663e-01
9.244939731635205549e-01
4.919405484613774138e-01
7.107942973523421193e-01
6.926480599046970221e-01
5.021598272138229069e-01
7.618296529968454633e-01
8.329607550919025938e-01
8.124657426983008524e-01
1.186142102172636492e-01
7.716196136701337638e-01
8.050588383098119527e-01
8.792030758476057084e-01
9.065389696169088296e-01
7.879723388490985636e-01
7.711567351026540340e-01
7.906483966661957963e-01
8.574883720930233100e-01
8.547777210015329308e-01
9.231906921711694469e-01
8.471192241871078332e-01
9.201506937425342203e-01
8.755544603252833902e-01
7.619769302012292522e-01
6.742985758081415648e-01
6.000220373533138307e-01
