7.137341423055708622e-01
9.641462548810791899e-01
8.380520951302378174e-01
7.569119523606975264e-01
7.157497303128370625e-01
9.470108695652174058e-01
9.923449859658075578e-01
7.646474677259185171e-01
9.968134957825679487e-01
7.408298256163560191e-01
7.228431714984282497e-01
9.872597352240625179e-01
8.734218724381046517e-01
7.523178807947019653e-01
9.860748476936466167e-01
2.639649507119386507e-01
9.904306220095693281e-01
8.681569343065693722e-01
8.750590830313533797e-01
1.000000000000000000e+00
8.319914117015566601e-01
9.697611710323574830e-01
9.452869461790068817e-01
6.491767685905555085e-01
9.838314551690348075e-01
7.617855652899457874e-01
8.923993364500075742e-01
4.970347003154574339e-01
3.949227147097962853e-01
7.691048034934497846e-01
9.960800783984320450e-01
9.090495679854478928e-01
9.185815602836879812e-01
9.976069087503901534e-01
8.541554959785522261e-01
7.201594816845252600e-01
9.925120772946859349e-01
9.162875341219289815e-01
3.495595042556368659e-01
9.481909291659589289e-01
8.567391918621078961e-01
9.771241830065359180e-01
1.000000000000000000e+00
6.702849389416553061e-01
8.855103120042305820e-01
7.739669421487603840e-01
9.020717349639499893e-01
9.800103394795794953e-01
9.993300580616346629e-01
9.840253605171556117e-01
9.823717948717948234e-01
9.890414119275580118e-01
9.620959680106631051e-01
9.819787670621821229e-01
9.449465899753491938e-01
9.524187940796662311e-01
5.240800197579649211e-01
2.781799379524301785e-01
8.775660363475830117e-01
7.473616885193475889e-01
8.293879033722830751e-01
7.232457636756510766e-01
9.267115880542383666e-01
9.561137790912449530e-01
9.921369102682701113e-01
5.693434867889696216e-01
7.032300021677866386e-01
3.056740951477793788e-01
1.000000000000000000e+00
1.000000000000000000e+00
1.000000000000000000e+00
9.429386590584878380e-01
9.714331567966618675e-01
9.049505895832338220e-01
1.000000000000000000e+00
9.316969050160085475e-01
9.961449498843485406e-01
9.971326164874552145e-01
9.689530685920577646e-01
9.623797025371828573e-01
9.234773555439874659e-01
9.284570742445467095e-01
8.864231392594439374e-01
4.925725270884306339e-01
9.320774741310692280e-01
1.000000000000000000e+00
9.127078384798099631e-01
9.117384313024834430e-01
1.059342815105443897e-01
9.336956521739130377e-01
6.475066615911686529e-01
1.000000000000000000e+00
9.993264859403939715e-01
9.953640578129261396e-01
9.961904761904761818e-01
9.874739039665970664e-01
8.086956521739130377e-01
9.247710675785325574e-01
9.993909866017052224e-01
7.779913503123497831e-01
1.000000000000000000e+00
9.421052631578947789e-01
9.611384783798576636e-01
9.956505980427691194e-01
9.452224052718286584e-01
9.788157223072996294e-01
8.998203054806828138e-01
1.000000000000000000e+00
7.685906040268456474e-01
9.471559197244983075e-01
8.639314463775642494e-01
9.474206349206348854e-01
9.578904333605887667e-01
7.618516452872281519e-01
8.447887119063204331e-01
9.698103792415169178e-01
8.761670761670761198e-01
9.177198237027296424e-01
9.390374331550802589e-01
9.840225563909774653e-01
9.903660886319846091e-01
9.747615262321144280e-01
6.656593999568314324e-01
8.169872405256142223e-01
8.397196789872273248e-01
9.334319526627219421e-01
6.340217884702677997e-01
9.321573948439619839e-01
7.160091294424518749e-01
9.638773819386909913e-01
6.982401656314699556e-01
9.080412371134020111e-01
1.000000000000000000e+00
7.590341655716162927e-01
7.905751046349402955e-01
4.614451568185756192e-01
1.000000000000000000e+00
7.945652173913043681e-01
9.603250478011472469e-01
9.488223320732771526e-01
7.329341317365269948e-01
9.995896594173163674e-01
5.094453376205787531e-01
9.141064936916387662e-01
9.010962041884816864e-01
9.324479047400962006e-01
8.647313156269301748e-01
8.320451222059744856e-01
5.783757097013083603e-01
9.995002498750624742e-01
7.312641937925813407e-01
9.572386501044299889e-01
6.322535539501281665e-01
6.230407523510971268e-01
8.225006525711302530e-01
9.647999999999999909e-01
8.900922583233052965e-01
6.820303383897315941e-01
3.144508670520231308e-01
7.196525005869922609e-01
7.656421514818880780e-01
8.382989183874139938e-01
9.433715220949263625e-01
8.889347646573080297e-01
8.524305555555555802e-01
6.507447354904981607e-01
7.799317896248428861e-01
9.234174830444611404e-01
9.993788048204745866e-01
9.804570527974783012e-01
9.362519201228878263e-01
9.743528283796739631e-01
4.921259842519685179e-01
7.713048090523337841e-01
7.041522491349481161e-01
9.647302904564315496e-01
9.938271604938271331e-01
9.967305691781840338e-01
9.475799086757991097e-01
1.195367317609265373e-01
9.318141037143369276e-01
9.814171942005309734e-01
9.331503190384330404e-01
9.662090813093980879e-01
9.985915492957746498e-01
8.413001912045888764e-01
9.943151536685024272e-01
9.991328853240840635e-01
9.697391304347826591e-01
9.313637720083557392e-01
8.834027364663890047e-01
9.376404494382022392e-01
8.768509378084896611e-01
9.961474958723169904e-01
9.996548153261994862e-01
7.250998668442076855e-01
