5.725426721600941349e-01
7.397167902899528524e-01
7.161781285231115790e-01
7.511193714623637385e-01
3.612344113295286596e-01
2.530380772346745855e-01
2.591999999999999860e-01
6.473684210526315930e-01
6.556169429097605805e-01
8.187964197295752866e-01
3.599909720132410396e-01
2.646405228758170192e-01
3.161012385568120475e-01
5.022779043280182210e-01
1.942973088423750605e-01
2.686073857496981132e-01
0.000000000000000000e+00
3.750781152355955328e-01
3.006263048016701300e-01
3.510330578512396715e-01
8.701391004162858933e-02
0.000000000000000000e+00
3.192741778556139054e-01
1.936203619535575571e-01
4.518060414921401535e-01
7.824813241540939934e-01
5.286540770658224586e-01
3.441226575809199217e-01
7.782613465969352717e-02
9.230677905734299138e-01
3.975473270627455924e-01
3.819545419759700078e-01
2.932105958207100183e-01
5.159020165110299594e-01
5.908558792924037961e-01
4.117591320415028289e-01
3.028191387965178949e-01
1.289263214333586649e-01
6.018401283025238274e-02
2.523310023310023076e-01
6.163575042158515593e-01
3.441590516176833980e-01
1.538064801340971455e-02
2.661844997518258427e-01
5.397515527950310643e-01
7.989468645284825143e-01
3.829302488608482546e-01
8.462213639954357935e-01
8.167104111986002168e-01
7.961783439490446312e-01
4.628480629539951652e-01
9.628976619394403746e-01
7.646657571623465266e-01
8.411764705882353033e-01
8.302572706935122948e-01
9.425109564320701683e-01
4.617414248021108336e-01
5.502749410840533928e-01
2.547141574378928297e-01
9.380247459125055087e-01
8.455843469063987206e-01
7.803938356164383805e-01
2.674840876254441779e-02
8.075040783034257430e-01
9.593147751605995976e-01
8.488765774084333637e-01
6.184351554126473749e-01
8.748286888990406407e-01
7.145135566188197673e-01
7.775246772968869013e-01
6.665903977424398885e-01
5.818018515959652026e-01
8.887515451174289316e-01
8.010182435299109116e-01
5.182400445558340563e-01
6.266220175805776726e-01
9.174458990114880974e-01
8.566538296961917487e-01
8.797127468581688037e-01
8.981307183819988715e-01
9.405680990531682939e-01
1.987208962086694786e-01
7.770103601381351810e-01
8.688672438672438991e-01
7.462686567164179552e-01
8.429237947122861785e-01
5.065914114303757820e-01
8.287728026533996983e-01
3.960311742746741581e-01
6.158975258817336318e-01
0.000000000000000000e+00
8.032915702623651955e-01
2.401422398271516045e-01
3.272067165872475369e-01
6.471306471306471630e-01
7.909852238347875319e-01
6.991989537354912354e-01
4.556188925081433028e-01
4.580812445980985137e-01
6.301943082973324173e-02
3.350956397766425288e-01
8.143248175182481452e-01
4.759729005829525517e-01
8.767103557539968062e-01
6.798573369565217295e-01
2.812981510015408193e-01
1.184113235449456014e-01
2.360296321671733755e-01
1.006335823287232145e-01
6.869613566861273446e-01
8.054555440288033719e-01
4.258294383572139852e-01
4.889457523029682728e-01
1.168479127467551143e-01
1.922459416067074933e-01
5.976959223889646289e-01
5.432378792174652471e-01
7.802179791854462199e-01
6.439678284182305257e-01
7.622901316584128617e-01
7.361627652592430682e-01
2.657968595918986376e-01
6.298314535546825077e-01
3.851765618936748292e-01
0.000000000000000000e+00
1.709224385572933325e-01
9.434729564863765516e-02
0.000000000000000000e+00
7.572851805728517682e-01
7.482752520785423966e-01
4.910457163426925620e-01
3.290242104666326606e-01
2.327753989879330354e-01
5.713676883190680345e-01
7.801596850049218324e-01
7.649720521692839892e-01
5.474504975890017722e-01
5.690216250262439823e-01
0.000000000000000000e+00
2.556369652564405848e-01
7.672135745337259616e-01
1.431837267892134002e-01
1.291215706015605424e-01
4.908479641389615344e-01
6.492208174066450566e-01
6.080913185277216915e-01
3.537425742574257237e-01
8.267177662195456245e-01
3.485347382285149953e-01
2.105099098631062204e-01
6.247293721433726521e-01
3.690110927543072683e-01
4.017727978116205079e-01
6.207356669483610201e-01
6.813127039767920001e-01
7.943017225964117412e-01
6.302631578947368585e-01
4.276198517684585698e-01
9.540847983453981662e-02
1.169798845459400355e-01
5.918744228993536582e-01
7.946765627999232695e-01
8.513368983957219083e-01
5.472720478325859839e-01
7.928336546093661674e-01
9.208326762340325322e-01
5.100990407860874765e-01
8.894379246448425036e-01
8.574237954768928471e-01
6.324181829872050908e-01
4.429139627381201705e-01
9.091638949420804972e-01
7.110040340654415481e-01
8.083273510409189067e-01
8.945111492281303534e-01
5.670705104540725294e-01
0.000000000000000000e+00
7.221849865951742720e-01
3.998672639787622107e-01
7.846759208656683970e-01
8.253130370734103050e-01
3.342290896876049522e-01
6.063485541116646615e-01
5.683865683865684248e-01
6.408847009553723106e-01
4.352754989987727141e-01
9.659604029176797058e-01
7.134188229906114342e-01
7.771593944790738950e-01
5.420804010411646168e-01
8.259623992837958895e-01
8.027669791904871177e-01
9.441357121965486821e-01
4.759146149486808142e-01
4.419674599523192304e-01
9.264090573467881340e-01
