9.626922607421875000e-01
9.931335449218750000e-01
9.651489257812500000e-01
8.275909423828125000e-01
8.846130371093750000e-01
9.079589843750000000e-01
8.424377441406250000e-01
9.820556640625000000e-01
9.793701171875000000e-01
9.859619140625000000e-01
8.177185058593750000e-01
6.960601806640625000e-01
8.674316406250000000e-01
8.981170654296875000e-01
3.164672851562500000e-01
4.317169189453125000e-01
4.262390136718750000e-01
5.054016113281250000e-01
8.281860351562500000e-01
8.536529541015625000e-01
7.522888183593750000e-01
4.914855957031250000e-01
2.806243896484375000e-01
8.536224365234375000e-01
7.635650634765625000e-01
9.734039306640625000e-01
8.773651123046875000e-01
9.935760498046875000e-01
6.194915771484375000e-01
9.916229248046875000e-01
8.937530517578125000e-01
9.234771728515625000e-01
9.325256347656250000e-01
7.160339355468750000e-01
9.261779785156250000e-01
6.999206542968750000e-01
5.286407470703125000e-01
4.454193115234375000e-01
3.622436523437500000e-01
9.635620117187500000e-01
9.865722656250000000e-01
7.834320068359375000e-01
1.848297119140625000e-01
9.874267578125000000e-01
9.701080322265625000e-01
9.895172119140625000e-01
9.174652099609375000e-01
9.806365966796875000e-01
8.437652587890625000e-01
9.571075439453125000e-01
8.612823486328125000e-01
9.913024902343750000e-01
8.636627197265625000e-01
9.910888671875000000e-01
9.831695556640625000e-01
9.964294433593750000e-01
9.875640869140625000e-01
9.871368408203125000e-01
9.378814697265625000e-01
9.900360107421875000e-01
9.932098388671875000e-01
9.918060302734375000e-01
7.360992431640625000e-01
9.980163574218750000e-01
9.861145019531250000e-01
9.909210205078125000e-01
9.691467285156250000e-01
9.885406494140625000e-01
9.868316650390625000e-01
9.748687744140625000e-01
8.265380859375000000e-01
9.760437011718750000e-01
9.920196533203125000e-01
9.935455322265625000e-01
9.810028076171875000e-01
9.766540527343750000e-01
9.783782958984375000e-01
9.805297851562500000e-01
9.935607910156250000e-01
9.328460693359375000e-01
9.929504394531250000e-01
6.767120361328125000e-01
9.867401123046875000e-01
9.820098876953125000e-01
9.911651611328125000e-01
9.823150634765625000e-01
7.680969238281250000e-01
9.580535888671875000e-01
9.597320556640625000e-01
8.008880615234375000e-01
6.383514404296875000e-01
9.610900878906250000e-01
7.122192382812500000e-01
8.834991455078125000e-01
9.723358154296875000e-01
9.406738281250000000e-01
9.703369140625000000e-01
9.797668457031250000e-01
9.910583496093750000e-01
3.485412597656250000e-01
8.745727539062500000e-01
5.966644287109375000e-01
9.457397460937500000e-01
9.908447265625000000e-01
7.937927246093750000e-01
8.932189941406250000e-01
6.862487792968750000e-01
7.305450439453125000e-01
7.130279541015625000e-01
9.617156982421875000e-01
9.424438476562500000e-01
7.763061523437500000e-01
8.313140869140625000e-01
7.280883789062500000e-01
8.505859375000000000e-01
9.518737792968750000e-01
9.597473144531250000e-01
9.737854003906250000e-01
9.762573242187500000e-01
9.597015380859375000e-01
9.586639404296875000e-01
5.037231445312500000e-01
9.257812500000000000e-01
7.657012939453125000e-01
5.586090087890625000e-01
4.439239501953125000e-01
7.192077636718750000e-01
5.198059082031250000e-01
9.729003906250000000e-01
5.984039306640625000e-01
5.738830566406250000e-01
7.782897949218750000e-01
3.534393310546875000e-01
8.574676513671875000e-01
8.882751464843750000e-01
9.721374511718750000e-01
7.121734619140625000e-01
6.884918212890625000e-01
1.251525878906250000e-01
8.433227539062500000e-01
9.744873046875000000e-01
6.440582275390625000e-01
3.942108154296875000e-01
9.794769287109375000e-01
9.836425781250000000e-01
9.553985595703125000e-01
9.434509277343750000e-01
9.658203125000000000e-01
6.184387207031250000e-01
3.096618652343750000e-01
9.347381591796875000e-01
9.763488769531250000e-01
8.454437255859375000e-01
7.855682373046875000e-01
5.858764648437500000e-01
7.697601318359375000e-01
9.262237548828125000e-01
7.116088867187500000e-01
7.105865478515625000e-01
6.306457519531250000e-01
9.730682373046875000e-01
9.328002929687500000e-01
6.860504150390625000e-01
9.633026123046875000e-01
9.285583496093750000e-01
9.681091308593750000e-01
8.165893554687500000e-01
9.944610595703125000e-01
9.944458007812500000e-01
7.600860595703125000e-01
7.579040527343750000e-01
9.804840087890625000e-01
6.905975341796875000e-01
9.945373535156250000e-01
9.946136474609375000e-01
9.054107666015625000e-01
5.995025634765625000e-01
9.875488281250000000e-01
5.259246826171875000e-01
9.620056152343750000e-01
9.796295166015625000e-01
3.923645019531250000e-01
9.173736572265625000e-01
9.614257812500000000e-01
5.195770263671875000e-01
6.240081787109375000e-01
9.966278076171875000e-01
9.554290771484375000e-01
9.840850830078125000e-01
7.959442138671875000e-01
9.877624511718750000e-01
9.734649658203125000e-01
9.898376464843750000e-01
8.299407958984375000e-01
9.589233398437500000e-01
9.804077148437500000e-01
