9.681243896484375000e-01
9.893951416015625000e-01
9.707336425781250000e-01
8.103485107421875000e-01
8.863067626953125000e-01
9.359588623046875000e-01
8.842773437500000000e-01
9.740142822265625000e-01
9.810028076171875000e-01
9.794158935546875000e-01
8.339691162109375000e-01
6.810607910156250000e-01
8.962402343750000000e-01
9.287414550781250000e-01
2.787780761718750000e-01
4.141845703125000000e-01
4.149627685546875000e-01
4.748077392578125000e-01
8.403472900390625000e-01
8.806610107421875000e-01
7.768859863281250000e-01
4.838562011718750000e-01
2.368469238281250000e-01
8.511810302734375000e-01
7.414855957031250000e-01
9.708557128906250000e-01
8.959655761718750000e-01
9.912109375000000000e-01
6.224365234375000000e-01
9.940338134765625000e-01
9.211730957031250000e-01
9.318237304687500000e-01
9.486389160156250000e-01
7.180480957031250000e-01
9.322204589843750000e-01
6.938934326171875000e-01
5.251464843750000000e-01
4.438018798828125000e-01
3.543853759765625000e-01
9.821777343750000000e-01
9.859008789062500000e-01
7.957458496093750000e-01
1.457061767578125000e-01
9.877777099609375000e-01
9.852447509765625000e-01
9.945983886718750000e-01
9.252319335937500000e-01
9.843292236328125000e-01
8.894500732421875000e-01
9.652404785156250000e-01
8.817138671875000000e-01
9.882202148437500000e-01
9.157257080078125000e-01
9.933013916015625000e-01
9.844970703125000000e-01
9.979705810546875000e-01
9.941253662109375000e-01
9.963531494140625000e-01
9.468688964843750000e-01
9.929656982421875000e-01
9.947357177734375000e-01
9.935455322265625000e-01
7.529144287109375000e-01
9.972991943359375000e-01
9.802856445312500000e-01
9.943389892578125000e-01
9.691467285156250000e-01
9.834899902343750000e-01
9.917449951171875000e-01
9.785003662109375000e-01
8.278503417968750000e-01
9.793853759765625000e-01
9.919433593750000000e-01
9.945983886718750000e-01
9.826812744140625000e-01
9.903717041015625000e-01
9.828033447265625000e-01
9.858093261718750000e-01
9.963073730468750000e-01
9.231567382812500000e-01
9.936981201171875000e-01
6.905364990234375000e-01
9.869384765625000000e-01
9.882507324218750000e-01
9.941864013671875000e-01
9.824981689453125000e-01
7.680664062500000000e-01
9.571228027343750000e-01
9.664459228515625000e-01
8.005371093750000000e-01
6.419067382812500000e-01
9.643249511718750000e-01
7.177124023437500000e-01
9.228210449218750000e-01
9.663238525390625000e-01
9.443664550781250000e-01
9.672698974609375000e-01
9.892425537109375000e-01
9.924468994140625000e-01
3.128356933593750000e-01
8.857727050781250000e-01
6.260986328125000000e-01
9.510498046875000000e-01
9.935607910156250000e-01
7.963867187500000000e-01
8.841857910156250000e-01
6.964416503906250000e-01
7.259063720703125000e-01
7.077941894531250000e-01
9.591979980468750000e-01
9.508361816406250000e-01
7.611541748046875000e-01
8.242492675781250000e-01
7.385559082031250000e-01
8.861236572265625000e-01
9.572296142578125000e-01
9.705047607421875000e-01
9.811401367187500000e-01
9.924621582031250000e-01
9.510040283203125000e-01
9.824066162109375000e-01
4.938354492187500000e-01
9.384765625000000000e-01
7.781066894531250000e-01
5.783843994140625000e-01
4.142761230468750000e-01
7.362976074218750000e-01
5.207214355468750000e-01
9.732055664062500000e-01
5.710906982421875000e-01
5.610351562500000000e-01
8.002777099609375000e-01
3.157653808593750000e-01
8.601684570312500000e-01
8.910522460937500000e-01
9.751586914062500000e-01
7.088623046875000000e-01
6.785736083984375000e-01
8.018493652343750000e-02
8.569335937500000000e-01
9.796447753906250000e-01
6.605072021484375000e-01
3.685760498046875000e-01
9.799194335937500000e-01
9.888153076171875000e-01
9.602508544921875000e-01
9.595031738281250000e-01
9.646301269531250000e-01
5.961303710937500000e-01
2.725982666015625000e-01
9.335021972656250000e-01
9.655609130859375000e-01
8.647460937500000000e-01
7.792663574218750000e-01
5.646972656250000000e-01
7.540283203125000000e-01
9.393615722656250000e-01
7.116088867187500000e-01
7.497100830078125000e-01
6.401977539062500000e-01
9.735107421875000000e-01
9.414367675781250000e-01
6.764831542968750000e-01
9.637451171875000000e-01
9.365692138671875000e-01
9.640045166015625000e-01
8.183746337890625000e-01
9.933013916015625000e-01
9.870452880859375000e-01
7.615203857421875000e-01
7.634277343750000000e-01
9.873046875000000000e-01
6.698760986328125000e-01
9.945068359375000000e-01
9.960174560546875000e-01
9.279937744140625000e-01
5.654602050781250000e-01
9.845733642578125000e-01
5.176696777343750000e-01
9.644927978515625000e-01
9.806213378906250000e-01
3.789062500000000000e-01
9.299926757812500000e-01
9.621887207031250000e-01
4.560699462890625000e-01
6.097869873046875000e-01
9.965209960937500000e-01
9.599456787109375000e-01
9.853210449218750000e-01
8.148803710937500000e-01
9.913024902343750000e-01
9.694671630859375000e-01
9.894714355468750000e-01
8.558349609375000000e-01
9.663391113281250000e-01
9.971160888671875000e-01
