1.203649776742380106e-01
8.466628308400460101e-01
7.855515782622843890e-01
6.928804183085783830e-01
4.992667853776055487e-01
5.421511627906976799e-02
2.921713441654357202e-01
8.460125918153200697e-01
7.635864233863056683e-01
8.309455587392550191e-01
2.986403606000147537e-01
5.243085419401566361e-01
6.632697547683923389e-01
5.055129245999528953e-01
5.459322476055603612e-01
7.598967565382342970e-01
1.609690568834537816e-01
7.263236251977296387e-01
7.113494996844856866e-01
9.517788378642451086e-01
3.722943722943722888e-01
4.812512080407190251e-01
6.475560455714810537e-01
3.672445255474452441e-01
6.561048180821631437e-01
8.943455292506359289e-01
8.032387254048406477e-01
8.256945924820578708e-02
5.757693805999221093e-01
5.269861487024358748e-01
2.523746894636855198e-01
7.739122697748910262e-01
5.209026307831872149e-01
9.304986580025427223e-01
0.000000000000000000e+00
8.791032826261009347e-01
3.930111634096453699e-01
6.680802479204045463e-01
3.590065658007421945e-01
1.664719626168224276e-01
4.532821886082362139e-01
5.406486941870261020e-01
6.206522632054547461e-01
4.236739974126778607e-01
8.414898224339540933e-01
5.613581645659254660e-01
9.224977856510185870e-01
9.043715846994535568e-01
9.764457725435050639e-01
3.721436343852013162e-01
8.790140208050656323e-01
8.140655105973024774e-01
9.353394677940810586e-01
9.104945717732207955e-01
6.872311462020147532e-01
5.919185687847008381e-01
8.818327974276527481e-01
1.492853810594172749e-02
5.755262658827992039e-01
7.757457652525858727e-01
8.829832833261894720e-01
7.438455008488964459e-01
2.007705479452054909e-01
3.217268000630219005e-01
7.761047463175122507e-01
6.705561706839281433e-01
6.863680353933361289e-01
6.290322580645161255e-01
8.716087975884783123e-01
2.263083451202262952e-01
9.125207296849088268e-01
8.020285499624342229e-01
3.614304731937553194e-01
3.487730907085745957e-01
8.212983223924142928e-01
8.828510938602681657e-01
2.727559303333595975e-01
9.434229137199434678e-01
7.683501523229245844e-01
7.261834993813895966e-01
8.599934576382074480e-01
1.889297922692610987e-01
6.876390026922626353e-01
9.400181763102090082e-01
7.272174969623329543e-01
9.302421009437833455e-01
5.007534659433393598e-01
6.899611758180810295e-01
6.792763157894736725e-01
9.009274873524452110e-01
8.284326664203135460e-01
4.435190005205622010e-01
7.645398080180688671e-01
9.010836984090384583e-01
6.815773647584409504e-03
6.952965235173823588e-01
8.457397132340822576e-01
8.677703719630187607e-01
7.036924939467312790e-01
3.522071706337335795e-01
8.801431127012522282e-01
7.128027681660900061e-01
8.400406891728654513e-01
8.981211454797533023e-01
7.404282416620233676e-01
8.999323867478025152e-01
9.011500547645125980e-01
6.001367938479740261e-01
0.000000000000000000e+00
9.097162510748065811e-01
9.537313432835821114e-01
2.486436211440086752e-01
6.523218574859888097e-01
4.193399492268636286e-01
1.953237410071942404e-01
4.008410801239486454e-01
7.111548187693171874e-01
8.780962128966223190e-01
7.738853503184713878e-01
3.959263392857143016e-01
9.507948523845571875e-01
7.562592047128129380e-01
7.100822504698582893e-01
9.190330007674597512e-01
8.719397363465160034e-01
5.629057187017001418e-01
5.813163788743588301e-01
9.341147938561035202e-01
7.845162263013079063e-01
9.362941390607936176e-01
4.753664135617163833e-01
5.945237240884374552e-01
6.801329294208074971e-01
7.007534441964660132e-01
9.592901878914404934e-01
6.947663689377722163e-01
5.567715458276333296e-01
7.979094076655052215e-01
4.866602378656380568e-01
9.143576826196473384e-01
9.459629280552936947e-01
1.505918289423444079e-01
6.221308883970914083e-01
4.914106375949785499e-01
6.817823964729963215e-02
7.359591539022610762e-01
6.640118790496760681e-01
6.192314077025232733e-01
3.683436304795528193e-01
3.452178834182229594e-01
2.926011560693641544e-01
9.287305122494432519e-01
4.679243635093235376e-01
7.332421340629274864e-01
2.223545170412263849e-01
9.455545902114104173e-01
9.083431257344301013e-01
7.041729423230265184e-01
4.343967793602008798e-01
8.407445708376422022e-01
7.270250185781520491e-01
7.115672013549865227e-01
4.838511981369124082e-01
5.369144474202840467e-01
6.850173067413878325e-01
1.479365894358513622e-01
7.179878048780488076e-01
4.984321020462397223e-01
6.758043335521995987e-01
9.113257243195785895e-01
7.062978222483814461e-01
3.406849560695714429e-01
8.685243328100471505e-01
5.884607919254658537e-01
4.862498458502897969e-01
7.406312366028531269e-01
7.641581354824656946e-01
8.456030842665687164e-01
9.358095924990984527e-01
4.928070444888137946e-01
1.429416112342941636e-01
6.748735985930973680e-01
6.578635221881105055e-01
1.017024099049303604e-01
8.863636363636363535e-01
9.082899099952629340e-01
9.168865435356200466e-01
1.416352877891339512e-01
8.143527463428098523e-01
8.330361691288843407e-01
5.349713001488139996e-01
4.719403931515535611e-01
6.062201846230097502e-01
6.632117496581837468e-01
6.592495751078571997e-01
3.530123397048148814e-01
5.482141234208851577e-01
9.577192198898317743e-01
8.634361233480176701e-01
8.817943680419122465e-01
8.663644360240881914e-01
8.761938450654404020e-01
4.795953958841995407e-02
8.509505703422053369e-01
8.897014015843998092e-01
7.417007730786721043e-01
7.668968342208438704e-01
8.729062591830737405e-01
8.885193397388518877e-01
8.727705112960760792e-01
6.148770049982033026e-01
8.282040472175379309e-01
9.267487241068748105e-01
3.912598460237639575e-01
7.704133925521011728e-01
8.740529199207366373e-01
9.546010602147614321e-01
9.412640765030177992e-01
8.679975844552590969e-01
9.052732561737946160e-01
7.074060353916735711e-01
9.210084033613444854e-01
4.231305155596841727e-01
8.872053159520887355e-01
8.729417775610208707e-01
8.300372923494180322e-01
6.245730799544618739e-01
8.683025990997531585e-01
1.613062546920067952e-01
6.759724835734336468e-01
8.650458835297699656e-01
4.412207178164624932e-01
8.929147001266259931e-01
7.873546626072805976e-01
9.648019599836668014e-01
8.311350479958965476e-01
9.740541387959865682e-01
9.091432298660937494e-01
9.465065818024013256e-01
9.686745602942866684e-01
7.403359216745442062e-01
5.500331744978587123e-01
8.240860772621207975e-01
7.827169274537695287e-01
9.199969838636706809e-01
9.191226402281679198e-01
9.347269819511080380e-01
3.744916309309724856e-01
7.930023407662929458e-01
9.351361508763538222e-01
8.962818003913893827e-01
9.144050104384133792e-01
8.369878570804577533e-01
9.576412406601085836e-01
9.277088580777288485e-01
9.188743428512524680e-01
8.342857142857142971e-01
9.792597319719208437e-01
8.397011537734064834e-01
8.506547964647441784e-01
4.163074650959111001e-01
7.680207371635536795e-01
8.500277315585136328e-01
9.068082237950791935e-01
8.960004719207173007e-01
8.165680473372780579e-01
7.376616746085772336e-01
8.781576655052264480e-01
9.123424215772500956e-01
4.057078283219959780e-01
6.735200414907016597e-01
8.006941001487357656e-01
9.319157894736842529e-01
9.164351678053908046e-01
7.791347547091699299e-01
8.987488911321158680e-01
7.086833678658881475e-01
9.434579722441064353e-01
9.022222222222222587e-01
9.450899251949705926e-01
4.814313597918022380e-01
8.459453825307483577e-01
8.461831479506323195e-01
9.425503518563455030e-01
9.267015706806283060e-01
8.175373709354292195e-01
9.436207569254779770e-01
9.426179041989902752e-01
9.601011697755295060e-01
8.699292623069149188e-01
8.369214902668556944e-01
7.513086682636855862e-01
8.736842105263158409e-01
8.157058356140195476e-01
9.382968539228058180e-01
6.907775768535262539e-01
9.307939421753097520e-01
9.063782917793130611e-01
6.615459723352319354e-01
8.848200198143323369e-01
9.197603546197534730e-01
8.005906576265546803e-01
9.384142463430146242e-01
7.407223901303077174e-01
9.074364606212739215e-01
9.452993056858697285e-01
9.563032249057656919e-01
6.570079244376850758e-01
9.492668307824039253e-01
9.230199851961510271e-01
6.951164641954798995e-01
9.183265778807180313e-01
7.098878163318549372e-01
3.871688892354883116e-01
8.863104393767137212e-01
9.076946117748859733e-01
9.798213881980556428e-01
5.613037637025642956e-01
7.417899283353038831e-01
3.425143080124870010e-01
9.587539157674904722e-01
7.242728809036733661e-01
9.016768513423498721e-01
5.896106238585890891e-01
9.429314454959185632e-01
7.502794545048065977e-01
7.749233128834356332e-01
8.182796525482358696e-01
9.367028251281439566e-01
9.850867403875418482e-01
9.023653749370911248e-01
9.573918997208616943e-01
4.591066693860901271e-01
9.041577923881840562e-01
8.656364588789942083e-01
9.120827770360480091e-01
7.958924949290060447e-01
9.279811744103322324e-01
6.761293844684045373e-01
5.955572762909548956e-01
9.216320787900105227e-01
5.827575747362744307e-01
7.995382951988545539e-01
8.627184207016139750e-01
9.516821760916248651e-01
4.277167739492616638e-01
9.170538111357534605e-01
8.271747095153354490e-01
9.535555555555556007e-01
8.529561025120527828e-01
9.291198138813493435e-01
8.931439682137121139e-01
6.758065511072728349e-01
8.189003436426116611e-01
9.595779306000314923e-01
9.254759519038076032e-01
9.397664278358421885e-01
8.086739987549284026e-01
9.798022684539333671e-01
8.766118446452011437e-01
8.217961744047356243e-01
5.709124217597069118e-01
9.489051094890510463e-01
7.190445639836154923e-01
5.910483796081344998e-01
8.627314390467460958e-01
9.586690299709957896e-01
7.312595170763541708e-01
8.591969864020581049e-01
7.470912226072690121e-01
9.233388248215266270e-01
8.205862758161225345e-01
9.372362044708456574e-01
8.522419739984080644e-01
8.644802380490329563e-01
8.856537102473498457e-01
9.570338901226224104e-01
5.463824677274091712e-01
9.509923773910542444e-01
8.760794701986754918e-01
7.897698209718669871e-01
8.553150783211765917e-01
9.144452906829144689e-01
6.175276845217216870e-01
9.342386831275719672e-01
8.377343277565006963e-01
8.654449817595656347e-01
9.278866989096330453e-01
7.277322642496077965e-01
8.217187752246677412e-01
9.510237963475373091e-01
5.492521248561778036e-01
8.167388167388167641e-01
7.558649383901424601e-01
3.349364631133074366e-01
4.610754414125200484e-01
9.496972064856417095e-01
9.410071324224456024e-01
4.848107234271857857e-01
9.680039787798409012e-01
2.730551262235960883e-02
7.262040197193780910e-01
9.696991213277713628e-01
8.928264919515207509e-01
9.502923976608187440e-01
7.651662096180857908e-01
9.526244035446489455e-01
8.090392723978115930e-01
8.750000000000000000e-01
6.827789866335094437e-01
9.135198305456139201e-01
7.452859591709521947e-01
8.099457743684698174e-01
8.757788161993769194e-01
9.472757406256474555e-01
9.119592686189981201e-01
8.772150267414137170e-01
9.385426160003169649e-01
6.630942737865287429e-01
3.974560125518323273e-01
8.922404371584699012e-01
1.229409115688179926e-01
8.335187760778859367e-01
4.382292381606039955e-01
7.901022260437565725e-01
0.000000000000000000e+00
8.725534968684759418e-01
9.483509645301804181e-01
6.088659147869673882e-01
8.550254747568318825e-01
8.834701055099648537e-01
4.598270472169217471e-01
9.339383938393839291e-01
6.184115812205071006e-01
7.665787611757894915e-01
8.650548214787742163e-01
7.702493190865283834e-01
8.978041849651252626e-01
5.874459425082676489e-01
7.129208115551058933e-01
3.242220540444286092e-01
7.268862415323522619e-01
6.359566040985018542e-01
3.439339790404171149e-01
6.266198704103671524e-01
7.742212816612658033e-01
8.387679883559875371e-01
8.646012621916235874e-01
8.803742322525353048e-01
8.254551820728290856e-01
9.223092144885141064e-01
9.758879831583070485e-01
8.656651108518086390e-01
9.226644086931978794e-01
7.088674942994679373e-01
3.689597171936026543e-01
7.973440309863051301e-01
9.198288159771754735e-01
8.248052322785418555e-01
8.481484770446674482e-01
9.396010757507844424e-01
8.376839346905865513e-01
7.110525159305647325e-01
1.054034407559970889e-02
2.170705617645974084e-01
8.783264412551690103e-01
9.615542227023805566e-01
9.464477423429112912e-01
6.455793719128110064e-01
8.843618143459915926e-01
9.637535423713319283e-01
8.748676484743478365e-01
8.259629101283880726e-01
8.365334717176958756e-01
4.707588206863219105e-01
8.615560640732264908e-01
4.990403071017274206e-01
8.289940828402366790e-01
8.439716312056737557e-01
6.841415465268676499e-01
7.111716621253405535e-01
9.325270528325907415e-01
9.194719471947194744e-01
1.113010040589617611e-01
6.569407603890362601e-01
9.494163424124513195e-01
9.117496151872754862e-01
8.592964824120602474e-01
8.203125000000000000e-01
5.903614457831325435e-01
9.147339699863574758e-01
7.378476279504556645e-01
7.282239079257127878e-01
9.594659610295886987e-01
6.194770063119927617e-01
9.495865564150439697e-01
7.856822262118492439e-01
9.649681528662420460e-01
9.194583036350677530e-01
8.963823135328271574e-01
7.744321183306920320e-01
9.383726528647087228e-01
3.081149619611158186e-01
7.751123401313515515e-01
5.589151548469855069e-01
3.109901535074307555e-01
9.248554913294797508e-01
8.625833625833625451e-01
9.443393347574000618e-01
8.578607809847198507e-01
8.589701541489013215e-01
8.361233480176211152e-01
5.114436619718309984e-01
9.119067917021881353e-01
9.588464031108230312e-01
9.567779960707268883e-01
9.148795047534822311e-01
8.058053965658217299e-01
3.325225165998290655e-01
8.398576512455515619e-01
7.764976958525345863e-01
8.684957426679280612e-01
5.864139020537124658e-01
8.023255813953488191e-01
9.556475458308693050e-01
7.919556171983356263e-01
9.487307117969139281e-01
9.303977272727272929e-01
9.183070866141732624e-01
6.955404661405762967e-01
8.281573498964803770e-01
9.376249500199920206e-01
7.946183415705656561e-01
8.986083499005964592e-01
9.050279329608938994e-01
7.101914177534707218e-01
8.878026070763500588e-01
8.313397129186602674e-01
7.971931755641167294e-01
6.584187408491947169e-01
7.518453427065026062e-01
8.660658794282163342e-01
2.599072105161415180e-01
8.563296286256437684e-01
7.693144722524483115e-01
8.692560175054704352e-01
6.459549624687239699e-01
9.695219762592236501e-01
7.873826675398384323e-01
8.074675917473068676e-01
9.395833333333333259e-01
6.226752503576538089e-01
4.410456062291435164e-01
9.236379236379236302e-01
6.688503111693416825e-01
4.808813998703823644e-01
6.741885207020397175e-01
8.743243243243242757e-01
6.202531645569620000e-01
9.244444444444444020e-01
5.495850089843415942e-01
7.904871626069782664e-01
7.641250127252366964e-01
8.934848484848484373e-01
1.356819246992657380e-01
3.000056328507857972e-01
0.000000000000000000e+00
8.702325581395349285e-01
9.417391304347826342e-01
8.066998641919420621e-01
9.218551461245234613e-01
8.646441073512252107e-01
6.743515850144091717e-01
7.139072847682119694e-01
9.291044776119402604e-01
9.395396770869116621e-01
8.918629550321198751e-01
9.375591296121097429e-01
9.027128157156221189e-01
9.647924330005255289e-01
6.811363445906309932e-01
7.659963436928701741e-01
8.668453976764968205e-01
9.119266055045871511e-01
9.124700239808153368e-01
9.402834008097166185e-01
7.444622059831011718e-02
9.203020134228188098e-01
7.565303104977821880e-01
7.818627450980392135e-01
6.348122866894198024e-01
9.200000000000000400e-01
7.634961439588688892e-01
8.914835164835165360e-01
6.153716500927017830e-01
5.350029815146094547e-01
9.613034623217923125e-01
4.817563388991960571e-01
8.685239491691104652e-01
5.885216878135143270e-01
