1.574128001035397795e-01
8.626096964465544970e-01
8.145135047185161348e-01
7.020077425231516788e-01
6.819278769909673521e-01
1.000000000000000000e+00
3.772525849335302550e-01
8.842215804673142499e-01
8.571125715497137643e-01
9.998722860791826594e-01
9.888754534461910994e-01
5.295321238575910749e-01
9.087497240415041144e-01
4.994554100363945426e-01
5.797752808988764217e-01
9.821808075854177034e-01
9.876684829366216833e-01
7.337126974289631676e-01
8.363003887865766428e-01
9.745132743362832084e-01
5.893016229616144797e-01
7.502145104395080422e-01
6.501999384804675319e-01
8.372792937399679003e-01
7.501721224259874088e-01
9.671509791535060074e-01
9.982687729928586551e-01
1.834366555396598208e-01
6.991091314031180337e-01
1.000000000000000000e+00
2.622687047465808718e-01
1.000000000000000000e+00
5.523030072325847417e-01
9.941025253288976460e-01
5.795382669196710856e-02
9.945454545454545103e-01
4.338697355775154585e-01
7.227722772277227481e-01
6.477736826377129553e-01
1.000000000000000000e+00
8.759311584895966840e-01
6.050968828980622938e-01
6.149236037934667776e-01
4.557567917205692098e-01
9.465861588481189193e-01
9.394862364231940655e-01
9.980852082336045816e-01
9.850857568978373946e-01
9.838909541511772217e-01
6.050054406964091580e-01
9.189189189189189699e-01
1.000000000000000000e+00
9.592971811401845850e-01
9.217958001448225414e-01
9.066908786143316190e-01
6.681074405680765826e-01
9.837983798379837941e-01
1.857585139318885387e-02
5.903540033262058007e-01
8.904220779220779480e-01
9.020618556701031077e-01
1.000000000000000000e+00
1.000000000000000000e+00
6.376880443388757147e-01
8.777640772708590333e-01
8.033025740650800994e-01
7.094420899048148321e-01
6.604414261460102020e-01
8.988624845140218422e-01
4.628625324215986936e-01
9.359933499584371930e-01
8.380308154829011480e-01
3.932591068619145647e-01
3.906379453189726680e-01
1.000000000000000000e+00
9.976095617529880943e-01
1.000000000000000000e+00
9.869942196531792389e-01
7.607106039174318379e-01
8.096220909543804245e-01
9.060424966799468516e-01
2.566394951354193932e-01
7.401053864168618546e-01
9.895734597156398138e-01
7.976913730255164037e-01
9.991185544292640053e-01
5.565099457504520952e-01
7.432057681641708324e-01
7.020285087719297934e-01
9.252533783783783994e-01
8.429796070496778926e-01
4.538001041124414270e-01
7.778091473743647954e-01
9.137572254335259991e-01
2.004639308113061527e-02
7.247443762781186072e-01
8.634490715306010200e-01
9.011719814663395889e-01
7.684624697336561727e-01
3.980515263043948870e-01
9.986513823331085726e-01
7.497116493656286185e-01
8.504037128870239881e-01
9.160235824186359066e-01
7.853603963560812362e-01
9.955752212389380462e-01
9.352237976091186678e-01
6.035174098733657733e-01
0.000000000000000000e+00
9.799818016378526453e-01
9.881498470948012480e-01
1.000000000000000000e+00
9.833901824113895351e-01
5.028765997416930755e-01
2.356115107913669127e-01
7.102637205987170077e-01
7.470489038785834701e-01
8.946478873239436247e-01
8.121487448482577198e-01
9.587567244471010275e-01
9.941566030385664554e-01
8.564064801178202790e-01
7.377204585537918691e-01
9.837596427121396703e-01
9.339622641509434109e-01
8.399999999999999689e-01
6.027743660140163495e-01
9.487596583977226938e-01
8.211526139233349397e-01
9.670041244844393979e-01
4.761316145741362194e-01
5.958334492253776205e-01
6.969313222224734483e-01
6.807947918079478855e-01
9.960629921259842590e-01
6.698161954676311591e-01
6.511627906976744651e-01
8.426294820717131762e-01
5.107682417229186811e-01
9.735064935064935421e-01
9.801282051282050878e-01
1.527809596538118875e-01
6.507113499841922222e-01
8.897000789265983034e-01
1.000000000000000000e+00
9.327949235650417892e-01
7.085583153347732033e-01
6.654739119580593831e-01
6.142759094028826805e-01
1.000000000000000000e+00
3.332947976878612439e-01
9.980039920159680111e-01
5.289981657786706482e-01
8.522571819425444062e-01
3.313737163268343777e-01
9.727560927283535053e-01
9.388083735909822369e-01
7.468309547025973050e-01
4.495043504610189977e-01
8.743083003952568655e-01
9.705882352941176405e-01
7.572979974095845890e-01
9.144952058657642713e-01
8.937453523919689502e-01
7.121037305642546889e-01
1.868171886380189384e-01
8.515866873065015552e-01
5.057666755248472201e-01
7.808241668034805461e-01
9.763528876762164188e-01
7.557386698057680929e-01
4.011117088040164758e-01
9.276393831553974012e-01
6.221855590062111974e-01
5.299050437785176593e-01
7.515706999778254405e-01
7.796776301459377168e-01
8.463045741228338859e-01
9.889691898060098962e-01
5.671427840065530468e-01
1.665927568366592781e-01
7.539036727512645752e-01
6.701234567901234174e-01
1.192318625438236329e-01
1.000000000000000000e+00
9.472514732876050614e-01
9.783210332103321472e-01
1.791823561054330383e-01
8.558877161960546376e-01
9.011411719451212221e-01
5.062107085370668447e-01
6.341728574017032605e-01
6.241868533548107223e-01
8.419255342586472457e-01
6.826633099939685145e-01
3.902734091458988641e-01
6.013869079820980401e-01
9.823922282938676309e-01
9.221583370190181705e-01
9.514276337381030180e-01
8.944448249880129209e-01
9.545970488081725325e-01
1.000000000000000000e+00
9.239543726235741605e-01
9.891598915989160412e-01
9.462731744230041819e-01
7.791660570592537916e-01
8.928042641397689883e-01
9.057494101577051593e-01
9.396605908233814919e-01
9.561044602717583274e-01
9.256779377301640466e-01
9.874411302982731842e-01
4.186729562547283345e-01
9.718723761544920681e-01
9.948399047367028070e-01
9.774787146388355108e-01
9.521704814522493621e-01
8.815573477981586414e-01
9.808185005393743605e-01
6.785133631877692251e-01
9.796254681647940110e-01
5.256231614801052388e-01
8.943781220895775652e-01
8.923403659447348701e-01
9.981647634584013273e-01
6.465270318653777437e-01
9.500240269101393187e-01
1.740755388570298656e-01
6.778542122960174998e-01
9.906864954183566274e-01
4.463070420517228909e-01
9.996777104550728099e-01
8.250481077613854852e-01
9.782138099467140302e-01
8.467798616505751719e-01
9.759574915824915653e-01
9.971305595408894717e-01
9.803467164268946377e-01
9.713660194734112796e-01
9.919542183693127457e-01
5.388443211291392698e-01
8.199377754731657086e-01
7.841394025604552231e-01
9.207271081611102526e-01
9.474348191757779869e-01
9.337349397590360978e-01
3.857794992391755384e-01
8.128035431188505022e-01
9.142121082009445621e-01
9.834234234234233707e-01
9.166941422134300410e-01
9.321696003111932249e-01
9.916750474913398339e-01
9.505258009293225951e-01
9.384420786339201515e-01
8.380018344739998959e-01
9.803542673107890071e-01
8.448448926915539392e-01
8.586220243855234857e-01
4.536399823087129413e-01
7.710389887081883220e-01
8.510047740646163872e-01
9.986998514115899006e-01
9.996708794102159290e-01
8.482706766917292862e-01
7.471919673247107152e-01
8.837108013937282625e-01
9.398552909255351029e-01
4.095675112500277160e-01
6.809661406238423087e-01
8.086266732771443255e-01
9.914741970407795479e-01
9.877999186661244879e-01
7.999171499585749912e-01
8.970763814480330334e-01
7.306850892343120796e-01
9.781769877917642075e-01
9.941593070172963786e-01
9.557823129251700189e-01
4.831919572730128953e-01
9.115235539654144015e-01
9.099927413501088802e-01
9.484435202739893711e-01
9.943749049815030494e-01
8.280935418925197133e-01
9.461101312953165143e-01
9.417068049895023218e-01
9.961214830397054909e-01
8.847091459314054829e-01
8.393708908083021836e-01
7.631108728669704355e-01
8.791624621594349431e-01
8.238128923865947195e-01
9.381958446567897347e-01
7.011969344699905404e-01
9.335172413793103585e-01
9.639547962080231569e-01
6.697477624084621217e-01
9.993986895579332064e-01
9.935498387459686942e-01
8.036375743954717876e-01
9.444602272727272707e-01
7.466184412624485844e-01
9.215057164806362833e-01
9.882712398974965451e-01
9.722617354196301243e-01
6.341951492835987692e-01
9.501098547773431102e-01
9.238888888888888706e-01
6.992697193091752528e-01
9.945859170889861378e-01
7.055576277508391891e-01
4.230939197795627882e-01
8.960535117056855903e-01
9.006729789756692250e-01
9.884126254500881226e-01
5.699458659500720170e-01
8.738256212134515311e-01
3.808207596253901928e-01
9.815426751213122136e-01
7.328115271724628954e-01
9.915210853010814063e-01
6.044909300381774431e-01
9.854335786359152971e-01
7.546016841791489682e-01
7.952453987730061513e-01
8.236289516191062088e-01
9.473243480341334566e-01
9.907777436212726885e-01
9.075290550783223775e-01
9.576837416481068788e-01
4.668570263104221962e-01
9.910560016261815708e-01
9.984878270074096784e-01
9.579109792284866698e-01
8.195469086635763789e-01
9.917057444314185677e-01
6.870933988444565266e-01
6.006388230169869002e-01
9.564610182780418635e-01
9.614468509389021422e-01
8.024012600671639461e-01
8.652651312265666750e-01
9.958217924041125046e-01
4.393032942067398583e-01
9.194459418285794161e-01
8.201845662273233861e-01
9.919143693208070101e-01
8.565247820830947934e-01
9.994992488733099867e-01
9.998106956933270340e-01
6.791376226019369966e-01
8.320733104238259292e-01
9.784691570674991512e-01
9.981060606060605522e-01
9.919102477921235561e-01
8.182358182358182574e-01
9.784880523131455066e-01
8.919280569876815168e-01
8.284601283226398216e-01
5.842450765864332096e-01
9.981226166031094138e-01
8.236373015418123611e-01
5.999628563469217024e-01
9.964793213149523154e-01
9.619520938569333657e-01
7.377184952704763932e-01
8.768822805189885328e-01
7.445832756472380298e-01
9.544834381869172768e-01
9.599312661095056320e-01
9.754636468078122791e-01
8.511463563667277521e-01
8.730374983780978537e-01
9.522909420837744054e-01
9.842456875062319810e-01
5.657813465101915185e-01
9.934455870719854920e-01
1.000000000000000000e+00
7.998976982097186772e-01
8.835125448028673389e-01
9.514356611130804220e-01
6.240917973643332894e-01
9.363149216817806542e-01
8.455956460391049756e-01
8.856726899032285605e-01
9.213097024037958382e-01
7.537040264946835988e-01
8.249730893433799839e-01
9.450641383156720421e-01
5.666443899903467196e-01
8.263588263588264038e-01
7.464888090809979060e-01
3.470261207200847076e-01
4.733609087541671978e-01
9.668431039648457404e-01
9.737807606263981786e-01
5.037505068252466911e-01
9.802736506337614841e-01
1.000000000000000000e+00
7.308629936616284350e-01
9.658359053039088371e-01
8.936607892527288488e-01
9.588542850647874261e-01
7.683098120527055430e-01
9.572413793103448088e-01
8.137580647996764949e-01
8.849757673667205671e-01
7.146529562982004702e-01
9.910945016499026483e-01
7.467664017453639058e-01
8.290066225165563241e-01
8.800623052959501980e-01
9.568586387434554474e-01
9.196731709137037081e-01
8.999900750984219933e-01
9.964588339446059928e-01
1.000000000000000000e+00
4.334304606074190214e-01
9.140855860785815912e-01
6.663735711594021005e-01
9.993325546470882559e-01
4.504118050789293060e-01
8.232833237160992468e-01
2.687817860813196749e-02
9.622450821151417033e-01
9.465582196052992892e-01
6.187343358395990256e-01
8.584529874942102845e-01
9.991161392964468257e-01
4.678256196126258093e-01
9.894945721956344142e-01
6.219307366232104117e-01
9.453592418065336345e-01
8.696935619904413439e-01
7.595223130106850684e-01
9.514669291553878860e-01
6.015008903586873679e-01
7.232619569493621281e-01
3.281817979081644299e-01
7.359222393569793130e-01
6.456001377647666573e-01
3.568924123875157339e-01
6.117710583153347370e-01
7.686330269162092721e-01
8.593753727960298239e-01
8.841791044776119435e-01
8.974100719424460415e-01
8.230553608969867208e-01
9.352336122733612145e-01
9.764932467468332433e-01
8.685370152761456852e-01
9.231752343084350665e-01
8.867226996966632857e-01
8.571528899501369425e-01
8.186740715029503512e-01
9.480441922962078438e-01
8.502024291497976005e-01
8.650246305418719528e-01
9.934756820877816974e-01
8.715517241379310276e-01
7.231377719182596753e-01
2.251029803731524268e-02
1.000000000000000000e+00
9.047177378923092483e-01
9.802048041417640301e-01
9.880457037183805191e-01
6.630253873742938397e-01
9.504901264384145732e-01
9.987205610576694870e-01
8.948609609904687456e-01
8.608633606849803721e-01
9.987593052109181579e-01
5.239246012566457500e-01
8.895881006864988505e-01
5.652591170825336242e-01
1.000000000000000000e+00
8.751773049645390490e-01
7.693315858453473322e-01
8.182648401826484452e-01
9.650032404406999609e-01
9.488372093023256237e-01
1.399273659474471188e-01
6.892130857648098852e-01
9.877551020408162907e-01
9.708791208791208716e-01
1.000000000000000000e+00
8.587619877942458402e-01
6.163522012578616094e-01
9.225784447476125250e-01
7.682285580743164477e-01
7.405179178655506567e-01
9.797722868217054737e-01
8.139954853273138058e-01
9.825228651634519972e-01
7.998204667863554329e-01
9.833512352309344839e-01
9.375000000000000000e-01
9.246823956442831172e-01
8.119387216059165135e-01
9.509232264334305240e-01
4.230769230769230727e-01
8.053844556716728276e-01
6.250701590271281471e-01
5.308157099697885517e-01
9.842519685039370358e-01
1.000000000000000000e+00
9.911231427851926457e-01
9.999208422385814643e-01
8.700361010830325315e-01
8.515418502202642959e-01
7.928098391674550660e-01
9.402857142857142803e-01
9.727272727272727737e-01
9.882686084142394689e-01
9.407456724367510015e-01
9.766865079365079083e-01
7.295850066934403966e-01
9.978828510938603236e-01
8.430389510219822302e-01
9.667877529839128403e-01
6.255924170616113944e-01
8.355481727574750606e-01
9.656058509586874505e-01
8.243180767452612523e-01
9.622926093514329038e-01
9.904282115869017522e-01
9.399999999999999467e-01
7.313268489631125080e-01
9.992867332382311396e-01
9.906937394247038453e-01
8.171334431630972173e-01
9.209209209209209268e-01
9.779549718574108708e-01
8.740137276284559720e-01
9.968619246861925021e-01
8.498402555910543610e-01
8.431427766826246062e-01
6.853587115666178731e-01
7.602811950790860918e-01
8.837787445618396909e-01
3.819833752174753294e-01
8.798037612428454279e-01
9.009793253536452218e-01
9.232922732362821572e-01
6.851542952460383251e-01
9.801367632692934428e-01
8.113948919449901487e-01
8.801152737752161448e-01
9.728601252609603289e-01
9.837535014005601708e-01
6.673560841089279938e-01
9.424836601307189365e-01
8.498319013821441503e-01
5.813350615683733347e-01
6.918072779020125740e-01
9.678864824495891916e-01
8.209764918625678254e-01
9.831932773109243184e-01
9.532121905852053434e-01
8.541460191608853947e-01
9.584278155706726920e-01
9.946055293324342905e-01
9.925925925925925819e-01
3.185940404438686313e-01
7.537794692885083081e-02
9.166182114199326048e-01
9.486062717770035180e-01
8.432087511394712465e-01
9.830733488217723304e-01
9.237749546279492296e-01
7.514478764478764727e-01
7.613245033112582272e-01
9.673995451099317577e-01
9.518531347419466604e-01
9.940546967895362851e-01
9.929747089522280579e-01
9.285714285714286031e-01
9.897959183673469274e-01
7.553842286097377512e-01
8.647166361974405469e-01
8.939325842696629332e-01
9.200444815123713926e-01
9.769230769230768940e-01
9.766713091922005763e-01
9.954614220877457953e-01
9.785591766723842344e-01
1.000000000000000000e+00
8.419117647058823595e-01
7.172111165285226519e-01
9.639065817409766534e-01
8.284734133790737642e-01
9.319444444444444642e-01
6.551491656834653732e-01
5.730471079308289140e-01
9.793956043956043578e-01
5.324675324675324228e-01
8.880742913000977401e-01
6.363233992328120037e-01
