1.000000000000000000e+00
9.998805154903132042e-01
9.999679810447784645e-01
9.996884735202492545e-01
7.356419381330413509e-01
4.053840563682896692e-01
9.990828787951923085e-01
9.996921930435628267e-01
9.875861161807987232e-01
9.686341108376945730e-01
6.643732755911011534e-01
9.852900232018561022e-01
8.930448341578917093e-01
9.889219517441651952e-01
9.769923979257916224e-01
8.257524106360183413e-01
7.231381649986301507e-01
9.849458865652209738e-01
9.641153473691761455e-01
9.891326719631169384e-01
6.209622598756262546e-01
7.969837066295614170e-01
9.904620601949978287e-01
8.715979653851235742e-01
7.972127925674468152e-01
9.898991560695543646e-01
9.746696216038742699e-01
9.429127166975110885e-01
9.762182615460782698e-01
9.455372352392890090e-01
1.000000000000000000e+00
9.553643689081248169e-01
9.846686700962664629e-01
9.896984199718276143e-01
1.000000000000000000e+00
9.969737413868023923e-01
9.999599310814600850e-01
9.659848862775529676e-01
8.756148981026001810e-01
9.037517858252065439e-01
8.819740259740259658e-01
1.000000000000000000e+00
9.887500000000000178e-01
1.000000000000000000e+00
9.937049366549389751e-01
7.809286382050483200e-01
9.958705691364445611e-01
9.973362411402757477e-01
9.986307545878070346e-01
9.998297661606079245e-01
9.965731629705781858e-01
9.951769979904158125e-01
9.945683297180043514e-01
9.998208264785887200e-01
9.107735561716584494e-01
9.990208196221327386e-01
9.969887466045789237e-01
1.000000000000000000e+00
9.993257063226270720e-01
9.854149824845055416e-01
9.956809264650043900e-01
9.511474121285647954e-01
8.467978034846734836e-01
9.794329714121680075e-01
9.101587147502790964e-01
9.437917488821708778e-01
9.964217977044756980e-01
1.000000000000000000e+00
9.970700884268492992e-01
9.790847540582429120e-01
9.991763028670996860e-01
9.998409542743538214e-01
1.000000000000000000e+00
9.824387915160608387e-01
9.530498160203793034e-01
9.958774754593114897e-01
6.858259118981813174e-01
9.990747023625933254e-01
9.919412381951731028e-01
9.213282043062456239e-01
9.982886571556521815e-01
1.000000000000000000e+00
9.962233779098563780e-01
9.958313960013467359e-01
9.995773986539364664e-01
9.962539712646403256e-01
9.955348047538200573e-01
9.998117144964147052e-01
1.000000000000000000e+00
9.996200607902735458e-01
9.954657255908458957e-01
1.000000000000000000e+00
1.000000000000000000e+00
9.991014686902680575e-01
1.000000000000000000e+00
1.000000000000000000e+00
1.000000000000000000e+00
9.911635693246593215e-01
1.000000000000000000e+00
9.877241346810866629e-01
9.940205767099120626e-01
9.999845366404305214e-01
1.000000000000000000e+00
9.971347346271797196e-01
9.984157519520199253e-01
9.944842630102835868e-01
9.976751319846945965e-01
9.726441218427456237e-01
9.041638584321010086e-01
9.960581653397893032e-01
9.982676414494596751e-01
9.163173371707439285e-01
9.177283009882128972e-01
9.970536137077115058e-01
1.000000000000000000e+00
9.582974653275944110e-01
9.991441287230400370e-01
9.990871748060246027e-01
1.000000000000000000e+00
9.561718052706574822e-01
9.961409582492972703e-01
9.998597650285144800e-01
7.974821570182395458e-01
9.951167694576126266e-01
9.996615697012583013e-01
9.669489300249441976e-01
1.000000000000000000e+00
9.991756107614503390e-01
9.999487245224971677e-01
9.982821422322607496e-01
1.000000000000000000e+00
9.884731095561639647e-01
9.979826413323950041e-01
9.352869352869352948e-01
9.958560453922412625e-01
9.998959471411477118e-01
1.000000000000000000e+00
9.996064727364312175e-01
1.000000000000000000e+00
9.968244486016569761e-01
9.975487054601384074e-01
1.000000000000000000e+00
9.999396633213329944e-01
8.694584837545126232e-01
6.365588364365870611e-01
9.816333435370313554e-01
1.000000000000000000e+00
9.958556214158353903e-01
9.900673884577304573e-01
8.551668425217621161e-01
1.000000000000000000e+00
9.964461931430566022e-01
9.997185609081101765e-01
9.999228454594553117e-01
1.000000000000000000e+00
9.913783774034126139e-01
9.980333692824969738e-01
9.957648810908921178e-01
1.000000000000000000e+00
9.972141688667174320e-01
9.313870967741935125e-01
9.999153140437544440e-01
8.644985971660991142e-01
8.418393127842345169e-01
1.000000000000000000e+00
9.310890630428907411e-01
9.803372647760403291e-01
1.000000000000000000e+00
9.983009504584069438e-01
9.966054596839130086e-01
9.997650265519996138e-01
1.000000000000000000e+00
9.975240846255177818e-01
1.000000000000000000e+00
1.000000000000000000e+00
1.000000000000000000e+00
1.000000000000000000e+00
9.995122446905801983e-01
9.960576724370896473e-01
9.973914744690564049e-01
1.000000000000000000e+00
9.985407204577875229e-01
9.850481363954176617e-01
9.940073800738007392e-01
9.868753236664939976e-01
9.921355440790069480e-01
9.922989521525059642e-01
9.938284666384539223e-01
9.970699213727102217e-01
9.917210800699725048e-01
1.000000000000000000e+00
9.562790542679574513e-01
1.000000000000000000e+00
9.026382439848037453e-01
9.975185198700872169e-01
1.000000000000000000e+00
9.650244452801804984e-01
9.946732713578069207e-01
9.994468589490319577e-01
9.987517803133351135e-01
9.952686652138916790e-01
9.896013864818024031e-01
8.224079032406980128e-01
9.995951480045468518e-01
9.914994247731049315e-01
9.547053941908714148e-01
9.933037849558368215e-01
9.973121023442550470e-01
9.952333733451629305e-01
9.973571037610446943e-01
7.823301777476551200e-01
9.819708351745470853e-01
9.951564529839136419e-01
1.000000000000000000e+00
9.814580232447667196e-01
9.426219754065846557e-01
9.958972774401757544e-01
9.927704715541669778e-01
9.994402089886442742e-01
9.161741748438894106e-01
1.000000000000000000e+00
9.903671361342825108e-01
1.000000000000000000e+00
9.998568497399437094e-01
9.834714386459803004e-01
9.330631197859279302e-01
9.904716356412331946e-01
9.866088745720404951e-01
1.000000000000000000e+00
1.000000000000000000e+00
9.245473499396467121e-01
9.999468339624647539e-01
8.907789498087399505e-01
9.833926031294452086e-01
9.783080260303688158e-01
9.916889593018726190e-01
9.847020348837208781e-01
9.374731105693389077e-01
9.591767254719900659e-01
9.977376035202059068e-01
8.727003153256625012e-01
1.000000000000000000e+00
1.000000000000000000e+00
1.000000000000000000e+00
9.991392172615631839e-01
9.874385581649371968e-01
9.521727725802220377e-01
1.000000000000000000e+00
9.472031631585068334e-01
9.604705238681439106e-01
9.936744156402861350e-01
9.993975583393872597e-01
9.347342672893039772e-01
9.829337923506444863e-01
9.349184451838026266e-01
9.940409284733001671e-01
9.995132683059789747e-01
9.988307091028495455e-01
9.865964361761739854e-01
9.999131290901720481e-01
8.299855731883253318e-01
9.997591908813613371e-01
9.996638893311398100e-01
9.899088974597686219e-01
8.955962676376877374e-01
9.670228066570782932e-01
1.000000000000000000e+00
1.000000000000000000e+00
9.590619786195390128e-01
1.000000000000000000e+00
1.000000000000000000e+00
1.000000000000000000e+00
9.639826600258254441e-01
9.794331436299092974e-01
9.996957766642805554e-01
9.981138389461835514e-01
9.815354221017704717e-01
9.825245842298951926e-01
8.715068948330287890e-01
9.963444627876418824e-01
9.884418434528163822e-01
9.727359938603222789e-01
9.833825771119935055e-01
9.960963708447697629e-01
9.637359998253389737e-01
9.983750571268978913e-01
9.983914693656243955e-01
9.987639060568602734e-01
9.870638264048963162e-01
9.551581996434937993e-01
1.000000000000000000e+00
9.946929316338354310e-01
9.981599777808637386e-01
9.987184864159560638e-01
9.907541781751790788e-01
1.000000000000000000e+00
9.991767439307732701e-01
8.968574874086685522e-01
1.000000000000000000e+00
6.501039981511439469e-01
9.346025212245947511e-01
9.992531740104555471e-01
9.944349315068493622e-01
1.000000000000000000e+00
9.847260080834664420e-01
9.886080519949449474e-01
9.967353775681127015e-01
1.000000000000000000e+00
9.986773333333333058e-01
9.997006784621524922e-01
1.000000000000000000e+00
9.192406787692125603e-01
9.995093735474874785e-01
1.000000000000000000e+00
9.996837069544933785e-01
9.453387581814965968e-01
9.323026118282797814e-01
9.984487378366944110e-01
7.645127355032037553e-01
1.000000000000000000e+00
9.710126780403819380e-01
1.000000000000000000e+00
8.977305874803103158e-01
9.997178992900465078e-01
9.829433673956642359e-01
1.000000000000000000e+00
9.994279176201372739e-01
9.997715808508613744e-01
9.965890553166246724e-01
9.971314341036627837e-01
9.994807810312003049e-01
9.889647735442127496e-01
1.000000000000000000e+00
9.794064312260983840e-01
9.257938157865942541e-01
8.877877920635598441e-01
9.878332901889722573e-01
9.153297682709446992e-01
1.000000000000000000e+00
1.000000000000000000e+00
9.372623574144486325e-01
7.645051913316345260e-01
9.834728886380029733e-01
9.963469995744077545e-01
9.039853492631028109e-01
1.000000000000000000e+00
9.958021776203593856e-01
9.897578625104369587e-01
9.870599429115128887e-01
9.979325157068588137e-01
9.815886768495351022e-01
9.414943926496419646e-01
1.000000000000000000e+00
1.000000000000000000e+00
9.876485369905021461e-01
9.882705008255365797e-01
8.969859343603483470e-01
9.979288269629071895e-01
9.950582636812884685e-01
9.860941510703515878e-01
9.730533443132949323e-01
1.000000000000000000e+00
9.804706027922707179e-01
9.371373910873588287e-01
9.996590754125187495e-01
9.019327470746645314e-01
9.916316970820727716e-01
1.000000000000000000e+00
9.396995708154506355e-01
7.844427244582042880e-01
9.645210727969348863e-01
9.517569643297365545e-01
9.854920337394563745e-01
1.000000000000000000e+00
9.967279837197238201e-01
9.717262473714395332e-01
9.920370403732862163e-01
9.713475690674387986e-01
9.641180845879606665e-01
9.478979591836734775e-01
1.000000000000000000e+00
9.178340200117716119e-01
9.868576273685762956e-01
1.000000000000000000e+00
9.974319216978388969e-01
1.000000000000000000e+00
9.937986223286729981e-01
9.801461632155907822e-01
9.998327731232963256e-01
9.995527728085867869e-01
9.991121872477805033e-01
9.978573877271168513e-01
1.000000000000000000e+00
9.927307206068267664e-01
1.000000000000000000e+00
1.000000000000000000e+00
9.940925382274012900e-01
9.741119807344973403e-01
9.969671675013912493e-01
9.948529548887604657e-01
7.394672528013034318e-01
1.000000000000000000e+00
9.739533902773384044e-01
9.941886455073759565e-01
9.976773475963819360e-01
1.000000000000000000e+00
9.986908487132001300e-01
9.750375592280133841e-01
9.998398488172834941e-01
9.981593578625780339e-01
9.399995047420944827e-01
1.000000000000000000e+00
9.990514951884937878e-01
1.000000000000000000e+00
9.968920801628978756e-01
9.946815377068649600e-01
9.741708912741794402e-01
9.555661843835944191e-01
8.903887492257805958e-01
9.999161249737890111e-01
9.992730367559709004e-01
4.036995223621363538e-01
9.779319147506844168e-01
1.000000000000000000e+00
9.963120250335270045e-01
1.000000000000000000e+00
9.158890856704818839e-01
9.932822628167353729e-01
1.000000000000000000e+00
1.000000000000000000e+00
9.200848326652372178e-01
9.564659945218252357e-01
9.733068881451180099e-01
1.000000000000000000e+00
6.964195663136661940e-01
1.000000000000000000e+00
1.000000000000000000e+00
9.069157200566240196e-01
1.000000000000000000e+00
1.000000000000000000e+00
9.990819038415076347e-01
9.996374923533543067e-01
1.000000000000000000e+00
9.946328053410131709e-01
1.000000000000000000e+00
1.000000000000000000e+00
9.772679168606865918e-01
9.949100163606616753e-01
9.970563172980091426e-01
9.997158521093801875e-01
9.889415852742299284e-01
9.767144625953588788e-01
9.977012668573763676e-01
9.975382090470817920e-01
7.903682719546741842e-01
6.246564126557108132e-01
9.989830044395767716e-01
9.960763503626159920e-01
9.722185415838523470e-01
9.951628625554064245e-01
9.895107344237032976e-01
9.935830277632268226e-01
9.999508075756333714e-01
1.000000000000000000e+00
6.339206383799098621e-01
9.558571205740133969e-01
9.813838592202103195e-01
9.817442206568112173e-01
8.944791712200026446e-01
9.542539546814877705e-01
9.799473364391331209e-01
9.929912028757744702e-01
9.998087131174979714e-01
9.946498967523934587e-01
1.000000000000000000e+00
9.999843230701699337e-01
1.000000000000000000e+00
9.949949325641225251e-01
9.998303280837870233e-01
9.999073688110786673e-01
9.988160262684305790e-01
9.983123154094979412e-01
9.988130749168371292e-01
1.000000000000000000e+00
1.000000000000000000e+00
9.986678232852097548e-01
9.969709335174837816e-01
9.972757047965961075e-01
9.993011228626007547e-01
9.995653046211462334e-01
9.999840265797712568e-01
1.000000000000000000e+00
9.999827258593885215e-01
9.966480446927373782e-01
9.988155588193490253e-01
9.908795625126163298e-01
1.000000000000000000e+00
9.983013007183071386e-01
9.994699426290845068e-01
9.987210257058043439e-01
1.000000000000000000e+00
9.992123255301049722e-01
1.000000000000000000e+00
9.992757452972380605e-01
9.967104716651991048e-01
8.751573571197353019e-01
9.980277359340300469e-01
9.832401313076326588e-01
9.827398694916619215e-01
9.552766383758954927e-01
9.998079662020515901e-01
9.999841937217462950e-01
9.903818864116552545e-01
9.984525114449673833e-01
9.996157294735493748e-01
9.979544589623240425e-01
9.982795346550876747e-01
8.988422927461139356e-01
8.585856868379440066e-01
9.949468956159640554e-01
9.981094005687686233e-01
9.933971607791349800e-01
1.000000000000000000e+00
9.999843088027616789e-01
9.994047323775980818e-01
9.999842204093225551e-01
9.989928714180055236e-01
9.970260106056553218e-01
9.994886574934920276e-01
1.000000000000000000e+00
9.857967225658356147e-01
9.970873171658329870e-01
1.000000000000000000e+00
9.996126253157103791e-01
9.942590372847138758e-01
9.143091677177808130e-01
9.955677102980007298e-01
9.996827008503617051e-01
9.968379446640316388e-01
1.000000000000000000e+00
1.000000000000000000e+00
9.999679065438557002e-01
9.977532161623482443e-01
9.994504339955064820e-01
9.993500162495937422e-01
9.983686274509804282e-01
1.000000000000000000e+00
9.986712559033058545e-01
1.000000000000000000e+00
9.886804774516562144e-01
9.995163731103449134e-01
9.563771548681588852e-01
9.861578989382933091e-01
9.982922471181669977e-01
9.890230515916574872e-01
9.999326190957482652e-01
1.000000000000000000e+00
9.962926616508559485e-01
9.999538340796824132e-01
9.970573123452753928e-01
9.061779425077288730e-01
9.983524427557917136e-01
9.520469460745164536e-01
9.836252600496611098e-01
8.097709349179222915e-01
1.000000000000000000e+00
1.000000000000000000e+00
9.988056975253349901e-01
9.996272597378393909e-01
9.991790597076189995e-01
9.944020600419045675e-01
9.975736894009360478e-01
9.994642632043363450e-01
1.000000000000000000e+00
9.988009405609106217e-01
9.989465115165445663e-01
9.970631424375917540e-01
9.936255243253955260e-01
9.995812135500682372e-01
9.988849451895592813e-01
1.000000000000000000e+00
9.999846127806244489e-01
9.987597900137612505e-01
1.000000000000000000e+00
9.980233491877200658e-01
9.968402910762159674e-01
7.393247578409692933e-01
9.985552275904924224e-01
9.820784050249214969e-01
1.000000000000000000e+00
9.999369929904702303e-01
9.988853453881165745e-01
9.997359018176169565e-01
9.994445815847938785e-01
1.000000000000000000e+00
1.000000000000000000e+00
9.990948813982521992e-01
1.000000000000000000e+00
9.998897464167585403e-01
1.000000000000000000e+00
