5.655615643859236430e-01
9.621871116634120868e-01
9.101524489133960838e-01
7.443680341474981921e-01
6.756218905472637370e-01
8.482196140839466381e-01
8.648738748749861260e-01
6.546426185704742329e-01
6.902586039276686902e-01
9.066838876331934083e-01
8.884178395794471994e-01
9.152214327552398165e-01
8.835348351743933515e-01
9.385906781533024379e-01
8.290535583272193865e-01
0.000000000000000000e+00
8.925475224687823284e-01
9.355135882081989651e-01
9.168900804289543682e-01
6.757217486939786077e-01
8.670673501856107634e-01
7.970601979693274775e-01
5.297314326218791614e-01
8.495754144763445481e-01
8.631602406953421402e-01
9.053584905660377879e-01
9.522355831875209953e-01
3.074376635164717819e-01
3.749480163020876833e-01
8.925344084526622979e-01
8.263718263718263790e-01
8.437832093517534382e-01
8.347543645960211478e-01
9.297961188897077012e-01
8.796081464294921437e-01
8.769385699899294728e-01
5.360958238912268969e-01
9.311285373337879756e-01
4.985988117923999541e-01
8.719454141542367642e-01
9.189189189189189699e-01
5.516893595562278874e-01
4.943532921372256750e-01
8.130729374252689823e-01
9.336765801774947748e-01
8.632190586868100368e-01
9.168490153172866863e-01
8.670364263228901303e-01
8.447078253266624426e-01
9.143677151057224561e-01
9.591650623163441303e-01
8.812936795388460753e-01
9.020724208608517092e-01
9.477699276147544261e-01
8.665148063781321630e-01
9.185192344867582070e-01
6.885605909363146093e-01
3.939841299132681440e-01
8.588167637121701947e-01
7.016815445297903686e-01
8.973775595737037980e-01
8.252805129379436888e-01
9.017196904557179815e-01
9.522213532938591518e-01
7.916514097400220162e-01
6.617527881758190622e-01
6.595961063489756970e-01
6.880248833592534918e-01
4.570685169124024116e-01
9.060895084372707631e-01
8.018697545947094385e-01
9.447453954496207729e-01
9.143703703703703889e-01
9.557489693082913407e-01
9.179438491794384980e-01
8.564659427443237494e-01
8.222656250000000000e-01
9.379590914227596832e-01
9.607241639426703506e-01
9.551677291253004576e-01
8.554746630144886010e-01
9.268536074244086986e-01
8.400924321201617140e-01
8.820745605563067304e-01
9.035865266603027024e-01
9.425823375109297908e-01
9.476813317479191312e-01
8.768316831683168333e-01
2.714235252560932565e-01
9.719486837459295758e-01
8.116069465816663220e-01
9.556879267761150265e-01
9.207137315748642470e-01
9.561929595827900474e-01
9.379187137114783912e-01
9.656345695814902985e-01
8.861138861138860845e-01
9.734857412208343108e-01
9.488291413703382471e-01
8.530061349693252026e-01
6.173952230734565116e-01
9.262981574539363994e-01
9.675660943036249462e-01
9.382758034347900011e-01
9.578520137371214771e-01
9.569377990430621983e-01
9.299087854056649061e-01
9.067563977685292320e-01
9.296536186989580175e-01
9.336244541484716164e-01
9.316551630802544226e-01
9.479713603818615830e-01
8.817903596021423596e-01
8.913109294580684461e-01
9.616325942988770414e-01
9.563631943600340302e-01
9.600595385760357647e-01
8.911010639011497370e-01
9.690533980582524132e-01
5.008889415669076639e-01
9.775807473084230370e-01
9.302875520242148699e-01
8.677385283417439199e-01
9.177124048549680779e-01
8.432405317281164159e-01
8.729137957433776851e-01
8.585919941687419898e-01
9.225566452485627345e-01
8.404209223150727048e-01
9.066038590452033530e-01
8.786076867295141701e-01
9.461353624349219116e-01
9.009009009009009139e-01
8.590863130802462999e-01
8.069020320127142654e-01
5.328587771704589304e-01
5.666387259010896571e-01
6.845569620253164622e-01
8.927830297440627616e-01
8.582720733538851121e-01
2.317073170731707432e-01
9.287765651924181354e-01
7.313376278893520821e-01
9.385596093855961275e-01
9.429359537970865013e-01
9.541157482130504519e-01
9.476913141750080705e-01
8.492691555721069152e-01
7.482546201232033178e-01
7.418873554643790058e-01
7.434679334916864946e-01
8.722986247544204375e-01
8.115702479338843256e-01
7.588424437299035041e-01
9.077418451630967500e-01
9.277655297626766773e-01
8.715576118087684510e-01
6.936454849498328024e-01
2.169543931976294637e-01
8.174603174603174427e-01
8.346371463714636896e-01
8.709428746112336528e-01
9.554871453531907921e-01
9.578835978835978926e-01
8.547169811320755040e-01
8.070710149344711981e-01
8.198252907927313649e-01
7.483088751709606745e-01
9.651860744297718897e-01
9.820462563700509406e-01
8.815638175546186561e-01
9.376834499887107821e-01
8.882397941442381484e-01
8.308645561041727579e-01
9.233870967741935054e-01
8.376611246030263302e-01
8.973838104032010321e-01
8.936254980079680887e-01
8.694059563624780829e-01
0.000000000000000000e+00
7.038280725319006059e-01
9.174003597462841997e-01
9.124357812027803494e-01
9.643854748603352123e-01
9.270657363202350343e-01
9.006112144565506794e-01
9.027167724093053680e-01
9.185583432895261247e-01
9.322184073540813465e-01
9.707418487906293025e-01
9.192707445902198460e-01
9.595766993993707361e-01
9.458128078817733542e-01
8.818208345491683753e-01
8.320926781397353089e-01
6.977326739032693181e-01
