5.806403684718817182e-01
9.534703706889137154e-01
8.915217725803969984e-01
7.700643413477818999e-01
7.025210084033612912e-01
8.248259860788863529e-01
8.548925231088989607e-01
7.526322308931004956e-01
6.630157446014064426e-01
8.761700989569403131e-01
8.757739004583098286e-01
9.063860850303320227e-01
8.928832858885725754e-01
8.918946824987092903e-01
6.578872029773833452e-01
2.561434977578475602e-01
8.791673188292377095e-01
9.312445604873803573e-01
9.122001425065315861e-01
6.367787463677874182e-01
8.497926715748498339e-01
7.857582850806947850e-01
4.686781408961048223e-01
8.669434916049828521e-01
8.358177619147596493e-01
9.365755104985930002e-01
9.571614341445290330e-01
3.878350200884910781e-01
4.059720975768948414e-01
8.704838920046954476e-01
8.022274721565980649e-01
8.304324177318466171e-01
8.299440772750381612e-01
9.131577689623858740e-01
8.636146876490223834e-01
8.846922333225910595e-01
5.116480257059877745e-01
9.246790456774477418e-01
5.587000968470892115e-01
8.652330297696487760e-01
9.324669635686646529e-01
5.361483436349746556e-01
4.838373305526590396e-01
8.318425760286225490e-01
9.406185291563690098e-01
8.918194009834600200e-01
9.073455759599332593e-01
8.289398280802292573e-01
8.281942435975183647e-01
8.996746984483403597e-01
9.499749707992658498e-01
8.646943985583420700e-01
8.848196709133454574e-01
9.358887381275441397e-01
8.680851063829787551e-01
9.123240775960441695e-01
7.102009642465033634e-01
4.608718719603855374e-01
8.456920781428918232e-01
8.110266159695816990e-01
8.993527700255329327e-01
8.394863563402888973e-01
9.096263884214069728e-01
9.508923622658241870e-01
7.381358825537726043e-01
6.851375869368007132e-01
7.253384912959380815e-01
7.537916092180421135e-01
4.336428823321969994e-01
8.964746593612572534e-01
7.611100329904909589e-01
9.521531100478468623e-01
8.890163464295955942e-01
9.444595205789235726e-01
8.560960202147820386e-01
8.734465254682303170e-01
7.428407789232531755e-01
8.893857127648249206e-01
9.536608431636055538e-01
9.437013996889580536e-01
8.514752219994270455e-01
9.169305724725943518e-01
8.232855221873599527e-01
8.696618357487923001e-01
8.954212950419940809e-01
9.109300365271143507e-01
9.446197991391678261e-01
8.837300039016777742e-01
3.512129380053908290e-01
9.621265036864571352e-01
8.055315471045808584e-01
9.424068767908309052e-01
9.125182734477187418e-01
9.434010805248262965e-01
9.146341463414634498e-01
9.375000000000000000e-01
5.963636363636363180e-01
9.713011326955807156e-01
9.309462915601023347e-01
8.559401309635172872e-01
4.429356611703847424e-01
8.816705336426914341e-01
9.350918024308249032e-01
9.199733244414805000e-01
9.498356135327181704e-01
9.411198073449729140e-01
9.540337711069418747e-01
9.007741027445460569e-01
9.330400645933680792e-01
9.062116217439079024e-01
9.393252433657821587e-01
9.444313076377394145e-01
8.767631774313289217e-01
9.171662125340599436e-01
9.528457618603315415e-01
9.477611940298507065e-01
9.528278587305507585e-01
8.788691201559833965e-01
9.616818249589980105e-01
4.597726042230644294e-01
9.749009247027741187e-01
9.147459039155789728e-01
8.886690845147818818e-01
9.199241764434653579e-01
8.171224961479198745e-01
8.588938714499252391e-01
8.573319296134757073e-01
8.672299336149668081e-01
7.954220314735336306e-01
9.366800769634423540e-01
8.992601024473534377e-01
9.361105547766873647e-01
8.932280847528043521e-01
8.698430083972252813e-01
8.050028000746686230e-01
5.975698663426488588e-01
4.832260250762453468e-01
7.053688345700567242e-01
8.509543212524126599e-01
8.125789695353081710e-01
2.294255357464433653e-01
8.999722402146757005e-01
7.403081510934393927e-01
9.315465167177345851e-01
9.525745257452574721e-01
9.526840490797545691e-01
9.718614718614718706e-01
8.214476258225146266e-01
6.276455026455026731e-01
7.169473307058401579e-01
9.087663625545417956e-01
8.642659279778392989e-01
8.134440059872091178e-01
7.961222967934377115e-01
9.206566347469220535e-01
9.292852624920936444e-01
8.772343351011588908e-01
7.008317681781593977e-01
4.483143558830096076e-01
8.394841358382792995e-01
8.348856092085781277e-01
8.797553643619777652e-01
9.478021978021977656e-01
9.503015179871074913e-01
8.253275109170306045e-01
8.544018058690744377e-01
8.110118372715315882e-01
7.389077887197851302e-01
9.475794563358688194e-01
9.756305121460622232e-01
5.244840145690004007e-01
9.058540847531673101e-01
8.821426913614631715e-01
8.456458156429851325e-01
9.362464183381088434e-01
7.671514114627887571e-01
8.682189007324480068e-01
8.872041663919836285e-01
8.213053263315829300e-01
2.157926461723930212e-01
7.387037636147956166e-01
9.110514667796769661e-01
9.109459909060663163e-01
9.416934257224944815e-01
9.227841616043328532e-01
8.787801778907242678e-01
8.831394888836142654e-01
9.034469251860556271e-01
9.258759380229983904e-01
9.726759578400518969e-01
9.127866226093922508e-01
9.539429770191666380e-01
9.723320158102767286e-01
8.669179749009877645e-01
8.301652497850797729e-01
6.947741588326528106e-01
