7.281744175166089406e-01
8.503875968992248291e-01
8.346198062079158708e-01
8.578734079505981880e-01
5.307453416149068293e-01
4.038793103448276023e-01
4.116899618805590633e-01
7.859424920127795477e-01
7.919911012235817394e-01
9.003717082875242195e-01
5.294020025446700695e-01
4.185229210811928224e-01
4.803600654664484382e-01
6.686884003032600443e-01
3.253751095373499935e-01
4.234681096247306931e-01
0.000000000000000000e+00
5.455371750590801705e-01
4.622792937399679003e-01
5.196513228322373612e-01
1.600971417896506765e-01
0.000000000000000000e+00
4.840148973044728908e-01
3.244253669343671875e-01
6.224055122787366390e-01
8.779686087599638533e-01
6.916595258497572063e-01
5.120405576679341042e-01
1.444131519120491203e-01
9.599950611186566229e-01
5.689214516953484679e-01
5.527743936205560260e-01
4.534614807028082284e-01
6.806535130791893096e-01
7.428150934140059780e-01
5.833277401167863419e-01
4.648675012193139167e-01
2.284052005620089976e-01
1.135350318471337605e-01
4.029781293624941640e-01
7.626499739175796044e-01
5.120808451998162258e-01
3.029533415572164406e-02
4.204513636109089014e-01
7.010891488503429025e-01
8.882384246939861727e-01
5.537954631859079990e-01
9.167062850622801351e-01
8.991090777751022944e-01
8.865248226950354082e-01
6.328040138623080013e-01
9.810981801140358227e-01
8.666408967916505723e-01
9.137380191693290632e-01
9.072574484339189782e-01
9.704047777040477607e-01
6.317689530685920429e-01
7.099062579174055809e-01
4.060114503816794063e-01
9.680214330502194819e-01
9.163323782234956694e-01
8.766530415965376744e-01
5.210314140108009140e-02
8.935018050541516654e-01
9.792349726775956276e-01
9.182620276344265475e-01
7.642384105960264851e-01
9.332358674463937520e-01
8.334883720930232887e-01
8.748398120461341465e-01
7.999450838615198567e-01
7.356191308145882957e-01
9.410994764397905277e-01
8.895170789163722169e-01
6.826852531181217820e-01
7.704580545548121995e-01
9.569457990803956760e-01
9.227932703387877744e-01
9.360076408787010305e-01
9.463317880947438310e-01
9.693739678726918108e-01
3.315549046274017253e-01
8.745141588006662969e-01
9.298330277000289579e-01
8.547008547008546619e-01
9.147679324894514297e-01
6.725000654947472789e-01
9.063704375425073456e-01
5.673672358791518322e-01
7.622977521989358074e-01
0.000000000000000000e+00
8.909170136535295992e-01
3.872817683568654523e-01
4.930757394426397711e-01
7.857672349888806806e-01
8.832962029035179574e-01
8.229747931498941904e-01
6.260139860139860568e-01
6.283343212803793598e-01
1.185668464790785859e-01
5.019799777530589147e-01
8.976615539351270323e-01
6.449615713065756095e-01
9.343054489639294191e-01
8.094227075118795023e-01
4.390830514844043519e-01
2.117491499811106903e-01
3.819158150008660768e-01
1.828648224885205398e-01
8.144363876071193387e-01
8.922463327249374743e-01
5.973076819732917597e-01
6.567677184299167692e-01
2.092458810428028948e-01
3.224937655860349306e-01
7.481973434535104106e-01
7.040235164431379866e-01
8.765420732830049300e-01
7.834311806914546761e-01
8.651130911583275740e-01
8.480342741935483764e-01
4.199676394798346202e-01
7.728792473369100469e-01
5.561407440609592578e-01
0.000000000000000000e+00
2.919449366225977949e-01
1.724266072092159041e-01
0.000000000000000000e+00
8.618808022110410194e-01
8.560153799453606993e-01
6.586595044813954303e-01
4.951365187713310800e-01
3.776444584780549452e-01
7.272234150751497594e-01
8.765052838535266622e-01
8.668375810586638197e-01
7.075515481005104634e-01
7.253203091024654769e-01
0.000000000000000000e+00
4.071829236155554699e-01
8.682748770036502473e-01
2.504999387830061375e-01
2.287115470352206748e-01
6.584815835630167813e-01
7.873061151720449624e-01
7.562895359505529269e-01
5.226142414136094594e-01
9.051401168889554594e-01
5.169088023440361335e-01
3.478036951996738013e-01
7.690257625111045492e-01
5.390914576329626229e-01
5.732352610049912256e-01
7.659924805839897211e-01
8.104532873216147015e-01
8.853602630967013498e-01
7.732041969330104569e-01
5.990668331471380448e-01
1.741970809810622633e-01
2.094574596452883353e-01
7.436194895591646814e-01
8.855930692716318386e-01
9.196995956094743407e-01
7.074024876222678726e-01
8.844475365252040255e-01
9.587848932676519276e-01
6.755835571162982500e-01
9.414841451454724064e-01
9.232398094229751218e-01
7.748237425656780974e-01
6.139159702878366209e-01
9.524210020425327716e-01
8.310956840657541811e-01
8.940055577610163118e-01
9.443186962426437514e-01
7.237332419582815923e-01
0.000000000000000000e+00
8.386845689822922667e-01
5.712931136659950004e-01
8.793483586477216507e-01
9.042975317775236999e-01
5.010070493454179541e-01
7.549402059218520700e-01
7.248041775456919300e-01
7.811453182325729383e-01
6.065393010643803651e-01
9.826855123674911319e-01
8.327430671566989906e-01
8.746085431542026667e-01
7.030507626906726815e-01
9.046871935673661547e-01
8.905942791907147660e-01
9.712652324356852995e-01
6.449080592175434612e-01
6.130061492052442107e-01
9.617989012392998971e-01
