4.262882096069868787e-01
8.850911458333333703e-01
7.840375586854460010e-01
6.692235734331151153e-01
5.432422313740171704e-01
7.396610169491525388e-01
7.472147522089895855e-01
6.174338883447599846e-01
7.242736899266901673e-01
5.712699000370232705e-01
7.395798599533177642e-01
8.532389145002613473e-01
8.117837202468409785e-01
8.183021365097371547e-01
3.518064911206368883e-01
0.000000000000000000e+00
8.839607201309328532e-01
8.892294220665498683e-01
8.375477800646868864e-01
4.897992097411499324e-01
7.916942422236928900e-01
5.784233337237905115e-01
1.436013493317391809e-01
8.450704225352112520e-01
5.710594315245478558e-01
6.483866500484697371e-01
8.110427692747819162e-01
4.284038283420809057e-01
8.388996138996138718e-01
8.007135575942915251e-01
7.423940480935299346e-01
5.747867920402361941e-01
6.029802000408246432e-01
7.121573301549463109e-01
6.982628398791540514e-01
7.656773575873623283e-01
3.749320775221879898e-01
8.147584632940281235e-01
6.132596685082872812e-01
6.940325940448474062e-01
7.563106796116504382e-01
3.467381590705987393e-01
4.762882365017450104e-01
7.195720017833259208e-01
8.621361746361746459e-01
8.182848507744616695e-01
7.427527599078707077e-01
6.698190119028207823e-01
5.380640509523523241e-01
8.413053911374179794e-01
9.217758985200845689e-01
7.888573780989844852e-01
7.618398637137989704e-01
6.864065449968533850e-01
9.032258064516128782e-01
8.896920766053323382e-01
4.768255536346422963e-01
2.855337240032173041e-01
6.934455496046927347e-01
5.346977934122161269e-01
8.717803245205946183e-01
7.625472816575397106e-01
8.182691597073387113e-01
9.140432521215439143e-01
7.463715529753265354e-01
5.015220263052093674e-01
5.640580966832863252e-01
4.610399873557768369e-01
6.846590909090909394e-01
7.785847299813780653e-01
6.710155148095909849e-01
7.626146788990825209e-01
8.102540971282513604e-01
4.837601945915009360e-01
8.822614107883817169e-01
7.497020262216924635e-01
1.748685452339220625e-01
9.269301470588234837e-01
8.904071646200719670e-01
9.523809523809523281e-01
8.799421407907425108e-01
7.359946575647399181e-01
5.405977584059775687e-01
4.953254696373962651e-01
8.844422211105552600e-01
7.622807017543860031e-01
8.693599160545645299e-01
7.999321228576277143e-01
6.060260586319218268e-01
9.535706049657929340e-01
7.383679312813170581e-01
8.789417423837520005e-01
8.805925482567709128e-01
9.550913838120104193e-01
8.550488599348534668e-01
9.034700315457413478e-01
2.905323039414872133e-01
9.539849280657684005e-01
8.953107960741548688e-01
7.598102630444156791e-01
3.088367899008115369e-01
8.487654320987654266e-01
9.275140377743746889e-01
9.192525859192526294e-01
9.194604245189446079e-01
9.395644727183752876e-01
8.856121537086684148e-01
8.228865316618451109e-01
7.061476510067113965e-01
8.441617446615174991e-01
9.051373346897253480e-01
9.060372219700408847e-01
7.838464084740152105e-01
6.523863209319804568e-01
9.343175449388285703e-01
9.038766719564724772e-01
9.253800092123445342e-01
6.075628819791083490e-01
9.376845835794447304e-01
4.265621860558569400e-01
9.668086172344689810e-01
6.246878121878122192e-01
8.161851998417095633e-01
8.524933384088313471e-01
7.615592958018959635e-01
7.381767465449473598e-01
7.804657592513823960e-01
8.345280764635603088e-01
7.490327026024274915e-01
8.648469809760132021e-01
7.237283759359669499e-01
9.165707710011506970e-01
8.356004663816556377e-01
6.560446780551905110e-01
7.140825998645904393e-01
4.446369779934153388e-01
4.815844336344684007e-01
4.894859813084111999e-01
7.805062334718548822e-01
7.386970452118191144e-01
1.156626506024096418e-01
8.575468363379286085e-01
5.907564684969385249e-01
8.941990558106447384e-01
9.100284206252537977e-01
8.257575757575758013e-01
8.843663274745605651e-01
7.602252028481536472e-01
5.102473498233215388e-01
7.490362374710871629e-01
8.017621145374449476e-01
8.182399707575619408e-01
6.170457155984379050e-01
6.402039329934450240e-01
7.975045489992201864e-01
7.416884948619786311e-01
7.447852760736196620e-01
3.572580645161290147e-01
3.023321956769055574e-01
8.304748837563838970e-01
5.074341361620728907e-01
7.038454180218098877e-01
7.988614800759012979e-01
9.127647173110550183e-01
8.043165467625899012e-01
7.588325652841781954e-01
6.341005754315737208e-01
8.264698034332473853e-01
9.278387836370218800e-01
9.579250272204075101e-01
6.496751624187906415e-01
9.233018443544759313e-01
4.846279332413100938e-01
7.053950875171072221e-01
8.624740843123703815e-01
3.219772879091516438e-01
8.481133198428758568e-01
8.465028355387523851e-01
4.659059790050205652e-01
7.788907711571039227e-01
7.052649116961012821e-01
8.677844311377245212e-01
8.283855482566953032e-01
9.593663911845730086e-01
8.591454373904838793e-01
5.717032526838647932e-01
8.295896975142258434e-01
8.722800378429517165e-01
9.097096671275124447e-01
9.247121346324180813e-01
7.946945760926803493e-01
9.392648828812146800e-01
9.311274509803921795e-01
7.720026412602584154e-01
8.662464985994398070e-01
5.325033690560225796e-01
