5.801786973900775468e-01
9.230384807596201391e-01
8.560422075203081294e-01
8.150450064294899599e-01
7.420625724217845276e-01
8.373068853709708659e-01
8.444492604431922400e-01
7.843826943369679450e-01
8.133241862946870571e-01
6.821672354948805639e-01
8.476402824228911337e-01
9.149877899877899567e-01
8.992705261524134297e-01
8.480358709425870334e-01
4.677386525544474094e-01
4.779063151905935808e-02
9.306862321968062401e-01
9.269154338706115936e-01
9.029509720393462668e-01
6.367496723460026598e-01
8.749664849405666134e-01
7.221274897507528046e-01
2.529998119240173260e-01
9.104163007201826474e-01
7.106397855727770718e-01
7.903831705484598569e-01
8.969606534202465564e-01
6.183329869050093741e-01
9.142650739183157960e-01
9.063881076737645426e-01
8.745175151117908774e-01
7.251461988304093165e-01
7.435515873015873245e-01
8.128183361629881531e-01
7.061719045815978424e-01
8.693473961766644553e-01
5.176941353007378233e-01
8.781207098184776738e-01
7.823486770569046955e-01
8.111809133902732061e-01
8.659209316579834503e-01
5.013754755633597071e-01
6.106066587708909310e-01
8.359589897474368758e-01
9.219671221474647904e-01
8.847450902598690270e-01
8.376704953338118820e-01
8.026794258373205482e-01
6.948021722265321776e-01
9.048474992153842100e-01
9.528105245173414950e-01
8.700951997179268149e-01
8.570001920491645553e-01
8.012099302814563728e-01
9.062265566391597416e-01
9.402366863905325944e-01
6.875202593192868417e-01
4.843260188087774032e-01
8.131587585251103256e-01
8.114676286310993358e-01
9.110720771681205532e-01
8.789885231428932189e-01
8.927664718920007569e-01
9.497733068858033034e-01
8.194091175895128476e-01
6.872269920168699864e-01
7.654221865382041523e-01
6.745574526029118889e-01
7.749788314987299254e-01
8.638009977448233290e-01
7.731604283328421534e-01
7.890761185357350049e-01
8.865695792880259329e-01
6.639323413455424649e-01
8.890046899426784499e-01
8.349211307199749799e-01
2.739754964089564648e-01
9.444838176234349181e-01
9.337393069450485861e-01
9.715687367599509239e-01
9.273466277149752246e-01
8.186306780776826386e-01
7.186181644511661082e-01
6.224974448385739434e-01
9.354796492605680358e-01
8.244781783681214282e-01
8.990088400750066988e-01
8.833563854310741981e-01
7.843273231622746033e-01
9.729750931555206650e-01
8.442798674722276075e-01
9.289648354752153558e-01
9.339899912622130485e-01
9.688782942656601893e-01
8.974358974358974672e-01
9.163473818646232782e-01
4.379164142943670623e-01
9.748211897423969541e-01
9.390557939914162544e-01
8.702002355712603610e-01
3.826815642458100686e-01
8.843430369787569356e-01
9.271388677329270855e-01
9.450360700790106927e-01
9.559577361648707861e-01
9.596199524940617342e-01
9.626728110599078736e-01
8.999824222183160360e-01
8.324713994671681938e-01
9.099520159531376828e-01
9.631481968939195060e-01
9.501299929094776386e-01
8.624083020218286100e-01
7.064420218037661403e-01
9.571853667075091998e-01
9.364243062873199852e-01
9.471947194719472218e-01
7.526689040409408893e-01
9.636144940610434917e-01
5.140717477956274761e-01
9.798376870403245897e-01
7.563063232909769118e-01
8.893280632411066922e-01
9.212965333606430995e-01
8.544256720858569576e-01
8.399311531841652245e-01
8.568440553380942681e-01
8.012266517981599945e-01
8.327961445191393031e-01
9.201822477219034901e-01
8.817818389491719477e-01
9.571514785757392341e-01
9.039310489804498472e-01
8.199263423144019791e-01
8.367450780852480063e-01
6.975851952155269764e-01
5.383163457908645144e-01
6.040978189028420875e-01
7.939278937381404333e-01
8.193850003292288964e-01
1.959401969126048360e-01
8.888686131386861478e-01
7.493603021810649745e-01
9.384160233957901109e-01
9.513372800940504970e-01
9.046586772465131654e-01
9.598207139426925272e-01
8.375294330737185211e-01
7.082294264339151768e-01
8.340638697557921644e-01
9.214719271623672547e-01
8.814738595717576120e-01
7.834596829772570992e-01
7.882120699379582263e-01
8.995892933012321624e-01
8.377341457910177924e-01
7.810913705583756306e-01
5.105900151285930333e-01
5.024449877750610804e-01
9.093722009608338208e-01
6.584570400359873732e-01
8.236145114622746011e-01
8.728497181758290147e-01
9.402287419194430562e-01
7.554098360655737698e-01
9.008810572687224738e-01
7.644142968953822059e-01
8.813543642166612457e-01
9.565162828637761017e-01
9.721530987083777386e-01
6.401179941002950180e-01
9.460523269275294966e-01
6.563533434224538832e-01
8.343197715326352570e-01
9.279328589673416783e-01
4.507621808659870721e-01
8.882727330014493772e-01
9.174912987101617734e-01
6.580715453059742259e-01
8.591382479068817579e-01
8.631970260223048586e-01
9.200644892864572322e-01
8.927244477470782646e-01
9.688199827734711445e-01
9.200376293508937264e-01
6.980361656620649446e-01
8.891372016920744414e-01
9.254421221864951308e-01
9.312554300608166802e-01
9.604496885602876732e-01
8.914102843843189072e-01
9.648409471418321059e-01
9.709859847553479195e-01
8.661425468087307067e-01
9.214324501986338456e-01
7.053735885320733257e-01
