4.086279705224807324e-01
8.570765661252900403e-01
7.483162518301610389e-01
6.878278169650930973e-01
5.899042004421518604e-01
7.201443569553805935e-01
7.307764441110277120e-01
6.452546296296296502e-01
6.853802672147996100e-01
5.176432502427970039e-01
7.355691712350854727e-01
8.432972288648192816e-01
8.169768753525098459e-01
7.361651717718734611e-01
3.052603613177470865e-01
2.448027977462599591e-02
8.703584113658379140e-01
8.637860082304527065e-01
8.230725783676927643e-01
4.670819873865559302e-01
7.777248172863043818e-01
5.651013571063540075e-01
1.448195676513650831e-01
8.355634370465903071e-01
5.511569052783803491e-01
6.534161490683230156e-01
8.131719473122107633e-01
4.475267781923215615e-01
8.420702438097048548e-01
8.288023512123439129e-01
7.770156593762133079e-01
5.688073394495413160e-01
5.917883932096328348e-01
6.846621380050054162e-01
5.458004097161252011e-01
7.688899253731342753e-01
3.492491985827568812e-01
7.827229876722262558e-01
6.425063253460336909e-01
6.823417646360290245e-01
7.635454668288068625e-01
3.345571004530542014e-01
4.394771737071415108e-01
7.181525241675618121e-01
8.552309870029597416e-01
7.933119886161508205e-01
7.206824673820736438e-01
6.703964194373401853e-01
5.323347598668568548e-01
8.262296790329304308e-01
9.098740455524375603e-01
7.700606276747503642e-01
7.497815713421600581e-01
6.683488214659363269e-01
8.285322359396433134e-01
8.872138470128420051e-01
5.238330451963447709e-01
3.195449844881075308e-01
6.851453506238092128e-01
6.827476038338657904e-01
8.366688538932632868e-01
7.841030545086347114e-01
8.063036832144416799e-01
9.043507588532884167e-01
6.940669539277427580e-01
5.234926280764156115e-01
6.199869932798612870e-01
5.089299826141930883e-01
6.326248487990323577e-01
7.602550222543005276e-01
6.302049967969250988e-01
6.516314779270633295e-01
7.962505449789274437e-01
4.969301794298224828e-01
8.001876172607880200e-01
7.166219839142091708e-01
1.587321013339860476e-01
8.948075201432408310e-01
8.757138971988033260e-01
9.447094535993061371e-01
8.645352279455299493e-01
6.929506826414042475e-01
5.608150080755373024e-01
4.519029329608938439e-01
8.787804278337840724e-01
7.013720742534301777e-01
8.165450121654501681e-01
7.910817506193228432e-01
6.451796919566457067e-01
9.473724411854567151e-01
7.305227655986509250e-01
8.673523206751054815e-01
8.761549925484352075e-01
9.396352427433856125e-01
8.139534883720930258e-01
8.456098998232174369e-01
2.803412175261729145e-01
9.508791832104367403e-01
8.851132686084142165e-01
7.702251876563803723e-01
2.366148531951640654e-01
7.926657263751762938e-01
8.641741599621390879e-01
8.957994138717030319e-01
9.156312625250501158e-01
9.223744292237442410e-01
9.280319857840959585e-01
8.181527644614893235e-01
7.130201342281878851e-01
8.347816144523210191e-01
9.289159685199289695e-01
9.049977487618190430e-01
7.581000314564327880e-01
5.461231995096537117e-01
9.178863972069289945e-01
8.804491413474240247e-01
8.996865203761755803e-01
6.034235067812705466e-01
9.297838386769186059e-01
3.459600065030076221e-01
9.604723430702299947e-01
6.081130244967256626e-01
8.007117437722419684e-01
8.540776606854647568e-01
7.458491791113996960e-01
7.240356083086053607e-01
7.495425793298133854e-01
6.683720930232558421e-01
7.134967389017462525e-01
8.521644006876074595e-01
7.885597548518896716e-01
9.178240740740740700e-01
8.247027234369006532e-01
6.948094612352168076e-01
7.193135935397039216e-01
5.356090798821694365e-01
3.682851239669421295e-01
4.327651515151514916e-01
6.582756450597859743e-01
6.940323480200780715e-01
1.086106993666621778e-01
7.999671538840532614e-01
5.991816056118471900e-01
8.839771926452687500e-01
9.071909032671364725e-01
8.259148618371919826e-01
9.227454601415819857e-01
7.204736678092863444e-01
5.482625482625482771e-01
7.153598281417830052e-01
8.543791769257825797e-01
7.880672857893814554e-01
6.440063448900974485e-01
6.504538049802187638e-01
8.175032175032175275e-01
7.207766990291262221e-01
6.408120770432066404e-01
3.428136109700355427e-01
3.355102040816326792e-01
8.338061818724802343e-01
4.908206890770391295e-01
7.001229779585659285e-01
7.743862839329782588e-01
8.871996996996996954e-01
6.069546891464699945e-01
8.196392785571142703e-01
6.186655405405405705e-01
7.878762818392325284e-01
9.166566446181599881e-01
9.458150795480747552e-01
4.707158351409978514e-01
8.976274165202109412e-01
4.884865676622726638e-01
7.157364010793921816e-01
8.655547991831177290e-01
2.909573825908487454e-01
7.990023806824623209e-01
8.475602067835077413e-01
4.903924221921515669e-01
7.530607861387556001e-01
7.593198168737737008e-01
8.519624367926800224e-01
8.062351290342261168e-01
9.395255596391580699e-01
8.519163763066202044e-01
5.361409796893668034e-01
8.004023566604396844e-01
8.612305965962221421e-01
8.713545371405344575e-01
9.239088074824629571e-01
8.040939509250754069e-01
9.320702402957485866e-01
9.436081242532855518e-01
7.638901560076635233e-01
8.543113042556573777e-01
5.448472101942347656e-01
