9.073359073359072990e-01
9.834930777422790094e-01
8.268888529364180062e-01
8.088047639302424763e-01
8.635382955771305769e-01
9.941123188405797118e-01
9.942587394743557239e-01
6.643495531281032873e-01
1.000000000000000000e+00
9.615153337342152717e-01
7.967167307020607270e-01
9.962333130227662981e-01
9.499918019347434184e-01
9.602649006622516747e-01
1.000000000000000000e+00
3.450164293537787835e-02
9.553429027113237160e-01
9.575729927007299302e-01
9.183866393571765707e-01
9.884440104166666297e-01
8.758275183395956009e-01
9.583975346687211294e-01
1.000000000000000000e+00
9.377600868463904504e-01
7.469377756001960300e-01
6.583229036295369374e-01
8.611823254411099526e-01
4.692113564668769499e-01
9.068481932644077981e-01
9.235807860262008617e-01
8.405431891362172836e-01
8.082461725026527377e-01
8.504964539007092705e-01
9.962542919571324429e-01
1.000000000000000000e+00
8.215798654373286380e-01
1.000000000000000000e+00
9.821428571428570953e-01
6.446169926832909791e-01
9.760489213521318375e-01
7.983893755298107076e-01
9.997665732959850615e-01
1.000000000000000000e+00
7.559927634554499676e-01
8.786356425171866213e-01
9.214876033057851634e-01
8.519667792278908802e-01
7.227296226089953146e-01
1.000000000000000000e+00
9.856414719045251127e-01
9.714325529542920945e-01
9.963086861229668578e-01
9.293568810396534152e-01
9.688643054688197420e-01
9.926047658175842781e-01
9.470547332869772017e-01
5.238330451963447709e-01
3.195449844881075308e-01
8.202486939886689532e-01
6.834026223217141149e-01
9.263788823636253111e-01
7.926191288524963019e-01
9.214707595042009869e-01
9.905430365718507213e-01
9.685476410730804453e-01
5.264220606899734367e-01
6.199869932798612870e-01
5.089299826141930883e-01
9.924098671726755416e-01
9.916836654636749238e-01
9.921835602622289807e-01
9.686162624821683664e-01
8.793131118600545637e-01
4.984484651740105909e-01
9.979526177244808505e-01
9.509071504802560915e-01
1.000000000000000000e+00
9.553166069295101481e-01
9.963898916967508512e-01
9.529746281714785994e-01
9.501561686621551317e-01
9.953972383430057524e-01
5.627727216057848425e-01
4.523767913317022216e-01
9.482621384982754531e-01
1.000000000000000000e+00
9.964370546318289668e-01
8.558156155083079808e-01
6.471309465424227580e-01
9.629658385093167183e-01
8.245146555005710143e-01
1.000000000000000000e+00
9.898972891059101276e-01
9.975456776656667079e-01
1.000000000000000000e+00
9.986082115518440938e-01
7.858695652173912638e-01
9.716007882230207615e-01
9.993909866017052224e-01
8.875540605478136058e-01
1.000000000000000000e+00
9.859649122807017108e-01
9.994526546250683818e-01
9.971003986951794129e-01
9.408978583196045964e-01
9.795814190913731956e-01
9.384546271338723988e-01
1.000000000000000000e+00
7.130201342281878851e-01
8.669991687448046491e-01
9.501428200467411100e-01
9.970238095238095344e-01
9.852820932134096488e-01
9.938650306748466612e-01
9.943268601352825975e-01
9.977544910179640958e-01
9.872235872235872733e-01
6.034528940511846296e-01
9.792207792207792139e-01
1.000000000000000000e+00
9.925497752087347747e-01
9.965222575516693437e-01
9.227282538312109317e-01
8.565987430965530391e-01
9.088956708488753478e-01
9.625246548323471707e-01
8.135497049477984355e-01
9.748982360922658907e-01
7.371481360721661158e-01
9.035625517812758689e-01
7.991718426501035477e-01
9.810309278350515250e-01
1.000000000000000000e+00
6.948094612352168076e-01
8.284762052394977205e-01
5.356090798821694365e-01
1.000000000000000000e+00
9.934782608695652550e-01
1.000000000000000000e+00
9.046234370456528451e-01
9.652694610778442819e-01
9.993844891259745511e-01
6.179662379421221319e-01
9.835341079193099523e-01
9.267833769633507801e-01
8.441340355698038200e-01
9.258801729462631247e-01
9.659494464173804529e-01
5.959022463589237484e-01
9.985007496251874226e-01
9.193792581377744355e-01
9.887875123667142496e-01
6.623164763458401216e-01
7.301462904911181218e-01
8.290263638736622420e-01
9.898666666666666725e-01
9.875651825110308701e-01
7.876312718786464551e-01
3.563583815028901758e-01
8.740705956014713784e-01
5.355836077570435005e-01
7.277286135693215030e-01
9.757774140752863978e-01
9.758464079273327929e-01
1.000000000000000000e+00
8.402670775552131266e-01
9.203913121522168117e-01
8.974189902034664934e-01
9.469499316685302537e-01
9.697399527186760793e-01
1.000000000000000000e+00
9.793863854266539049e-01
4.904506617523873291e-01
8.910007072135784911e-01
8.799307958477509128e-01
1.000000000000000000e+00
9.668038408779149329e-01
9.989597265566948492e-01
4.964383561643835874e-01
8.891706822216586259e-01
8.333034272384711727e-01
9.031549928527670135e-01
9.804867190977889502e-01
9.897923266455473934e-01
9.948356807511736788e-01
9.806063916962578508e-01
9.895185645763012738e-01
9.982657706481682380e-01
9.942028985507246341e-01
9.433005073112503691e-01
8.100998083151563778e-01
9.442883895131085614e-01
9.745804540967423213e-01
9.216290588882773971e-01
9.273961569439650443e-01
5.864181091877496144e-01
