8.282274572390104783e-01
9.036733406905249621e-01
8.796937659496900652e-01
7.859043625514071651e-01
6.326910444493102359e-01
3.523022432113341318e-01
5.094671950682518879e-01
9.311977715877437500e-01
5.631013413863332762e-01
7.479457290273265890e-01
5.064919157275845629e-01
4.011265558281094101e-01
8.737225419945965355e-01
7.354000493380478121e-01
7.084975799610797598e-01
5.721765284714357414e-01
5.140134076407398833e-01
8.178265477346993162e-01
8.096824570536178545e-01
9.680943298075255221e-01
4.856073888973257979e-01
4.096581400908438919e-01
5.905627705627705115e-01
7.650221677200264025e-01
7.467475606705028524e-01
9.251880463508843633e-01
8.871992300288739086e-01
7.702779815765875560e-01
7.514698022447888759e-01
8.658201335253304931e-01
4.614981175192462426e-01
8.830008629003603948e-01
5.781939220090385190e-01
9.467871485943775145e-01
0.000000000000000000e+00
3.289951573849879130e-01
5.487026340730674079e-01
7.222100799930061266e-01
5.048849377228318280e-01
2.869007172517931137e-01
7.073256221521205811e-01
7.350472891967496647e-01
7.483588621444201561e-01
5.629299126231641637e-01
9.068957511028558072e-01
8.411790829354945931e-01
9.545562693314298963e-01
7.077577045696068492e-01
9.827844972190341588e-01
8.071065989847715505e-01
9.441937781999525381e-01
8.947927736450584923e-01
9.564485860350740998e-01
9.353719645380959014e-01
5.926746728160282585e-01
7.498553519768562658e-01
8.826907301066447831e-01
3.471484236627701142e-02
7.569033094627648506e-01
8.041456799690042123e-01
9.531285041489122589e-01
8.205884087023170848e-01
7.568178150718088970e-01
7.012853470437018233e-01
8.513426378517794380e-01
5.553757350164535422e-01
7.316905640937581001e-01
7.732361364228065304e-01
9.391407407407407204e-01
5.327797958830652325e-01
9.617901625501372731e-01
9.559555725775564783e-01
5.309045892651870213e-01
5.897490802203577687e-01
9.021640664318067993e-01
9.627553063676411726e-01
7.748724087959171225e-01
9.086614173228346747e-01
8.583426804913413255e-01
8.651590616966581271e-01
9.332176929748482452e-01
5.215278452716493041e-01
8.185869752979789693e-01
9.643253527826224358e-01
8.375527426160337408e-01
9.748633879781420930e-01
7.046018713003627809e-01
8.987878787878788023e-01
8.209437621202326785e-01
9.415700267618197783e-01
9.282577701739378462e-01
4.700338488086546751e-01
8.620080321285140679e-01
9.457948468643655460e-01
2.396592140750636590e-01
8.390313390313390851e-01
9.190890465868939430e-01
9.170824295010846505e-01
8.376429199648196544e-01
6.436788338260691633e-01
5.738029283735655017e-01
7.696669029057405798e-01
9.131801692865779696e-01
9.263862086710408228e-01
8.923743041442078194e-01
9.179288481859809723e-01
9.505595693440996863e-01
7.952358223534504722e-01
3.709780184772220601e-01
8.830188679245283279e-01
9.754977029096477681e-01
2.437689969604863172e-01
6.966268594175570872e-01
6.581061919016858441e-01
6.917647058823529482e-01
6.163125428375599846e-01
8.879160691372933734e-01
9.214159487519328895e-01
8.847218594933402569e-01
8.597616865261228369e-01
9.073806078147612642e-01
4.844074844074844344e-01
4.822248708780293991e-01
9.509116409537167192e-01
9.579667644183773589e-01
7.388522492371296657e-01
7.799700519686426636e-01
9.675270607826811364e-01
8.675999829271415775e-01
9.672040022234574819e-01
5.822415088041391629e-01
8.113522007587181673e-01
8.377903521690824862e-01
8.603544939824692150e-01
9.661887059656576460e-01
5.214733969986357076e-01
8.377952755905512250e-01
9.126578876646063154e-01
6.916660825681643088e-01
9.449098756029449264e-01
9.582856208081138583e-01
2.851717665546291691e-01
8.243724936878062959e-01
7.558717115349236071e-01
1.293019783501306585e-01
8.416711016498137354e-01
7.819796119697467462e-01
8.732707397831904750e-01
5.198590341937326942e-01
2.869322357783331001e-01
5.857282821685173557e-01
9.475875118259223795e-01
6.555500102750785318e-01
7.320034692107545427e-01
7.437599326914088316e-01
9.630408653846154188e-01
9.480572597137014723e-01
7.988713798977853386e-01
6.894908523613672013e-01
9.191863661352391857e-01
5.255452188500838728e-01
8.281605728629526375e-01
8.105854421217210115e-01
7.739750265406197816e-01
8.772359715755941867e-01
3.758513931888544657e-01
7.903504779244424627e-01
5.858699736940999880e-01
8.674720849350173735e-01
9.652840396753832319e-01
8.702845797485109225e-01
4.224595148857930860e-01
3.257611085204183410e-01
8.711005840712728876e-01
8.141977544367983155e-01
8.627747656873870907e-01
8.877319369192118170e-01
9.223518555138092712e-01
9.530350844625951057e-01
2.587805312889998044e-01
3.070570570570570479e-01
8.719684151156232854e-01
4.525531508419530224e-01
2.478693967902600992e-01
9.306487695749440237e-01
9.411190313445952915e-01
7.981503819863289273e-01
2.479619245087413548e-01
8.902162592660662899e-01
8.359346376493002051e-01
8.664412365471428901e-01
6.887340301974448353e-01
8.016777402472068381e-01
9.077766984743729228e-01
7.694179419862969826e-01
5.457424349049965207e-01
6.772493491650263264e-01
9.690940845926038216e-01
9.342723004694836186e-01
9.388452340280150077e-01
9.451627597322961316e-01
8.683544303797468000e-01
3.276633840644583850e-01
9.273833671399593914e-01
9.286735504368546223e-01
8.773392805197324229e-01
8.263918657087498953e-01
9.499540863177227124e-01
9.484735282751514118e-01
9.285940971120278942e-01
9.046816738019610726e-01
8.906231934327667465e-01
9.512083903328772960e-01
8.272915587778353341e-01
8.283223625689378755e-01
9.302874169718791109e-01
9.752227171492204860e-01
9.742399441865456922e-01
9.568611566291679305e-01
8.945916449402776527e-01
7.709162299076233182e-01
9.355385920271416245e-01
8.632282132477334669e-01
9.453758064156081442e-01
9.381339112859038432e-01
9.155441388384186752e-01
8.118066943185107132e-01
8.828638320368552561e-01
4.006378880222313255e-01
8.451165856178414204e-01
9.574390154567431477e-01
5.716039907904835182e-01
9.406020168322086761e-01
8.106047640533350362e-01
9.738033415353661848e-01
9.231348310154918746e-01
9.760002092624805448e-01
9.602461438148216510e-01
9.640192485982959081e-01
9.779335109463686004e-01
8.374171162392756163e-01
7.223089224129626285e-01
9.039772727272726849e-01
8.882778945855122066e-01
9.676149303277106206e-01
9.462358102931959225e-01
8.820346727927792507e-01
6.773598754050231818e-01
9.041904965524614202e-01
2.035113933507657902e-01
9.421924568205851669e-01
9.582668187001139870e-01
9.351965679018540145e-01
9.658177487888711665e-01
9.784393874687328241e-01
9.528033289531318006e-01
9.265723743605176477e-01
9.632340708700715126e-01
5.248722016569715709e-01
9.406142648209244728e-01
5.638284460805325082e-01
9.014461287946341495e-01
9.417092429168602008e-01
9.623655913978494958e-01
9.426300757481683723e-01
8.697439338967766220e-01
8.503790657862557723e-01
9.412441071633896872e-01
9.435968416747931853e-01
5.202856956493379093e-01
8.715590577513951942e-01
8.607737927139226253e-01
9.246943969293670573e-01
9.430511613550428551e-01
8.843937298294144433e-01
9.583004762956187639e-01
8.596741344195519829e-01
9.704788839810607470e-01
9.373218992066570943e-01
9.459417110623629110e-01
6.873963090290249323e-01
9.107592241279182099e-01
9.129112075609459032e-01
9.723520852038762818e-01
9.417696112398747932e-01
8.708860759493670667e-01
9.659754378900744509e-01
9.704016913319238880e-01
9.707445105947122288e-01
8.640174817700292387e-01
9.384909786768725892e-01
8.207706074323612988e-01
9.391086827726943254e-01
8.945445689235265174e-01
9.560888888888888770e-01
8.184845326758343198e-01
9.650700492237789252e-01
9.462983248283416415e-01
8.482213142407317719e-01
9.402932688557834595e-01
9.675383394541126059e-01
9.019198948251241355e-01
9.657133542228903966e-01
8.308182476466329236e-01
9.508815823636320719e-01
9.778797792860979277e-01
9.616262186268409451e-01
7.764556094216737980e-01
9.785689127313121904e-01
9.600076723889900965e-01
8.498009554140127930e-01
9.212694360640519831e-01
8.645870783546579785e-01
6.796003558475329775e-01
9.481361994599712961e-01
9.387025862446466418e-01
9.764018060432987367e-01
9.116456646916465401e-01
7.804593551253923289e-01
5.358282150169023650e-01
9.718895566690667343e-01
9.053646188297147512e-01
9.411070066008598856e-01
7.560382740161020187e-01
9.325288376220053355e-01
8.281884469283500305e-01
6.979530703944083481e-01
9.167461733106566646e-01
9.676830236620612702e-01
9.777940331260775997e-01
9.195527679301881419e-01
9.743454182582376166e-01
7.090573986308583709e-01
9.492846571287617552e-01
9.467228823303948104e-01
9.004492166100580564e-01
9.034134599311289815e-01
9.289129479006374979e-01
8.487102265287416181e-01
8.372956700334805991e-01
9.671133665073655683e-01
8.748689880051240264e-01
8.297288433988643241e-01
9.376446040510425517e-01
9.765119162419065857e-01
7.401912848522431698e-01
9.640402478650029749e-01
9.307962345996466658e-01
9.648073866646484920e-01
9.379388751421119386e-01
9.763734466971877302e-01
9.285918371832347917e-01
8.724547462136361675e-01
9.147190452511188008e-01
9.729715206878022382e-01
9.673168160253030612e-01
9.529474196258789220e-01
8.964693563692287537e-01
9.837538461538462009e-01
9.335348649738008930e-01
8.984433281941612837e-01
7.764202431158521156e-01
9.621823744369847331e-01
8.959606337533120302e-01
8.560350551055636581e-01
9.433985305192029713e-01
9.744836967723319310e-01
8.877494255653646249e-01
9.429660520749937325e-01
8.631680587070921229e-01
9.598073572309560042e-01
9.265895516746049942e-01
9.643723032668994888e-01
9.257141227307082998e-01
9.449256625727213699e-01
8.511552229092091970e-01
9.746126280724776159e-01
7.699831775376770882e-01
9.741144414168937393e-01
9.627162225338943280e-01
8.976599943614321786e-01
9.389862461973520480e-01
9.291545066192953284e-01
8.051605950848624849e-01
9.661881452840278550e-01
9.112257214967628416e-01
9.105126781417730575e-01
9.450242796427358316e-01
7.897901065288471800e-01
9.130727171720125490e-01
9.574931089511098392e-01
7.933619201425627931e-01
8.950305607228274951e-01
9.207543927482063628e-01
4.678204434829637548e-01
6.842661034846885260e-01
9.567525822955883497e-01
9.352566678652255439e-01
6.772684376443186549e-01
9.648766578822309814e-01
4.429380629584919737e-02
8.499781945050152165e-01
9.846610856062651962e-01
9.439782714304641997e-01
9.573470822591985119e-01
8.744221011088141315e-01
9.627650097986816258e-01
9.367740735574464628e-01
9.351899604607185612e-01
8.472521551724138122e-01
9.386312965272266551e-01
8.509266720386784444e-01
8.906935908691835380e-01
9.255979359877275492e-01
9.769775055444080980e-01
9.479085069716434164e-01
9.255145761572712848e-01
9.674538930151047600e-01
7.831046028183523688e-01
5.955772408908475146e-01
9.614023626762480124e-01
2.024998402998104963e-01
9.220190654789810480e-01
6.619217081850533591e-01
8.984846101410518537e-01
8.227878554587884918e-02
9.459046232253367492e-01
9.777379991932231285e-01
8.243093922651933969e-01
9.282917884929877683e-01
9.409756909756910037e-01
5.341168986565287824e-01
9.774511540050764280e-01
8.063961813842481785e-01
8.164444569721227563e-01
9.210586183362402535e-01
8.229056203605514819e-01
9.020153924475189378e-01
7.972156352788188904e-01
8.140767154330655897e-01
5.342626750677418324e-01
8.205439065384509956e-01
7.690514043455219939e-01
6.315117708234849747e-01
7.309273640931932547e-01
8.955719894092942779e-01
9.489555443137932533e-01
9.172978505629477697e-01
9.564133582609333217e-01
9.318445734702992533e-01
9.644041565332743815e-01
9.759498082955733178e-01
9.206050630927188339e-01
9.698275862068965747e-01
9.286076291516032200e-01
9.504297491668128872e-01
8.999564396689414547e-01
9.229547259729944386e-01
9.410252455139082040e-01
9.317965326728900877e-01
9.764957264957264682e-01
9.170482089954214988e-01
8.558260458520444702e-01
5.881910235358511763e-01
4.108976597974152711e-01
9.412605402315278313e-01
9.758041667453676293e-01
9.745834034674297763e-01
9.244214395559056108e-01
9.428163992869875720e-01
9.850067937965609755e-01
9.523481003301631498e-01
9.339744775291288770e-01
8.837719298245614308e-01
6.834234807508750009e-01
9.351203167834297725e-01
7.300426569165142654e-01
9.562542720437456900e-01
9.410029498525073199e-01
8.836869056327725236e-01
9.195294117647059284e-01
9.405099150141642550e-01
9.408723747980614061e-01
4.644907331474495416e-01
7.985659274996680379e-01
9.659318637274548758e-01
9.560709413369713472e-01
1.410164638511095248e-01
8.971291866028707762e-01
8.109097918272937244e-01
9.524830296534476659e-01
8.726578193433661701e-01
8.662514827995254629e-01
9.590886203423967249e-01
7.811040922823400123e-01
9.743018750278359397e-01
8.761664564943253408e-01
9.767066110138683532e-01
9.469939523301316164e-01
9.435294117647058387e-01
8.318420240666460908e-01
9.223123201674078286e-01
5.825969746892316614e-01
8.885300111508439569e-01
7.970297029702970715e-01
5.137939055594323845e-01
9.603209986625055317e-01
9.756244357508275789e-01
9.650219195970525243e-01
8.983641536273114792e-01
8.801911062109518680e-01
8.664169787765293451e-01
8.465728551974580629e-01
9.524086741376801557e-01
9.568454899306143568e-01
9.723352318958502494e-01
9.572241183162685241e-01
8.995327866174404052e-01
2.498709344346928263e-01
9.500848896434634927e-01
9.040000000000000258e-01
8.535447761194029370e-01
7.425506555423122546e-01
8.751167860479601712e-01
9.547614129312125275e-01
8.364712210866056541e-01
9.414893617021277139e-01
9.680552006133401610e-01
9.522326064382139466e-01
8.344200962052378268e-01
9.432031383250895074e-01
9.794882639035736860e-01
8.511041009463722329e-01
9.267771245323356277e-01
1.885945217781769268e-01
8.254475471150005683e-01
9.686536485097636540e-01
9.264643009833262166e-01
9.159223025662838191e-01
8.240358126721762932e-01
8.576591045974704119e-01
9.268211368561426466e-01
4.515260323159784317e-01
9.209138840070298926e-01
9.320498301245753181e-01
6.043613707165108595e-01
7.838479809976246493e-01
9.757636122177955063e-01
8.691681066403357248e-01
6.806790622473726238e-01
9.292101341281668869e-01
9.420035149384885509e-01
7.671058223544411359e-01
6.865256984102484639e-01
8.010645375914836608e-01
5.988649262202042634e-01
8.184947958366692866e-01
9.282331511839708726e-01
8.893320039880359129e-01
9.378834355828220559e-01
7.411722744025680543e-01
8.685567010309278579e-01
8.747114872462566915e-01
9.267678754031306587e-01
3.445004447079750842e-01
6.000591424346969349e-01
2.870336834480261001e-01
9.436619718309858795e-01
9.491990846681922500e-01
8.955003688222277214e-01
9.324434315481034963e-01
8.854611092878240663e-01
8.139668002289639492e-01
8.197592621541347491e-01
9.259560618388934516e-01
9.556916426512968021e-01
9.564712710388856287e-01
9.650680876258140861e-01
9.427443237907205953e-01
9.627156371730661855e-01
7.649554957565721791e-01
9.385796545105565825e-01
9.261486649025739704e-01
9.600439458771828916e-01
8.806818181818182323e-01
9.623550401427296563e-01
3.959085439229843573e-01
9.474153297682709196e-01
3.981325379328232161e-01
8.165337200870196321e-01
8.444203095302742490e-01
9.406688241639697967e-01
8.768567321514134649e-01
9.327548806941431403e-01
8.246830427892234416e-01
7.310835351089588485e-01
9.517985611510791921e-01
6.143958868894601189e-01
9.140127388535032038e-01
8.093104962670180091e-01
