5.236256664828093932e-01
9.852680156194533190e-01
8.948390228118427991e-01
7.435133985538069368e-01
7.486515641855447933e-01
9.660326086956522174e-01
9.909415667262057026e-01
6.893743793445878953e-01
1.000000000000000000e+00
9.687312086590499360e-01
9.259517988124345012e-01
9.981166565113831490e-01
9.424495818986718954e-01
9.730684326710816734e-01
9.965187119234116819e-01
8.209200438116101006e-01
9.937976253765727908e-01
9.338503649635035986e-01
9.196470773593823367e-01
1.000000000000000000e+00
8.822687421721238099e-01
9.343220338983050377e-01
1.000000000000000000e+00
9.692419033833906683e-01
9.931406173444390362e-01
8.759560561813377610e-01
9.906499773789775309e-01
7.772870662460568125e-01
7.658409253761899738e-01
9.969978165938864212e-01
7.576648467030658862e-01
9.069273912384416825e-01
9.075177304964539005e-01
9.981271459785662215e-01
1.000000000000000000e+00
8.107400946922501683e-01
9.640096618357487657e-01
9.500682438580527744e-01
4.872330894430341730e-01
9.520978427042636749e-01
8.359706131675614937e-01
9.876283846872082606e-01
1.000000000000000000e+00
7.098597919493442321e-01
9.323109465891062930e-01
8.367768595041322754e-01
9.252532627544035604e-01
9.710494571773220507e-01
1.000000000000000000e+00
9.930382894082545597e-01
9.588907469342251577e-01
9.981543430614834289e-01
9.715928023992003171e-01
9.989294317066642614e-01
9.375513557929334718e-01
9.906625608423562657e-01
5.563513624763316567e-01
2.984028495920946766e-01
9.974983444926789344e-01
7.153821554205308519e-01
9.649452079675485683e-01
7.486637097691345444e-01
8.721404209300390731e-01
9.281861839674916403e-01
9.888991674375577912e-01
6.963193723318333861e-01
5.905050942987210005e-01
8.672356567093408852e-01
1.000000000000000000e+00
1.000000000000000000e+00
9.994957135653050884e-01
8.630527817403709223e-01
8.786711603273952287e-01
9.556022342101494482e-01
1.000000000000000000e+00
8.922091782283885220e-01
1.000000000000000000e+00
9.988052568697729505e-01
9.974213512119649572e-01
1.000000000000000000e+00
9.600468505986465839e-01
9.636782069241545123e-01
8.907866849520009733e-01
9.340265641384131179e-01
8.331122313611037944e-01
9.476409666283084343e-01
9.809976247030879337e-01
6.544577452206539192e-01
1.794997547817557548e-01
9.538819875776397561e-01
6.338028169014084945e-01
1.000000000000000000e+00
9.988213503956895334e-01
1.000000000000000000e+00
1.000000000000000000e+00
9.909533750869867763e-01
9.173913043478261198e-01
9.326532977860206852e-01
1.000000000000000000e+00
8.524747717443537098e-01
1.000000000000000000e+00
9.877192982456139969e-01
9.129720853858784846e-01
9.989126495106922521e-01
9.174217462932454659e-01
9.905564063297600530e-01
9.092542677448337551e-01
1.000000000000000000e+00
8.519731543624160519e-01
9.517871986699917297e-01
9.459880550506362118e-01
9.985119047619047672e-01
9.771054783319705894e-01
9.866146123814835134e-01
8.911193541348462199e-01
9.937624750499002291e-01
9.783783783783783772e-01
9.106825431611756949e-01
9.749427043544690585e-01
9.882518796992481036e-01
9.964033397559408645e-01
9.879769475357710329e-01
9.428016404057846245e-01
8.859264901923442626e-01
9.110432915112467445e-01
9.684418145956606994e-01
8.770426690876078624e-01
9.789687924016282627e-01
8.048038256711227412e-01
9.801159900579949902e-01
9.428053830227742793e-01
9.995876288659794051e-01
9.967441860465116044e-01
7.703679369250985287e-01
7.870097659277631719e-01
4.493155432334084431e-01
1.000000000000000000e+00
9.152173913043478715e-01
9.268642447418737884e-01
9.985460889793544847e-01
8.646706586826347074e-01
1.000000000000000000e+00
6.245980707395498710e-01
9.715589136788082003e-01
9.598331151832460995e-01
9.903060835050759847e-01
9.320568252007411791e-01
9.926885314393147919e-01
5.680078992841274266e-01
1.000000000000000000e+00
6.741105223315669859e-01
8.742442563482466511e-01
7.655558144954556221e-01
7.601880877742946963e-01
7.180892717306186501e-01
9.653333333333333766e-01
1.000000000000000000e+00
9.399066511085181208e-01
5.479768786127167113e-01
8.672614854817249919e-01
7.408525429930479245e-01
7.083087512291051935e-01
9.824877250409165264e-01
9.085466556564822938e-01
9.618055555555555802e-01
7.981510015408320724e-01
8.134087237479805665e-01
9.436699321778447835e-01
1.000000000000000000e+00
9.773837667454688960e-01
9.930875576036866104e-01
9.781879194630872520e-01
6.873010554531747696e-01
9.360855728429985367e-01
9.166089965397924422e-01
9.228215767634855293e-01
9.973936899862825278e-01
1.000000000000000000e+00
8.721461187214611943e-01
7.984614084030772219e-01
9.205095998564507553e-01
9.718705329793750902e-01
9.707671761388929621e-01
9.908482928546286095e-01
9.998435054773082697e-01
1.000000000000000000e+00
9.980458340735477440e-01
9.893778452200303608e-01
9.824927536231884417e-01
9.325574455386451689e-01
9.367440015863572889e-01
9.547752808988764217e-01
9.486673247778875107e-01
9.975784259768849527e-01
9.981014842940973963e-01
8.729027962716378042e-01
