9.631195068359375000e-01
9.932098388671875000e-01
9.771575927734375000e-01
9.109649658203125000e-01
9.768981933593750000e-01
9.878997802734375000e-01
9.737396240234375000e-01
9.838562011718750000e-01
9.627838134765625000e-01
9.782104492187500000e-01
9.438781738281250000e-01
9.595184326171875000e-01
9.788970947265625000e-01
9.596405029296875000e-01
9.542846679687500000e-01
9.821166992187500000e-01
9.707641601562500000e-01
9.905853271484375000e-01
9.886322021484375000e-01
9.477996826171875000e-01
9.577026367187500000e-01
9.659729003906250000e-01
9.674224853515625000e-01
9.346618652343750000e-01
9.244995117187500000e-01
9.685974121093750000e-01
9.935150146484375000e-01
9.970855712890625000e-01
9.381256103515625000e-01
9.916076660156250000e-01
8.507690429687500000e-01
9.573211669921875000e-01
9.650573730468750000e-01
9.643402099609375000e-01
9.445190429687500000e-01
9.209136962890625000e-01
8.655395507812500000e-01
9.587249755859375000e-01
9.778594970703125000e-01
9.795684814453125000e-01
9.916992187500000000e-01
9.486541748046875000e-01
9.924621582031250000e-01
9.740142822265625000e-01
9.903259277343750000e-01
9.971923828125000000e-01
9.548645019531250000e-01
9.883575439453125000e-01
9.836273193359375000e-01
9.782104492187500000e-01
9.603576660156250000e-01
9.905548095703125000e-01
9.847412109375000000e-01
9.928131103515625000e-01
9.839019775390625000e-01
9.972686767578125000e-01
9.971618652343750000e-01
9.963531494140625000e-01
9.590606689453125000e-01
9.909210205078125000e-01
9.931182861328125000e-01
9.911499023437500000e-01
9.909515380859375000e-01
9.980773925781250000e-01
9.971008300781250000e-01
9.961700439453125000e-01
9.912872314453125000e-01
9.953002929687500000e-01
9.958038330078125000e-01
9.834136962890625000e-01
9.584045410156250000e-01
9.860076904296875000e-01
9.940032958984375000e-01
9.954376220703125000e-01
9.893493652343750000e-01
9.573516845703125000e-01
9.700164794921875000e-01
9.957427978515625000e-01
9.960021972656250000e-01
9.487457275390625000e-01
9.925689697265625000e-01
9.724121093750000000e-01
9.920959472656250000e-01
9.928894042968750000e-01
9.951934814453125000e-01
9.847412109375000000e-01
9.397277832031250000e-01
9.576416015625000000e-01
9.716796875000000000e-01
9.369659423828125000e-01
9.940032958984375000e-01
9.436340332031250000e-01
9.293518066406250000e-01
9.357299804687500000e-01
9.774932861328125000e-01
9.479217529296875000e-01
9.585266113281250000e-01
9.799041748046875000e-01
9.622802734375000000e-01
8.764648437500000000e-01
9.764404296875000000e-01
9.928588867187500000e-01
9.591064453125000000e-01
9.114685058593750000e-01
9.714965820312500000e-01
8.620300292968750000e-01
8.454589843750000000e-01
9.776916503906250000e-01
9.536132812500000000e-01
9.779205322265625000e-01
9.697723388671875000e-01
9.141540527343750000e-01
9.418182373046875000e-01
9.804992675781250000e-01
9.285125732421875000e-01
9.371795654296875000e-01
9.668579101562500000e-01
9.265289306640625000e-01
9.848937988281250000e-01
9.741821289062500000e-01
8.394622802734375000e-01
9.459381103515625000e-01
9.740905761718750000e-01
9.892883300781250000e-01
9.769897460937500000e-01
8.777923583984375000e-01
9.529113769531250000e-01
9.711914062500000000e-01
9.797363281250000000e-01
9.871978759765625000e-01
9.682159423828125000e-01
9.510192871093750000e-01
8.554077148437500000e-01
9.450836181640625000e-01
9.837036132812500000e-01
9.722442626953125000e-01
9.457092285156250000e-01
9.305267333984375000e-01
9.886627197265625000e-01
8.955841064453125000e-01
9.878692626953125000e-01
9.740905761718750000e-01
9.737854003906250000e-01
9.815063476562500000e-01
9.872283935546875000e-01
9.683532714843750000e-01
9.763946533203125000e-01
9.723663330078125000e-01
9.224853515625000000e-01
9.061126708984375000e-01
9.027099609375000000e-01
9.846649169921875000e-01
9.471588134765625000e-01
9.498443603515625000e-01
9.824981689453125000e-01
9.832763671875000000e-01
9.779663085937500000e-01
9.126739501953125000e-01
9.725799560546875000e-01
9.524383544921875000e-01
7.774505615234375000e-01
8.797760009765625000e-01
9.837951660156250000e-01
9.665222167968750000e-01
9.752197265625000000e-01
9.634857177734375000e-01
9.691162109375000000e-01
9.949340820312500000e-01
9.929809570312500000e-01
9.458312988281250000e-01
9.078674316406250000e-01
9.831695556640625000e-01
9.881744384765625000e-01
8.727874755859375000e-01
9.892120361328125000e-01
9.174194335937500000e-01
9.431304931640625000e-01
9.872894287109375000e-01
9.315490722656250000e-01
9.791870117187500000e-01
9.808197021484375000e-01
9.322357177734375000e-01
9.511108398437500000e-01
9.592895507812500000e-01
8.852691650390625000e-01
9.578857421875000000e-01
9.963226318359375000e-01
9.838409423828125000e-01
9.854888916015625000e-01
9.648437500000000000e-01
9.892120361328125000e-01
9.751281738281250000e-01
9.862213134765625000e-01
9.444732666015625000e-01
9.869232177734375000e-01
9.960937500000000000e-01
