1.000000000000000000e+00
9.415121255349501173e-01
9.900497512437811398e-01
7.483171814579653303e-01
1.000000000000000000e+00
7.232301672002845461e-01
1.000000000000000000e+00
9.966547192353644169e-01
9.572631124541334247e-01
8.595505617977527990e-01
9.740965113850010848e-01
7.561096025672673360e-01
9.570214892553723374e-01
1.000000000000000000e+00
9.477849840606793475e-01
7.550687485434630641e-01
9.049111807732497237e-01
8.569564082484990575e-01
9.578666666666666440e-01
1.000000000000000000e+00
8.488914819136522683e-01
5.046242774566473965e-01
9.180558816623620721e-01
7.444200512257592717e-01
8.140117994100295462e-01
9.716857610474631812e-01
9.632535094962840772e-01
6.024305555555555802e-01
9.436090225563910083e-01
9.957610789980732013e-01
9.888712241653417889e-01
9.584750850510306286e-01
8.459045006857000004e-01
9.269486193638587501e-01
9.997798569069895613e-01
1.000000000000000000e+00
4.344873501997336684e-01
4.692427655518974228e-01
1.000000000000000000e+00
6.750000000000000444e-01
9.086998087954111236e-01
9.521663274207619043e-01
3.748502994011976286e-01
9.145661979304855471e-01
9.982738780207134344e-01
9.679334916864608118e-01
4.824012864034303849e-01
9.893759669932955525e-01
9.833770778652668465e-01
8.759760541384695731e-01
8.495994768677456177e-01
9.772515527950310643e-01
7.072706509326227575e-01
1.000000000000000000e+00
9.984845933658864636e-01
9.980910826288519333e-01
9.819047619047619468e-01
9.714683368128044227e-01
1.000000000000000000e+00
9.499246551524284099e-01
9.993909866017052224e-01
8.385391638635271150e-01
9.868613138686130881e-01
8.807017543859648745e-01
9.250136836343733071e-01
9.985501993475897065e-01
9.205107084019769070e-01
9.928534966819806407e-01
8.566936208445642409e-01
1.000000000000000000e+00
8.583087248322147644e-01
9.812373827336421384e-01
9.127499350817969148e-01
9.647817460317460458e-01
9.636140637775960638e-01
9.994422755158951510e-01
8.777365626591024927e-01
9.855289421157684693e-01
9.493857493857493779e-01
9.868507560815252821e-01
9.799847211611917297e-01
9.491300745650372850e-01
8.584368530020703991e-01
9.901030927835051676e-01
1.000000000000000000e+00
8.820630749014454208e-01
8.598666873352968087e-01
8.510229456312874419e-01
9.396778435239974137e-01
9.240807989105764841e-01
8.690637720488466611e-01
9.426692750787958319e-01
9.853795688847235557e-01
9.969933854479855473e-01
7.341949004540692103e-01
9.927989807788178966e-01
9.227742252828332603e-01
9.679911699779248924e-01
1.000000000000000000e+00
9.504381161007666723e-01
9.858231437178806011e-01
9.087591240875911858e-01
9.498975894123208308e-01
9.983723958333333703e-01
8.751118268026480962e-01
9.324922958397534600e-01
9.809693725840024081e-01
8.760629636330740100e-01
9.977951984321411505e-01
7.819496592963426362e-01
9.931382898507012946e-01
6.271924290220820541e-01
7.760773876548264782e-01
8.097707423580785546e-01
7.564048719025620038e-01
9.543731999393664234e-01
9.188652482269503707e-01
1.000000000000000000e+00
9.774798927613941313e-01
8.767754796910042225e-01
1.000000000000000000e+00
9.988626023657870556e-01
7.289831267731819997e-01
8.744691693562085533e-01
7.721107657530376089e-01
9.547152194211018239e-01
9.685344827586206407e-01
5.800542740841247991e-01
8.861713379164463111e-01
8.446280991735537480e-01
8.516929816555626198e-01
9.893158711011545980e-01
9.998883430102724068e-01
9.814147190452511271e-01
9.880156075808249616e-01
9.560502941515746089e-01
9.514328557147617715e-01
9.905433134088679203e-01
9.827444535743632414e-01
5.686707115278544222e-01
9.396521121760738060e-01
9.810710241061316728e-01
7.711612079965971533e-01
7.049622437971952982e-01
9.778079710144927938e-01
9.970655779535595453e-01
7.084409136047666866e-01
9.527167974570378561e-01
6.646085453198320447e-01
2.199241640813512644e-01
9.323081450960194472e-01
5.861848417013111323e-01
9.863171278077133008e-01
8.368588650062549483e-01
9.083270942517261970e-01
9.632065016623568843e-01
1.000000000000000000e+00
7.119533864082150387e-01
7.337957944938218180e-01
4.457088667614983457e-01
1.000000000000000000e+00
9.999215440138082833e-01
9.565038982355354991e-01
5.852090032154341204e-01
9.679235868557987121e-01
7.926210732984293461e-01
9.903824135562170339e-01
8.761581222977146144e-01
7.678479712378017963e-01
6.555376054568300415e-01
9.439525244913338220e-01
9.985091315691390079e-01
9.629629629629629095e-01
9.600614439324116622e-01
9.949664429530201692e-01
8.014324007371419478e-01
8.611209335219236483e-01
6.636678200692041063e-01
9.697095435684647269e-01
9.890260631001371872e-01
9.974736216376876019e-01
9.229223744292237575e-01
9.069236621861527237e-01
5.969854656378970059e-01
9.918827853788033666e-01
9.695058614037691536e-01
9.785286870820133487e-01
9.996870109546165395e-01
8.871892925430210353e-01
9.989340913128441635e-01
9.921959679167570156e-01
9.315942028985507717e-01
9.434994528996319962e-01
7.617820080639831071e-01
9.480337078651684957e-01
9.750740375123395642e-01
