8.360914936228522887e-01
9.013315124615909335e-01
9.200596569724086571e-01
8.499159572737624568e-01
8.668864097363082610e-01
8.371422688902614428e-01
7.077762619372441888e-01
9.301962533452274862e-01
8.127920828369834538e-01
9.244712990936555519e-01
7.368254720707908545e-01
8.005750130684787802e-01
7.464431884622880764e-01
6.500984251968503491e-01
8.828136998924895895e-01
8.534176214934808824e-01
8.143881509345245462e-01
9.081604426002766184e-01
9.116751269035533456e-01
6.492187499999999556e-01
5.255553548853169055e-01
6.352555939603420354e-01
9.253707794256863517e-01
8.044681692368524928e-01
8.760549220878859344e-01
8.729598588442876173e-01
9.595886889460154556e-01
7.351694915254237683e-01
5.474372955288986375e-01
9.738081778782740061e-01
6.812005886580649872e-01
8.985085826845511381e-01
8.894861038280020837e-01
9.159039889483681085e-01
8.518240645221795138e-01
8.708634985846338550e-01
5.935965071857376429e-01
6.387545701144002885e-01
6.060348491287718131e-01
5.437828371278459194e-01
8.939572066776393378e-01
8.290922901633117625e-01
5.452961672473867205e-01
8.078275134755097397e-01
8.820538891713268770e-01
9.596702973211657106e-01
6.329113924050633333e-01
9.666431522724981962e-01
9.372524494475713563e-01
9.064099111230811134e-01
8.914236706689536716e-01
9.793044425425970756e-01
8.071242397914856204e-01
9.394458726078263044e-01
9.227417723488680057e-01
9.788713559775340523e-01
9.515459160129210447e-01
9.535519125683059594e-01
4.502079765108881748e-01
9.681039574719433327e-01
9.377142857142857224e-01
8.593942378724451769e-01
8.387096774193548709e-01
8.972296693476318197e-01
9.577784074808727288e-01
9.676852827537758550e-01
9.428390634887154897e-01
9.665796993415330940e-01
9.190361445783132854e-01
9.087681931132410851e-01
9.184453190083594620e-01
9.576403778176971748e-01
9.432443311418220455e-01
9.324065196548417811e-01
8.837645294338207780e-01
6.463480613165013544e-01
9.326841332405905183e-01
9.681372549019607865e-01
9.463629684055840929e-01
9.661477578849501091e-01
9.699810964083175335e-01
8.973133860734706646e-01
9.193458980044345585e-01
9.612651386247622609e-01
9.394800087393488930e-01
9.114826444878214584e-01
8.507994938456229228e-01
8.582502137361071037e-01
8.714274826613824798e-01
8.982653539615564897e-01
9.011607456911713276e-01
9.294114495432505008e-01
7.017754638900013386e-01
4.712235327554355480e-01
8.414731785428343214e-01
9.186100148634104290e-01
8.217257993867718158e-01
9.352671430094913196e-01
5.484486873508352955e-01
4.877740303541315270e-01
8.879489225857940538e-01
9.137614678899083076e-01
8.486170736856921692e-01
7.059094309223775676e-01
8.578444269052003524e-01
6.871030690083377301e-01
4.056313783351776503e-01
8.743228602383531500e-01
7.601717058603956190e-01
8.762661679912732149e-01
9.344116916746478818e-01
7.699934162116106595e-01
8.676967095851215728e-01
8.377806014400677181e-01
7.072452385627331362e-01
7.780523974295600054e-01
7.668994909435302709e-01
8.255099849688640745e-01
8.433957899606754349e-01
9.040339157245631529e-01
4.567015995587423993e-01
8.541555220541749982e-01
8.411440385940730513e-01
9.247350458056403655e-01
8.681493248610008262e-01
5.186406289627187860e-01
5.923289837880585385e-01
7.334858450100085747e-01
9.095596716195128995e-01
9.011352364157390049e-01
9.063273928033798166e-01
8.139798667233800744e-01
6.743222891566265087e-01
9.103698792054659705e-01
9.672908352945188692e-01
9.021934360202471526e-01
8.699063142661284109e-01
8.456851245334755518e-01
8.704512372634642947e-01
4.882784750177598942e-01
9.421605267841253184e-01
8.991696322657176665e-01
8.106416275430360363e-01
6.699128651973347282e-01
8.498327100964376823e-01
8.881691101261507404e-01
8.186825797567133245e-01
9.195589645254075295e-01
7.592401015705821932e-01
3.605538287651879337e-01
8.512596573731945337e-01
7.391129032258064724e-01
9.153789964600775875e-01
8.986932095749877725e-01
9.385018694400275585e-01
9.622822556834956798e-01
8.149264983038070342e-01
8.202179981390402830e-01
8.018476844723440022e-01
6.165956051164316332e-01
3.441231343283582267e-01
7.830066965657062061e-01
9.219816078315039576e-01
7.270003744850830341e-01
9.483535286517442708e-01
8.832672409863713270e-01
9.402514583861734110e-01
9.332236842105262609e-01
8.562428407789232088e-01
7.918902802623732917e-01
7.797836744222239602e-01
9.550234685996078499e-01
9.737439738635005337e-01
2.456036938795559399e-01
9.406299569453886456e-01
8.865363232023720785e-01
8.453527727154387383e-01
7.978369384359400573e-01
6.570143379252179061e-01
9.299026246211388180e-01
9.141923181694361356e-01
8.462569083905543410e-01
8.919188560026604096e-01
7.121147260273972268e-01
8.446656812451091012e-01
9.177230747620886975e-01
9.728783902012247964e-01
9.287583599883687535e-01
8.894974667944680613e-01
8.632176849861835644e-01
9.391607674156150498e-01
9.219207159658080464e-01
9.653452750496157586e-01
8.611028093245666204e-01
9.625439680578001811e-01
9.794248884481904227e-01
