9.747441936007795737e-01
9.967723828234633654e-01
9.829693954978501180e-01
9.940792572159052876e-01
9.830964148300787020e-01
9.997927461139896055e-01
9.833278849297155677e-01
9.900246124757542399e-01
9.697059258164621998e-01
1.000000000000000000e+00
9.472090075556799382e-01
9.912498983491908611e-01
9.808766821437002736e-01
9.547810601965210919e-01
9.678591045199241849e-01
9.989876724630581961e-01
9.803104945874117071e-01
9.981200875131674977e-01
9.912925258149095642e-01
9.572672620275050059e-01
9.628968067437561063e-01
9.953121979508988693e-01
9.839837752800469906e-01
9.787195077283715738e-01
9.800424816355429725e-01
9.738330023895265253e-01
9.964575232320569409e-01
9.996767241379310720e-01
9.495331819328791667e-01
9.933507644889265631e-01
8.340964811075858298e-01
9.685103165172301853e-01
9.921759540989306680e-01
9.794424314131480180e-01
9.440576783405076888e-01
8.929476263654109180e-01
9.912502969356243865e-01
1.000000000000000000e+00
9.856995202320164573e-01
9.885012999876191531e-01
9.959018977365865499e-01
9.595792560264584381e-01
1.000000000000000000e+00
9.786617449447115868e-01
9.927740681526067146e-01
9.987001190252459137e-01
9.960793473364587536e-01
9.899894342866352170e-01
9.913719572206548536e-01
9.924462421351033514e-01
9.870173727064650571e-01
9.954611060467942751e-01
9.981083787693334486e-01
9.931884267514899944e-01
9.834891018004261465e-01
9.975593592914060448e-01
9.986663771981515447e-01
9.985179175962183296e-01
9.652253311873220110e-01
9.981022333901491406e-01
9.966037499608726424e-01
9.962965881333227802e-01
9.961295893663937306e-01
9.992765446541267416e-01
9.998116435668430446e-01
9.971327078388582121e-01
9.974291364535267101e-01
9.960888052192541364e-01
9.997314800189543993e-01
9.829846398305084332e-01
9.957366076186822124e-01
9.899676092094896740e-01
9.985896084947718521e-01
9.966782115869017300e-01
9.915834522111269811e-01
9.692515256577193261e-01
9.988220982099754730e-01
9.967169418801196112e-01
9.981732571140612409e-01
9.060035146511913329e-01
9.954908375853943614e-01
9.831263340111930926e-01
9.994324815151122143e-01
9.944138681079656150e-01
9.956299498311930174e-01
9.945330372762750670e-01
9.604248204582589432e-01
9.793787154474412615e-01
9.777972145596447451e-01
9.509308732676573506e-01
9.986263307420936153e-01
9.664785505155514267e-01
9.270776232952940843e-01
9.418220531366930937e-01
9.989633840494900330e-01
9.358507255228186716e-01
9.668388377609906659e-01
9.924269743959610590e-01
9.706151862953701359e-01
8.851237799754378965e-01
9.778939108076069031e-01
9.972215205860065490e-01
9.690314078629475025e-01
9.141130118534482873e-01
9.846030660416701386e-01
8.528067885117492919e-01
8.455278014572241707e-01
9.882184339015814833e-01
9.583265531942590787e-01
9.996572114148598587e-01
9.663695144813865268e-01
9.993962081874169234e-01
9.945867211617895887e-01
9.926945952935092299e-01
9.531964447793399575e-01
9.441626087989276606e-01
9.728596539323668413e-01
9.273491282968261418e-01
9.900268568107929434e-01
9.912189184489653693e-01
8.395660955111081680e-01
9.473248272945157256e-01
9.995071296249086190e-01
9.983402907005984872e-01
9.991960039686612616e-01
8.792202703585189072e-01
9.522272842318399988e-01
9.998854599600746074e-01
9.918581384116470501e-01
9.976110452089099745e-01
9.944300921599882326e-01
9.571091356536587380e-01
8.471367974549310897e-01
9.431726257887073084e-01
9.846241012816505656e-01
9.750997942567746213e-01
9.470783830232384348e-01
9.273657665617464074e-01
9.947915856900759746e-01
9.311612892490473969e-01
9.948248806383760412e-01
9.790582090809535343e-01
9.898412072196468570e-01
9.883640589177475899e-01
9.887253663466397668e-01
9.662899927207182493e-01
9.981487909290756022e-01
9.783302385116010580e-01
9.804079492030193244e-01
1.000000000000000000e+00
9.324670324381557629e-01
1.000000000000000000e+00
9.431648952447010403e-01
9.906360792492179268e-01
9.938521909744931770e-01
9.899232707063325698e-01
9.845046864644807494e-01
9.913489066843699238e-01
9.926956978481032978e-01
1.000000000000000000e+00
7.726324639837016672e-01
8.662057207804508829e-01
9.904882793181892797e-01
9.979689564068692231e-01
9.800221329139728876e-01
9.995123049219687417e-01
9.709545151139505892e-01
9.999197406016244738e-01
9.992137004827879032e-01
9.999816156193698236e-01
9.077749453750910691e-01
9.870405482978760192e-01
9.964235703742950756e-01
8.812622598623781611e-01
9.918030115377094447e-01
9.962313970235238125e-01
9.632450575390970604e-01
1.000000000000000000e+00
9.625035642999715257e-01
9.827112591422586529e-01
9.788630605200061563e-01
9.481918440625801692e-01
9.720892993464539389e-01
9.925954338508746755e-01
8.479367981196134219e-01
9.628875485035921500e-01
9.985006778849988551e-01
9.834646468062083757e-01
9.936323232323232002e-01
9.703540487756021626e-01
9.908573116885248666e-01
9.864525311451213252e-01
9.979633401221995603e-01
9.977384093479080285e-01
9.957525156774099662e-01
9.989428143907358448e-01
