9.762725830078125000e-01
9.955902099609375000e-01
9.836425781250000000e-01
9.155273437500000000e-01
9.839782714843750000e-01
9.879302978515625000e-01
9.836578369140625000e-01
9.904479980468750000e-01
9.688262939453125000e-01
9.774932861328125000e-01
9.491729736328125000e-01
9.767150878906250000e-01
9.801483154296875000e-01
9.566040039062500000e-01
9.650726318359375000e-01
9.830169677734375000e-01
9.759063720703125000e-01
9.898681640625000000e-01
9.893798828125000000e-01
9.588928222656250000e-01
9.599151611328125000e-01
9.694061279296875000e-01
9.711303710937500000e-01
9.396362304687500000e-01
9.285125732421875000e-01
9.736328125000000000e-01
9.940032958984375000e-01
9.961853027343750000e-01
9.493408203125000000e-01
9.936370849609375000e-01
8.578643798828125000e-01
9.669799804687500000e-01
9.742736816406250000e-01
9.702758789062500000e-01
9.517822265625000000e-01
9.213409423828125000e-01
8.636474609375000000e-01
9.532623291015625000e-01
9.858551025390625000e-01
9.841003417968750000e-01
9.931182861328125000e-01
9.588012695312500000e-01
9.920349121093750000e-01
9.749755859375000000e-01
9.929199218750000000e-01
9.979095458984375000e-01
9.522094726562500000e-01
9.898986816406250000e-01
9.908142089843750000e-01
9.787902832031250000e-01
9.613647460937500000e-01
9.918823242187500000e-01
9.864501953125000000e-01
9.935302734375000000e-01
9.848480224609375000e-01
9.975891113281250000e-01
9.983978271484375000e-01
9.979248046875000000e-01
9.657135009765625000e-01
9.917602539062500000e-01
9.966735839843750000e-01
9.912872314453125000e-01
9.960327148437500000e-01
9.982452392578125000e-01
9.977264404296875000e-01
9.971923828125000000e-01
9.917297363281250000e-01
9.958953857421875000e-01
9.948730468750000000e-01
9.843139648437500000e-01
9.566802978515625000e-01
9.888458251953125000e-01
9.935455322265625000e-01
9.956970214843750000e-01
9.905395507812500000e-01
9.700775146484375000e-01
9.734191894531250000e-01
9.960327148437500000e-01
9.966583251953125000e-01
9.566650390625000000e-01
9.939422607421875000e-01
9.799957275390625000e-01
9.911193847656250000e-01
9.940948486328125000e-01
9.957733154296875000e-01
9.840850830078125000e-01
9.406280517578125000e-01
9.620513916015625000e-01
9.742584228515625000e-01
9.437103271484375000e-01
9.957122802734375000e-01
9.597930908203125000e-01
9.318237304687500000e-01
9.432220458984375000e-01
9.758300781250000000e-01
9.515380859375000000e-01
9.627380371093750000e-01
9.907379150390625000e-01
9.711303710937500000e-01
8.887634277343750000e-01
9.785766601562500000e-01
9.942626953125000000e-01
9.671783447265625000e-01
9.220123291015625000e-01
9.752655029296875000e-01
8.654327392578125000e-01
8.524780273437500000e-01
9.787597656250000000e-01
9.607849121093750000e-01
9.757690429687500000e-01
9.717864990234375000e-01
9.093780517578125000e-01
9.294433593750000000e-01
9.824676513671875000e-01
9.317474365234375000e-01
9.451904296875000000e-01
9.699554443359375000e-01
9.380035400390625000e-01
9.896697998046875000e-01
9.772033691406250000e-01
8.497009277343750000e-01
9.542388916015625000e-01
9.718627929687500000e-01
9.872131347656250000e-01
9.746704101562500000e-01
8.841552734375000000e-01
9.528045654296875000e-01
9.715576171875000000e-01
9.796600341796875000e-01
9.863128662109375000e-01
9.705657958984375000e-01
9.599609375000000000e-01
8.680114746093750000e-01
9.525604248046875000e-01
9.853668212890625000e-01
9.725799560546875000e-01
9.478759765625000000e-01
9.381713867187500000e-01
9.945678710937500000e-01
9.010772705078125000e-01
9.900817871093750000e-01
9.792480468750000000e-01
9.741516113281250000e-01
9.803466796875000000e-01
9.883575439453125000e-01
9.699707031250000000e-01
9.758911132812500000e-01
9.743957519531250000e-01
9.218750000000000000e-01
8.964080810546875000e-01
9.324340820312500000e-01
9.802551269531250000e-01
9.540405273437500000e-01
9.493713378906250000e-01
9.781646728515625000e-01
9.844055175781250000e-01
9.850158691406250000e-01
9.174499511718750000e-01
9.744720458984375000e-01
9.464874267578125000e-01
7.854309082031250000e-01
8.922119140625000000e-01
9.879608154296875000e-01
9.666290283203125000e-01
9.774322509765625000e-01
9.609222412109375000e-01
9.748382568359375000e-01
9.938049316406250000e-01
9.923400878906250000e-01
9.414215087890625000e-01
9.136352539062500000e-01
9.884490966796875000e-01
9.899444580078125000e-01
8.828277587890625000e-01
9.920043945312500000e-01
9.252624511718750000e-01
9.456176757812500000e-01
9.851684570312500000e-01
9.627685546875000000e-01
9.834136962890625000e-01
9.807739257812500000e-01
9.439697265625000000e-01
9.603271484375000000e-01
9.589538574218750000e-01
8.909606933593750000e-01
9.642486572265625000e-01
9.976348876953125000e-01
9.850463867187500000e-01
9.876861572265625000e-01
9.728088378906250000e-01
9.909515380859375000e-01
9.792327880859375000e-01
9.896087646484375000e-01
9.432678222656250000e-01
9.879760742187500000e-01
9.974670410156250000e-01
