9.607438687672568145e-01
9.937942433030841904e-01
9.752128825562769165e-01
9.895041377918321057e-01
9.756266400502278113e-01
9.940852929453966036e-01
9.732094210681984103e-01
9.827549673191960933e-01
9.618573797678274806e-01
1.000000000000000000e+00
9.409208382030980200e-01
9.725624135968122808e-01
9.784528212796096414e-01
9.580246128406525452e-01
9.548716313187689542e-01
9.978447220181239086e-01
9.739579957217864292e-01
9.973908111174134561e-01
9.894960023306250685e-01
9.457354504068651302e-01
9.603114913352762683e-01
9.907049423287582757e-01
9.760799105365909334e-01
9.687019265987839578e-01
9.709487565271263110e-01
9.673880119812876544e-01
9.950240558887497588e-01
9.978294334975369440e-01
9.372634367903103225e-01
9.910131426295648582e-01
8.252451687337756248e-01
9.561953116560441002e-01
9.783534730070416741e-01
9.711602455076536744e-01
9.355901578359994142e-01
8.924076919882044656e-01
9.829163037453479967e-01
1.000000000000000000e+00
9.776159696404054245e-01
9.821715983657298699e-01
9.931908454700207889e-01
9.463500289815540700e-01
9.963215406253380646e-01
9.770103777097802755e-01
9.900780588733189003e-01
9.975568502161248352e-01
9.933265486578021219e-01
9.876255797711358531e-01
9.846138704809396236e-01
9.904584111180253503e-01
9.832464072642677078e-01
9.920237010027347369e-01
9.962326535153952500e-01
9.924333702829052362e-01
9.825158984512643023e-01
9.971391165203898899e-01
9.976739137177061956e-01
9.970982386620695914e-01
9.584777764021294999e-01
9.969424871285736955e-01
9.929570851723166225e-01
9.951461665747379781e-01
9.908559621285716323e-01
9.987685866453221983e-01
9.987285940761901903e-01
9.960335791770871250e-01
9.983520105471325179e-01
9.952773540199292279e-01
9.995103459169167870e-01
9.820080773305084332e-01
9.938820319328088848e-01
9.907204762321631941e-01
9.982005349760881829e-01
9.963161209068009949e-01
9.896497067681090387e-01
9.561520480680231193e-01
9.979338444011045528e-01
9.962943700429073290e-01
9.975748413410812088e-01
9.031427520536188247e-01
9.931175942092861364e-01
9.719668576998705678e-01
9.990108963549098053e-01
9.937053027057310972e-01
9.951724355535922495e-01
9.945835015475710250e-01
9.574799559220276146e-01
9.712819065427155119e-01
9.744499764515911489e-01
9.416012689931541058e-01
9.946770316256127176e-01
9.476174311537318706e-01
9.235726981279380743e-01
9.340566436522473870e-01
9.971075071058351780e-01
9.296379756965650332e-01
9.603277419789020275e-01
9.799036160377667670e-01
9.616071567241833984e-01
8.710975373279038481e-01
9.755564089292572127e-01
9.951218742106592297e-01
9.599080910304279568e-01
9.023100754310344751e-01
9.788980265901546796e-01
8.471134319698288007e-01
8.370997056600132380e-01
9.825026246063091051e-01
9.506134669834347406e-01
9.985088696546404741e-01
9.636721888510541012e-01
9.970615465120959975e-01
9.937388582112265389e-01
9.883307473493664341e-01
9.478019625640059509e-01
9.345424930860720680e-01
9.684894615471448809e-01
9.139025480554313630e-01
9.844984372791381055e-01
9.856372804729611747e-01
8.286370447586162147e-01
9.376674185817002183e-01
9.982324648617413310e-01
9.955908732753273593e-01
9.988709842964179630e-01
8.733755632469143437e-01
9.515787142495570894e-01
9.968583303334751511e-01
9.901849168564134107e-01
9.956669302754711515e-01
9.897762875831364049e-01
9.469472485895568115e-01
8.325910215623895105e-01
9.328789839831742592e-01
9.820842450765864262e-01
9.742029648126330210e-01
9.425764028992005272e-01
9.184199385204410149e-01
9.886658685613892716e-01
9.231742017072399609e-01
9.911188274181162994e-01
9.723359447392806443e-01
9.868494591840089036e-01
9.883954649665525061e-01
9.874778928751895002e-01
9.644008457832160541e-01
9.971901290887753566e-01
9.737150480448538703e-01
9.752196145273370753e-01
1.000000000000000000e+00
8.935604966791799164e-01
1.000000000000000000e+00
9.310471449845978409e-01
9.847549530761209313e-01
9.941324862188171130e-01
9.877694659718082582e-01
9.772146306056110898e-01
9.864320982531845639e-01
9.871969535315069377e-01
1.000000000000000000e+00
7.641761120183678813e-01
8.507861337374502675e-01
9.858890244304506778e-01
9.967965653896961875e-01
9.793814432989690344e-01
9.989870948379351301e-01
9.630018117669495448e-01
9.993579248129955683e-01
9.974209375835443314e-01
9.998896937162187193e-01
8.970320466132556403e-01
9.811435628924800589e-01
9.950989668092192764e-01
8.705669894448423429e-01
9.890326575842514067e-01
9.940950552088334558e-01
9.584316907642372874e-01
1.000000000000000000e+00
9.300921965592624518e-01
9.774405109363732969e-01
9.788460557416633900e-01
9.313560253544864720e-01
9.607872344387137220e-01
9.905775228057301929e-01
8.416906067728736618e-01
9.519190134081216836e-01
9.967142515352100940e-01
9.821289689919859844e-01
9.904969696969696535e-01
9.615403876007811990e-01
9.892158954746155253e-01
9.812514276677619662e-01
9.924481372672711021e-01
9.961116511595611289e-01
9.950962520052500926e-01
9.959826946847960549e-01
