4.561909338459074204e-01
9.171178675551853177e-01
8.652494428253042491e-01
7.123791992636907544e-01
7.211049188272352639e-01
8.130366900858704282e-01
8.846611177170036200e-01
7.509597523219814219e-01
5.985638954336363060e-01
6.059075009716284876e-01
8.259512195121950784e-01
9.115098069028432226e-01
8.447214185028563138e-01
9.256180266900021492e-01
7.856410256410256698e-01
2.635590735854588251e-01
8.565573770491803351e-01
9.315134099616858565e-01
9.273234942161946437e-01
6.579846980302783699e-01
8.421457412036147394e-01
6.289317345190800213e-01
6.849572292927185169e-01
9.118212617892134109e-01
6.724422442244224474e-01
8.822846528906431729e-01
9.660354673880372500e-01
5.872129112352576508e-01
5.036951943327589998e-01
8.232001243974498284e-01
6.806177900657831570e-01
7.672853355088721239e-01
7.442542787286063888e-01
9.178947368421052078e-01
9.113082039911307719e-01
7.901069518716578033e-01
4.948305743142293878e-01
8.848650495387768711e-01
6.242810188989318387e-01
8.378338278931750649e-01
9.094896030245747109e-01
5.977091772593937646e-01
7.385108086469175381e-01
7.354875607663712289e-01
9.236192714453583807e-01
9.131072026800669539e-01
8.794355043403218053e-01
9.121055748244649708e-01
7.315499285276699792e-01
9.252823123281259665e-01
9.440302283998515120e-01
8.868284139494153617e-01
8.780871716073904709e-01
9.091763901354874555e-01
9.082568807339449490e-01
9.267280018872375846e-01
8.426016715693140924e-01
4.977992577889013281e-01
7.495157204589479871e-01
8.290582287961055785e-01
8.570700961354810188e-01
9.242174629324546586e-01
9.035143264207693425e-01
9.572433700162367165e-01
7.585719335454224055e-01
7.429110160272681673e-01
6.850057012542759560e-01
6.345095500161864743e-01
4.457198090980487026e-01
9.372391230775015680e-01
8.809231524674686620e-01
8.425060574593284946e-01
8.353406270111244369e-01
8.182661356320585222e-01
6.770802042655451602e-01
7.811806480248557616e-01
6.595689431316541507e-01
9.614543780922794047e-01
9.613001523616048205e-01
9.353359321256592418e-01
8.211810786381440463e-01
9.268580997882086558e-01
8.586401875603365541e-01
7.155587535285327094e-01
8.894810659186536128e-01
8.751357220412594451e-01
9.435078379177758157e-01
7.724924666379681115e-01
6.625122991144637430e-01
9.789392179636081659e-01
7.215760740564918230e-01
9.642278816428676569e-01
9.253591505309182175e-01
9.771443936542081321e-01
9.438914027149321040e-01
9.668695064232589731e-01
4.647377938517179286e-01
9.658686892628585152e-01
9.648600357355568979e-01
8.793404946290281909e-01
3.561216532362880272e-01
8.851634534786253505e-01
9.394812680115274262e-01
9.633783073418609177e-01
9.335924846128927923e-01
9.617706237424547000e-01
9.113119960908868666e-01
9.071580439404677287e-01
8.918766843367784691e-01
9.023807987612103565e-01
9.473826227738801897e-01
9.523809523809523281e-01
8.778191802314179171e-01
9.066022544283414142e-01
9.058302637943222990e-01
9.543962057643196051e-01
9.155693261037954889e-01
8.158449700769450086e-01
9.775142461111966385e-01
5.187044940999246956e-01
9.818552237855733278e-01
7.223166023166023297e-01
8.892284186401833157e-01
9.083255378858746676e-01
8.211560572802341085e-01
8.401645156715359386e-01
7.502704766753643950e-01
8.324199596192674022e-01
8.612423845584467053e-01
8.804595892028016513e-01
8.448687350835322185e-01
9.241666666666666918e-01
9.094754653130288080e-01
8.415628220743933685e-01
8.600813202583114103e-01
6.467346699495837292e-01
5.690343176376695400e-01
7.328605200945625953e-01
8.326055312954876442e-01
5.957990575832601277e-01
2.242990654205607448e-01
9.201966717095310111e-01
6.851558372952984977e-01
9.447436525145135322e-01
8.738015505298407648e-01
9.634442924456604329e-01
9.332894086641410070e-01
9.111929609167178645e-01
6.911885808399670372e-01
8.151191454396056191e-01
5.898051774753135801e-01
8.929955923742765034e-01
7.556187766714081988e-01
7.440555309407768103e-01
9.067667083507017223e-01
9.441144708423325760e-01
7.295762341633901249e-01
6.376946316523355307e-01
4.341153255864941829e-01
8.952930690547938886e-01
7.926067153903187945e-01
8.852726650340996262e-01
9.442155853072433658e-01
9.655900358876926548e-01
8.335745296671490667e-01
8.406961178045515570e-01
8.363933439394590774e-01
7.209896662839364589e-01
9.539028157300700750e-01
9.781756248267120535e-01
8.443917851500789551e-01
9.446083995459705340e-01
6.918177364037236821e-01
8.033591985070228647e-01
8.907372400756143893e-01
8.590281943611277615e-01
9.204415683288922345e-01
8.993900395468865661e-01
8.656942922181940503e-01
5.916290208458063749e-01
8.945168428817310557e-01
8.933471693762250476e-01
9.250099576347902142e-01
9.394773039889958710e-01
9.211570367164394479e-01
7.659235668789808882e-01
8.980247310101172609e-01
9.149471565173629140e-01
9.415935178933153571e-01
9.673605497170574274e-01
9.131422257688294186e-01
9.549697702539298172e-01
9.608315375839776573e-01
8.414023372287144920e-01
8.400347960564469307e-01
7.437931742014910474e-01
