9.120483398437500000e-01
9.234313964843750000e-01
9.375152587890625000e-01
7.279968261718750000e-01
9.459228515625000000e-01
9.868469238281250000e-01
9.128112792968750000e-01
9.295501708984375000e-01
9.604339599609375000e-01
6.185607910156250000e-01
9.214782714843750000e-01
9.352111816406250000e-01
8.118133544921875000e-01
8.921813964843750000e-01
9.422302246093750000e-01
7.836914062500000000e-01
8.095397949218750000e-01
7.499389648437500000e-01
9.618072509765625000e-01
9.471282958984375000e-01
8.934631347656250000e-01
9.167022705078125000e-01
8.682250976562500000e-01
9.645385742187500000e-01
9.264831542968750000e-01
9.694976806640625000e-01
8.902893066406250000e-01
3.804473876953125000e-01
8.401184082031250000e-01
7.557830810546875000e-01
7.982482910156250000e-01
8.544006347656250000e-01
8.325958251953125000e-01
9.157562255859375000e-01
7.069244384765625000e-01
9.115447998046875000e-01
6.268920898437500000e-01
4.194030761718750000e-01
9.139709472656250000e-01
9.663696289062500000e-01
9.073028564453125000e-01
8.336944580078125000e-01
7.393188476562500000e-01
3.532867431640625000e-01
9.643249511718750000e-01
9.667816162109375000e-01
9.637756347656250000e-01
9.492950439453125000e-01
6.342926025390625000e-01
8.876190185546875000e-01
8.163452148437500000e-01
9.593811035156250000e-01
9.472198486328125000e-01
9.574127197265625000e-01
5.197143554687500000e-02
6.788940429687500000e-01
5.208435058593750000e-01
8.549194335937500000e-01
8.048706054687500000e-01
9.294891357421875000e-01
8.708801269531250000e-01
8.587188720703125000e-01
9.630889892578125000e-01
8.928985595703125000e-01
9.403686523437500000e-01
7.364349365234375000e-01
9.064941406250000000e-01
9.526672363281250000e-01
9.583129882812500000e-01
9.300537109375000000e-01
8.239288330078125000e-01
9.403381347656250000e-01
9.163665771484375000e-01
7.456970214843750000e-01
9.764099121093750000e-01
9.649658203125000000e-01
8.960113525390625000e-01
9.518432617187500000e-01
9.469909667968750000e-01
9.588165283203125000e-01
9.492034912109375000e-01
9.333953857421875000e-01
8.776092529296875000e-01
8.832550048828125000e-01
9.229583740234375000e-01
7.735900878906250000e-01
9.520111083984375000e-01
9.322052001953125000e-01
4.713439941406250000e-01
9.148559570312500000e-01
8.839416503906250000e-01
9.311065673828125000e-01
9.704132080078125000e-01
9.581909179687500000e-01
9.463500976562500000e-01
9.398803710937500000e-01
9.275207519531250000e-01
9.794006347656250000e-01
9.374542236328125000e-01
8.731994628906250000e-01
9.360504150390625000e-01
9.398040771484375000e-01
8.162536621093750000e-01
3.907928466796875000e-01
9.703826904296875000e-01
9.187011718750000000e-01
9.077148437500000000e-01
9.637908935546875000e-01
8.227844238281250000e-01
9.443664550781250000e-01
9.441680908203125000e-01
9.537353515625000000e-01
9.263000488281250000e-01
8.849487304687500000e-01
9.307556152343750000e-01
9.465484619140625000e-01
9.460754394531250000e-01
6.499481201171875000e-01
8.976898193359375000e-01
8.531341552734375000e-01
9.085083007812500000e-01
9.548797607421875000e-01
9.305877685546875000e-01
9.820861816406250000e-01
9.567260742187500000e-01
9.357757568359375000e-01
8.770904541015625000e-01
9.892425537109375000e-01
8.512725830078125000e-01
9.659576416015625000e-01
8.955688476562500000e-01
9.514160156250000000e-01
9.746093750000000000e-01
9.624328613281250000e-01
8.903350830078125000e-01
9.323120117187500000e-01
9.113311767578125000e-01
9.061126708984375000e-01
7.571563720703125000e-01
7.873382568359375000e-01
8.532257080078125000e-01
2.211761474609375000e-01
9.473114013671875000e-01
8.246612548828125000e-01
9.667510986328125000e-01
8.740844726562500000e-01
8.454284667968750000e-01
9.173736572265625000e-01
7.022399902343750000e-01
9.692535400390625000e-01
2.790069580078125000e-01
9.435424804687500000e-01
9.746093750000000000e-01
8.560638427734375000e-01
9.429931640625000000e-01
8.924102783203125000e-01
2.094726562500000000e-01
8.649749755859375000e-01
9.237670898437500000e-01
9.465789794921875000e-01
9.020080566406250000e-01
8.605651855468750000e-01
9.102630615234375000e-01
9.699859619140625000e-01
9.917755126953125000e-01
9.702911376953125000e-01
8.923339843750000000e-01
8.068695068359375000e-01
9.606323242187500000e-01
6.038055419921875000e-01
8.523254394531250000e-01
9.862670898437500000e-01
6.943969726562500000e-01
6.427307128906250000e-01
8.381805419921875000e-01
9.636840820312500000e-01
9.693756103515625000e-01
9.752197265625000000e-01
9.229583740234375000e-01
8.956909179687500000e-01
9.335937500000000000e-01
6.489868164062500000e-01
9.446716308593750000e-01
9.434509277343750000e-01
9.378509521484375000e-01
9.091644287109375000e-01
9.743957519531250000e-01
9.380035400390625000e-01
9.631652832031250000e-01
9.182128906250000000e-01
7.263641357421875000e-01
9.656524658203125000e-01
4.854278564453125000e-01
7.106781005859375000e-01
7.947082519531250000e-01
7.518920898437500000e-01
