1.812889812889812990e-01
5.973282442748091281e-01
7.270786383584391110e-01
7.036568467979999186e-02
3.252775963422599448e-01
6.403445800430724866e-01
5.978909507071037410e-01
3.949531362653208588e-01
7.050214822771213585e-01
4.217600811564798519e-02
5.792853443811496472e-01
7.888883445201116951e-01
3.051907083452825020e-01
4.197740112994350348e-01
3.032548293199259226e-01
3.084390030607783162e-01
3.259023967658100096e-01
1.338135644954520365e-01
7.677258403361344463e-01
7.616507936507936893e-01
5.701653210303729846e-01
6.141822030448587100e-01
3.041776645126058054e-01
7.066885148219871349e-01
4.726511384454331055e-01
8.029869321717485464e-01
6.486652138381912014e-01
2.418850244937201521e-01
4.053639062340055332e-01
2.581485139624674630e-01
3.099890372090023938e-01
5.524162861491628274e-01
3.635549585851802212e-01
6.618864292589028420e-01
8.016550297388155832e-02
7.113149847094800693e-01
1.124210411675016369e-01
1.090803837247767138e-01
5.455804480651731403e-01
7.358439077636785841e-01
0.000000000000000000e+00
3.110526315789473584e-01
9.986889099868891118e-02
6.930165496489468224e-02
7.829845313921747207e-01
7.398761314911862508e-01
8.727075691897299148e-01
6.369924426796464978e-01
1.077838373822508633e-01
6.031708471367723812e-01
3.422343033791706568e-01
7.869724770642201328e-01
6.898974867724867455e-01
7.423523206751054815e-01
1.857306371613887813e-02
3.559958881287441090e-01
2.075830403902718946e-01
1.369266822899229963e-01
4.538199513381995231e-01
4.507062554050158543e-01
4.644911303505478983e-01
4.741441692179237388e-01
8.223193429281893119e-01
5.319443483076070622e-01
4.233367451381780944e-01
4.867153769511790018e-01
3.890147225368063566e-01
7.977483443708609512e-01
5.518072289156626953e-01
7.666842174542582988e-01
2.741790528862771970e-01
3.268750000000000266e-01
6.160199004975124293e-01
1.304721439824318430e-01
8.470168281489036666e-01
6.685027541311967525e-01
2.289901129943502922e-01
6.373172282263190880e-01
7.687123374563907818e-01
6.779359430604982029e-01
6.230769230769230838e-01
5.920150958387129236e-01
0.000000000000000000e+00
2.568157986717931052e-01
5.070630969998655146e-01
5.595702500479631664e-02
4.379713914174252487e-01
7.664820439521172202e-02
2.031517244814931566e-01
5.968944099378882262e-01
3.985128935295048080e-01
4.841748859119682225e-01
7.709794751883606301e-01
6.438981562774362954e-01
2.737940026075619260e-01
3.559573941045330869e-01
1.894563426688632701e-01
9.070062348092571280e-01
3.254707631318136674e-01
3.022849657982826233e-01
1.854860546980774405e-01
1.640759930915371423e-01
1.332895600787918633e-01
4.507580708404130415e-02
7.491876837382021037e-01
4.841220808105770601e-01
2.882299624498251833e-01
7.097310784585527665e-01
3.364832214765100526e-01
6.838567620813535974e-01
6.987600291757840587e-01
4.882538144829256521e-01
3.873687559656379120e-01
3.806896551724137656e-01
7.034467808367657060e-01
6.212567882079130799e-01
4.771395076201641050e-01
7.037661719184061804e-01
7.403390675641984275e-01
0.000000000000000000e+00
2.835156448740778212e-01
8.138711349110381299e-01
0.000000000000000000e+00
9.256451903988449637e-01
6.755975541967760289e-01
3.681788297172912394e-02
5.906937394247039341e-01
6.637347767253044539e-01
4.783448131914005419e-01
7.562527107127366977e-01
4.406431748203900045e-01
6.506849315068493622e-01
3.109495295124037884e-01
5.911723274377836956e-01
5.142570281124497766e-01
5.016104187088643585e-01
1.353454821564160915e-01
1.590319792566983470e-01
1.219469542407461415e-01
4.071752755565161142e-01
0.000000000000000000e+00
8.056997388170727969e-02
5.127455755804514181e-01
6.665067836097026133e-01
8.832467327979846017e-01
3.728116912772111435e-01
2.804324127906976938e-01
4.783073306262021762e-01
4.695249641794334988e-02
5.756545392723563248e-01
4.108417435115928329e-02
7.264465313541350611e-01
7.598719316969050341e-01
4.127940665198748249e-01
0.000000000000000000e+00
3.811362943388555968e-01
3.944183397408514841e-02
1.726082578046324312e-01
4.658645775041969639e-01
7.791920309905920883e-01
4.466655027932960875e-01
5.398929641086070985e-01
5.689821050606118646e-01
7.349659020458771952e-01
2.048611111111111049e-01
0.000000000000000000e+00
5.484780897402257160e-01
3.828315384010690936e-01
8.131443298969072142e-01
2.109901072408346401e-01
1.297588200119593471e-01
8.148411569464201198e-01
4.402277633513750343e-01
3.078526151263423216e-01
2.290741915028535192e-01
6.969248965109402505e-01
8.127184575487653717e-01
8.152279340446169087e-01
7.024252445914289655e-01
3.694326063340854227e-01
6.109849560034061877e-01
0.000000000000000000e+00
7.892182241780999474e-01
5.022984441301272529e-01
6.355047240179015899e-01
4.797115792450162841e-01
8.287639761066013522e-01
4.458680333119794947e-01
8.215168594877879649e-01
4.529991047448522767e-01
7.094876335180213545e-01
8.568324061196105346e-01
7.214457402296804711e-02
1.601448472083656649e-01
3.256242089517891874e-02
0.000000000000000000e+00
