9.704477760953126309e-01
9.365964408533938856e-01
9.620924943138741137e-01
8.044350198901929483e-01
9.569894161615527528e-01
9.908729156139464145e-01
9.238275156851191161e-01
9.685955604039602207e-01
9.649009152671882417e-01
4.087172983889906797e-01
9.343086440394582359e-01
9.503401217277762658e-01
8.092770496492084353e-01
9.001737534013047881e-01
9.591532452203084258e-01
8.742324348781591592e-01
8.051191291135858519e-01
7.760008840616317016e-01
9.785602054435790231e-01
9.708546605603448620e-01
9.630673761822943213e-01
9.655678851174934740e-01
8.773744229810367390e-01
9.802362978886500766e-01
9.420704917499267417e-01
9.855343217070871020e-01
9.727971840685618599e-01
1.811375437749064207e-04
1.000000000000000000e+00
8.792183863460046878e-01
8.567636531776069431e-01
9.335753915064728403e-01
9.127735401783554359e-01
9.860706303084487701e-01
6.648866831053383830e-01
9.974091462354373050e-01
4.692162355853801703e-01
8.945439165374312329e-02
9.051989326807049485e-01
9.758252443460913028e-01
1.000000000000000000e+00
8.528048063736693996e-01
6.868039736775499726e-01
2.827502699872369574e-02
9.788173601048781869e-01
9.759951232371161245e-01
9.809633741915388949e-01
9.664507056400983842e-01
6.235595616825733156e-01
9.834978158873968201e-01
9.138402625820568614e-01
9.607681080415706454e-01
9.982814017783755434e-01
9.969260220516501514e-01
1.710225594303394045e-04
6.728983756692927809e-01
1.831838019067598133e-01
9.954603839318705294e-01
8.660313793435364671e-01
9.389350894902979139e-01
1.000000000000000000e+00
9.920959332638165096e-01
9.766420629729982705e-01
9.824618757331590180e-01
9.570328525893899707e-01
9.848139081365918646e-01
9.307814782594422409e-01
9.793443564322991124e-01
9.724158002813394486e-01
9.536275809812464477e-01
8.294786421958746381e-01
9.719649483893099129e-01
9.356040806002866583e-01
1.000000000000000000e+00
9.919023777709805589e-01
9.811398963730569855e-01
9.320194897180840155e-01
9.656566315137488088e-01
9.477623968052147907e-01
9.643724165081031252e-01
9.777708635829357453e-01
9.986496705196067358e-01
1.000000000000000000e+00
1.000000000000000000e+00
9.406802985412923146e-01
7.821405059719740427e-01
9.661561110067029556e-01
1.000000000000000000e+00
9.971483246407264467e-02
1.000000000000000000e+00
9.412802619656964742e-01
9.437081305123138364e-01
9.704850915314529036e-01
9.672210638607380284e-01
9.568123313587445500e-01
9.594377447386074342e-01
9.390862944162436943e-01
9.853098806867103265e-01
9.467399129808745650e-01
9.245134347175163470e-01
9.536167522474595648e-01
9.552996952251947560e-01
8.135271311745593259e-01
6.894244707456552435e-02
9.735168094924192550e-01
9.322438248563731378e-01
9.131732743642394512e-01
9.653403072033898136e-01
1.000000000000000000e+00
9.963582246345092930e-01
9.735267893329010436e-01
9.667348866498740589e-01
9.391345696623870642e-01
9.598857913810143749e-01
9.982621121130785813e-01
9.603920166428292493e-01
9.648824427961764094e-01
6.187420818178103188e-01
9.749622823820582873e-01
8.948713096139288004e-01
9.986666897542899601e-01
9.727069512546870911e-01
1.000000000000000000e+00
9.894610604353671901e-01
9.973892642311559253e-01
1.000000000000000000e+00
9.977876106194690786e-01
9.999375604882769775e-01
9.838333262612976027e-01
9.851767197189963410e-01
9.204663380464391809e-01
9.572224236232409478e-01
9.970340453727952745e-01
9.949367514466423978e-01
9.612797811300680673e-01
9.770768844641513073e-01
9.297317310213967234e-01
9.247090503899962899e-01
7.625780215623226832e-01
8.806130451089365652e-01
8.855349994590501206e-01
8.311628367017243058e-02
9.804656538969617197e-01
9.890306171976624983e-01
9.910339135654261389e-01
9.992943644512253254e-01
8.752768949243956431e-01
9.247559630611204007e-01
6.231926486134830023e-01
9.852050051152907439e-01
1.954081470410531929e-02
9.857190949520721057e-01
9.782676136827496149e-01
9.221980942503402723e-01
1.000000000000000000e+00
9.014501667044314548e-01
3.694303887822597554e-02
8.712669612359374982e-01
9.405889554739351732e-01
9.681760457931347652e-01
9.904036334334480607e-01
9.994026020001770538e-01
9.279103422744253704e-01
9.735055691030118918e-01
1.000000000000000000e+00
1.000000000000000000e+00
9.245872706548516895e-01
9.616715222141296593e-01
9.915285194913632250e-01
1.020133974189153386e-01
8.640595323349005152e-01
9.992503748125937113e-01
8.058809409505520716e-01
5.714628208911183282e-01
8.447466717747341702e-01
9.846022241231822125e-01
9.728908422895993224e-01
9.741697416974169910e-01
9.347085333235628513e-01
9.974305025415681758e-01
9.754348514917532409e-01
8.854574736658831213e-01
9.620807560797571822e-01
9.551000877262939559e-01
9.380346938085415420e-01
9.448565656565656168e-01
9.849767139065551680e-01
9.988510086502634389e-01
9.738539122489501265e-01
1.000000000000000000e+00
9.528240125379411340e-01
9.849788537261192634e-01
1.524136360679201052e-01
6.815291137446635172e-01
1.000000000000000000e+00
1.000000000000000000e+00
