3.059385916528773453e-01
1.000000000000000000e+00
9.914253357061963978e-01
2.031050616758826033e-01
8.425026968716289311e-01
9.039855072463768293e-01
9.307221229905587867e-01
6.192651439920555667e-01
9.941893158388003249e-01
9.951894167167769645e-01
9.923157527069507156e-01
9.055558632914196826e-01
8.504672897196261516e-01
9.887417218543046449e-01
9.973890339425587337e-01
9.466046002190580122e-01
1.000000000000000000e+00
9.717153284671532498e-01
9.229557271151724862e-01
9.640299479166666297e-01
7.920916085167293286e-01
7.323767334360554715e-01
9.919714540588759899e-01
9.361317170255111231e-01
8.973542381185692918e-01
9.378389653733834042e-01
7.036646056401749671e-01
9.497791798107255712e-01
4.637117412222335755e-01
7.843886462882095900e-01
6.413271734565308968e-01
8.679702895255418937e-01
9.117730496453900768e-01
6.987826448860680051e-01
9.576407506702412364e-01
7.045850984301021969e-01
9.794685990338164450e-01
6.385350318471337827e-01
1.000000000000000000e+00
9.563444878545949157e-01
3.558914947725346223e-01
9.192343604108309529e-01
9.344827586206896353e-01
9.369063772048846772e-01
9.295346377578000974e-01
9.799586776859504633e-01
9.708861914757689338e-01
9.047044632086851390e-01
3.989504242965609682e-01
6.317752362008950406e-01
4.706661092530657897e-01
9.928480793632483703e-01
7.259246917694102130e-01
7.744669462039432961e-01
1.000000000000000000e+00
9.197377570279129388e-01
7.428994813534205433e-01
2.414110076984947728e-01
6.712530350967551573e-01
1.000000000000000000e+00
4.893745837621844008e-01
5.179119754350051119e-01
9.292904084518759378e-01
5.705208718138160551e-01
9.384828862164662500e-01
5.520941502249913091e-01
7.630609148059830371e-01
9.584321163268532118e-01
8.124152886961235609e-01
9.074219362937392397e-01
1.000000000000000000e+00
7.054208273894436720e-01
9.953458513882201819e-01
2.043729412326347472e-01
8.657502193623866082e-01
9.601565279260050323e-01
1.000000000000000000e+00
9.555555555555556024e-01
1.000000000000000000e+00
9.997812773403325082e-01
7.739458615304528610e-01
5.942565539323594326e-01
0.000000000000000000e+00
3.314400559245019307e-01
1.000000000000000000e+00
3.918296892980437374e-01
1.000000000000000000e+00
2.665713775236733807e-01
8.240150400523131857e-01
5.667701863354037695e-01
9.425199847735058478e-01
1.000000000000000000e+00
9.989897289105910128e-01
1.000000000000000000e+00
1.000000000000000000e+00
1.000000000000000000e+00
1.000000000000000000e+00
9.964066303465862751e-01
1.000000000000000000e+00
9.524267179240749615e-01
1.000000000000000000e+00
1.000000000000000000e+00
1.000000000000000000e+00
1.000000000000000000e+00
9.975288303130148693e-01
1.000000000000000000e+00
1.000000000000000000e+00
1.000000000000000000e+00
3.764295302013422884e-01
6.584728654554090621e-01
1.000000000000000000e+00
1.000000000000000000e+00
9.942763695829925918e-01
9.174567763524819064e-01
6.956869590515674107e-01
9.995009980039920583e-01
1.000000000000000000e+00
6.363747047507731791e-01
7.217723453017570456e-01
0.000000000000000000e+00
3.094412331406550809e-01
9.169316375198728331e-01
1.813080077703431783e-02
9.818129880022852252e-01
7.158358765683282554e-01
3.081854043392505127e-01
5.939627780299591153e-01
8.039348710990501523e-01
5.314639713074665872e-01
8.856669428334714711e-01
1.000000000000000000e+00
9.901030927835051676e-01
4.372093023255814170e-01
6.644218134034165502e-01
6.413734304758952343e-01
6.972795009530410315e-01
1.000000000000000000e+00
1.000000000000000000e+00
1.000000000000000000e+00
7.986333236405932512e-01
0.000000000000000000e+00
9.989741485432909185e-01
6.696141479099678717e-01
6.569962221113407885e-01
9.227748691099476597e-01
4.016487291046484942e-01
9.586164298949969576e-01
9.392103613954460029e-01
4.875339422364848296e-01
8.435782108945527602e-01
9.314912944738834577e-01
7.922391997361767357e-01
9.988347704497786417e-01
9.315569487983280661e-01
2.505873140172278773e-02
1.000000000000000000e+00
9.542719614921780780e-01
1.000000000000000000e+00
9.167630057803468624e-01
8.877670814745245442e-01
4.760336626417855932e-01
5.521140609636184804e-01
9.759410801963993576e-01
9.834847233691164092e-01
1.000000000000000000e+00
0.000000000000000000e+00
7.518398851193681676e-01
5.611341371514694254e-01
7.950055907566156987e-01
8.706855791962174740e-01
1.000000000000000000e+00
8.334132310642378139e-01
5.309515831797620988e-01
6.976661951909476356e-01
1.000000000000000000e+00
9.962655601659751170e-01
9.947873799725651667e-01
9.995541685242977925e-01
9.536986301369863028e-01
4.650435370699129156e-01
8.309707518392248637e-01
5.585052072697570258e-02
9.229856061730227212e-01
1.000000000000000000e+00
1.000000000000000000e+00
9.183283255940999368e-01
9.641144075324213913e-01
4.706264903533492472e-01
9.836521739130434927e-01
4.668258231373719203e-01
7.292616828607310087e-01
9.041198501872659277e-01
7.727048371174728425e-01
4.332416070445789802e-01
2.259808997813830267e-01
1.092543275632490013e-01
