8.866729736328125000e-01
9.816131591796875000e-01
9.845886230468750000e-01
7.681427001953125000e-01
8.110504150390625000e-01
6.436004638671875000e-01
9.559478759765625000e-01
9.865264892578125000e-01
9.787902832031250000e-01
9.747314453125000000e-01
7.652282714843750000e-01
7.704925537109375000e-01
9.048309326171875000e-01
7.368469238281250000e-01
7.300262451171875000e-01
7.621917724609375000e-01
6.231536865234375000e-01
7.563476562500000000e-01
9.387359619140625000e-01
9.891204833984375000e-01
5.242919921875000000e-01
4.774169921875000000e-01
7.851257324218750000e-01
9.725952148437500000e-01
7.584228515625000000e-01
9.909973144531250000e-01
9.853973388671875000e-01
8.315582275390625000e-01
9.368133544921875000e-01
9.905090332031250000e-01
5.628356933593750000e-01
9.653167724609375000e-01
7.671966552734375000e-01
9.902648925781250000e-01
7.311553955078125000e-01
9.984741210937500000e-01
6.820526123046875000e-01
8.917236328125000000e-01
8.702087402343750000e-01
9.547424316406250000e-01
6.666259765625000000e-01
9.616088867187500000e-01
7.869873046875000000e-01
9.205474853515625000e-01
9.930572509765625000e-01
9.329833984375000000e-01
9.975433349609375000e-01
9.947052001953125000e-01
9.939270019531250000e-01
9.875488281250000000e-01
9.948272705078125000e-01
9.976654052734375000e-01
9.882812500000000000e-01
9.890136718750000000e-01
8.953399658203125000e-01
9.704589843750000000e-01
9.971008300781250000e-01
2.855682373046875000e-01
8.726348876953125000e-01
9.674835205078125000e-01
9.918365478515625000e-01
9.656829833984375000e-01
9.909667968750000000e-01
9.778594970703125000e-01
8.911743164062500000e-01
7.612457275390625000e-01
8.892364501953125000e-01
9.818572998046875000e-01
9.801330566406250000e-01
9.445800781250000000e-01
9.897003173828125000e-01
9.848937988281250000e-01
8.283233642578125000e-01
6.506042480468750000e-01
9.851379394531250000e-01
9.980773925781250000e-01
8.016357421875000000e-01
9.961547851562500000e-01
8.757934570312500000e-01
9.004669189453125000e-01
9.908142089843750000e-01
9.132995605468750000e-01
9.093475341796875000e-01
9.952239990234375000e-01
9.920349121093750000e-01
9.982604980468750000e-01
9.479217529296875000e-01
9.919586181640625000e-01
9.619140625000000000e-01
9.953002929687500000e-01
9.556427001953125000e-01
8.125457763671875000e-01
9.859161376953125000e-01
9.909057617187500000e-01
4.754180908203125000e-01
9.883575439453125000e-01
9.287261962890625000e-01
9.589233398437500000e-01
9.816284179687500000e-01
9.039916992187500000e-01
9.970703125000000000e-01
9.935455322265625000e-01
9.575347900390625000e-01
9.554901123046875000e-01
9.514312744140625000e-01
9.983520507812500000e-01
9.938354492187500000e-01
6.697845458984375000e-01
8.632812500000000000e-01
9.960632324218750000e-01
9.980468750000000000e-01
9.664611816406250000e-01
9.583129882812500000e-01
9.490356445312500000e-01
8.906860351562500000e-01
9.739227294921875000e-01
9.754791259765625000e-01
9.589538574218750000e-01
9.112701416015625000e-01
9.814453125000000000e-01
9.962615966796875000e-01
9.933319091796875000e-01
8.240966796875000000e-01
9.954833984375000000e-01
9.982910156250000000e-01
9.807128906250000000e-01
8.955535888671875000e-01
9.964294433593750000e-01
9.027252197265625000e-01
9.963226318359375000e-01
8.203277587890625000e-01
8.407135009765625000e-01
8.847656250000000000e-01
8.783721923828125000e-01
9.954833984375000000e-01
7.927856445312500000e-01
9.944458007812500000e-01
9.936828613281250000e-01
9.288330078125000000e-01
9.968109130859375000e-01
9.963378906250000000e-01
4.944000244140625000e-01
9.021301269531250000e-01
9.270477294921875000e-01
5.686798095703125000e-01
9.775238037109375000e-01
9.576110839843750000e-01
8.644104003906250000e-01
9.662170410156250000e-01
7.999725341796875000e-01
9.089355468750000000e-01
9.971313476562500000e-01
8.727416992187500000e-01
9.934387207031250000e-01
8.497772216796875000e-01
9.875183105468750000e-01
9.953002929687500000e-01
8.630218505859375000e-01
8.048248291015625000e-01
9.873657226562500000e-01
8.556976318359375000e-01
8.590698242187500000e-01
9.498443603515625000e-01
8.942260742187500000e-01
9.260406494140625000e-01
7.979278564453125000e-01
9.777221679687500000e-01
8.897705078125000000e-01
9.641723632812500000e-01
9.955291748046875000e-01
9.914398193359375000e-01
8.456420898437500000e-01
9.935760498046875000e-01
8.798370361328125000e-01
9.459533691406250000e-01
9.459991455078125000e-01
9.460754394531250000e-01
9.539337158203125000e-01
9.965667724609375000e-01
7.591705322265625000e-01
9.030151367187500000e-01
9.827270507812500000e-01
7.387390136718750000e-01
5.208740234375000000e-01
9.940643310546875000e-01
9.746856689453125000e-01
9.958190917968750000e-01
4.800262451171875000e-01
9.540100097656250000e-01
9.448699951171875000e-01
8.834533691406250000e-01
9.531860351562500000e-01
9.183807373046875000e-01
8.700561523437500000e-01
8.985290527343750000e-01
8.747100830078125000e-01
8.255462646484375000e-01
9.919891357421875000e-01
9.915161132812500000e-01
9.891662597656250000e-01
9.731750488281250000e-01
9.913787841796875000e-01
9.963684082031250000e-01
9.953765869140625000e-01
9.949951171875000000e-01
9.725799560546875000e-01
8.345184326171875000e-01
9.808197021484375000e-01
9.762878417968750000e-01
9.949951171875000000e-01
9.229278564453125000e-01
9.542083740234375000e-01
9.929199218750000000e-01
8.274536132812500000e-01
9.909820556640625000e-01
9.735412597656250000e-01
9.903259277343750000e-01
9.731140136718750000e-01
9.581909179687500000e-01
8.813171386718750000e-01
7.947235107421875000e-01
9.865722656250000000e-01
8.843078613281250000e-01
9.547119140625000000e-01
9.335327148437500000e-01
9.572601318359375000e-01
9.112701416015625000e-01
9.868316650390625000e-01
3.862609863281250000e-01
8.113861083984375000e-01
9.645538330078125000e-01
6.747741699218750000e-01
9.606018066406250000e-01
8.430480957031250000e-01
9.677734375000000000e-01
9.286804199218750000e-01
9.738464355468750000e-01
9.694824218750000000e-01
9.602813720703125000e-01
9.873199462890625000e-01
9.362640380859375000e-01
7.406005859375000000e-01
9.816284179687500000e-01
9.020843505859375000e-01
9.805450439453125000e-01
9.841003417968750000e-01
8.025054931640625000e-01
6.812438964843750000e-01
8.809204101562500000e-01
3.670196533203125000e-01
9.936981201171875000e-01
9.908447265625000000e-01
9.519805908203125000e-01
9.811706542968750000e-01
9.503631591796875000e-01
9.882354736328125000e-01
9.631958007812500000e-01
9.969329833984375000e-01
7.883758544921875000e-01
9.323272705078125000e-01
6.578521728515625000e-01
9.176788330078125000e-01
9.843597412109375000e-01
9.953002929687500000e-01
9.478149414062500000e-01
9.065093994140625000e-01
9.485626220703125000e-01
9.848175048828125000e-01
9.506835937500000000e-01
4.474029541015625000e-01
8.691253662109375000e-01
9.884948730468750000e-01
9.786834716796875000e-01
9.793090820312500000e-01
9.676666259765625000e-01
9.618682861328125000e-01
8.641815185546875000e-01
9.850769042968750000e-01
9.411621093750000000e-01
9.892578125000000000e-01
6.948089599609375000e-01
9.402008056640625000e-01
9.709472656250000000e-01
9.867553710937500000e-01
9.793090820312500000e-01
9.708862304687500000e-01
9.895172119140625000e-01
9.908599853515625000e-01
9.933166503906250000e-01
9.003906250000000000e-01
9.505004882812500000e-01
8.345947265625000000e-01
9.868927001953125000e-01
9.373626708984375000e-01
9.576721191406250000e-01
8.832244873046875000e-01
9.905395507812500000e-01
9.483795166015625000e-01
8.540802001953125000e-01
8.765869140625000000e-01
9.679870605468750000e-01
9.350280761718750000e-01
9.648590087890625000e-01
9.083557128906250000e-01
9.467773437500000000e-01
9.949493408203125000e-01
9.913024902343750000e-01
9.007263183593750000e-01
9.878234863281250000e-01
9.948730468750000000e-01
8.699798583984375000e-01
9.376373291015625000e-01
8.931274414062500000e-01
7.114410400390625000e-01
9.676361083984375000e-01
9.210052490234375000e-01
9.655609130859375000e-01
9.016265869140625000e-01
8.065185546875000000e-01
6.987152099609375000e-01
9.612426757812500000e-01
9.686584472656250000e-01
9.548034667968750000e-01
7.739105224609375000e-01
9.632263183593750000e-01
9.371337890625000000e-01
9.638977050781250000e-01
9.674835205078125000e-01
9.761505126953125000e-01
9.725799560546875000e-01
9.918365478515625000e-01
9.734039306640625000e-01
9.609832763671875000e-01
9.823455810546875000e-01
9.762268066406250000e-01
8.673553466796875000e-01
9.484100341796875000e-01
9.433441162109375000e-01
9.072265625000000000e-01
8.690948486328125000e-01
9.477081298828125000e-01
9.479522705078125000e-01
9.025878906250000000e-01
9.113616943359375000e-01
9.665832519531250000e-01
7.994079589843750000e-01
9.437103271484375000e-01
8.867492675781250000e-01
9.904327392578125000e-01
9.697418212890625000e-01
9.780883789062500000e-01
9.764709472656250000e-01
8.897399902343750000e-01
9.356231689453125000e-01
9.842071533203125000e-01
9.937744140625000000e-01
9.427642822265625000e-01
8.989410400390625000e-01
9.907531738281250000e-01
9.406280517578125000e-01
9.326171875000000000e-01
8.738861083984375000e-01
9.781951904296875000e-01
8.899841308593750000e-01
8.895111083984375000e-01
9.506378173828125000e-01
9.815979003906250000e-01
9.023284912109375000e-01
8.987731933593750000e-01
9.589691162109375000e-01
9.667968750000000000e-01
9.701538085937500000e-01
9.843292236328125000e-01
9.211120605468750000e-01
9.676513671875000000e-01
9.569549560546875000e-01
9.872131347656250000e-01
7.798004150390625000e-01
9.715423583984375000e-01
9.752655029296875000e-01
9.639434814453125000e-01
9.153594970703125000e-01
9.796600341796875000e-01
8.844757080078125000e-01
9.721221923828125000e-01
9.878997802734375000e-01
9.612731933593750000e-01
9.418182373046875000e-01
9.676361083984375000e-01
9.450988769531250000e-01
9.871215820312500000e-01
6.683959960937500000e-01
9.946441650390625000e-01
8.368530273437500000e-01
7.761077880859375000e-01
7.569580078125000000e-01
9.853363037109375000e-01
9.555969238281250000e-01
8.618927001953125000e-01
9.893951416015625000e-01
7.130889892578125000e-01
9.220733642578125000e-01
9.759674072265625000e-01
9.293060302734375000e-01
9.924011230468750000e-01
9.450836181640625000e-01
9.967193603515625000e-01
9.260253906250000000e-01
9.949493408203125000e-01
9.482116699218750000e-01
9.477844238281250000e-01
9.487915039062500000e-01
9.699249267578125000e-01
9.765625000000000000e-01
9.842529296875000000e-01
9.611053466796875000e-01
9.327239990234375000e-01
9.836578369140625000e-01
9.224090576171875000e-01
8.380889892578125000e-01
9.844360351562500000e-01
4.302368164062500000e-01
9.871215820312500000e-01
9.521789550781250000e-01
9.450988769531250000e-01
7.043762207031250000e-01
9.537658691406250000e-01
9.718170166015625000e-01
9.681549072265625000e-01
9.719238281250000000e-01
9.638671875000000000e-01
6.240386962890625000e-01
9.873352050781250000e-01
9.374084472656250000e-01
8.926391601562500000e-01
9.833984375000000000e-01
9.230194091796875000e-01
9.304351806640625000e-01
9.011535644531250000e-01
9.053802490234375000e-01
4.499053955078125000e-01
9.032440185546875000e-01
9.666595458984375000e-01
6.519775390625000000e-01
8.690032958984375000e-01
9.077606201171875000e-01
9.437866210937500000e-01
9.882354736328125000e-01
9.692993164062500000e-01
9.883270263671875000e-01
9.647674560546875000e-01
9.643554687500000000e-01
9.831390380859375000e-01
9.900970458984375000e-01
9.641113281250000000e-01
9.143218994140625000e-01
9.493255615234375000e-01
9.907379150390625000e-01
9.467620849609375000e-01
9.690704345703125000e-01
9.922027587890625000e-01
9.537048339843750000e-01
9.833679199218750000e-01
6.930847167968750000e-01
8.052215576171875000e-01
9.242553710937500000e-01
9.829101562500000000e-01
9.853210449218750000e-01
7.987518310546875000e-01
9.734649658203125000e-01
9.907531738281250000e-01
9.830017089843750000e-01
9.930725097656250000e-01
9.979400634765625000e-01
9.805908203125000000e-01
9.941864013671875000e-01
9.913177490234375000e-01
9.988708496093750000e-01
9.969329833984375000e-01
9.945831298828125000e-01
9.917755126953125000e-01
9.972686767578125000e-01
9.970397949218750000e-01
9.327850341796875000e-01
9.704437255859375000e-01
9.978637695312500000e-01
9.975738525390625000e-01
9.970703125000000000e-01
9.956512451171875000e-01
9.640808105468750000e-01
9.909362792968750000e-01
9.388122558593750000e-01
9.637603759765625000e-01
9.908142089843750000e-01
9.761199951171875000e-01
9.879150390625000000e-01
9.822082519531250000e-01
9.957580566406250000e-01
9.964141845703125000e-01
9.929199218750000000e-01
9.912719726562500000e-01
9.939880371093750000e-01
9.400787353515625000e-01
9.480590820312500000e-01
9.715576171875000000e-01
8.406524658203125000e-01
9.978179931640625000e-01
9.945068359375000000e-01
9.804382324218750000e-01
9.747314453125000000e-01
9.895172119140625000e-01
9.899902343750000000e-01
9.869079589843750000e-01
9.910888671875000000e-01
9.949645996093750000e-01
9.968261718750000000e-01
9.844970703125000000e-01
9.443969726562500000e-01
8.974151611328125000e-01
9.977874755859375000e-01
9.856872558593750000e-01
9.947662353515625000e-01
9.788970947265625000e-01
9.912414550781250000e-01
9.936065673828125000e-01
9.810638427734375000e-01
9.955902099609375000e-01
9.970092773437500000e-01
9.965362548828125000e-01
9.752655029296875000e-01
9.961395263671875000e-01
9.985504150390625000e-01
9.929656982421875000e-01
9.972381591796875000e-01
9.939422607421875000e-01
9.012298583984375000e-01
9.980163574218750000e-01
9.943389892578125000e-01
9.878082275390625000e-01
9.677124023437500000e-01
9.872741699218750000e-01
9.932098388671875000e-01
9.219665527343750000e-01
9.905242919921875000e-01
9.936676025390625000e-01
9.962463378906250000e-01
9.904327392578125000e-01
9.960784912109375000e-01
9.801025390625000000e-01
8.902130126953125000e-01
9.964599609375000000e-01
9.961090087890625000e-01
9.791717529296875000e-01
9.888305664062500000e-01
9.866333007812500000e-01
9.438018798828125000e-01
9.284973144531250000e-01
9.965515136718750000e-01
9.915618896484375000e-01
9.957885742187500000e-01
9.683685302734375000e-01
9.676513671875000000e-01
9.865112304687500000e-01
9.906311035156250000e-01
8.250427246093750000e-01
6.988067626953125000e-01
8.182678222656250000e-01
9.826660156250000000e-01
9.965057373046875000e-01
9.924468994140625000e-01
9.936981201171875000e-01
9.934692382812500000e-01
9.862670898437500000e-01
9.786682128906250000e-01
9.965209960937500000e-01
9.955902099609375000e-01
9.974517822265625000e-01
9.946441650390625000e-01
9.969329833984375000e-01
9.974670410156250000e-01
9.137725830078125000e-01
9.975585937500000000e-01
9.861297607421875000e-01
9.704589843750000000e-01
9.984283447265625000e-01
9.968566894531250000e-01
8.845062255859375000e-01
9.952697753906250000e-01
9.315948486328125000e-01
9.934539794921875000e-01
9.852752685546875000e-01
9.970092773437500000e-01
9.950256347656250000e-01
9.975738525390625000e-01
9.681549072265625000e-01
9.347534179687500000e-01
9.971771240234375000e-01
9.837493896484375000e-01
9.944305419921875000e-01
9.601898193359375000e-01
