8.770816004345686201e-01
9.156682383860246244e-01
8.531442433289793126e-01
8.262479566759705074e-01
8.113233729589712784e-01
1.596291012838801648e-01
3.838624970159942862e-01
9.144156951947682854e-01
7.168067226890756372e-01
8.949354064250599761e-01
5.143994526341979512e-01
7.900452243615782022e-01
7.763343434040382851e-01
7.128223483492696078e-01
5.254798903107861241e-01
7.596156946190798509e-01
2.210179375039614535e-01
8.217020201465402574e-01
7.976941747572815489e-01
9.783179444821381576e-01
6.215625819175893962e-01
5.667243898479354947e-01
7.372384612398587000e-01
7.751706085818453884e-01
7.507814095214161432e-01
9.140444355081934757e-01
8.713058257010669605e-01
5.984468842048888959e-01
7.553724928366761793e-01
8.734715576820839544e-01
5.210904700985603544e-01
8.740390895844847297e-01
6.264411387937570685e-01
9.416458852867830576e-01
5.888724542041188226e-01
9.472766884531590437e-01
6.925221799746514861e-01
6.753099353937489502e-01
5.373754152823920771e-01
3.969359331476323138e-01
4.155525311557654589e-01
7.296321070234114137e-01
8.594268870564530927e-01
5.918571818927041983e-01
8.992595916535786049e-01
8.748828339636057772e-01
9.490358126721762932e-01
8.147023086269744585e-01
9.751396144838767599e-01
7.670025188916876902e-01
9.597855227882037266e-01
8.203883495145630755e-01
9.616381544841886564e-01
9.267219057483169209e-01
7.330002172496198343e-01
7.301214257735997304e-01
8.609168609168609265e-01
3.217258862066807446e-02
7.508892577661845369e-01
8.455011655011654970e-01
9.291628334866605110e-01
8.402480881555970393e-01
7.544910179640718084e-01
9.187239499839692236e-01
8.533521876559641006e-01
5.601806507781043054e-01
6.848401826484018518e-01
7.414529914529914834e-01
9.354177645061185764e-01
5.197207678883071225e-01
8.819875776397515521e-01
8.938640132669983807e-01
5.171331299465004028e-01
5.609484710125465234e-01
9.418258563775095960e-01
9.217585692995529101e-01
4.994948766055707923e-01
9.229640498899486234e-01
8.802778910803805701e-01
8.794449590714029652e-01
9.288053783830374499e-01
5.426326882544548758e-01
8.195044406814804283e-01
9.577240940877304043e-01
8.877822045152722330e-01
9.546994072819644517e-01
7.075664621676891475e-01
9.146595301813856826e-01
8.255935613682092722e-01
9.597053726169844090e-01
9.176978090589170689e-01
6.697824707172119751e-01
8.838821490467937414e-01
9.509106259799783301e-01
1.588632289359907246e-01
8.664812239221140189e-01
9.305095186412836172e-01
9.300848648344854919e-01
8.585247883917774825e-01
8.283105022831049880e-01
9.497568881685575226e-01
8.354600402955003613e-01
9.105454545454545467e-01
9.299656744710281808e-01
8.792804025470899454e-01
9.384775808133472008e-01
9.527202960120597641e-01
7.575393419170243225e-01
3.601911915329464309e-02
9.628959276018099755e-01
9.629080118694361978e-01
5.245258338783518326e-01
7.862068965517241548e-01
7.837037037037036802e-01
4.496700436843572568e-01
6.064537052051240940e-01
8.941050539032036060e-01
9.315681725126245816e-01
8.526598602901666046e-01
8.031043403276804105e-01
9.283251678461259537e-01
9.030694668820679061e-01
8.524022943129833108e-01
9.417968749999999778e-01
9.469835466179159500e-01
7.657346318986281153e-01
7.321027801951174308e-01
9.714988722575353952e-01
8.750185511056458587e-01
9.640873750462791714e-01
5.088866458945889848e-01
8.283271568818671993e-01
9.135128518971847855e-01
9.086818373831432316e-01
9.631081803600071156e-01
6.800798947727383359e-01
8.858447488584474394e-01
9.313876088069636960e-01
6.988707653701380362e-01
9.237123420796889972e-01
9.651457541191381662e-01
2.772381432674808632e-01
7.582150419574935629e-01
7.541526202880785013e-01
1.142555577544692863e-01
7.534606205250596878e-01
7.982804769243248000e-01
7.981195367400406582e-01
7.146503318019398199e-01
4.160804877008995040e-01
5.399156118143459970e-01
9.706288192391090419e-01
7.774100565816163266e-01
8.666152659984579509e-01
5.260502358231874398e-01
9.651180198612705485e-01
9.476594904206991909e-01
7.670027597890537452e-01
6.401977808517526070e-01
9.218557547557136855e-01
3.809832873600519365e-01
8.283522672104087770e-01
8.121398901246147384e-01
6.604430204938408489e-01
8.552404284054146988e-01
4.997873738740480354e-01
8.294117647058824039e-01
7.992597083506174371e-01
8.256385542168674929e-01
9.518837948252383274e-01
9.033909149072296696e-01
2.416646961456609122e-01
8.866976744186046977e-01
7.867655716472389260e-01
7.702456778889900102e-01
8.594421505013903895e-01
9.007661000718218958e-01
9.086779343977553491e-01
9.460596087036021729e-01
4.507020341488078841e-01
2.851711026615969535e-01
8.825947921425307818e-01
6.061972935869778256e-01
1.725252525252525260e-01
9.286334864093335195e-01
9.272578667756435911e-01
9.234828496042216672e-01
2.181966309635061108e-01
9.197184353559654246e-01
8.005201162612819443e-01
8.701670644391408249e-01
6.818724623835681342e-01
8.195546455080624515e-01
6.881624313625335221e-01
9.039388090642648255e-01
5.442057062345896368e-01
6.634896637854537094e-01
9.622841563162678469e-01
9.353860508514112437e-01
9.372427983539094454e-01
9.386770704025536594e-01
8.872817075321925984e-01
9.127857747671465072e-01
9.394422310756972427e-01
9.087816944959802301e-01
8.731533367294956882e-01
8.202522050716648527e-01
9.282160625444207946e-01
9.341585462207006030e-01
6.931374799173742884e-01
8.810851332989738660e-01
8.505775374784959597e-01
9.371215649743828147e-01
7.108157653528872633e-01
8.330970942593904915e-01
9.429300727948822791e-01
9.724577755974490589e-01
9.727572071769370332e-01
9.563721136767318054e-01
8.866171287325104178e-01
7.625652971904560706e-01
9.272003908703846387e-01
6.457450703488676336e-01
9.361577596686326830e-01
9.461717440837140725e-01
9.070170015455950585e-01
6.858368601078322913e-01
9.245657174585547589e-01
3.559817945383614846e-01
7.748908750779464061e-01
9.417672151127360891e-01
4.210169108082121858e-01
9.618849403578528801e-01
8.666129100708738209e-01
9.751415344094926940e-01
9.109540778321354448e-01
9.759489699884973390e-01
9.567736185383244329e-01
9.634935576866505702e-01
9.751828179881384395e-01
8.692866511956411912e-01
6.673633020517252268e-01
9.267384105960264629e-01
8.879319625363333301e-01
9.561296898890501161e-01
9.607098467062560321e-01
8.309997416688194027e-01
6.079595799634258668e-01
9.007776706848519277e-01
4.892349047751882729e-01
9.202997275204359839e-01
9.697340603093357325e-01
9.260493977369509411e-01
9.643618312784957292e-01
9.564336372847010992e-01
9.619072847682119676e-01
9.174766533257099344e-01
9.797044974833576392e-01
5.216408154612585113e-01
9.245276477725775655e-01
7.614666227515645147e-01
8.987956980852185307e-01
9.482260487692130146e-01
9.654489832643512459e-01
9.486654901532070028e-01
8.727891442255177878e-01
8.450690383764926095e-01
9.538181196970559883e-01
9.530165842123277109e-01
3.743020784553870439e-01
8.229702624923693755e-01
8.760100306492059064e-01
9.696286970158813912e-01
9.445811364967779955e-01
8.881243190549916733e-01
9.595699335178292655e-01
8.178504456290427438e-01
9.703849324624262973e-01
9.529755832143099736e-01
9.381619937694704037e-01
6.478103797691426857e-01
8.508438367870113650e-01
9.383886255924170916e-01
9.759887005649717784e-01
9.645233360339789952e-01
8.571934170943196207e-01
9.716312056737588243e-01
9.624507127691841468e-01
9.843023822678670376e-01
9.246760228940088533e-01
9.310416045161438170e-01
6.903793839763653351e-01
9.542901919811936917e-01
9.030901930464616534e-01
9.380999976755538539e-01
7.922249753422021534e-01
9.747460628086851431e-01
9.539404957332211499e-01
8.196407001936460990e-01
9.371745044694909099e-01
9.612979177396806518e-01
9.060272489398177864e-01
9.583973694556632283e-01
8.312583241646881449e-01
9.527823028070920852e-01
9.839734193296199027e-01
9.568703345313795960e-01
8.440702273831278690e-01
9.802629802629803102e-01
9.731393396754336456e-01
8.320869881563522918e-01
9.432941421288106865e-01
8.544341467562281967e-01
7.016673470028573778e-01
9.332335222614337455e-01
9.464271775613394277e-01
9.709085252022402468e-01
9.254113950219134965e-01
8.151986678915938977e-01
5.655712853044756461e-01
9.654852100206101628e-01
9.092484714265081092e-01
9.467224812101607823e-01
8.031746888750911362e-01
9.093732744340143892e-01
8.249047681597267978e-01
7.215282880235120988e-01
9.179394039461735710e-01
9.677129311754127938e-01
9.088582239038504040e-01
9.213177239313912192e-01
9.728003435181085123e-01
6.992969889905823466e-01
9.400863532722069094e-01
9.645589614492324770e-01
9.204561700630148335e-01
8.845101637981784837e-01
9.513864587561764452e-01
8.477446072392734733e-01
7.501587781642219399e-01
9.587401496753729102e-01
8.982592096640930057e-01
9.004972737883948364e-01
9.082300678045358566e-01
9.791563446980607877e-01
6.959569531519967933e-01
9.528027207555479494e-01
9.000898224279693105e-01
9.771320957761635562e-01
9.417025394600727628e-01
9.415408111318513962e-01
9.610863859408877996e-01
8.734038672017512273e-01
8.699760533298815934e-01
9.731841496797511981e-01
9.683636847002525805e-01
9.670448528003424693e-01
8.900478768036064192e-01
9.837598425196850682e-01
9.242696002232053676e-01
8.898939719730110109e-01
7.574215168663652742e-01
9.584259858699017975e-01
8.078107009422657026e-01
8.092355110352799086e-01
9.332207614682587193e-01
9.749331342912235243e-01
8.371350364963503488e-01
9.130992939317631452e-01
9.498660336983689723e-01
9.577874818049491035e-01
9.231505689140920845e-01
9.587032662702614783e-01
9.250598836546138903e-01
9.421140086133812375e-01
8.978394422585767032e-01
9.649857084524295914e-01
7.314079005599276595e-01
9.649563318777292231e-01
9.487599505704514824e-01
8.752732712000920179e-01
9.389632374077740984e-01
9.427312775330396466e-01
7.733489043916530470e-01
9.623019114523770901e-01
9.330035487686848539e-01
8.961578400830737534e-01
9.548119287768997987e-01
8.057868442964196687e-01
8.993368072003790070e-01
9.031967582170193909e-01
7.494640725848503715e-01
9.529322929775987383e-01
8.942100236975205618e-01
5.486680327868852514e-01
6.832500101613624421e-01
9.482354067902121209e-01
9.419250837822933375e-01
8.359423586062296740e-01
9.721017266309432969e-01
4.763569181604833391e-02
8.456631855418672572e-01
9.825179245453395938e-01
9.396864897292612762e-01
9.511939429237041832e-01
8.708520517950847362e-01
9.766476388168137124e-01
9.419427662074516538e-01
9.614302267836450921e-01
8.453375086986778530e-01
9.367126857919885197e-01
8.568120073041464169e-01
8.728737690241719083e-01
9.090909090909090606e-01
9.556062086182568471e-01
9.513558741870460356e-01
9.274555087623964633e-01
9.768114726601812015e-01
7.936460586173466059e-01
5.897506815757240783e-01
9.559961588431339363e-01
1.926407859020207725e-01
9.185778051408342026e-01
6.763570292982057364e-01
9.041413413000927157e-01
6.711659221855376112e-01
9.453333091739295480e-01
9.811871918107484269e-01
8.408533817521561815e-01
9.200619907013948273e-01
9.481257734986260344e-01
6.649562038761294147e-01
9.781641373213496582e-01
8.137148262000473142e-01
9.111577653745711602e-01
9.303864080589384633e-01
8.930890538033394721e-01
9.342907504262143448e-01
7.595455979804354163e-01
7.987442614096678106e-01
3.660823184606702974e-01
8.363468283531363401e-01
7.932252701579385334e-01
7.412369122715743996e-01
7.737467928380279414e-01
8.885091056103791018e-01
9.447170022232433961e-01
9.264863809430831099e-01
9.293942061153419587e-01
9.419666845781837772e-01
9.502591576288166308e-01
9.652203812895584489e-01
9.234774376775007898e-01
9.577792311605261011e-01
9.575987320468619668e-01
8.302535963221118198e-01
8.949541284403669250e-01
9.263091878331765061e-01
9.141333333333333533e-01
9.111890154834939581e-01
9.706964052675287613e-01
9.121993625036221021e-01
8.870002394062724838e-01
6.826961354118564751e-01
4.698977962312360090e-01
9.409366559649391393e-01
9.784680021006827433e-01
9.701986754966887005e-01
8.125675338708336914e-01
9.378582412973577309e-01
9.852239892879794958e-01
9.453164050784764738e-01
9.471373696725808866e-01
9.227677289692793883e-01
6.698810671809707351e-01
9.410698096101540733e-01
7.595238095238094900e-01
9.456264775413711909e-01
9.349112426035502965e-01
8.805860805860805662e-01
9.092111062141913225e-01
9.361308238198087217e-01
9.319404874960430796e-01
2.723749769330134907e-01
7.688120832766363044e-01
9.665314401622717710e-01
9.254341164453524504e-01
8.512585812356979753e-01
8.553459119496855667e-01
7.740775980547626167e-01
9.299781181619255488e-01
8.889105058365758261e-01
8.386998784933171747e-01
9.716162617749132258e-01
7.883569096844396107e-01
9.698311652366454760e-01
8.775818639798488308e-01
9.713900134952766496e-01
9.551258664720905234e-01
9.416213661073032926e-01
8.775570708568040112e-01
9.373394966615306023e-01
5.086668767727702267e-01
8.764751552795031486e-01
8.176724137931034031e-01
5.187790252040218597e-01
9.650349650349649977e-01
9.466679525508727711e-01
9.631426411290322509e-01
9.290417509656060391e-01
9.007936507936508130e-01
8.759593958900717681e-01
8.314904909332153649e-01
9.463197026022305280e-01
9.680762159451780091e-01
9.736735520453625448e-01
9.214821875372334326e-01
8.973047412945110990e-01
1.011156616297133187e-01
9.072231139646870224e-01
8.863157894736841680e-01
8.850072780203784850e-01
7.817551963048499086e-01
8.803471791692498716e-01
9.685752059391843360e-01
8.424712489970580531e-01
9.634809634809634593e-01
9.719909159727478931e-01
9.475869226777373644e-01
8.494892641234104147e-01
9.356035064059339268e-01
9.578497251069029161e-01
9.039615846338535654e-01
9.533572526909277478e-01
6.530677802762608897e-01
7.831083184738615310e-01
9.468190854870774942e-01
9.544521953221173360e-01
9.088586030664395077e-01
8.461863333051777847e-01
8.816021990967994881e-01
9.515604681404421505e-01
7.540293480875631671e-01
9.298550724637680842e-01
9.225551158846806432e-01
8.721730580137659894e-01
9.265161575918547943e-01
9.760686581944215678e-01
8.620047199105701496e-01
7.254658385093167849e-01
9.607982893799001944e-01
9.517433751743374915e-01
8.178680203045685104e-01
6.644854253420583445e-01
8.408316291751875005e-01
6.278345931525122214e-01
8.251731550035825702e-01
8.952644313861043424e-01
9.001919385796545159e-01
9.215461155759663292e-01
8.404356705241661230e-01
8.374459913586174142e-01
9.294067745258437485e-01
9.396199182102478176e-01
2.172833374720635757e-01
6.422439341503985988e-01
6.110132158590307894e-01
9.461459774956375579e-01
8.118137069291935237e-01
8.931532812129826526e-01
9.238352679281284230e-01
9.023079355042681327e-01
8.421052631578946901e-01
8.192055051610884764e-01
9.358778625954198294e-01
9.637745184661601350e-01
9.495305164319248759e-01
9.637702503681885302e-01
9.577067669172932840e-01
9.723876556578234798e-01
7.365133146275609777e-01
9.517743403093721355e-01
9.355369311506227525e-01
9.471681545441240635e-01
8.351177730192719251e-01
9.665800865800865393e-01
2.253155801487117527e-01
9.397482014388489624e-01
3.248333509681515241e-01
8.635097493036211214e-01
8.655067660867163948e-01
9.425040300913487545e-01
9.225922592259225841e-01
9.272976680384087400e-01
8.420025373279984571e-01
7.081118557892304155e-01
9.737670514165792657e-01
6.783816918675930063e-01
9.513431322858590944e-01
8.223438450178091053e-01
