8.748742032874874397e-01
8.269387755102041160e-01
9.017360525872240018e-01
8.740837015856511849e-01
8.721217640171718966e-01
8.844921801394384220e-01
7.807551766138854932e-01
9.426445334859759884e-01
7.819253438113948906e-01
8.755286685582740480e-01
7.675512260665099395e-01
3.592998653587228253e-01
8.319965315412963802e-01
7.223823246878001703e-01
8.619086130206227159e-01
7.966543260660907677e-01
6.702127659574468321e-01
8.618343195266272572e-01
9.033624569764363565e-01
8.136563876651982108e-01
5.253507951356407579e-01
4.644061074757089291e-01
9.376815006671376240e-01
7.811625403659849809e-01
8.675394686176357562e-01
9.348956184503671718e-01
9.571590791782801366e-01
3.472022955523673127e-01
2.586883029073698270e-01
9.773589678725018715e-01
8.519826181423139078e-01
9.184549356223176142e-01
8.726875554645368016e-01
8.419522950491080682e-01
8.981072085051418075e-01
8.589554661937707225e-01
6.225856968853314966e-01
5.987616850795192125e-01
7.038499506416584506e-01
5.227091633466135479e-01
8.876620259241478905e-01
8.006346687822292196e-01
5.452961672473867205e-01
8.966191673651857652e-01
9.651162790697674909e-01
8.889618922470433615e-01
6.743805037886545506e-01
9.691955458424393877e-01
9.524609088047014671e-01
8.645953757225433023e-01
6.815818978697379960e-01
9.687994931897371265e-01
7.100098135426888835e-01
9.620178911863909166e-01
9.337529504327301000e-01
9.788552188552188671e-01
9.632850241545893866e-01
9.655172413793103869e-01
4.649465728433672118e-01
9.735773553816277071e-01
9.626777251184833739e-01
8.802271553949406746e-01
5.070318282753515371e-01
8.709359605911329849e-01
8.691905201600492736e-01
9.702359346642468463e-01
8.930222071919738935e-01
9.686087068854153381e-01
8.336389834948912947e-01
9.196106705118961555e-01
8.924740767150963761e-01
8.917657882631268018e-01
9.331857794992391986e-01
9.578284052350944933e-01
9.326018808777429836e-01
9.372504278379920617e-01
9.312270501835985259e-01
9.549024575627058642e-01
8.717948717948718063e-01
9.366428291536049722e-01
9.702955018902862383e-01
9.228820001689331809e-01
7.539503386004514640e-01
9.427217915590008213e-01
9.446167478954363705e-01
9.062660944206009095e-01
8.347324896629495505e-01
8.672746841896561421e-01
8.693498452012383693e-01
8.400951814396192541e-01
8.368176538908246309e-01
9.163159827152822512e-01
7.040951122853368327e-01
6.027291946953680091e-01
8.132228021696857878e-01
9.291607396870554814e-01
8.511919698870765716e-01
8.307662312341587141e-01
8.847807394668959491e-01
7.046310658098825508e-02
8.823622545915136284e-01
9.124286777474571730e-01
9.046138330952180340e-01
9.134342478713339819e-01
8.612860141194428332e-01
7.329515484891869770e-01
4.171938965388909404e-01
8.534643734643734270e-01
9.074138129828202004e-01
7.882550335570469580e-01
9.607172085410311535e-01
5.746888898872366536e-01
7.694536293497087343e-01
8.546150167384026775e-01
7.072538860103626535e-01
8.845305967312808715e-01
8.124364375998838206e-01
9.089667284613133225e-01
8.681990107652022282e-01
8.175318175318175840e-01
5.691349480968858066e-01
7.243180499129425742e-01
7.701808557565064106e-01
9.004705673444020064e-01
8.085786375105130652e-01
7.648839556004036755e-01
6.154972901713783306e-01
0.000000000000000000e+00
9.151638481510069312e-01
7.902816390668438995e-01
8.997997902564591755e-01
9.208118449509232750e-01
8.436633663366336355e-01
9.057836700072257052e-01
9.583232455988656140e-01
9.312064901606095235e-01
9.024207833103720100e-01
9.464677490127249015e-01
8.077481840193704299e-01
4.421888216539787697e-01
9.030754892823857904e-01
8.855010832062906179e-01
6.578947368421053099e-01
7.539804827940420617e-01
8.705930303647849700e-01
9.217031342400946459e-01
7.379852702534015485e-01
9.185099563915305465e-01
5.384292817348589333e-01
2.296582587469487291e-01
8.512012603387160148e-01
7.273097273097273163e-01
8.731859018659294813e-01
8.269314055368623961e-01
9.121458189357291024e-01
9.655656543264612424e-01
8.551452916757701361e-01
7.075471698113207086e-01
5.424960505529226040e-01
8.045325779036827107e-01
3.504322219055761578e-01
8.570608260530740985e-01
9.509594882729210941e-01
7.444262501574505642e-01
9.375945809613028814e-01
8.694288087108978935e-01
9.587017347509793064e-01
9.244311576150141541e-01
6.897711978465679294e-01
8.476766423734946043e-01
8.953270079659039205e-01
9.754128440366972574e-01
9.618047072237152495e-01
6.960440660991487061e-01
9.450523864959254894e-01
5.815956751618843734e-01
8.035092738282553215e-01
7.537731780940060133e-01
8.300094966761633053e-01
9.207673060884069560e-01
9.218439619151996833e-01
8.990552834149755368e-01
4.228010082078459408e-01
9.131530320846631410e-01
8.562427636716120061e-01
8.957497449846990589e-01
9.406029969308539185e-01
9.492155550598557756e-01
7.816020025031289453e-01
8.854974031162604620e-01
9.555717407137654940e-01
9.459178966789667520e-01
9.665931133576229906e-01
8.893976150613318588e-01
9.659708321418358778e-01
9.125465178096756613e-01
