9.827026149098586627e-01
9.994542676271556125e-01
9.951943343731557423e-01
9.840767902397452582e-01
9.852536342708115846e-01
9.976245516141889480e-01
9.890253584271236909e-01
9.929422503300679992e-01
9.997208676091490220e-01
1.000000000000000000e+00
9.580075392187525907e-01
9.965194762950313478e-01
9.890926261115919882e-01
9.997138041784590090e-01
9.617108736866351038e-01
9.984161972405910523e-01
9.931613405069035228e-01
9.997407017259540840e-01
9.936555206681124686e-01
9.968275621401265774e-01
9.651060762746388466e-01
9.933629744184547805e-01
9.856327830322788586e-01
9.928393524283934957e-01
9.945349145942118385e-01
9.942112879884226206e-01
9.965893363210966971e-01
1.000000000000000000e+00
8.304788039364118246e-01
9.948052847569739399e-01
9.528230458609748821e-01
9.871088545605127829e-01
9.958967225941058876e-01
9.979479405457368779e-01
9.644824715239765922e-01
8.866137807866428799e-01
9.839258848681605718e-01
1.000000000000000000e+00
9.907440260401401133e-01
9.998916676984028751e-01
9.964535653489691169e-01
9.883903303897166870e-01
1.000000000000000000e+00
9.970858225265918362e-01
9.993416721527320634e-01
9.998903714840569057e-01
9.853851415605865416e-01
9.962393223617055371e-01
9.931270913982022108e-01
9.970096107308303868e-01
9.868485235075606932e-01
9.973032512914007386e-01
9.999682080465434053e-01
9.959837421883785957e-01
9.859556689095089199e-01
9.979957652459228168e-01
9.996433334367149648e-01
9.994851713755285028e-01
9.686610127522594649e-01
9.983482401729075750e-01
9.982940495195167241e-01
9.986131904499251366e-01
9.794606097053245586e-01
9.999538219991995769e-01
9.998430363057024817e-01
9.987575067301718290e-01
9.991100856954515663e-01
9.987990522249992065e-01
1.000000000000000000e+00
9.855336334745762317e-01
9.997228794952143227e-01
9.998074061104789134e-01
9.999189430169409532e-01
9.978904282115869107e-01
9.955935964495166157e-01
9.989018402020614085e-01
9.957132098789271968e-01
9.980984267325445636e-01
9.998267743815058006e-01
9.038783767215660125e-01
9.978301774847010419e-01
9.942690038822876719e-01
1.000000000000000000e+00
9.990113040899054608e-01
9.963398857791941898e-01
9.952395370744179237e-01
9.800889159098681302e-01
9.796962373652736700e-01
9.794792437596716583e-01
9.608866254800467743e-01
9.917423745746308805e-01
9.833877880086561163e-01
9.256656866165013930e-01
9.691262348723247433e-01
9.987961879284400490e-01
9.442116125771328194e-01
9.870787556572505617e-01
9.759531849326296138e-01
9.977013993508005996e-01
9.886561954624781823e-01
9.763578381446913479e-01
1.000000000000000000e+00
9.971278447008734558e-01
9.874225484913793371e-01
9.936777486779988511e-01
8.833949811430229504e-01
8.488733051324529599e-01
9.949007648852672414e-01
9.893253490415595541e-01
9.994686776930328254e-01
9.864751119103186694e-01
9.997383568812140409e-01
1.000000000000000000e+00
9.818011378329454253e-01
9.514154093812614565e-01
9.874446461595887126e-01
9.909370918062924138e-01
9.719088064371926849e-01
9.987435410155329762e-01
9.957746478873239493e-01
8.990487979672943109e-01
1.000000000000000000e+00
9.953602202620710493e-01
9.948867541786114987e-01
9.999144685073043659e-01
1.000000000000000000e+00
9.619400151860288961e-01
1.000000000000000000e+00
9.971365486786724075e-01
9.972980097535257826e-01
9.893182359515564350e-01
9.885490432424287599e-01
9.518734535171439193e-01
9.731637275521760611e-01
9.861870897155361471e-01
9.810083176534721838e-01
9.637973548531719725e-01
9.853479853479854000e-01
9.997823349243614155e-01
8.913090503685707766e-01
9.958098227104270617e-01
9.871282958470221081e-01
9.934576059440444196e-01
9.910178700417699993e-01
9.911097776654875791e-01
9.778328538250892210e-01
9.996694269516206433e-01
9.959436802538355060e-01
9.990260165951787563e-01
1.000000000000000000e+00
9.808836269130811747e-01
1.000000000000000000e+00
9.377996287153960164e-01
9.995828988529718018e-01
9.893114080164440161e-01
9.910770946712563756e-01
9.927730615078739218e-01
9.958093025185676961e-01
1.000000000000000000e+00
9.999493320272255792e-01
7.788736721263763707e-01
9.775146808107596508e-01
9.951864429131911383e-01
9.998678996036988176e-01
9.861378065117362146e-01
9.994747899159663884e-01
9.836940974539906124e-01
1.000000000000000000e+00
1.000000000000000000e+00
9.999080780968488957e-01
9.950837581937362897e-01
9.943117574408126824e-01
9.989024713317942172e-01
1.000000000000000000e+00
9.941496642982856624e-01
1.000000000000000000e+00
9.772241074063146016e-01
1.000000000000000000e+00
9.991445680068434809e-01
9.807540431960992677e-01
9.805975479109629855e-01
9.700289451507712046e-01
9.930549090435139004e-01
9.850407751446725868e-01
9.640680769565596053e-01
9.469822121479888333e-01
9.985166281202647598e-01
9.885706556656409516e-01
9.962343434343434723e-01
9.775485335603518733e-01
9.933358501715280342e-01
9.909332115056843637e-01
9.997116233801344176e-01
9.777213482254448751e-01
9.969374361965874787e-01
9.993656886344415291e-01
