7.387235635410818180e-01
7.882352941176470340e-01
8.460038986354775359e-01
7.783384558924720809e-01
6.664040961008270703e-01
7.999377722464219298e-01
5.326488706365503090e-01
8.629882207067576250e-01
7.419766206163656008e-01
8.029899066844410349e-01
5.909032341193145577e-01
3.212669683257918796e-01
6.608264462809917417e-01
6.936872309899569933e-01
7.494577947427778497e-01
7.498878420816509349e-01
5.376462795319054688e-01
8.111025443330763807e-01
8.144544822793606809e-01
7.260273972602739878e-01
3.276605400499205678e-01
3.307506053268765012e-01
8.706896551724138122e-01
6.540036594928988478e-01
7.725977100343012216e-01
8.806715063520871301e-01
9.088456349971092418e-01
7.860326894502228656e-01
1.567204095667456276e-01
9.457581667479277865e-01
7.399690162664600557e-01
8.454821215185218675e-01
7.799835545636085721e-01
7.489020924825626757e-01
8.061760256296164329e-01
7.435066338216863580e-01
5.189243027888446047e-01
4.820654999133598961e-01
3.862405200433369212e-01
5.269899359560841212e-01
8.009554140127388422e-01
6.353558231016808167e-01
3.095744680851063579e-01
8.338650306748466301e-01
8.880328710837185335e-01
8.773041474654378336e-01
5.181580476467170238e-01
9.382666799640969613e-01
8.861299709020368232e-01
7.744276241711497422e-01
5.309369024856596120e-01
9.473966720343531822e-01
6.553630667158127920e-01
9.052863436123348428e-01
8.600202869149398133e-01
9.464701318851823642e-01
8.997429305912596487e-01
9.115213239974538917e-01
2.747747747747747993e-01
9.519526357736536326e-01
8.866090712742981106e-01
7.944372012168622321e-01
2.652982184353214756e-01
8.725806451612903025e-01
8.780104712041885140e-01
9.339237057220708405e-01
8.461693548387096975e-01
9.343030303030303019e-01
7.991913746630727733e-01
8.311646063760572689e-01
8.216505894962486956e-01
8.355418835778514186e-01
9.102861562258314221e-01
8.934937611408200198e-01
8.320245817685216760e-01
8.108605614358029845e-01
8.604042974271981503e-01
9.187455452601568373e-01
8.727710843373494010e-01
8.739191073919106989e-01
9.430436072382082369e-01
8.492303048596437920e-01
7.264492753623188470e-01
9.097472924187726129e-01
8.490118577075098649e-01
8.318146718146718355e-01
7.112891986062718219e-01
7.678747291707701539e-01
7.560424966799468294e-01
7.012685096275331764e-01
5.915662650602410144e-01
8.325378287803392174e-01
5.163854954430870947e-01
3.978812515397881500e-01
7.220333219993199103e-01
8.620160981218857321e-01
7.513197317734341407e-01
6.698113207547169434e-01
6.678592725104353089e-01
8.529470931402131917e-02
7.668720054757015570e-01
8.958794860434204921e-01
8.344559197724891186e-01
8.317348377997179076e-01
7.570639818122767428e-01
5.767569460658417135e-01
2.521178499137866624e-01
7.620346598202824007e-01
7.853129238519667155e-01
6.945094261731112883e-01
9.250319466136589508e-01
4.420781505214222973e-01
6.613975854307345692e-01
7.039127895658945366e-01
5.555990602975724446e-01
7.989936440677966045e-01
6.990313653136531746e-01
8.149921643740205557e-01
8.407738095238095344e-01
7.226548460524739870e-01
3.783709157846295579e-01
6.209053685168335335e-01
6.340759075907590470e-01
8.307981809628351977e-01
7.403330510866497072e-01
7.098921276107413858e-01
4.147465437788018239e-01
8.570782451379466149e-02
8.551803825908331769e-01
7.092885375494071276e-01
8.299751350424419138e-01
8.344005956813105307e-01
7.185758256384660037e-01
8.275666155332083163e-01
9.204275534441804796e-01
8.621212121212120660e-01
8.090782122905028073e-01
8.879240383054698427e-01
8.376623376623376638e-01
2.748891575977428503e-01
8.370935633709356560e-01
7.896349958205628461e-01
5.385056373017389486e-01
6.077434493547125838e-01
7.518978605935127124e-01
8.422869471413160225e-01
6.251461988304093387e-01
8.607765680701415789e-01
4.119614882506527631e-01
1.787889233597610150e-01
7.542745151044130125e-01
6.821234409977614543e-01
7.761291950542518192e-01
7.342030629608621295e-01
8.514119405333123725e-01
9.353485064011379801e-01
7.253398396653886193e-01
5.642613636363635887e-01
4.988077173206156290e-01
7.366183879093198827e-01
2.071308253790005716e-01
7.390279414823546222e-01
8.839186691312383992e-01
6.278106508875739289e-01
8.867860991379310498e-01
7.843169220736876390e-01
9.186714924419842054e-01
9.106041923551171369e-01
6.454081632653061451e-01
7.602396708996601582e-01
8.007136019493517054e-01
9.423370522607164013e-01
9.391971202754518799e-01
7.109144542772861675e-01
8.808245651707107271e-01
4.247005611860290020e-01
6.891710702736808525e-01
7.231192030230161327e-01
7.233722243131350815e-01
8.472287458900892299e-01
8.423885828743115090e-01
8.046432176411212334e-01
2.950504565112926358e-01
8.183033724558015365e-01
7.522743177046885554e-01
8.009796806966618110e-01
8.934345100626855940e-01
8.856073211314475779e-01
6.867499387705118252e-01
7.748261474269819704e-01
8.899613899613899592e-01
8.903947509949445838e-01
9.435324367088607778e-01
7.966530219118709288e-01
9.372764786795048098e-01
8.693126815101646088e-01
