9.952092788703983395e-01
8.601997146932952587e-01
9.054726368159203842e-01
8.099966582326825204e-01
9.897630886224042523e-01
9.146211312700106566e-01
1.000000000000000000e+00
9.978494623655913554e-01
7.535074465788905718e-01
8.029899066844410349e-01
9.580112805514936491e-01
3.505307331523080938e-01
9.990004997501249484e-01
7.320211960635881754e-01
9.496537319995602688e-01
7.790724772780237561e-01
6.361024033437826519e-01
8.238057948316366286e-01
9.375999999999999890e-01
8.716405936622543260e-01
8.424737456242706868e-01
3.947976878612716733e-01
9.406746497612897828e-01
6.866081229418221632e-01
7.862340216322517561e-01
9.530278232405892114e-01
9.735755573905863214e-01
9.184027777777777901e-01
9.638157894736841813e-01
9.966602440590880407e-01
9.492249602543719744e-01
9.203522113267961213e-01
8.278269542451065499e-01
7.599615519049283119e-01
9.971381397908640754e-01
9.897595213439189799e-01
5.549933422103860980e-01
4.820654999133598961e-01
1.000000000000000000e+00
6.260869565217391797e-01
9.617590822179732379e-01
7.749345740040709529e-01
6.970059880239520833e-01
9.015654019633855265e-01
9.948216340621404141e-01
9.043942992874108855e-01
6.373056994818653287e-01
9.703971119133574241e-01
9.991251093613298107e-01
8.055700156168662529e-01
5.674350171652771113e-01
9.592391304347825942e-01
6.768176627331556894e-01
9.996959562176953584e-01
9.993264859403939715e-01
9.980910826288519333e-01
1.000000000000000000e+00
9.965205288796102900e-01
9.945652173913043237e-01
9.691665700707082776e-01
1.000000000000000000e+00
8.784238346948582965e-01
1.000000000000000000e+00
9.491228070175438125e-01
9.178981937602627150e-01
9.938383472272562802e-01
8.642915980230642115e-01
9.836651352730985121e-01
7.991913746630727733e-01
9.980468750000000000e-01
8.231946308724832351e-01
8.386177413608835174e-01
9.169047000779018131e-01
9.945436507936508130e-01
9.963205233033524122e-01
9.827105409927495705e-01
8.853734817077605346e-01
9.648203592814371676e-01
8.899262899262899706e-01
9.154795821462488048e-01
9.714285714285714191e-01
9.323943661971830776e-01
7.264492753623188470e-01
9.352577319587629390e-01
9.990697674418604901e-01
8.846911957950065464e-01
7.911176561773368698e-01
8.813157002373686044e-01
9.357330703484549872e-01
7.873354516568316086e-01
9.993215739484395677e-01
8.909901097706770523e-01
9.983130271790066068e-01
9.711365003006614538e-01
7.417045057631854732e-01
9.966210602115991302e-01
8.634202328250533132e-01
9.560706401766004836e-01
9.747606614447344997e-01
1.161007667031763446e-01
9.927343611554138025e-01
9.224452554744525523e-01
8.783677327871435292e-01
9.597981770833333703e-01
8.341384863123993965e-01
9.515600924499230118e-01
1.000000000000000000e+00
8.592364754839877383e-01
9.928956393924547319e-01
7.018495341398971465e-01
9.825064092896999002e-01
4.439747634069400872e-01
6.617361040024567487e-01
9.868995633187772620e-01
7.946241075178496205e-01
9.146581779596786310e-01
8.598581560283687919e-01
9.739881385911975942e-01
9.088471849865952246e-01
7.515574383254423063e-01
9.929951690821255950e-01
6.209053685168335335e-01
6.885172465282962673e-01
8.999490402581959980e-01
7.411698219836111434e-01
7.219887955182072714e-01
9.310344827586206629e-01
8.570782451379466149e-02
8.806187202538339198e-01
7.415289256198347445e-01
8.834535000456329445e-01
9.655350680682405207e-01
9.644930772666369112e-01
9.053953257086027051e-01
9.719899665551839929e-01
9.845426231399239114e-01
9.651782739086971485e-01
9.760906414488357274e-01
9.539852095316351255e-01
6.269534840963412181e-01
8.956336528221512383e-01
9.170037210807312489e-01
5.993194385367928145e-01
8.381877022653722031e-01
9.868659420289854767e-01
9.961724929829037789e-01
6.369414101290963304e-01
8.874540578126551837e-01
4.156581872067177108e-01
1.787889233597610150e-01
8.212052093297035338e-01
6.821234409977614543e-01
9.311012895804322564e-01
7.360400318435118550e-01
9.004242575492887868e-01
9.716291097155522749e-01
9.625346901017576284e-01
5.729202722972193129e-01
4.988077173206156290e-01
7.395290026868974742e-01
1.000000000000000000e+00
8.362623568178252365e-01
9.811243331965531222e-01
6.396704180064308742e-01
9.385558485993299449e-01
7.871400523560209139e-01
9.880925120219830049e-01
9.122915379864113827e-01
6.497175141242937935e-01
7.629689463292047558e-01
8.667106254709872060e-01
9.968940241023729332e-01
9.457840819542947530e-01
7.403993855606758601e-01
9.832214765100670828e-01
4.247361367063159920e-01
7.724540311173974105e-01
7.283737024221452749e-01
7.975103734439834557e-01
9.897119341563785921e-01
1.000000000000000000e+00
9.463926940639268981e-01
3.114379913771240238e-01
9.883366230037681222e-01
8.232080865836226558e-01
9.827125686303606056e-01
9.531854980640619424e-01
9.995305164319249203e-01
7.659109532914504248e-01
9.896962160241605799e-01
9.993496639930631309e-01
9.597681159420289321e-01
9.490699293743161125e-01
8.747438693899134421e-01
9.570224719101123600e-01
8.864758144126357875e-01
