8.675689697265625000e-01
9.762115478515625000e-01
9.760437011718750000e-01
9.794311523437500000e-01
9.802551269531250000e-01
9.881286621093750000e-01
9.456329345703125000e-01
9.739074707031250000e-01
9.485321044921875000e-01
9.923095703125000000e-01
9.772186279296875000e-01
9.345245361328125000e-01
9.697113037109375000e-01
9.422760009765625000e-01
9.322662353515625000e-01
9.388732910156250000e-01
9.786224365234375000e-01
9.928588867187500000e-01
9.751434326171875000e-01
9.807891845703125000e-01
9.812011718750000000e-01
8.563690185546875000e-01
7.522888183593750000e-01
9.402923583984375000e-01
9.602508544921875000e-01
9.767303466796875000e-01
9.604644775390625000e-01
7.994995117187500000e-01
9.378662109375000000e-01
9.786987304687500000e-01
9.559936523437500000e-01
9.415893554687500000e-01
9.759521484375000000e-01
9.244995117187500000e-01
8.956604003906250000e-01
9.633636474609375000e-01
9.727783203125000000e-01
9.337005615234375000e-01
9.525756835937500000e-01
9.587097167968750000e-01
9.715270996093750000e-01
9.307861328125000000e-01
9.587402343750000000e-01
9.621582031250000000e-01
9.772644042968750000e-01
9.799194335937500000e-01
9.555358886718750000e-01
9.826354980468750000e-01
8.982238769531250000e-01
9.614715576171875000e-01
9.786682128906250000e-01
9.702758789062500000e-01
9.495086669921875000e-01
9.406433105468750000e-01
9.849548339843750000e-01
9.625854492187500000e-01
8.659973144531250000e-01
9.035949707031250000e-01
9.071960449218750000e-01
9.878234863281250000e-01
9.303436279296875000e-01
9.100952148437500000e-01
9.588165283203125000e-01
9.752044677734375000e-01
9.885101318359375000e-01
8.732757568359375000e-01
9.685516357421875000e-01
9.466400146484375000e-01
9.649658203125000000e-01
9.663238525390625000e-01
9.579315185546875000e-01
9.914703369140625000e-01
9.777679443359375000e-01
9.291839599609375000e-01
9.870452880859375000e-01
9.894866943359375000e-01
9.643249511718750000e-01
9.845275878906250000e-01
9.887084960937500000e-01
9.972534179687500000e-01
9.788665771484375000e-01
9.748229980468750000e-01
9.382324218750000000e-01
9.413452148437500000e-01
9.927825927734375000e-01
9.894561767578125000e-01
9.953155517578125000e-01
9.599761962890625000e-01
9.008941650390625000e-01
9.875183105468750000e-01
9.891052246093750000e-01
9.942474365234375000e-01
9.864959716796875000e-01
9.965057373046875000e-01
9.945526123046875000e-01
9.945220947265625000e-01
9.850006103515625000e-01
9.924621582031250000e-01
9.959411621093750000e-01
9.916839599609375000e-01
9.801788330078125000e-01
9.961547851562500000e-01
9.937286376953125000e-01
9.867553710937500000e-01
9.913482666015625000e-01
9.917297363281250000e-01
9.934692382812500000e-01
9.830017089843750000e-01
9.074249267578125000e-01
9.564666748046875000e-01
9.931030273437500000e-01
9.944305419921875000e-01
9.889068603515625000e-01
9.776458740234375000e-01
9.837646484375000000e-01
9.949035644531250000e-01
9.941101074218750000e-01
9.193420410156250000e-01
9.860229492187500000e-01
8.788909912109375000e-01
9.945068359375000000e-01
9.321899414062500000e-01
9.790649414062500000e-01
9.744262695312500000e-01
9.371795654296875000e-01
9.716644287109375000e-01
9.481964111328125000e-01
9.173583984375000000e-01
9.527435302734375000e-01
9.868011474609375000e-01
9.905242919921875000e-01
9.885253906250000000e-01
9.921569824218750000e-01
9.508514404296875000e-01
9.232330322265625000e-01
9.484252929687500000e-01
9.644165039062500000e-01
9.706573486328125000e-01
9.842529296875000000e-01
9.374694824218750000e-01
9.732513427734375000e-01
9.807739257812500000e-01
9.665374755859375000e-01
9.614715576171875000e-01
9.725799560546875000e-01
9.244537353515625000e-01
9.965820312500000000e-01
9.740905761718750000e-01
9.621429443359375000e-01
9.783020019531250000e-01
9.890747070312500000e-01
9.566650390625000000e-01
9.688262939453125000e-01
9.806823730468750000e-01
9.825286865234375000e-01
9.739074707031250000e-01
9.836120605468750000e-01
9.751129150390625000e-01
9.632263183593750000e-01
9.712066650390625000e-01
9.310455322265625000e-01
8.976287841796875000e-01
9.779357910156250000e-01
9.888916015625000000e-01
9.931335449218750000e-01
9.956359863281250000e-01
9.591827392578125000e-01
8.529663085937500000e-01
9.881439208984375000e-01
9.794616699218750000e-01
9.637298583984375000e-01
9.939422607421875000e-01
9.015502929687500000e-01
8.919372558593750000e-01
9.860687255859375000e-01
9.480743408203125000e-01
9.661712646484375000e-01
9.820556640625000000e-01
9.104614257812500000e-01
9.342651367187500000e-01
9.615631103515625000e-01
9.329833984375000000e-01
9.509124755859375000e-01
9.956970214843750000e-01
9.819335937500000000e-01
9.617767333984375000e-01
9.805603027343750000e-01
9.882507324218750000e-01
9.846649169921875000e-01
9.869537353515625000e-01
9.552459716796875000e-01
9.852600097656250000e-01
9.926910400390625000e-01
9.490356445312500000e-01
9.068450927734375000e-01
8.838043212890625000e-01
