3.649622657508691526e-01
8.545397423814011795e-01
7.055098163394553090e-01
6.893008261132379522e-01
5.067164179104477473e-01
7.574808629088378709e-01
7.003919423935830446e-01
6.105721639279350077e-01
7.056488953565286382e-01
7.464622641509434109e-01
7.321335871258003447e-01
8.208831264707239228e-01
6.835288739905530653e-01
6.235657546337157742e-01
2.549933422103861647e-01
1.841247672253258916e-01
8.319226118500604450e-01
8.687802730074857260e-01
6.987553174728218242e-01
8.759081662307468541e-01
8.090631364562118621e-01
5.306325664273361387e-01
1.806607574536663874e-01
6.537298996493773329e-01
4.896265560165974917e-01
7.212842513146969781e-01
8.111937654976975054e-01
9.251461253221042458e-02
7.875466876351484569e-01
6.675688976377952555e-01
6.685861308502818456e-01
6.074340781531293310e-01
6.540499621498864213e-01
7.016812865497076279e-01
2.470198675496688701e-01
7.061874321553491818e-01
8.022145028224055840e-01
6.984538308715556587e-01
4.763326862774376336e-01
6.944583751253761150e-01
7.305663520266518773e-01
5.114127082048118833e-01
5.346854113851118306e-01
3.007688828584351159e-01
8.276775577141415319e-01
6.598107774578362283e-01
7.784146887595163600e-01
8.481774960380348283e-01
5.883166491043203550e-01
8.568562991029141651e-01
9.218972653864422329e-01
8.295072519450581439e-01
8.034823962568075073e-01
7.811083491738558537e-01
7.956204379562044071e-01
7.325535289452814736e-01
2.469745616201531324e-01
2.061358152361254803e-01
7.427566111386002534e-01
6.152862168212344107e-01
7.738397089626281034e-01
6.603298853788091005e-01
7.850130890052355870e-01
9.086137474834627969e-01
6.118067978533094919e-01
5.081321691491182957e-01
4.821157598092347674e-01
3.850165955429113440e-01
6.252135940763242639e-01
8.633151183970856346e-01
5.987736161750082386e-01
7.990074441687344819e-01
7.992348890589134891e-01
7.908727134146341653e-01
8.958223162347963564e-01
7.622865109794353389e-01
4.206401045068582367e-01
8.744195863233431565e-01
9.490731512856288576e-01
9.678518203108367191e-01
8.582638548307993664e-01
9.052612044168135697e-01
4.343598055105348243e-01
7.025722134354449588e-01
8.891925465838509401e-01
7.772808586762075533e-01
8.879216539717084133e-01
4.588088445078459254e-01
4.064901095308157686e-01
9.461497038233710466e-01
7.385236871098053157e-01
9.249156355455567802e-01
8.784825133372851091e-01
9.536579015881281318e-01
8.076923076923077094e-01
8.667474258025439360e-01
7.712014134275618771e-01
9.503781801512720673e-01
8.803648068669528426e-01
8.011769651113913593e-01
5.241009946442234391e-01
8.176555716353111070e-01
9.073243647234678910e-01
7.985528219971056441e-01
8.911124190700412395e-01
9.108264862252295480e-01
8.046699595868881394e-01
8.322496749024707041e-01
6.565450643776824524e-01
6.656028368794326688e-01
8.729182679989750948e-01
8.570796460176991483e-01
8.010843781768891558e-01
6.177285318559556648e-01
9.407587887225896672e-01
9.327690447400242002e-01
8.883888388838884209e-01
8.935688944974879977e-01
8.913043478260869179e-01
2.084798345398138630e-01
9.596316387031663675e-01
7.350048795135499802e-01
6.792652027027027417e-01
8.383847980997625182e-01
6.701459449473490260e-01
7.665979381443298601e-01
8.244144480606092618e-01
2.409494535519125791e-01
8.643302515588046075e-01
8.149130074565037463e-01
7.973182052604435022e-01
8.971696192221543242e-01
8.186666666666666536e-01
3.531537450722733174e-01
6.863338051730794032e-01
3.938144329896907103e-01
2.794982359858879106e-01
3.513645224171539905e-01
7.898410236525784667e-01
3.296016283803431257e-01
5.859802847754654875e-01
8.757041613665274005e-01
5.654512851165570675e-01
8.651056910569105973e-01
8.306636155606407224e-01
7.698271780303029832e-01
8.876923076923076694e-01
7.071269487750556637e-01
6.592928377153218777e-01
6.011849080137200430e-01
7.631766381766381668e-01
7.981793530892892230e-01
4.525751573059892952e-01
7.360804513122394255e-01
6.879395675957280520e-01
7.121726963821707335e-01
8.097151205259313089e-01
4.721991701244813155e-01
2.589595375722543169e-01
8.143880411086888982e-01
5.837038381272117160e-01
6.660978107172460527e-01
7.966463414634146201e-01
8.793774319066147704e-01
7.842031029619181970e-01
8.063362289218191092e-01
7.543053960964408722e-01
4.811697219104626444e-01
9.322384428223844388e-01
9.115378561309617211e-01
7.860374919198448440e-01
9.378166743436204822e-01
7.353482920294708292e-01
2.685266678401689866e-01
5.916955017301037678e-01
5.137434554973822065e-01
7.988107036669970240e-01
8.604501607717042200e-01
6.991551199729638677e-01
7.247978047371461674e-01
5.762210162802170466e-01
8.435688934812884954e-01
8.089516767890150284e-01
9.393836776159837365e-01
8.502824858757062065e-01
6.576834862385321223e-01
8.440761203192141959e-01
8.705593348450491042e-01
9.036600289242406880e-01
9.059956323208259166e-01
7.912608581205580194e-01
9.165576527751821967e-01
8.262045231071779572e-01
7.607565817500212546e-01
6.679968495668154871e-01
4.930365742548483698e-01
