9.437720625315179079e-01
5.007132667617688604e-01
8.411169956668271830e-01
3.864992600372368359e-01
6.118748171980110673e-01
4.574884382781927994e-01
1.000000000000000000e+00
7.715651135005974215e-01
7.988344485214763369e-01
8.873547895638925764e-01
9.400459578023814267e-01
1.000000000000000000e+00
6.131934032983508143e-01
1.000000000000000000e+00
1.000000000000000000e+00
1.000000000000000000e+00
1.000000000000000000e+00
5.695640824849909079e-01
9.738666666666666583e-01
7.176093060569594950e-01
1.000000000000000000e+00
1.000000000000000000e+00
1.000000000000000000e+00
1.621844127332601471e-01
6.925270403146509546e-01
9.556464811783961233e-01
1.000000000000000000e+00
2.083333333333333218e-02
1.000000000000000000e+00
9.953757225433526035e-01
9.951311605723370812e-01
7.285371222733639796e-01
9.572372522129409811e-01
6.705697308633344900e-01
9.039075399009356415e-01
1.000000000000000000e+00
0.000000000000000000e+00
7.052503898804366456e-01
1.000000000000000000e+00
5.347826086956521952e-01
6.964627151051625553e-01
9.690316952602501255e-01
1.000000000000000000e+00
9.612629344653754737e-01
8.573072497123129798e-01
9.851543942992874170e-01
1.509737359299624937e-01
9.935018050541516432e-01
9.785651793525809161e-01
9.450806871421134625e-01
9.713094654242275805e-01
9.870341614906832373e-01
5.009516558812333598e-01
1.000000000000000000e+00
9.986529718807880540e-01
9.997272975184073873e-01
9.523809523809523281e-01
9.450243562978427603e-01
7.445652173913043237e-01
9.908427031413005182e-01
9.549330085261875656e-01
9.014896684286400896e-01
1.000000000000000000e+00
8.000000000000000444e-01
4.225506294471811919e-01
9.927509967379485323e-01
7.038714991762767825e-01
7.215416028586013608e-01
7.982929020664869535e-01
1.000000000000000000e+00
9.201073825503355286e-01
1.000000000000000000e+00
8.940534925993248727e-01
9.295634920634920917e-01
7.518397383483238494e-01
9.051868377021751177e-01
9.971634300676412987e-01
9.955089820359281916e-01
6.073710073710073543e-01
9.900650157060413292e-01
9.724980901451489856e-01
1.000000000000000000e+00
8.002070393374741686e-01
9.898969072164948146e-01
1.000000000000000000e+00
7.542706964520368151e-01
9.955045729344287331e-01
7.937153837459025585e-01
9.968770545693622642e-01
9.717430776214253108e-01
1.000000000000000000e+00
9.999456580806433958e-01
1.000000000000000000e+00
6.121467227901382646e-01
6.259168704156479190e-01
9.826067689580678666e-01
8.042302016724053315e-01
7.935982339955849341e-01
8.137510879025239285e-01
1.000000000000000000e+00
1.000000000000000000e+00
9.922445255474452441e-01
4.230345044903103813e-01
9.697265625000000000e-01
7.482555018786902767e-01
7.519260400616333273e-01
1.000000000000000000e+00
6.967613533562511119e-01
1.000000000000000000e+00
7.039354748991795141e-01
9.782084150203589346e-01
7.652996845425867889e-01
4.256832838570989708e-01
9.486899563318776929e-01
3.214335713285734197e-01
7.297256328634227351e-01
7.007092198581560405e-01
7.496618458016856001e-01
9.849865951742626802e-01
3.222028407675056050e-01
6.939613526570048707e-01
1.000000000000000000e+00
7.745259071225921721e-01
6.344487854594870191e-01
9.302062729584628098e-01
1.000000000000000000e+00
5.146551724137931050e-01
8.828584350972410455e-01
7.974616604970914402e-01
9.977272727272726849e-01
9.935201241215660950e-01
9.081509564018610536e-01
1.000000000000000000e+00
8.975012431626057108e-01
9.926839464882942776e-01
9.933094935978774576e-01
8.980339886704431507e-01
8.296904273351770609e-01
1.000000000000000000e+00
1.000000000000000000e+00
9.948526801561945465e-01
1.000000000000000000e+00
5.835814547001275665e-01
6.645091693635383212e-01
9.981884057971014412e-01
9.968104108190865009e-01
4.415094339622641639e-01
6.951425449488427555e-01
7.019840289783485510e-01
5.345283235665861943e-01
7.505702302994629038e-01
1.224816117684681821e-01
7.853121026820851780e-01
4.518935516888433757e-01
7.704017968555029183e-01
9.717029922423346955e-01
7.460684551341351112e-01
8.425060574593284946e-01
8.358985475829178169e-01
9.979453137347874536e-01
6.652209270805096164e-01
9.817982112035148479e-01
9.997948297086581837e-01
5.474276527331189968e-01
9.824648941478366648e-01
6.393979057591623327e-01
9.993893595908709404e-01
8.752316244595429451e-01
9.527478171545967767e-01
8.695027822653024208e-01
9.636397889977392772e-01
9.990060877127593386e-01
9.947990543735224511e-01
7.619047619047618625e-01
9.964046021093000416e-01
9.191238063327190622e-01
9.223833097595474095e-01
5.996539792387542978e-01
1.000000000000000000e+00
9.838134430727023538e-01
9.985138950809927527e-01
1.000000000000000000e+00
1.000000000000000000e+00
6.736048806746814943e-01
1.000000000000000000e+00
9.504377504080724348e-01
9.732488560366068242e-01
9.973395931142410298e-01
3.234089046708549797e-01
9.841890211405223132e-01
9.989161066551051071e-01
8.293333333333333668e-01
9.600119367353029398e-01
9.202855443188577844e-01
9.926966292134831171e-01
9.644619940769990629e-01
