3.681254636007205705e-01
8.573969280517380609e-01
5.872271624898949272e-01
6.906394514431509757e-01
5.190420102080879339e-01
7.516105941302791971e-01
6.737199582027167954e-01
6.074492979719188224e-01
7.670740474478792148e-01
5.544197233914611722e-01
8.399326032013478827e-01
8.425276797369820603e-01
6.165551478523634277e-01
8.503886010362694536e-01
3.253114382785957104e-01
1.356092935040303371e-01
8.628870744107225432e-01
8.577006507592190854e-01
7.625325770351065735e-01
7.813666194826920375e-01
7.533419577404053546e-01
5.208665530323857151e-01
2.846461041719772211e-01
8.545638603003206102e-01
4.668877959510465692e-01
6.684744819913781555e-01
8.742966927404968169e-01
4.541955835962145360e-01
7.922804214310680271e-01
7.359720605355064560e-01
7.844872462259240287e-01
5.830500793111261792e-01
5.997334517992003455e-01
7.302350427350426942e-01
7.171717171717171269e-01
6.408926417370325312e-01
5.973830651225747745e-01
7.513105286539315530e-01
3.156637300283708925e-01
7.524099441907661223e-01
7.476306525859734986e-01
3.723524797350300508e-01
6.794909736608464312e-01
6.920642098123445107e-01
7.823418910457107245e-01
7.504742196930505038e-01
6.849451645064805749e-01
8.100706713780918555e-01
3.927036744716302930e-01
8.853245048233346903e-01
9.038647342995168588e-01
8.430250075323892922e-01
7.760087241003271741e-01
7.635493757942737325e-01
8.663761801016702790e-01
8.302463054187192437e-01
2.840207458631761051e-01
1.461564977593933223e-01
7.569966795419122985e-01
3.776782858970259005e-01
9.071218159764339317e-01
6.010500169357569922e-01
8.322194053929476976e-01
9.150102810143934118e-01
8.276150627615063149e-01
4.787166637866482333e-01
4.409278127032300043e-01
4.482377113956061421e-01
7.333192120313493101e-01
7.577155869838796409e-01
5.025978963375997699e-01
7.254641909814323331e-01
7.814745392064980090e-01
7.427279219233515750e-01
4.298466180538094150e-01
7.051618547681539617e-01
6.353009935710111078e-01
9.219322344322344875e-01
9.113973080275007410e-01
9.341161121983039273e-01
8.497593108690144614e-01
8.735909822866344543e-01
3.876075302331379868e-01
5.532494590912733212e-01
9.024266936299292219e-01
7.654320987654320563e-01
8.122146118721461638e-01
5.322779243623571022e-01
7.822973571534032056e-01
9.385375646668211447e-01
7.355342563010294210e-01
9.474621549421192723e-01
8.991775814803533162e-01
9.661604050093258733e-01
8.860759493670885556e-01
9.423459244532803591e-01
8.206185567010308990e-01
9.347249452196978448e-01
9.179019384264538450e-01
8.092046470062556063e-01
2.938652938652938640e-01
8.222591362126245862e-01
9.417528579205225459e-01
8.102790014684287945e-01
8.827718960538979420e-01
9.416519323061378621e-01
7.156334231805929758e-01
8.458615562530976684e-01
5.853723975101953192e-01
9.298647719459087746e-01
8.759669932955131966e-01
8.722826086956522174e-01
7.701225571381251633e-01
5.646284829721361920e-01
8.968389577103801358e-01
9.326550387596899139e-01
8.338122605363984530e-01
8.568372473138956558e-01
9.302570269051555485e-01
5.188872620790629941e-01
9.667803460906909674e-01
9.166433826953525044e-01
7.583589743589743692e-01
7.700438011807274608e-01
7.965323814380418366e-01
7.335530652603823309e-01
7.233755729307090876e-01
7.955082742316784694e-01
8.595560091860168228e-01
7.647058823529411242e-01
7.972623966942148366e-01
9.353057199211045614e-01
8.527777777777777457e-01
4.704336399474375874e-01
6.963368032678877162e-01
2.344481025818749009e-01
3.560885608856088624e-01
3.413830954994511724e-01
7.252888318356868202e-01
5.637699956766104581e-01
5.904761904761904878e-01
7.390051562026084264e-01
5.538832028898253990e-01
9.000065015278589931e-01
7.417828888345159299e-01
6.958438625732565885e-01
8.645061728395061484e-01
5.927123492102972513e-01
5.674052894924946910e-01
5.630275745638716467e-01
4.935654806964420716e-01
7.785480093676815372e-01
6.421997238840313482e-01
7.116580310880828986e-01
8.165070007369197302e-01
6.268423790532339224e-01
6.772113022113022129e-01
5.040916530278232166e-01
0.000000000000000000e+00
8.518864255153636433e-01
5.402807955874978640e-01
7.045465456815017680e-01
7.871258355129322482e-01
7.125822368421053099e-01
5.221843003412969253e-01
6.682074987159732915e-01
8.393763919821826125e-01
8.369719559815406162e-01
8.786985478764056667e-01
9.314205738278515945e-01
8.086373790022337582e-01
9.418334108887854716e-01
6.116642958748221837e-01
0.000000000000000000e+00
5.145328719723183397e-01
3.996020560437738567e-01
7.774423118395514809e-01
8.905771024923363477e-01
7.541643196266194504e-01
7.846912903446857657e-01
5.736761969209948075e-01
8.821470245040839986e-01
8.466214486818530727e-01
8.495606326889278970e-01
8.414295168762409016e-01
8.070473876063183338e-01
8.765094187731443665e-01
8.802521008403361158e-01
9.095878430086367095e-01
9.096966683242168061e-01
8.584463471033060289e-01
8.455056179775281011e-01
8.785115820601281378e-01
8.167981438515081738e-01
7.615711550137779229e-01
4.477985002884060650e-01
