5.381457671752768457e-01
9.232242339832869016e-01
7.399409188143016847e-01
8.170156574231277613e-01
6.833807185319203947e-01
8.581937065794851272e-01
8.050569689402216067e-01
7.557927938857211814e-01
8.681855166802278090e-01
7.133462282398452814e-01
9.130036630036629797e-01
9.145346243669474351e-01
7.628012550904599287e-01
9.191459572978648573e-01
4.909207434308908158e-01
2.388308977035490666e-01
9.263976182600066611e-01
9.234002802428771250e-01
8.652692006610419595e-01
8.772664884779310945e-01
8.593212001967536207e-01
6.849602313810556620e-01
4.431510020504001446e-01
9.215793304221251425e-01
6.365692007797271179e-01
8.013002167027838407e-01
9.329330795138380816e-01
6.246691830448175553e-01
8.841031927341617136e-01
8.479077253218884058e-01
8.792298716452742191e-01
7.366160893215001337e-01
7.497917245209664294e-01
8.440876813831429404e-01
8.352941176470588536e-01
7.811512166433874915e-01
7.479521702287920126e-01
8.579980721424584900e-01
4.798547270457382830e-01
8.587145338737695033e-01
8.555934304307406535e-01
5.426484598285169492e-01
8.091629955947136077e-01
8.180117584179582568e-01
8.778808319280494432e-01
8.574524677371687664e-01
8.130177514792898963e-01
8.950707662274279830e-01
5.639443359989925186e-01
9.391746646886069971e-01
9.495052017254503873e-01
9.148275298348863549e-01
8.738794056244627573e-01
8.659234453817133970e-01
9.284046692607004214e-01
9.072509016525811543e-01
4.423927678399692254e-01
2.550375939849623963e-01
8.616939216291268355e-01
5.482822655524605127e-01
9.512992912956569347e-01
7.508197877366806772e-01
9.084276729559748187e-01
9.556191839656406062e-01
9.056776556776556797e-01
6.474758491741975375e-01
6.120054159771325386e-01
6.190112408599803828e-01
8.461444458022729931e-01
8.621594899594285932e-01
6.689719153242810190e-01
8.408916218293620570e-01
8.773345024112231272e-01
8.523739277714036389e-01
6.012485711773498664e-01
8.270908158029758317e-01
7.769835596854895998e-01
9.593805836807623999e-01
9.536450681392167894e-01
9.659359190556492392e-01
9.187782495548555417e-01
9.325311559948431528e-01
5.586702605570530444e-01
7.123768250528813573e-01
9.487111347329258981e-01
8.671328671328670801e-01
8.963779527559054827e-01
6.947537596142807637e-01
8.778527937704511119e-01
9.682944316099737492e-01
8.476170996113724376e-01
9.730224051211705527e-01
9.469125902165196340e-01
9.827889957988887870e-01
9.395973154362415869e-01
9.703172978505629764e-01
9.014722536806342168e-01
9.662613257033857428e-01
9.571938168846610973e-01
8.945418621881946475e-01
4.542440318302387037e-01
9.024612579762989473e-01
9.700028034763106266e-01
8.951979234263465202e-01
9.377364277681218274e-01
9.699492649928450616e-01
8.342498036135114203e-01
9.164951221695157857e-01
7.384667456422406850e-01
9.636579572446555275e-01
9.338831615120274376e-01
9.317851959361392877e-01
8.701347305389222075e-01
7.217412812268118039e-01
9.456142326314603830e-01
9.651541739784407214e-01
9.093758161399843054e-01
9.228996763754044874e-01
9.638685562996418543e-01
6.832465779834200337e-01
9.831096268704643260e-01
9.565090626366684612e-01
8.625758282781147424e-01
8.700844585507557793e-01
8.867442520579051912e-01
8.463000988668339941e-01
8.394868585732164767e-01
8.861092824226465270e-01
9.244744497502607183e-01
8.666666666666666963e-01
8.871964362695790030e-01
9.665715450468813641e-01
9.205397301349325101e-01
6.398570151921357807e-01
8.209888530702605935e-01
3.798427849522740263e-01
5.251700680272108901e-01
5.090016366612111209e-01
8.407738095238095344e-01
7.210395355266795425e-01
7.425149700598802083e-01
8.499171535711170788e-01
7.129019759783029597e-01
9.473720229947988347e-01
8.517512642817006707e-01
8.206461431153102559e-01
9.273299122661811111e-01
7.442804716170844381e-01
7.240058372856621460e-01
7.204320432043204159e-01
6.609224531170805328e-01
8.754872010955441208e-01
7.821213394983886902e-01
8.315423036173754667e-01
8.989858012170385271e-01
7.706246002984438181e-01
8.075444057864860081e-01
6.702937976060935332e-01
0.000000000000000000e+00
9.200201629841217033e-01
7.015354565677390797e-01
8.266674177557458147e-01
8.808846247662411866e-01
8.321728691476590889e-01
6.860986547085201614e-01
8.011083743842364324e-01
9.126749648859397990e-01
9.112517512923329344e-01
9.354332539082931275e-01
9.644927536231884257e-01
8.941951420337587164e-01
9.700455307931943327e-01
7.590467784642541682e-01
0.000000000000000000e+00
6.794608179118117874e-01
5.710223907120008935e-01
8.747876728949284253e-01
9.421219598167077658e-01
8.598559566952612698e-01
8.793580095223467730e-01
7.290905181681358593e-01
9.373837569745815390e-01
9.169409889462559748e-01
9.186621056632459092e-01
9.138872915468659874e-01
8.932221624529317339e-01
9.341913341913341551e-01
9.363128491620111848e-01
9.526535753134481865e-01
9.527132590355171793e-01
9.238322628375424950e-01
9.162861491628614408e-01
9.353272989636626233e-01
8.991622394769105409e-01
8.646498926213643799e-01
6.185922974767595894e-01
