9.334742166830291010e-01
9.908016426830489332e-01
9.999326088787802158e-01
9.742085018246375849e-01
9.891178040890675760e-01
9.907465891864578600e-01
9.368089015217164750e-01
9.984628353250359911e-01
9.730901480041860285e-01
1.000000000000000000e+00
9.965056010700551470e-01
9.446117557862814262e-01
9.467166916230630447e-01
9.983280333081991920e-01
9.629894233307966234e-01
9.908538556008015252e-01
9.858414171939959836e-01
9.982160899216974137e-01
9.970264745138455176e-01
9.726057381465517127e-01
9.771798421939379420e-01
8.585182767624021105e-01
8.647966158943592996e-01
9.933343331833558443e-01
9.241546522602271940e-01
1.000000000000000000e+00
9.749014806596013605e-01
1.000000000000000000e+00
9.893691030044784451e-01
9.898015257305404768e-01
9.907351908619184133e-01
9.621812382293557508e-01
9.842447307735724404e-01
9.375413500223513941e-01
9.888646322501609687e-01
9.954094940010432824e-01
9.591341455469412081e-01
9.565945298181305345e-01
1.000000000000000000e+00
9.995641167496521762e-01
9.947312600499503832e-01
8.826324038398746241e-01
9.832479119210326690e-01
9.999836371371535471e-01
9.927378734561512763e-01
9.841999472782391178e-01
9.434764286630389352e-01
9.834429879631024773e-01
7.552138564863909442e-01
9.710605080084129259e-01
9.973038449515473358e-01
9.773506603126593806e-01
9.672905925427781604e-01
9.600935078322012650e-01
9.975123991355586694e-01
9.985036687158592716e-01
1.000000000000000000e+00
1.000000000000000000e+00
9.775531812493983841e-01
1.000000000000000000e+00
9.837613986413431544e-01
9.973305526590198200e-01
9.813883957768849697e-01
9.797119286167573771e-01
9.964023100956228562e-01
9.994398572673333092e-01
1.000000000000000000e+00
1.000000000000000000e+00
9.833136611315019815e-01
9.253457094146618767e-01
9.362514211466623770e-01
9.983472105279570519e-01
9.971166006238934010e-01
9.986992307519791945e-01
9.269926107184828235e-01
9.901474691111996629e-01
9.935553168635875565e-01
9.970171635344167171e-01
9.886821511076091529e-01
9.995571156748245256e-01
9.963700477079444617e-01
9.786827986028591164e-01
1.000000000000000000e+00
9.808659321156547595e-01
9.969724934026259477e-01
9.916925295463807633e-01
9.989350372736953698e-01
9.985318407047164557e-01
9.753855390041649143e-01
9.986516256457004248e-01
9.969797644216248367e-01
9.987147975002811373e-01
9.894793362081983901e-01
9.986099662189464876e-01
9.979065223459355760e-01
9.988767375466075515e-01
9.992261978457348537e-01
9.992268358256163330e-01
9.982470967539988083e-01
9.975258056890710101e-01
9.746187414226457069e-01
9.995074346581288571e-01
9.998430363057024817e-01
9.897096070216798713e-01
9.944133157547792035e-01
9.993346100165536594e-01
1.000000000000000000e+00
9.845570709745762317e-01
9.997655134190275295e-01
9.946598966996410551e-01
9.995622922914808584e-01
9.969773299748110329e-01
9.909177365668093707e-01
9.875907942832938824e-01
9.942649699731592738e-01
9.980496684436354071e-01
9.991653674745279989e-01
9.780947321100167402e-01
9.981692122527164868e-01
9.797028766086298690e-01
9.977143252930684714e-01
9.878677531006634371e-01
9.960264683184736345e-01
1.000000000000000000e+00
9.831007779286986548e-01
9.747527417075960710e-01
9.807772583068959937e-01
9.965970466110954940e-01
9.746891840285144548e-01
1.000000000000000000e+00
9.998702814891684554e-01
9.963747816629865417e-01
9.941627488719906314e-01
1.000000000000000000e+00
9.567579891324998753e-01
1.000000000000000000e+00
9.859154929577464976e-01
9.860406091370558235e-01
9.961383267133220309e-01
9.989600736472433740e-01
9.966770219934777408e-01
9.716461705845504948e-01
9.998844121532364237e-01
9.737511406216631249e-01
9.993059723889555768e-01
8.951463716982931418e-01
9.999678962406497451e-01
9.464353322688439096e-01
9.521184028624868345e-01
9.755567797277091557e-01
1.000000000000000000e+00
9.720406102163398065e-01
9.991019675075516471e-01
9.994814286640305578e-01
9.961105258893120373e-01
9.673550642540381661e-01
9.878971495645828549e-01
9.981354391902478307e-01
1.000000000000000000e+00
9.985215792566197734e-01
9.810636583400483834e-01
9.891804584476502349e-01
9.870090532763436952e-01
9.996704672774006095e-01
9.998460591133004893e-01
1.000000000000000000e+00
9.984740964076920244e-01
9.881281864530225834e-01
9.806912867256944999e-01
9.967641827196003224e-01
9.993617087523741782e-01
9.979466788344958372e-01
9.993759001440229994e-01
1.000000000000000000e+00
1.000000000000000000e+00
9.426385324588917314e-01
9.659375751124540388e-01
9.868383015627391064e-01
9.729417799435752245e-01
9.485355726441618840e-01
9.943631906342244031e-01
9.600200226342822107e-01
9.586999116370202856e-01
9.999361990589361593e-01
9.803029790687450840e-01
9.926626262626262465e-01
9.902849416595723708e-01
9.897739769873447058e-01
9.908277837324945825e-01
9.999639529225168300e-01
9.827008153629456233e-01
1.000000000000000000e+00
9.999024136360679105e-01
9.700625321074914931e-01
9.163309382398139302e-01
9.884591020666719796e-01
