5.394657863145257970e-01
9.126246408653033715e-01
8.240530303030303427e-01
7.934420322493469513e-01
7.185447195553309463e-01
8.617918842908798283e-01
7.957077578682548724e-01
7.815597754687686471e-01
8.380458686773484267e-01
8.654637543526432220e-01
9.076668697241319084e-01
9.101428124674241227e-01
7.306443556443555920e-01
8.706988672793332107e-01
4.139794631597910057e-01
3.095204809170977178e-01
9.163748880384333662e-01
9.124668435013262302e-01
8.682549036114151075e-01
8.254140646212326793e-01
8.303695685789391767e-01
6.793401302747097414e-01
4.049124074408524399e-01
9.137573453162807224e-01
5.921520272720678379e-01
8.242315238718116444e-01
9.301664784525154328e-01
6.982588699080157779e-01
9.065194331873691613e-01
8.080783050427455816e-01
8.958259261892910219e-01
7.284028214260772627e-01
7.401784525236383416e-01
8.254897739504843956e-01
7.061719045815978424e-01
7.636415241609310067e-01
7.043478260869565633e-01
8.293205965493712917e-01
5.485478977026441161e-01
8.917454779175465474e-01
8.586206896551724643e-01
5.251608948820104539e-01
7.429120615088899982e-01
8.577559005427237704e-01
8.723552338530067285e-01
8.363568004511702236e-01
7.893254988370669301e-01
8.880991866066493268e-01
5.625628140703518021e-01
9.354156111227014403e-01
9.400357233988262395e-01
9.095715981439516096e-01
8.571200255713600225e-01
8.439836424470238407e-01
7.726984126984126622e-01
9.153554856259000783e-01
4.701511335012594217e-01
3.239287433798748173e-01
8.612714610256601011e-01
6.830911770899136259e-01
9.548755804262412106e-01
7.692894016560994919e-01
9.123517500723170581e-01
9.473349131680401936e-01
8.422507403751233745e-01
6.751830384380720362e-01
6.730907521932978366e-01
6.755285744190915320e-01
7.955481357818586785e-01
8.306642163297452974e-01
6.312773577397532421e-01
8.022559041240747701e-01
8.755658040823298682e-01
8.473528768322030613e-01
5.816109551756400986e-01
7.854050711193568679e-01
7.357992073976221681e-01
9.453308305959643443e-01
9.499044361734232389e-01
9.583944074867516427e-01
9.113633292798271057e-01
9.121571534469977705e-01
6.194492254733218184e-01
7.088531489553584475e-01
9.541694024950755360e-01
8.151969981238273988e-01
9.244256348246674415e-01
7.202997575490411863e-01
8.584836960919167703e-01
9.653634843538497767e-01
8.318250377073906909e-01
9.516841944825483735e-01
9.457314629258517513e-01
9.781081081081081097e-01
9.142359599477579701e-01
9.429607649192218721e-01
6.455108359133127083e-01
9.625789536408055902e-01
9.430942501481920370e-01
9.145704793545325062e-01
3.775144667952604061e-01
8.931364031277150284e-01
9.697950377562027935e-01
8.729229308434879320e-01
9.307176045431079237e-01
9.626265247858811769e-01
8.380704041720991038e-01
9.132257201462588014e-01
7.587948045045344037e-01
9.542832857749984354e-01
9.372693726937268988e-01
9.259259259259259300e-01
8.595606769895570709e-01
6.816976127320955037e-01
9.341416575667432776e-01
9.613982145102476506e-01
9.004419027813881371e-01
9.139243471132451058e-01
9.620890357086676614e-01
5.689948892674616676e-01
9.831312936950804549e-01
9.399343700955913317e-01
8.828828828828828579e-01
8.772117389212594762e-01
8.751821272462360080e-01
8.409142000749344481e-01
8.380757547579195110e-01
7.240234873627776624e-01
9.071535631557432477e-01
8.907911335375743311e-01
9.060022650056624993e-01
9.594232749742533928e-01
9.104382807537582112e-01
7.172355667930888634e-01
8.155265474868889086e-01
4.368905742145178794e-01
4.480050267043669265e-01
4.657270980140935102e-01
8.690951821386604381e-01
7.335789379099649787e-01
5.169099323602706075e-01
8.104423012969736995e-01
7.233065442020666369e-01
9.392235061526400530e-01
8.556701030927834628e-01
8.107669248063952283e-01
9.505752714308863816e-01
7.161999397771755538e-01
6.401092281744438228e-01
6.884569069327369784e-01
8.474716202270381471e-01
8.664114238410596247e-01
7.893677003624647304e-01
8.730834752981260216e-01
8.718340333460607994e-01
7.451141740382637435e-01
7.589793596619535121e-01
6.450180405217873503e-01
2.516422435573522076e-01
9.352854330708660902e-01
6.929768724803734292e-01
8.276495643217059994e-01
8.724279835390946758e-01
8.375416865173892500e-01
8.952536824877250776e-01
8.726549175667993596e-01
9.233501589082071526e-01
9.031295182127698773e-01
9.142435256701498814e-01
9.535902278297906376e-01
7.547393364928910442e-01
9.602482989136922331e-01
7.761071903446865594e-01
2.792256142963514542e-01
7.612516073724817645e-01
5.010915895623245797e-01
8.625999761251044173e-01
9.390398423201463673e-01
8.562992125984252301e-01
8.627702524242538695e-01
7.600497306257770758e-01
9.324029005662064495e-01
8.964264082374318043e-01
9.331590739357730202e-01
9.083094555873925113e-01
8.586803331197949696e-01
9.276327018262502389e-01
9.247916457475650054e-01
9.298681233791314948e-01
9.581867108259159993e-01
9.202453987730061513e-01
9.087007612527461253e-01
9.623071085251707624e-01
8.725485122897800316e-01
8.650539048119905150e-01
6.264946236559140180e-01
