3.693619644508373545e-01
8.392912651538700919e-01
7.007569656949589332e-01
6.576078841272211539e-01
5.607255520504731416e-01
7.571478997529120791e-01
6.607264665757162092e-01
6.414428543422858731e-01
7.212383398675138446e-01
7.628348214285713969e-01
8.309432759719566075e-01
8.351028216164514406e-01
5.756025577963600481e-01
7.710068130204390524e-01
2.610177192185370032e-01
1.830962619913992784e-01
8.456567478208596444e-01
8.390243902439024071e-01
7.671823861945848977e-01
7.027276930189551019e-01
7.099418297197249705e-01
5.143944673779017318e-01
2.538496376811594235e-01
8.412092283214001043e-01
4.206079340546109990e-01
7.010151578361840663e-01
8.694497412149277960e-01
5.364037854889589507e-01
8.290219878619042859e-01
6.779625779625779725e-01
8.113086038124678323e-01
5.728251318101933443e-01
5.875264270613107520e-01
7.028374514260575801e-01
5.458004097161252011e-01
6.176538108356289802e-01
5.436241610738254959e-01
7.084096586178184607e-01
3.779304166044497593e-01
8.046396023198011394e-01
7.522658610271902857e-01
3.560801263402875727e-01
5.909785932721712820e-01
7.509392265193369775e-01
7.736081965189482990e-01
7.187399030694668900e-01
6.519716885743175316e-01
7.987215909090908950e-01
3.913651459535046340e-01
8.786674132138857507e-01
8.868560423688011118e-01
8.341415141019297153e-01
7.499650398545657515e-01
7.300793253769741753e-01
6.295913088463528373e-01
8.439221085759244234e-01
3.073186795093438839e-01
1.932666896472480800e-01
7.563448456305599255e-01
5.187080268628078139e-01
9.136477557530189308e-01
6.250774168121164820e-01
8.388297872340425565e-01
8.999395201935354027e-01
7.274897680763983132e-01
5.096425076276552835e-01
5.072620854107955379e-01
5.100363521416152457e-01
6.605063759009425217e-01
7.103726986977997315e-01
4.612164205140132367e-01
6.698057680988817042e-01
7.786723378398906492e-01
7.351364175563463998e-01
4.100503717917965973e-01
6.466395112016293245e-01
5.820271682340647512e-01
8.963292547274749333e-01
9.045885621228086926e-01
9.201125784801905683e-01
8.371602333374704719e-01
8.385008517887564405e-01
4.486971699289365456e-01
5.490104772991850623e-01
9.123556002009041155e-01
6.880443388756928291e-01
8.594716132658797303e-01
5.628660006889424361e-01
7.520555713070598003e-01
9.330460212405725651e-01
7.120723047127178740e-01
9.078220412910730230e-01
8.970498783454987635e-01
9.571541920126950265e-01
8.420208500400961915e-01
8.920773549594510632e-01
4.765714285714285903e-01
9.278575531303848711e-01
8.923163208076275721e-01
8.425885439440314872e-01
2.326766304347826220e-01
8.069073783359497209e-01
9.413612565445026448e-01
7.745015445099691087e-01
8.704132869833912656e-01
9.279459594696022329e-01
7.212746858168761488e-01
8.403085507959954237e-01
6.113371159404774602e-01
9.125638643752902457e-01
8.819444444444444198e-01
8.620689655172413257e-01
7.537101357751815334e-01
5.171026156941649354e-01
8.764219600084787176e-01
9.256658595641646947e-01
8.189125295508273839e-01
8.414923441880526322e-01
9.269475598666262472e-01
3.976190476190475942e-01
9.668222530591649155e-01
8.866756393001345993e-01
7.903225806451612545e-01
7.812797562369072635e-01
7.780656303972366405e-01
7.254978019136281153e-01
7.212826121752120567e-01
5.674269707883152769e-01
8.300832876165776808e-01
8.030869212022745396e-01
8.281573498964803770e-01
9.220110847189232350e-01
8.356004663816556377e-01
5.591327201051248252e-01
6.885139939241160523e-01
2.795009530410674237e-01
2.886639676113360586e-01
3.035490605427975108e-01
7.684954280964255702e-01
5.792535830850007450e-01
3.485357657225156003e-01
6.812971764048084689e-01
5.665467625899280879e-01
8.854113110539846287e-01
7.477477477477477708e-01
6.817561180548261657e-01
9.058060531192093645e-01
5.578749853406825832e-01
4.707063548310890799e-01
5.249213011542497309e-01
7.353151862464183397e-01
7.643085349155637198e-01
6.520292747837658220e-01
7.747543461829176081e-01
7.727888086642599186e-01
5.937704918032786772e-01
6.115767417496070779e-01
4.760344121261778083e-01
1.439306358381503004e-01
8.784377166628148936e-01
5.301948051948052187e-01
7.059745440729483512e-01
7.737226277372263317e-01
7.204918032786885584e-01
8.103703703703704075e-01
7.740796772566818085e-01
8.576141691265845024e-01
8.233693341270515997e-01
8.420336855319594527e-01
9.112971353966669019e-01
6.060894386298762981e-01
9.235361653272100568e-01
6.341300350994484303e-01
1.622674167027260972e-01
6.145328719723183175e-01
3.343043417949784768e-01
7.583963056255247359e-01
8.850849256900212847e-01
7.487091222030981541e-01
7.586595885865958788e-01
6.129679144385026257e-01
8.733658990462898064e-01
8.122941822173436188e-01
8.746937346867343921e-01
8.320209973753280863e-01
7.523574315222272268e-01
8.650326277256087382e-01
8.601045946955547805e-01
8.689285345983294162e-01
9.197297834293661767e-01
8.522727272727272929e-01
8.326779026217228097e-01
9.273525109702583924e-01
7.739122452726271417e-01
7.621982299244706160e-01
4.561282645456253282e-01
