6.609670895385181266e-01
9.584664536741214214e-01
7.039314026856495765e-01
9.366227137388345447e-01
7.669902912621359148e-01
9.714673913043477826e-01
9.886450625159479699e-01
6.498510427010923962e-01
1.000000000000000000e+00
8.220084185207456873e-01
9.107579462102689538e-01
9.672630587713952899e-01
9.593375963272667839e-01
8.993377483443708575e-01
1.000000000000000000e+00
3.031215772179627344e-01
9.971646287435761424e-01
9.416058394160583545e-01
8.125098471718922299e-01
9.895833333333333703e-01
9.608158883521202842e-01
9.240177195685670419e-01
1.000000000000000000e+00
9.565768047765514925e-01
1.000000000000000000e+00
7.010151578361840663e-01
9.626753129241442108e-01
5.364037854889589507e-01
8.529532193673866614e-01
8.900109170305676720e-01
8.818423631527368967e-01
7.905108382598150518e-01
7.883687943262411846e-01
9.973988138591197705e-01
1.000000000000000000e+00
6.704460503364066959e-01
9.586956521739130599e-01
9.676979071883530237e-01
3.779304166044497593e-01
8.248683540003397541e-01
8.091268719977394719e-01
1.000000000000000000e+00
9.995689655172413923e-01
7.684305744007237093e-01
8.285298783712321535e-01
9.192148760330578483e-01
8.827233731860910648e-01
9.689815612614165463e-01
1.000000000000000000e+00
9.754475385380407815e-01
8.984113712374581784e-01
9.723151459222516557e-01
8.935354881706097929e-01
9.114104737264697720e-01
1.000000000000000000e+00
8.523889937419291130e-01
3.073186795093438839e-01
1.932666896472480800e-01
8.507836067986167539e-01
5.187080268628078139e-01
9.711206635587575908e-01
6.312976231092914947e-01
9.183096248232259784e-01
9.894347986701145237e-01
9.865864939870490069e-01
5.107303565247490740e-01
5.072620854107955379e-01
5.100363521416152457e-01
9.688262401734887286e-01
9.929389612427428347e-01
1.000000000000000000e+00
8.116975748930099765e-01
8.226608891028727166e-01
7.396285864324246839e-01
1.000000000000000000e+00
9.035930273923870049e-01
8.589051657671549211e-01
9.627240143369175662e-01
9.740072202166064619e-01
9.295713035870516450e-01
8.777980218636126652e-01
9.849909945967580960e-01
4.486971699289365456e-01
6.181405103110800825e-01
9.639161581321304961e-01
1.000000000000000000e+00
9.079572446555819187e-01
5.838842236912631378e-01
8.672551904528363886e-01
9.413043478260869623e-01
8.397411496003045484e-01
9.492246883551231917e-01
9.932648594039400480e-01
9.869102808835560348e-01
1.000000000000000000e+00
9.951287404314543839e-01
9.065217391304347672e-01
9.362466674394342991e-01
9.689403166869671180e-01
9.259971167707832240e-01
1.000000000000000000e+00
9.017543859649123084e-01
9.841269841269840724e-01
9.996375498368974544e-01
9.281301482701812544e-01
9.466564573762124013e-01
7.219227313566936033e-01
1.000000000000000000e+00
6.132080536912751789e-01
9.332620828880180408e-01
8.904180732277330312e-01
9.548611111111111605e-01
9.758789860997546528e-01
8.600111544896821281e-01
9.021747036148083376e-01
9.538423153692614509e-01
8.511056511056510621e-01
8.551391628314705118e-01
9.344537815126050528e-01
8.632518796992481036e-01
9.844572896596017753e-01
9.819157392686804764e-01
8.566803367148715376e-01
7.812797562369072635e-01
9.165818921668361652e-01
9.222550953320184375e-01
7.670789832047207879e-01
9.620081411126186755e-01
9.044669057711118842e-01
8.190555095277547437e-01
8.281573498964803770e-01
9.604123711340206704e-01
1.000000000000000000e+00
5.591327201051248252e-01
8.256084328011160656e-01
2.795009530410674237e-01
1.000000000000000000e+00
7.902173913043478715e-01
8.838432122370937227e-01
5.934864786275080295e-01
8.694610778443113697e-01
1.000000000000000000e+00
5.697347266881028771e-01
9.820372086392472610e-01
7.536812827225131128e-01
9.909167239142050443e-01
9.058060531192093645e-01
9.937330269479841549e-01
9.837077264872871041e-01
1.000000000000000000e+00
7.770628311884936190e-01
9.204133230735407345e-01
6.851549755301794553e-01
8.032915360501566848e-01
8.940224484468807242e-01
9.658666666666666512e-01
9.366225431207381158e-01
6.779463243873978806e-01
1.439306358381503004e-01
8.924630194881427725e-01
5.975118916941090097e-01
7.308259587020649040e-01
9.021276595744680549e-01
7.258464079273327929e-01
9.496527777777777901e-01
7.883923985618901398e-01
8.865553760545682449e-01
9.120195930670685902e-01
1.000000000000000000e+00
9.350669818754925311e-01
9.784946236559139976e-01
9.640460210930009710e-01
6.356173563410956184e-01
1.657531824611032656e-01
6.145328719723183175e-01
1.000000000000000000e+00
9.912208504801097719e-01
9.912319809778570301e-01
8.739726027397259900e-01
9.665229520669540442e-01
6.581733357258209294e-01
9.583928936083316863e-01
9.882771924617895776e-01
8.796198521647307089e-01
9.921752738654147086e-01
9.153236820540835428e-01
9.655356191152958401e-01
9.982657706481682380e-01
9.769275362318841083e-01
9.209191286183229241e-01
9.171128296648820566e-01
8.326779026217228097e-01
9.387956564659427627e-01
9.280132085855806734e-01
9.463237832240248837e-01
4.848868175765645994e-01
