9.285488460322478543e-01
9.866448532603252497e-01
9.995282621514615107e-01
9.672058388401223450e-01
9.892905373574950589e-01
9.901307478524506989e-01
9.325799854414364987e-01
9.989091089403481227e-01
9.657480772744638786e-01
9.979803672913437618e-01
9.908042133422504394e-01
9.398310974454014977e-01
9.315914329458081511e-01
9.876405599449235018e-01
9.494773789740165171e-01
9.613147178592205133e-01
9.831198971499173211e-01
9.957691336196009546e-01
9.936643633107502538e-01
9.577720905172413257e-01
9.670542312375931537e-01
8.500689004931825110e-01
8.410081546652083961e-01
9.873685613824593199e-01
9.085006671656848942e-01
1.000000000000000000e+00
9.727971840685618599e-01
1.000000000000000000e+00
9.877385973303186573e-01
9.814778898370830618e-01
9.893651636326271648e-01
9.574644971920120984e-01
9.805679637483671884e-01
9.279749664729548542e-01
9.756246957013396948e-01
9.880716397148322505e-01
9.485145612091993028e-01
9.432891583251092893e-01
1.000000000000000000e+00
9.975188184210967979e-01
9.908481302815697056e-01
8.735224972245804187e-01
9.746266767906859307e-01
9.983146251268122384e-01
9.907369074725729252e-01
9.777580071174377663e-01
9.289470309093240674e-01
9.792911790802404370e-01
7.538352774832096648e-01
9.641643746966510609e-01
9.963465145357924824e-01
9.747480964355426103e-01
9.570724052902936929e-01
9.487547628251146170e-01
9.888679861316251873e-01
9.981791631361661699e-01
1.000000000000000000e+00
1.000000000000000000e+00
9.673308306863027672e-01
1.000000000000000000e+00
9.788041371713008809e-01
9.963503649635035986e-01
9.787162477809959737e-01
9.741158823868771854e-01
9.878499069018840117e-01
9.992323969959753249e-01
1.000000000000000000e+00
1.000000000000000000e+00
9.721570973531457049e-01
9.039590831596893139e-01
9.247523144388500871e-01
9.953690710075778769e-01
9.940645814012308845e-01
9.971293368319540384e-01
9.208107281420545576e-01
9.821921084097250398e-01
9.903952427652983337e-01
9.949471076266075409e-01
9.866764563671853727e-01
9.992290532117314994e-01
9.935525133098250805e-01
9.685643296964459026e-01
1.000000000000000000e+00
9.733602011388005071e-01
9.965515566564669969e-01
9.876485156274491528e-01
9.985121844264862601e-01
9.965131216737016517e-01
9.648418445836929314e-01
9.978350045578850969e-01
9.925129949609753366e-01
9.975902453130270908e-01
9.893115425273084629e-01
9.981573970809290985e-01
9.969450733492540850e-01
9.974102560102341419e-01
9.871548842391977274e-01
9.986293907817743731e-01
9.977932200206591773e-01
9.967536049168702617e-01
9.651663042975435758e-01
9.989686913154572911e-01
9.986972013373306423e-01
9.872246204820236404e-01
9.946934739617666610e-01
9.987179071050666934e-01
9.999684094139946744e-01
9.838949947033898136e-01
9.987849331713244405e-01
9.966558697364965580e-01
9.994001783253627647e-01
9.965837531486145817e-01
9.885718814392138176e-01
9.813469714321572113e-01
9.921988143742638266e-01
9.980171629176960435e-01
9.987401773200421662e-01
9.727818872859536059e-01
9.991015578647590711e-01
9.606989654302295900e-01
9.975411681183009582e-01
9.805126910873954715e-01
9.936127941152324006e-01
1.000000000000000000e+00
9.722168321896664800e-01
9.722465181995559869e-01
9.766446819168475013e-01
9.839998751209765304e-01
9.650146391140154156e-01
9.979832271726525317e-01
1.000000000000000000e+00
9.966713904360149368e-01
9.933266020887893122e-01
1.000000000000000000e+00
9.511912452027206921e-01
1.000000000000000000e+00
9.728954229208768290e-01
9.771728364491766294e-01
9.950507534203392179e-01
9.971188925636741418e-01
9.807112718505123228e-01
9.624146912399854648e-01
9.995376486129458060e-01
9.702758848311879847e-01
9.981805222088835361e-01
8.866978163440449867e-01
1.000000000000000000e+00
9.384352005794334151e-01
9.281938684231926251e-01
9.714960258125442394e-01
9.976150348204916307e-01
9.670795017629653101e-01
9.964405257572046537e-01
9.977150450508848190e-01
9.902601085811522097e-01
9.619654938011846790e-01
9.789825991783386305e-01
9.886089436244555051e-01
1.000000000000000000e+00
9.961333611326977922e-01
9.745806168046297069e-01
9.841578900787680828e-01
9.829367616868037727e-01
9.994068410993212082e-01
9.984759852216749110e-01
9.994338643476072814e-01
9.930874728830385578e-01
9.791879096868172372e-01
9.737331918520708562e-01
9.937365174279982893e-01
9.875455366316904238e-01
9.970177954501010520e-01
9.986557849255880415e-01
9.955185895544408359e-01
1.000000000000000000e+00
9.239774419415137663e-01
9.615767606359234554e-01
9.862771438774295962e-01
9.664382808778807510e-01
9.396540488204516706e-01
9.931457732268231808e-01
9.584965613301993370e-01
9.439087172000460990e-01
9.997447962357445261e-01
9.792040036519797930e-01
9.871838383838383857e-01
9.890830787720967798e-01
9.878371058549316741e-01
9.811635711901038892e-01
9.997656939963592837e-01
9.771658698196679094e-01
1.000000000000000000e+00
9.991867803005659576e-01
9.679545092203858392e-01
9.128005980811563225e-01
9.812534642489508796e-01
