9.141540527343750000e-01
9.817810058593750000e-01
9.863891601562500000e-01
9.395294189453125000e-01
9.807891845703125000e-01
9.867706298828125000e-01
9.412841796875000000e-01
9.743652343750000000e-01
9.712677001953125000e-01
9.836883544921875000e-01
9.826202392578125000e-01
9.312896728515625000e-01
9.646606445312500000e-01
9.601135253906250000e-01
9.706573486328125000e-01
9.344635009765625000e-01
9.788513183593750000e-01
9.953460693359375000e-01
9.854888916015625000e-01
9.112396240234375000e-01
9.795989990234375000e-01
8.677062988281250000e-01
7.142333984375000000e-01
9.799804687500000000e-01
9.476165771484375000e-01
9.665527343750000000e-01
9.718933105468750000e-01
8.575592041015625000e-01
9.525146484375000000e-01
9.583892822265625000e-01
9.611358642578125000e-01
9.381561279296875000e-01
9.691619873046875000e-01
9.115447998046875000e-01
9.760284423828125000e-01
9.647064208984375000e-01
9.012451171875000000e-01
9.678192138671875000e-01
9.515838623046875000e-01
9.485931396484375000e-01
9.777984619140625000e-01
8.652191162109375000e-01
9.412994384765625000e-01
9.669342041015625000e-01
9.842071533203125000e-01
9.844970703125000000e-01
9.458160400390625000e-01
9.759826660156250000e-01
8.242187500000000000e-01
9.520721435546875000e-01
9.720764160156250000e-01
9.239654541015625000e-01
8.781738281250000000e-01
9.156341552734375000e-01
9.604339599609375000e-01
9.808654785156250000e-01
9.055480957031250000e-01
9.131011962890625000e-01
9.534606933593750000e-01
9.858856201171875000e-01
9.279785156250000000e-01
9.150848388671875000e-01
9.733276367187500000e-01
9.795532226562500000e-01
9.903869628906250000e-01
9.196777343750000000e-01
9.762878417968750000e-01
9.452514648437500000e-01
9.419555664062500000e-01
9.669647216796875000e-01
9.294128417968750000e-01
9.947357177734375000e-01
9.806365966796875000e-01
9.303894042968750000e-01
9.871978759765625000e-01
9.833068847656250000e-01
9.825134277343750000e-01
9.923400878906250000e-01
9.703369140625000000e-01
9.970550537109375000e-01
9.865722656250000000e-01
9.623413085937500000e-01
9.574279785156250000e-01
9.415283203125000000e-01
9.913635253906250000e-01
9.932403564453125000e-01
9.954833984375000000e-01
9.793853759765625000e-01
9.183807373046875000e-01
9.899291992187500000e-01
9.886016845703125000e-01
9.894409179687500000e-01
9.859008789062500000e-01
9.958801269531250000e-01
9.969024658203125000e-01
9.969635009765625000e-01
9.653778076171875000e-01
9.928131103515625000e-01
9.959716796875000000e-01
9.918975830078125000e-01
9.397888183593750000e-01
9.975738525390625000e-01
9.960937500000000000e-01
9.889678955078125000e-01
9.912719726562500000e-01
9.936218261718750000e-01
9.966430664062500000e-01
9.791870117187500000e-01
9.324493408203125000e-01
9.826965332031250000e-01
9.933013916015625000e-01
9.950561523437500000e-01
9.900817871093750000e-01
9.848022460937500000e-01
9.840698242187500000e-01
9.916839599609375000e-01
9.972686767578125000e-01
8.712158203125000000e-01
9.940185546875000000e-01
8.756103515625000000e-01
9.950256347656250000e-01
9.349212646484375000e-01
9.852752685546875000e-01
9.766540527343750000e-01
9.538269042968750000e-01
9.712982177734375000e-01
8.366241455078125000e-01
9.962463378906250000e-01
8.607177734375000000e-01
9.831848144531250000e-01
9.938659667968750000e-01
9.871063232421875000e-01
9.936370849609375000e-01
9.829406738281250000e-01
9.116668701171875000e-01
9.538726806640625000e-01
9.610290527343750000e-01
9.821624755859375000e-01
9.876556396484375000e-01
9.604949951171875000e-01
9.866790771484375000e-01
9.874572753906250000e-01
9.688262939453125000e-01
9.756011962890625000e-01
9.896392822265625000e-01
9.776153564453125000e-01
9.951171875000000000e-01
9.689636230468750000e-01
9.882812500000000000e-01
9.774932861328125000e-01
9.548339843750000000e-01
9.449005126953125000e-01
9.789428710937500000e-01
9.808654785156250000e-01
9.872894287109375000e-01
9.604034423828125000e-01
9.713287353515625000e-01
9.588775634765625000e-01
9.625091552734375000e-01
9.783935546875000000e-01
9.319915771484375000e-01
9.267425537109375000e-01
9.817962646484375000e-01
9.922943115234375000e-01
9.938964843750000000e-01
9.892883300781250000e-01
9.399108886718750000e-01
8.765869140625000000e-01
9.842376708984375000e-01
9.872741699218750000e-01
9.965515136718750000e-01
9.955902099609375000e-01
8.907012939453125000e-01
8.321990966796875000e-01
9.903106689453125000e-01
9.658355712890625000e-01
9.466247558593750000e-01
9.805908203125000000e-01
8.529052734375000000e-01
9.617004394531250000e-01
9.662780761718750000e-01
9.186859130859375000e-01
9.632568359375000000e-01
9.962158203125000000e-01
9.785461425781250000e-01
9.761199951171875000e-01
9.723815917968750000e-01
9.901733398437500000e-01
9.810028076171875000e-01
9.922485351562500000e-01
9.528045654296875000e-01
9.698638916015625000e-01
9.947509765625000000e-01
9.555816650390625000e-01
9.212188720703125000e-01
8.983459472656250000e-01
