6.023101806640625000e-01
9.833984375000000000e-01
9.882507324218750000e-01
7.516479492187500000e-01
7.378082275390625000e-01
9.808502197265625000e-01
8.671875000000000000e-01
9.922485351562500000e-01
8.740386962890625000e-01
9.700012207031250000e-01
8.600616455078125000e-01
4.903106689453125000e-01
9.213562011718750000e-01
7.351989746093750000e-01
7.736816406250000000e-01
8.180541992187500000e-01
9.568328857421875000e-01
7.707366943359375000e-01
9.519348144531250000e-01
9.873199462890625000e-01
5.572967529296875000e-01
6.603240966796875000e-01
8.306732177734375000e-01
9.691162109375000000e-01
6.850891113281250000e-01
9.868164062500000000e-01
9.811401367187500000e-01
8.476715087890625000e-01
9.471740722656250000e-01
9.592285156250000000e-01
5.758361816406250000e-01
9.583129882812500000e-01
7.568359375000000000e-01
9.911346435546875000e-01
6.258697509765625000e-01
9.986572265625000000e-01
5.756988525390625000e-01
9.162597656250000000e-01
8.499145507812500000e-01
9.250488281250000000e-01
7.332916259765625000e-01
9.696197509765625000e-01
6.778411865234375000e-01
9.347534179687500000e-01
9.933776855468750000e-01
6.866302490234375000e-01
9.978027343750000000e-01
9.976806640625000000e-01
9.959564208984375000e-01
9.688415527343750000e-01
9.942779541015625000e-01
9.976806640625000000e-01
9.910736083984375000e-01
9.899749755859375000e-01
9.140930175781250000e-01
9.867401123046875000e-01
9.973754882812500000e-01
2.921752929687500000e-01
8.803863525390625000e-01
9.818878173828125000e-01
9.957122802734375000e-01
9.760589599609375000e-01
9.199066162109375000e-01
9.019165039062500000e-01
9.060668945312500000e-01
8.429107666015625000e-01
9.493255615234375000e-01
9.864196777343750000e-01
9.817047119140625000e-01
9.541931152343750000e-01
9.954223632812500000e-01
9.905700683593750000e-01
8.377227783203125000e-01
6.388854980468750000e-01
9.710388183593750000e-01
9.962158203125000000e-01
6.338348388671875000e-01
9.992675781250000000e-01
8.959503173828125000e-01
9.064331054687500000e-01
9.928741455078125000e-01
9.185333251953125000e-01
9.270324707031250000e-01
9.964294433593750000e-01
9.935913085937500000e-01
9.971618652343750000e-01
8.414459228515625000e-01
9.923706054687500000e-01
9.637298583984375000e-01
9.964447021484375000e-01
9.537963867187500000e-01
6.921844482421875000e-01
9.869842529296875000e-01
9.934387207031250000e-01
4.709625244140625000e-01
9.889678955078125000e-01
9.221191406250000000e-01
9.436950683593750000e-01
9.862365722656250000e-01
7.377166748046875000e-01
9.952239990234375000e-01
9.960479736328125000e-01
9.615936279296875000e-01
9.714355468750000000e-01
9.586791992187500000e-01
9.956665039062500000e-01
9.947967529296875000e-01
6.711120605468750000e-01
9.322662353515625000e-01
9.931030273437500000e-01
9.982604980468750000e-01
9.024505615234375000e-01
9.741973876953125000e-01
9.519195556640625000e-01
8.962249755859375000e-01
9.600067138671875000e-01
9.761810302734375000e-01
9.612426757812500000e-01
9.238281250000000000e-01
9.800415039062500000e-01
9.945983886718750000e-01
9.555358886718750000e-01
7.076110839843750000e-01
9.960479736328125000e-01
9.965362548828125000e-01
9.697723388671875000e-01
9.099884033203125000e-01
9.972076416015625000e-01
9.251098632812500000e-01
9.970092773437500000e-01
8.549804687500000000e-01
5.860137939453125000e-01
8.652648925781250000e-01
5.150299072265625000e-01
9.969635009765625000e-01
6.749114990234375000e-01
9.952545166015625000e-01
9.943237304687500000e-01
9.292144775390625000e-01
9.970092773437500000e-01
9.970550537109375000e-01
4.947662353515625000e-01
9.076690673828125000e-01
8.945312500000000000e-01
6.276855468750000000e-01
8.942260742187500000e-01
9.618377685546875000e-01
8.519287109375000000e-01
9.565582275390625000e-01
7.713165283203125000e-01
9.149322509765625000e-01
9.962310791015625000e-01
8.536682128906250000e-01
9.962310791015625000e-01
8.915405273437500000e-01
9.891204833984375000e-01
9.957733154296875000e-01
8.708953857421875000e-01
7.903137207031250000e-01
9.906921386718750000e-01
9.805603027343750000e-01
8.937988281250000000e-01
8.834686279296875000e-01
9.204864501953125000e-01
9.166259765625000000e-01
7.213745117187500000e-01
9.779663085937500000e-01
8.633575439453125000e-01
9.745178222656250000e-01
9.968872070312500000e-01
9.940032958984375000e-01
8.808593750000000000e-01
9.935760498046875000e-01
9.029235839843750000e-01
9.483642578125000000e-01
9.476013183593750000e-01
9.431304931640625000e-01
9.574432373046875000e-01
9.960937500000000000e-01
8.153076171875000000e-01
9.154663085937500000e-01
9.826049804687500000e-01
8.083190917968750000e-01
5.658416748046875000e-01
9.892578125000000000e-01
9.790649414062500000e-01
9.963378906250000000e-01
4.941406250000000000e-01
9.500427246093750000e-01
9.817199707031250000e-01
8.283233642578125000e-01
9.604034423828125000e-01
9.148559570312500000e-01
8.907470703125000000e-01
7.979583740234375000e-01
8.848266601562500000e-01
8.217010498046875000e-01
9.940643310546875000e-01
9.958648681640625000e-01
9.961395263671875000e-01
9.709930419921875000e-01
9.936523437500000000e-01
9.220886230468750000e-01
9.961853027343750000e-01
9.920349121093750000e-01
9.694519042968750000e-01
8.837738037109375000e-01
9.898681640625000000e-01
9.850158691406250000e-01
9.965362548828125000e-01
8.244018554687500000e-01
9.693450927734375000e-01
9.958038330078125000e-01
8.811035156250000000e-01
9.823303222656250000e-01
9.468078613281250000e-01
9.940643310546875000e-01
9.730987548828125000e-01
9.778137207031250000e-01
9.385375976562500000e-01
8.470458984375000000e-01
9.898681640625000000e-01
8.854675292968750000e-01
9.635314941406250000e-01
9.389038085937500000e-01
9.332580566406250000e-01
9.242858886718750000e-01
9.828643798828125000e-01
4.090576171875000000e-01
7.935638427734375000e-01
9.592437744140625000e-01
6.715850830078125000e-01
9.435119628906250000e-01
8.526763916015625000e-01
9.758300781250000000e-01
9.387512207031250000e-01
9.636230468750000000e-01
9.435119628906250000e-01
9.661254882812500000e-01
9.900512695312500000e-01
8.936767578125000000e-01
6.990509033203125000e-01
9.693298339843750000e-01
8.887329101562500000e-01
9.795837402343750000e-01
9.789581298828125000e-01
8.117218017578125000e-01
6.615295410156250000e-01
8.924102783203125000e-01
6.749420166015625000e-01
9.908447265625000000e-01
9.781646728515625000e-01
9.608306884765625000e-01
9.837493896484375000e-01
9.524536132812500000e-01
9.867553710937500000e-01
9.682464599609375000e-01
9.958801269531250000e-01
9.019317626953125000e-01
9.408721923828125000e-01
3.656921386718750000e-01
9.105834960937500000e-01
9.743041992187500000e-01
9.934692382812500000e-01
9.269866943359375000e-01
9.323577880859375000e-01
9.498901367187500000e-01
9.839019775390625000e-01
9.539794921875000000e-01
6.542205810546875000e-01
8.682250976562500000e-01
9.879455566406250000e-01
9.692840576171875000e-01
9.821166992187500000e-01
9.641265869140625000e-01
9.393920898437500000e-01
8.628387451171875000e-01
9.853515625000000000e-01
9.374542236328125000e-01
9.902954101562500000e-01
6.876983642578125000e-01
9.660339355468750000e-01
9.641723632812500000e-01
9.870452880859375000e-01
9.622802734375000000e-01
9.788360595703125000e-01
9.885101318359375000e-01
9.871826171875000000e-01
9.867401123046875000e-01
9.030303955078125000e-01
9.359436035156250000e-01
9.172363281250000000e-01
9.870605468750000000e-01
9.359741210937500000e-01
9.671630859375000000e-01
8.749847412109375000e-01
9.872436523437500000e-01
9.093933105468750000e-01
8.545684814453125000e-01
9.091339111328125000e-01
9.740600585937500000e-01
9.254760742187500000e-01
9.689178466796875000e-01
9.155426025390625000e-01
9.308776855468750000e-01
9.933013916015625000e-01
9.898986816406250000e-01
8.846282958984375000e-01
9.857330322265625000e-01
9.905395507812500000e-01
8.645935058593750000e-01
9.506072998046875000e-01
8.894195556640625000e-01
8.246917724609375000e-01
9.727172851562500000e-01
8.518218994140625000e-01
9.592285156250000000e-01
6.200866699218750000e-01
4.206237792968750000e-01
6.899108886718750000e-01
9.756317138671875000e-01
9.484252929687500000e-01
9.052581787109375000e-01
7.935180664062500000e-01
9.831390380859375000e-01
9.460296630859375000e-01
9.782867431640625000e-01
9.537658691406250000e-01
9.783782958984375000e-01
9.937438964843750000e-01
9.912872314453125000e-01
9.714202880859375000e-01
9.575500488281250000e-01
9.824066162109375000e-01
9.509277343750000000e-01
5.697326660156250000e-01
9.463043212890625000e-01
9.558563232421875000e-01
8.987121582031250000e-01
8.913574218750000000e-01
9.600524902343750000e-01
9.179687500000000000e-01
9.156494140625000000e-01
9.104309082031250000e-01
9.603576660156250000e-01
7.679138183593750000e-01
9.395904541015625000e-01
8.978576660156250000e-01
9.866333007812500000e-01
9.703674316406250000e-01
9.910888671875000000e-01
9.605560302734375000e-01
8.181457519531250000e-01
9.536437988281250000e-01
9.869232177734375000e-01
9.922943115234375000e-01
9.579467773437500000e-01
9.229583740234375000e-01
9.905548095703125000e-01
9.450683593750000000e-01
9.349060058593750000e-01
8.782348632812500000e-01
9.859466552734375000e-01
9.270935058593750000e-01
8.188476562500000000e-01
9.183502197265625000e-01
9.832305908203125000e-01
9.121093750000000000e-01
8.174743652343750000e-01
6.997528076171875000e-01
9.737091064453125000e-01
9.562530517578125000e-01
9.835205078125000000e-01
9.064178466796875000e-01
9.753417968750000000e-01
9.697723388671875000e-01
9.906768798828125000e-01
7.803039550781250000e-01
9.814147949218750000e-01
9.705352783203125000e-01
9.714660644531250000e-01
8.954620361328125000e-01
9.817657470703125000e-01
8.769073486328125000e-01
9.747161865234375000e-01
9.849243164062500000e-01
9.791107177734375000e-01
9.089660644531250000e-01
9.809570312500000000e-01
9.422302246093750000e-01
9.882659912109375000e-01
6.359252929687500000e-01
9.908905029296875000e-01
4.196777343750000000e-01
7.605590820312500000e-01
7.665863037109375000e-01
9.863891601562500000e-01
9.638061523437500000e-01
6.969451904296875000e-01
9.864349365234375000e-01
7.306671142578125000e-01
9.231262207031250000e-01
9.669189453125000000e-01
9.289855957031250000e-01
9.945678710937500000e-01
9.480743408203125000e-01
9.949340820312500000e-01
7.817993164062500000e-01
9.913940429687500000e-01
9.172821044921875000e-01
9.406738281250000000e-01
9.452667236328125000e-01
9.778289794921875000e-01
9.870910644531250000e-01
9.823608398437500000e-01
9.559783935546875000e-01
9.461059570312500000e-01
9.757843017578125000e-01
8.983764648437500000e-01
8.333740234375000000e-01
9.920806884765625000e-01
4.345397949218750000e-01
9.836120605468750000e-01
9.549407958984375000e-01
9.456787109375000000e-01
4.257965087890625000e-01
9.442596435546875000e-01
9.680480957031250000e-01
9.641265869140625000e-01
9.761657714843750000e-01
9.472351074218750000e-01
6.600952148437500000e-01
9.840698242187500000e-01
9.259185791015625000e-01
8.375091552734375000e-01
9.829101562500000000e-01
9.377441406250000000e-01
9.449005126953125000e-01
9.018096923828125000e-01
9.181823730468750000e-01
8.506011962890625000e-01
9.000244140625000000e-01
9.629821777343750000e-01
3.459014892578125000e-01
8.829803466796875000e-01
9.104003906250000000e-01
9.018096923828125000e-01
9.886169433593750000e-01
9.707336425781250000e-01
9.618225097656250000e-01
9.674835205078125000e-01
9.255828857421875000e-01
9.845428466796875000e-01
9.882812500000000000e-01
7.236480712890625000e-01
8.108367919921875000e-01
9.455413818359375000e-01
9.924163818359375000e-01
8.184967041015625000e-01
9.654235839843750000e-01
9.912719726562500000e-01
9.184417724609375000e-01
9.753570556640625000e-01
3.703918457031250000e-01
6.689758300781250000e-01
9.322509765625000000e-01
9.819793701171875000e-01
9.790954589843750000e-01
6.763153076171875000e-01
8.986053466796875000e-01
9.857788085937500000e-01
9.813385009765625000e-01
9.904632568359375000e-01
9.954986572265625000e-01
9.829864501953125000e-01
9.967498779296875000e-01
9.925079345703125000e-01
9.988403320312500000e-01
9.976501464843750000e-01
9.959564208984375000e-01
9.938354492187500000e-01
9.976654052734375000e-01
9.968566894531250000e-01
9.409790039062500000e-01
9.775848388671875000e-01
9.989624023437500000e-01
9.972076416015625000e-01
9.975433349609375000e-01
9.969635009765625000e-01
9.673461914062500000e-01
9.941711425781250000e-01
9.443054199218750000e-01
9.700775146484375000e-01
9.931488037109375000e-01
9.846649169921875000e-01
9.878997802734375000e-01
9.846496582031250000e-01
9.973449707031250000e-01
9.979705810546875000e-01
9.957885742187500000e-01
9.930419921875000000e-01
9.954071044921875000e-01
9.585113525390625000e-01
9.561309814453125000e-01
9.725952148437500000e-01
8.336791992187500000e-01
9.987640380859375000e-01
9.908142089843750000e-01
9.809265136718750000e-01
9.538726806640625000e-01
9.895019531250000000e-01
9.912567138671875000e-01
9.867248535156250000e-01
9.952239990234375000e-01
9.952697753906250000e-01
9.983978271484375000e-01
9.924468994140625000e-01
9.289855957031250000e-01
8.754577636718750000e-01
9.974670410156250000e-01
9.909973144531250000e-01
9.923400878906250000e-01
9.814300537109375000e-01
9.929351806640625000e-01
9.911346435546875000e-01
9.911041259765625000e-01
9.968872070312500000e-01
9.978790283203125000e-01
9.978637695312500000e-01
9.816284179687500000e-01
9.916381835937500000e-01
9.979095458984375000e-01
9.920959472656250000e-01
9.967803955078125000e-01
8.512268066406250000e-01
9.216918945312500000e-01
9.975585937500000000e-01
9.946441650390625000e-01
9.900970458984375000e-01
9.633331298828125000e-01
9.880218505859375000e-01
9.930114746093750000e-01
8.617553710937500000e-01
9.907073974609375000e-01
9.972534179687500000e-01
9.962921142578125000e-01
9.914703369140625000e-01
9.970092773437500000e-01
9.828491210937500000e-01
9.760131835937500000e-01
9.975280761718750000e-01
9.977722167968750000e-01
9.849700927734375000e-01
9.968414306640625000e-01
9.825592041015625000e-01
9.517059326171875000e-01
9.316101074218750000e-01
9.967498779296875000e-01
9.977722167968750000e-01
9.969940185546875000e-01
9.389190673828125000e-01
9.815979003906250000e-01
9.612121582031250000e-01
9.853057861328125000e-01
8.269500732421875000e-01
7.137603759765625000e-01
7.399597167968750000e-01
9.864044189453125000e-01
9.976654052734375000e-01
9.937591552734375000e-01
9.907836914062500000e-01
9.948120117187500000e-01
9.177856445312500000e-01
9.863739013671875000e-01
9.977722167968750000e-01
9.955749511718750000e-01
9.984436035156250000e-01
9.946136474609375000e-01
9.978790283203125000e-01
9.979858398437500000e-01
9.341430664062500000e-01
9.936828613281250000e-01
9.855957031250000000e-01
9.770355224609375000e-01
9.983978271484375000e-01
9.970245361328125000e-01
7.947998046875000000e-01
9.981079101562500000e-01
9.787139892578125000e-01
9.968872070312500000e-01
9.911651611328125000e-01
9.984588623046875000e-01
9.962158203125000000e-01
9.983062744140625000e-01
9.676666259765625000e-01
9.440765380859375000e-01
9.976806640625000000e-01
9.874114990234375000e-01
9.951477050781250000e-01
9.657897949218750000e-01
