2.709446418081624675e-01
9.150928671765257150e-01
8.569836552748885117e-01
8.174026207144139411e-01
7.158848525934622398e-01
7.222836910820977785e-01
3.381995133819951094e-01
9.288515406162465293e-01
5.132378088330680210e-01
8.884602292068535245e-01
6.138688897309586556e-01
3.878759002363979524e-01
8.346487006737247638e-01
7.005969428246092701e-01
5.968250516472762834e-01
7.397756536161669283e-01
7.112970711297070814e-01
8.362879588567941891e-01
8.386435816002458798e-01
9.756469243618673959e-01
6.217685478509131780e-01
2.152501145697465479e-01
7.948608928736482504e-01
8.009441384736427638e-01
7.130582281296924396e-01
9.137207908927501565e-01
8.817903596021423596e-01
5.438428147132738921e-01
7.710014552189442538e-01
7.123789020452099274e-01
4.880285840577574530e-01
8.636726546906187130e-01
5.646377445087968905e-01
9.578160168445509770e-01
5.960188700955010993e-02
9.607843137254902244e-01
4.787914003486344883e-01
7.099672339076207317e-01
5.402879042811740140e-01
3.170189098998887900e-01
4.711506459713775685e-01
7.347101932045303485e-01
7.900603577714359060e-01
6.176680972818311410e-01
9.000920810313075560e-01
6.284442675447324822e-01
9.661654135338345606e-01
9.425113464447806289e-01
9.763287181777579038e-01
3.770591824283099358e-01
9.555107367421995512e-01
9.173014145810663988e-01
9.624975959997436048e-01
9.138812426268186906e-01
8.283745884648213709e-01
8.477842003853564012e-01
9.253472222222222099e-01
3.213153062927724679e-02
7.716374865266408811e-01
8.986596089814735677e-01
9.364109527042316916e-01
8.993908303943571880e-01
4.716658278812279614e-01
1.206566347469220229e-01
8.763458139161176552e-01
0.000000000000000000e+00
8.722250009618713884e-01
7.671376242804813783e-01
9.279057182370272772e-01
4.521897810218978297e-01
9.342105263157894912e-01
8.686782830429239377e-01
5.255832627024134007e-01
5.145834187964064554e-01
9.046327002311325138e-01
9.094890510948905327e-01
3.658465685367722764e-01
9.652173913043478048e-01
9.126832703758243071e-01
8.803278688524590612e-01
9.167112537899054781e-01
4.592322495695330686e-01
8.479974570883661578e-01
9.636758770568146781e-01
8.558682223747425821e-01
9.604927782497876265e-01
4.451326961072248900e-01
8.395378690629011764e-01
8.054031927957429060e-01
9.487574224763580810e-01
9.126521663878151003e-01
2.220508271952489343e-01
8.631038356604076034e-01
9.477901894123360593e-01
1.410413171439133320e-02
8.264938804895608504e-01
9.246197016688819659e-01
8.898441698011821943e-01
8.419207851384507002e-01
4.309597113251895095e-01
9.043690803544148782e-01
8.246445497630331412e-01
9.130299574997408074e-01
9.533539320243197279e-01
8.797833614489922738e-01
9.034670292318150997e-01
9.514728902803472055e-01
7.510568016446836914e-01
4.217793408883678263e-01
8.280060882800608368e-01
9.782359679266895425e-01
3.341318612644516017e-01
8.832907723100282826e-01
7.863873635685716401e-01
3.115699969632553801e-01
5.773262377035961457e-01
8.776933322886468769e-01
9.304376403571232856e-01
8.676283411115824906e-01
7.166377816291160663e-01
9.347585698488757311e-01
4.387519260400616350e-01
7.683734648486606478e-01
9.486620416253717103e-01
7.274909963985594086e-01
7.982482941236378471e-01
7.291924895560758513e-01
9.616110761485210379e-01
8.980939329762053225e-01
9.629629629629629095e-01
6.116695268448149037e-01
3.950319976810042766e-01
8.899386747768859296e-01
6.316679993973739471e-01
9.645718354993768617e-01
3.520968281482833029e-01
7.298001737619461693e-01
9.027705175117616276e-01
6.692806729878092442e-01
9.491701244813277594e-01
9.688458434221146609e-01
2.716293803207285862e-01
7.634757456123206776e-01
7.372062960991559999e-01
1.243181165661785825e-01
4.918633631432341446e-01
7.969143321153064896e-01
7.519934573706807956e-01
4.495135860449513826e-02
3.943912393421424856e-01
5.250873157849902384e-01
9.522520780978155353e-01
7.351999116412635260e-01
7.967078189300411672e-01
6.498177160311360279e-01
9.647326507394766715e-01
9.433190096173521555e-01
7.694487588217662211e-01
5.766481823783117244e-01
9.151599443671766254e-01
7.973918575063613234e-01
8.693644656330943299e-01
6.603211315215941069e-01
7.967232299590403244e-01
8.233887129096904012e-01
2.471344932794590499e-01
8.563469956227616198e-01
6.877070619006102614e-01
8.429270127915725608e-01
9.526901669758812696e-01
8.699966920277869553e-01
4.615172413793103279e-01
9.126012040689225335e-01
8.176554886787045229e-01
7.363253856942496567e-01
8.546393498137487832e-01
8.870640283627768685e-01
9.068688015494039689e-01
9.514599924156238453e-01
5.607490201770939375e-01
3.066332916145181331e-01
8.566758863464922769e-01
7.180120319655203254e-01
1.840029825919871631e-01
9.140625000000000000e-01
9.349824661169557904e-01
9.459459459459459429e-01
1.954960201902543326e-01
9.008119243819679989e-01
9.226298114182381882e-01
7.945510655004290879e-01
7.066139061616732997e-01
7.910425404433792940e-01
7.558979953634256121e-01
7.899087663625545819e-01
5.624347826086956159e-01
6.042337002540220103e-01
9.705325354139837657e-01
9.369033760186262771e-01
9.578544061302681767e-01
9.310607434270172789e-01
9.214798036995092145e-01
1.772478246857879525e-01
9.002394253790901857e-01
9.182330827067669565e-01
8.278885832187070637e-01
8.762690664544110497e-01
9.494518879415346779e-01
9.395841023748000564e-01
9.305172941536578035e-01
7.592367881501318472e-01
8.946126003252373726e-01
9.573973663826491620e-01
7.911551862771375454e-01
8.032619775739041623e-01
8.965271593944790229e-01
9.732884707821191084e-01
9.765648885403235280e-01
9.736470076485300718e-01
9.341830065359476576e-01
8.331946616966752206e-01
9.508439443292863169e-01
5.905073649754500886e-01
9.467373863433766745e-01
9.521727704914116908e-01
8.704230359047280263e-01
7.145322747670003194e-01
9.138869718579863966e-01
3.807087117820135425e-01
7.363025046291784559e-01
9.367316483880900879e-01
3.727450237519307485e-01
9.436752578888111254e-01
8.531983153157262079e-01
9.782686239539031270e-01
9.210402077268077248e-01
9.678740836567486516e-01
9.274913820119085051e-01
9.665188670708533270e-01
9.809779437507293309e-01
7.842190016103059991e-01
5.766960702251411330e-01
8.502012222387836937e-01
8.663783625302352576e-01
9.469805040418449726e-01
9.523381605778868941e-01
8.357712323479695726e-01
5.573161970144487887e-01
9.063301228827631562e-01
7.764614529008698751e-01
8.946629213483145993e-01
9.146537842190015644e-01
9.387102165556431288e-01
9.709785541052402547e-01
9.629471080669710359e-01
9.534883720930232842e-01
9.210516332182556720e-01
9.548494983277592274e-01
8.229915447960560737e-01
9.336074702304463235e-01
4.185526058130752403e-01
8.840476473148917158e-01
8.969021672584792659e-01
9.615591880725704588e-01
9.270011746937405483e-01
9.158008699120591123e-01
8.375865479723046958e-01
9.390842427391882241e-01
9.539541984732824442e-01
6.646243099646287344e-01
8.095784088904568465e-01
7.564734895191121966e-01
9.558601030588751435e-01
9.542473454091192631e-01
8.613878898649843796e-01
9.352778230405736082e-01
7.946920037457461117e-01
9.700486709097716487e-01
9.448532874113737545e-01
9.494596312778130764e-01
6.367685946013097453e-01
9.158539351326830946e-01
9.071863388410150719e-01
9.737841593330245349e-01
9.409685738848027059e-01
8.813820234328230141e-01
9.618521708293226169e-01
9.458693130558061268e-01
9.722053414361107038e-01
9.305502431561116783e-01
9.008596259210277513e-01
8.634097204734323405e-01
9.448921237327787548e-01
8.980464573816697715e-01
9.509884303543773010e-01
7.858543087900885515e-01
9.600687810470003303e-01
9.238678906610595654e-01
8.164467982667308332e-01
9.418417274618382518e-01
9.687672239573764665e-01
8.870229007633587681e-01
9.630368905260483503e-01
8.410898337687692239e-01
9.463015647226173943e-01
9.782425534023888591e-01
9.509629629629630099e-01
8.218887658712398236e-01
9.743434953214609173e-01
9.394057857701328951e-01
8.185721295387634600e-01
9.512683477606322935e-01
8.441337778255726398e-01
8.452680771976135432e-01
9.364108400312967095e-01
9.119862237730548271e-01
9.739632054879949763e-01
6.841637913537649274e-01
8.936108979278588327e-02
5.065319799912583187e-01
9.764102867102911754e-01
8.230922223385324088e-01
9.095464941800329717e-01
8.195829555757025986e-01
9.589387239418825093e-01
8.482039397450753526e-01
6.839884521430157349e-01
8.681576886258811632e-01
9.712313470713632713e-01
9.787123572170300934e-01
8.314142308827870975e-01
9.749796283679984521e-01
6.039293849658314839e-01
9.423701704403458779e-01
9.246661981728742097e-01
5.180323385635661193e-01
8.711885500933416182e-01
9.589709407042872336e-01
8.221519665630693252e-01
7.918493831491550949e-01
9.680755066702436684e-01
8.641463661174567656e-01
9.141481596521199293e-01
9.149546521398974619e-01
9.703404342763203294e-01
5.955862802446157955e-01
9.514334433308390127e-01
9.248355004603741047e-01
9.672180226030985262e-01
9.347051307914733265e-01
9.761106111429272980e-01
9.423441507750641710e-01
7.748176699542758117e-01
9.047290516808831340e-01
9.767441860465115866e-01
9.668439367080297053e-01
9.688439711501503071e-01
9.192017795131943725e-01
9.808365066097024521e-01
9.248779266307750602e-01
8.934831460674157455e-01
7.452269969989144816e-01
9.735382847292055608e-01
8.731279872543813436e-01
6.195603409600717315e-01
8.978563384045660234e-01
9.774374345603481506e-01
8.565594182687518154e-01
8.440213847959316951e-01
7.968406380672138356e-01
9.674580240617975946e-01
8.962622571190794751e-01
9.558426690653365476e-01
9.113074664854156071e-01
9.455011466342910786e-01
9.222008404351411670e-01
9.687260070635205222e-01
7.255537341313712529e-01
9.772803581421376506e-01
9.448238420436037011e-01
8.942307692307692735e-01
9.259199186860003206e-01
9.478279851560794667e-01
7.466951361195717229e-01
9.651135861212286615e-01
8.894112379673159152e-01
9.385299268106506165e-01
9.453382687092282133e-01
8.780297107114933830e-01
8.865583987535207156e-01
8.802367232518298890e-01
7.158779680392484135e-01
8.323504633529907881e-01
5.613986530122705432e-01
4.705088405992711720e-01
6.909384786342054330e-01
9.565471551052221466e-01
9.477256699576869226e-01
4.958241311908206939e-01
9.615234797662843835e-01
4.707660746099443655e-02
8.419698870765369714e-01
9.803733410584635211e-01
9.487963737182589785e-01
9.591462015148037867e-01
8.715800596248914900e-01
9.394381612550164462e-01
8.565610768952995890e-01
8.997511553501599257e-01
7.323359502295956336e-01
9.281251155396161856e-01
8.375526470721434968e-01
8.936855198653691490e-01
9.425115520521880619e-01
9.357563632321884706e-01
9.434701675320857905e-01
9.402894238571815055e-01
9.674988224211021892e-01
7.616661895219009049e-01
5.591797190376230908e-01
9.715257584901519916e-01
2.209796089972671795e-01
9.165111940298507065e-01
6.606917155004021769e-01
9.105662462945284252e-01
1.662006428515431025e-02
9.369226253172863172e-01
9.734573847791918588e-01
7.743112220408946422e-01
9.220714428257832385e-01
9.289442321127686641e-01
7.026060023496742968e-01
9.698944575811754287e-01
7.590690288323159729e-01
8.761384123291654502e-01
9.145559963381141300e-01
9.066703266538567174e-01
9.500352838621299867e-01
7.427337784352137096e-01
8.225913181577554356e-01
8.778765918700809356e-01
8.192352259559675387e-01
7.359599477579451543e-01
4.121930149327409643e-01
7.914842709154680245e-01
8.924778436973559437e-01
9.173208618673792669e-01
9.262991503655404468e-01
9.264232008592910850e-01
7.196324518153294214e-01
9.528696229127502360e-01
9.374254224457588824e-01
9.198512540549094174e-01
9.435460158776830530e-01
6.770794330034768382e-01
6.588325948757465245e-01
8.586702569991684353e-01
9.243185625095172719e-01
6.865364850976362066e-01
8.871401534017332446e-01
9.662178124261753265e-01
8.440190270522660576e-01
7.842927741418458387e-01
3.876156790542177578e-04
3.517212526894573088e-01
9.428409588300419308e-01
9.777047818617734531e-01
9.560220852593733776e-01
6.819306373982276792e-01
8.009108068430356164e-01
9.782963066461739521e-01
9.372916987130185396e-01
8.745231881148364250e-01
9.158825206729398483e-01
6.311610982467746878e-01
9.353173398117218262e-01
6.917765222849968643e-01
9.733146067415729963e-01
8.775834658187599002e-01
7.898493259318001281e-01
9.000989119683481254e-01
9.506292352371732424e-01
9.295485636114910744e-01
2.959592282489988957e-01
8.061749571183532970e-01
9.649484536082474362e-01
9.509514875368534348e-01
3.148936170212766061e-01
9.094219390077378229e-01
7.705339909929229680e-01
9.303428154631655511e-01
8.808902232084584449e-01
8.528992573700397983e-01
9.721791932585661655e-01
7.074235807860261849e-01
9.645871477693922502e-01
8.727548697192005767e-01
9.764482945316730333e-01
9.518290474465773698e-01
9.337811900191939074e-01
8.630630630630630185e-01
9.215123859191656219e-01
5.968865826538176655e-01
8.897580428697419164e-01
7.997770345596432184e-01
5.206684256816183076e-01
9.634641407307171779e-01
9.421932014595736371e-01
9.618693185284606928e-01
8.931311203026125467e-01
8.727339992600814389e-01
8.555583564406352703e-01
7.834743653558984278e-01
9.541794759186063013e-01
9.470266575529733277e-01
9.786455155582672871e-01
9.441750310138716795e-01
8.707581227436823612e-01
4.813167259786476637e-01
9.441829186281103237e-01
8.767752715121136520e-01
8.784503631961259051e-01
7.624438805387467877e-01
8.529691965703397605e-01
9.390793750655341832e-01
8.442425861608335858e-01
9.459459459459459429e-01
9.641290322580645666e-01
9.252136752136752573e-01
8.759785743716522743e-01
9.101639344262295594e-01
9.710665258711721481e-01
8.341869398207426567e-01
8.821887213847012799e-01
3.038697700985292238e-01
8.452818812179679897e-01
9.593082400813834898e-01
9.252714498616138039e-01
9.048247543628098466e-01
7.865328240206094224e-01
8.399592252803261827e-01
9.234369775994650809e-01
2.211141678129298349e-01
9.096036811637226993e-01
8.929845422116527986e-01
9.297890783010690496e-01
8.696665889484728185e-01
9.673006339673005938e-01
8.601642199552127499e-01
9.216429069883361747e-01
9.403095062638172630e-01
9.585462805224304050e-01
7.955158812538924984e-01
9.547936230618039311e-01
8.094047023511755645e-01
6.551911972981806498e-01
8.209491850431447357e-01
9.230769230769231282e-01
8.482328482328482799e-01
9.275468922397940297e-01
7.503585905830995051e-01
8.904234054152280198e-01
8.570464514677763601e-01
9.245829743911034848e-01
1.114158113296246921e-01
6.409966891853099424e-01
1.804366644224295602e-01
9.453675884480960967e-01
9.286047596826878525e-01
8.997303260603088937e-01
9.087061668681982729e-01
8.897535667963683004e-01
2.675367047308319646e-01
8.658554904611687197e-01
9.425649095200628880e-01
9.472727272727272663e-01
9.404205607476635587e-01
9.649558224957808239e-01
9.308113489298158738e-01
9.633333333333333748e-01
7.793456032719836557e-01
3.911764705882352922e-01
9.247928616953473568e-01
9.563578367406118108e-01
9.325626204238921524e-01
9.655172413793103869e-01
1.643052448421575829e-01
9.452780229479258445e-01
6.875699888017917649e-01
8.571428571428570953e-01
8.356514334374113284e-01
9.453758788534343260e-01
8.811121764141898183e-01
9.172259507829977343e-01
7.825997742895249853e-01
7.203357497138497267e-01
9.450469992769342520e-01
6.575342465753424293e-01
9.157392686804451953e-01
8.018384302633905225e-01
