2.789087739090302942e-01
7.602852441031267006e-01
2.637733111424059862e-01
2.046179481075934281e-01
4.998112495281238354e-01
6.359447004608295151e-01
6.272574042860582511e-01
4.405107973421926726e-01
1.726928430388761093e-01
0.000000000000000000e+00
6.838709677419354538e-01
7.908007125565249540e-01
7.144014255629353993e-01
3.604392106938255624e-01
6.218990590248075767e-01
1.171152660776659214e-02
8.022951772225450640e-01
1.574599525896128172e-01
5.895463820436351865e-01
9.292525376807135862e-01
6.961571306575576878e-01
3.477979274611399108e-01
1.130952380952380959e-01
2.342941924544298393e-01
1.085234221300579588e-01
6.879855715871253663e-01
8.350003497237182826e-01
0.000000000000000000e+00
6.124386515407514997e-01
1.382753170656489672e-01
7.533502772643253520e-01
4.991519895629484838e-01
2.875589769058852774e-01
5.748621371345333797e-01
6.385224274406332556e-01
2.959335482271261974e-01
6.884245127964311317e-01
0.000000000000000000e+00
5.728695324283559209e-01
6.480075901328272714e-01
5.576169532187125188e-01
1.595649582836710378e-01
2.099769389489015703e-01
1.474445952057892306e-01
7.808898252571569998e-01
4.408380053113012953e-01
2.860163408076430991e-01
6.769642422768182843e-01
1.734919220487389224e-01
6.485714285714285765e-01
6.103148195546455046e-01
7.515425393238898133e-01
6.297378334742830264e-01
3.161885406081450522e-01
1.815604953006116629e-01
6.035561736366344965e-01
3.417816131004960400e-01
2.054074453459848459e-01
6.741465567981165252e-01
6.362349610757254137e-01
6.055914761861397322e-01
4.202563089256478035e-01
7.135438939458732532e-01
8.048914035407921386e-01
7.239494362828835516e-01
4.298949636412604525e-01
1.873497080041222895e-01
3.370633187772925643e-02
5.977184674989237667e-01
3.538364346427750884e-01
7.926445681103314600e-01
7.240418118466899200e-01
6.021222741433022163e-01
7.399627631641762966e-03
5.135504440901844658e-01
7.114905727499110360e-04
9.683440346423771716e-02
7.450399087799315367e-01
9.457794208256316004e-01
8.317479191438763575e-01
7.848934642087622704e-01
8.002040469307940551e-01
5.138072332086228711e-01
6.447210463132621028e-01
8.770334928229664984e-01
7.717700626067159897e-01
8.596491228070175517e-01
0.000000000000000000e+00
7.672712169458674181e-01
9.659613615455381330e-01
7.955145118733508713e-01
8.539880488438555961e-01
8.307907627711687004e-01
9.191564147627416803e-01
3.072870939420544456e-01
3.090988245537658052e-01
1.589113257243195687e-01
9.420751813585402923e-01
8.335051546391752941e-01
8.072601555747622726e-01
3.062410586552217345e-02
8.232484076433120856e-01
0.000000000000000000e+00
7.668148971650917689e-01
6.739965095986037991e-01
8.634611022907688893e-01
7.439180537772086543e-01
7.683073229291716988e-01
7.164306069499383200e-01
8.491816863476279176e-01
8.573229140408369364e-01
8.304239401496259498e-01
5.870376654224634949e-01
7.118811881188118473e-01
9.330195757451742455e-01
9.356905552918841629e-01
8.976014760147601468e-01
7.972481454893515229e-01
9.415074781578557372e-01
2.200724262803931686e-01
9.577237788246962813e-01
6.055459486166008265e-01
5.987886382623224257e-01
8.888783179526210665e-01
4.908570169640890102e-01
7.169423982610795276e-01
0.000000000000000000e+00
4.475299787710137860e-03
8.473374426472632948e-01
3.453863108357657641e-01
5.991279815337265946e-01
8.820091324200913796e-01
7.522743177046885554e-01
7.498897220996911805e-01
2.969647633445749446e-01
2.172294152492172392e-01
3.872216844143271802e-02
2.782675354541970236e-01
5.965665236051501674e-01
1.660625283189850476e-01
1.530369121366518745e-02
5.990128331688054919e-01
5.468201326570425458e-01
8.706579357655129803e-01
8.275075368695510303e-01
5.024019061527228436e-01
8.874498920752389441e-01
6.081570996978852284e-01
3.803398741902168645e-01
3.650128865979381243e-01
5.157894736842105754e-01
1.756245414880883426e-01
1.288047067299033510e-01
0.000000000000000000e+00
4.115946683796370409e-01
3.098971505648288605e-01
0.000000000000000000e+00
2.850490603692000802e-01
1.439993267126746246e-01
3.475971033574720148e-01
2.103915111598975429e-01
4.692925989074080428e-01
6.222351571594877395e-01
4.676997578692493884e-01
5.902777777777777624e-02
8.342431761786600619e-01
3.710740899691779560e-01
7.900462962962963021e-01
9.046869731370125178e-01
1.520094562647754111e-01
7.024353120243531645e-01
9.047722342733188761e-01
6.433580858085808929e-01
0.000000000000000000e+00
8.754494932984635547e-01
1.920685204740114893e-01
8.373137857649562976e-01
8.182481751824817184e-01
2.041729596688482418e-01
8.491284159244880669e-01
7.189039408866995107e-01
4.896265560165974917e-01
0.000000000000000000e+00
9.656239257476796345e-01
7.473836160230963310e-01
6.844541910331384260e-01
8.050746268656716609e-01
8.471711976487876772e-01
7.740494732020155588e-01
9.596672792339684399e-01
5.430227961523257374e-01
7.815405046480743412e-01
0.000000000000000000e+00
7.391125718981100823e-01
5.689299400609216795e-01
4.129900706315897119e-01
