9.837258405067402789e-01
9.995945988087442391e-01
9.721440013489587306e-01
9.978918567359662539e-01
9.926912117455768403e-01
9.969709047429254900e-01
9.701427481747847414e-01
9.932845430392333030e-01
9.844014252171485735e-01
9.998364647308936037e-01
9.166899866664471874e-01
9.386029112791738349e-01
9.905878649563233385e-01
9.923204121219829643e-01
9.900600648487747346e-01
9.975181647481426994e-01
9.789492448304919492e-01
1.000000000000000000e+00
9.857734761920176059e-01
9.863426550132449178e-01
8.796339820124722264e-01
9.940395644049230262e-01
9.606323091794765068e-01
9.502966815617903684e-01
9.833613594123373769e-01
9.779052939790664478e-01
9.902787846833190910e-01
9.991071428571428603e-01
9.744669442341660215e-01
9.957230177832419038e-01
9.829283241995961928e-01
9.378848439019120686e-01
9.937407632791446233e-01
9.976521481919692347e-01
9.640041806168181404e-01
8.690451468206171759e-01
1.000000000000000000e+00
9.905128419643604021e-01
9.863011585394073633e-01
9.850965705088522428e-01
9.900384591135489298e-01
9.949197040471887687e-01
8.165097911933354435e-01
9.971991516505577247e-01
9.945296090786545085e-01
9.996397920190440711e-01
9.991658185822253069e-01
9.943947995200659307e-01
9.969326159700806489e-01
9.938982230519256555e-01
9.734343927057146351e-01
9.985566697052568053e-01
9.991575132334006293e-01
9.942647838450046072e-01
9.884893534909475754e-01
9.987877612374532754e-01
9.991626089383742748e-01
9.995631757125695849e-01
9.805466138417728850e-01
9.987523941731536459e-01
9.975428052712305149e-01
9.978094712788589948e-01
9.779802932876902055e-01
9.997383246621309727e-01
9.999372145222810149e-01
9.927839813944597802e-01
9.972643375082399508e-01
9.987341361290531516e-01
1.000000000000000000e+00
9.858977754237288060e-01
9.959284602758414762e-01
9.991595903002713497e-01
9.989462592202318358e-01
9.972921914357683049e-01
9.932952924393723126e-01
9.845159468490657373e-01
9.868499816556278725e-01
9.967657001690287677e-01
9.997795310310073624e-01
9.267236094650374012e-01
9.965418453662423515e-01
9.958488092637098887e-01
9.998702814891684554e-01
9.968196948225290788e-01
9.950146720095920383e-01
9.975440721302650804e-01
9.759091081810237212e-01
9.634849794492759134e-01
9.902946915158447050e-01
9.762272499582568264e-01
9.824232774499703780e-01
9.646115330759111872e-01
9.837045896247570420e-01
9.902462699419160019e-01
9.998495234910550478e-01
9.406313838636986002e-01
9.770681561990006703e-01
9.999836081696882317e-01
9.872645099165980875e-01
9.715273737961347411e-01
9.561384468969662542e-01
1.000000000000000000e+00
9.875652570578993261e-01
9.897797683189655249e-01
9.786144427577693206e-01
9.638091093704670431e-01
8.801569813262991593e-01
9.811861554100218541e-01
9.483353402544992816e-01
9.999657211414859637e-01
9.719745954011554945e-01
9.921305800426679644e-01
9.524544545415017938e-01
9.676590380139643566e-01
9.772575479937664067e-01
9.803186345204364383e-01
9.992098176130040921e-01
9.331604827894501852e-01
9.870584724599896775e-01
9.963484611371935529e-01
9.641018958889829849e-01
9.931446496545890401e-01
9.981304916806880145e-01
9.949873426209995264e-01
9.794724417530534799e-01
1.000000000000000000e+00
9.670020248038471156e-01
9.947147953005858190e-01
9.963603118746980902e-01
9.985172004744958807e-01
9.524542406420051233e-01
9.814173070162222068e-01
7.284906327324143227e-01
9.151431807150945952e-01
9.986128477649265367e-01
9.906800077373520974e-01
1.000000000000000000e+00
9.819058663279768284e-01
9.942163279901740092e-01
9.126745095429056320e-01
9.705352075055925232e-01
9.887119871956869810e-01
9.823125226024920220e-01
9.897773311139725916e-01
9.888359019706922659e-01
9.781274914208464288e-01
9.981322622766566344e-01
9.965566352377003279e-01
1.000000000000000000e+00
1.000000000000000000e+00
9.823082106073731667e-01
1.000000000000000000e+00
9.832717925702278983e-01
9.776642335766423386e-01
9.990096234700551747e-01
9.893271283244553516e-01
9.951084040773818806e-01
9.899589228662710738e-01
1.000000000000000000e+00
9.991217551385769280e-01
9.594483160056267446e-01
1.000000000000000000e+00
9.834657611025023893e-01
9.986624834874504586e-01
9.845652047294543019e-01
9.992121848739495826e-01
9.769619528940592934e-01
9.999197406016244738e-01
9.999685480193115650e-01
9.997793874324374386e-01
9.263474144209760119e-01
9.936159479534503181e-01
9.955909624191046081e-01
9.998754553663169453e-01
9.977674206375073407e-01
1.000000000000000000e+00
1.000000000000000000e+00
1.000000000000000000e+00
9.616798149732281864e-01
9.763073859149126177e-01
9.859880626456034580e-01
9.567105118528560492e-01
9.642690896903569620e-01
9.932458349315411716e-01
9.250021763732915181e-01
9.328057167006031936e-01
9.997926469415423512e-01
9.934399621276164272e-01
9.601292929292929434e-01
9.662643764501643862e-01
9.907259983914120660e-01
9.907926411414313961e-01
9.999279058450336599e-01
9.782569881167297865e-01
9.967004520927519318e-01
9.998373560601131471e-01
