8.803710937500000000e-01
9.765014648437500000e-01
7.181396484375000000e-01
5.364532470703125000e-01
9.798278808593750000e-01
9.835357666015625000e-01
9.489135742187500000e-01
9.576416015625000000e-01
7.846374511718750000e-01
9.186248779296875000e-01
9.726257324218750000e-01
9.341430664062500000e-01
9.620819091796875000e-01
9.722442626953125000e-01
9.880218505859375000e-01
3.390655517578125000e-01
9.339447021484375000e-01
9.015960693359375000e-01
9.448089599609375000e-01
9.933166503906250000e-01
9.684600830078125000e-01
8.814086914062500000e-01
8.017425537109375000e-01
7.513275146484375000e-01
9.450836181640625000e-01
9.644927978515625000e-01
9.667510986328125000e-01
7.290649414062500000e-01
8.186035156250000000e-01
5.493316650390625000e-01
8.473663330078125000e-01
9.286651611328125000e-01
9.577636718750000000e-01
9.725036621093750000e-01
9.921264648437500000e-01
9.570465087890625000e-01
9.777679443359375000e-01
8.658447265625000000e-01
9.489135742187500000e-01
9.692993164062500000e-01
9.641113281250000000e-01
7.058410644531250000e-01
8.384094238281250000e-01
6.318664550781250000e-01
9.730224609375000000e-01
9.591064453125000000e-01
9.553222656250000000e-01
9.535522460937500000e-01
7.590637207031250000e-01
6.226654052734375000e-01
9.659118652343750000e-01
9.566802978515625000e-01
8.954620361328125000e-01
9.411010742187500000e-01
9.814300537109375000e-01
9.592590332031250000e-01
5.229949951171875000e-01
5.592346191406250000e-01
9.289398193359375000e-01
9.803161621093750000e-01
8.545074462890625000e-01
8.905487060546875000e-01
9.496765136718750000e-01
9.775390625000000000e-01
9.882965087890625000e-01
8.356933593750000000e-01
9.518585205078125000e-01
4.787597656250000000e-01
9.708099365234375000e-01
9.628295898437500000e-01
9.705047607421875000e-01
9.932403564453125000e-01
9.709472656250000000e-01
7.970733642578125000e-01
9.011230468750000000e-01
9.571075439453125000e-01
8.670043945312500000e-01
9.832763671875000000e-01
9.762268066406250000e-01
9.783477783203125000e-01
9.698638916015625000e-01
9.699859619140625000e-01
9.122924804687500000e-01
5.618743896484375000e-01
9.521026611328125000e-01
9.877777099609375000e-01
9.951171875000000000e-01
9.365539550781250000e-01
9.257049560546875000e-01
9.925689697265625000e-01
9.880828857421875000e-01
9.944915771484375000e-01
9.813232421875000000e-01
9.937896728515625000e-01
9.814453125000000000e-01
9.913330078125000000e-01
9.479675292968750000e-01
9.924316406250000000e-01
9.961547851562500000e-01
9.929046630859375000e-01
7.107391357421875000e-01
9.983673095703125000e-01
9.721221923828125000e-01
9.951171875000000000e-01
9.749450683593750000e-01
9.814910888671875000e-01
9.932098388671875000e-01
9.771881103515625000e-01
9.060211181640625000e-01
9.774169921875000000e-01
9.929351806640625000e-01
9.942169189453125000e-01
9.832611083984375000e-01
9.860687255859375000e-01
9.759216308593750000e-01
9.920806884765625000e-01
9.949951171875000000e-01
8.277893066406250000e-01
9.945983886718750000e-01
6.828155517578125000e-01
9.953155517578125000e-01
9.712677001953125000e-01
9.726409912109375000e-01
9.840240478515625000e-01
9.646911621093750000e-01
9.680938720703125000e-01
9.131317138671875000e-01
7.255401611328125000e-01
9.647521972656250000e-01
4.994354248046875000e-01
9.861450195312500000e-01
9.886627197265625000e-01
9.896087646484375000e-01
9.741668701171875000e-01
8.338775634765625000e-01
6.875152587890625000e-01
8.663787841796875000e-01
9.830169677734375000e-01
9.864044189453125000e-01
4.938812255859375000e-01
7.204895019531250000e-01
9.838714599609375000e-01
9.651794433593750000e-01
9.476776123046875000e-01
9.662628173828125000e-01
8.624725341796875000e-01
9.940490722656250000e-01
9.747009277343750000e-01
8.910980224609375000e-01
9.636840820312500000e-01
9.642181396484375000e-01
2.622833251953125000e-01
9.219207763671875000e-01
6.521453857421875000e-01
9.806365966796875000e-01
6.852569580078125000e-01
9.619598388671875000e-01
8.789825439453125000e-01
7.979736328125000000e-01
5.087127685546875000e-01
8.508605957031250000e-01
7.755584716796875000e-01
8.367919921875000000e-01
9.926757812500000000e-01
9.912109375000000000e-01
9.921722412109375000e-01
6.392517089843750000e-01
9.458007812500000000e-01
9.894866943359375000e-01
8.444366455078125000e-01
9.941558837890625000e-01
9.949798583984375000e-01
8.532257080078125000e-01
5.753479003906250000e-01
9.936370849609375000e-01
9.522857666015625000e-01
9.780120849609375000e-01
9.773254394531250000e-01
7.959442138671875000e-01
9.454040527343750000e-01
9.598541259765625000e-01
9.107055664062500000e-01
9.325866699218750000e-01
9.972534179687500000e-01
9.604187011718750000e-01
9.751586914062500000e-01
9.767913818359375000e-01
9.884033203125000000e-01
9.719848632812500000e-01
9.940490722656250000e-01
9.506225585937500000e-01
8.717041015625000000e-01
9.381713867187500000e-01
9.596252441406250000e-01
6.735534667968750000e-01
7.816619873046875000e-01
