3.681222401345762840e-01
7.379292198394947766e-01
1.973441850503319661e-01
8.950558213716108824e-02
5.099464422341239977e-01
6.169321039396479245e-01
6.749159265327240309e-01
5.509769094138543544e-01
3.029184646831705741e-01
1.757900374933047682e-01
7.715231788079470743e-01
7.894510739856801518e-01
6.565010657484833256e-01
5.630126771066368274e-01
5.517826825127334356e-01
9.209391956995791051e-02
5.143091505650747575e-01
2.129783693843594061e-01
4.572238853001417969e-01
9.164096236890808544e-01
6.683476214489830758e-01
2.905708787684412875e-01
1.949298110525380656e-01
2.505951290972349144e-01
2.810906441877406570e-01
6.963270963270963287e-01
8.440085401654656705e-01
2.395546712949244428e-01
4.135437881873726962e-01
1.081986537208797367e-01
2.020209258993836965e-01
3.607478446188123744e-01
3.455704929334711961e-01
7.363108956528650051e-01
6.443262411347517871e-01
6.848324089703400341e-01
6.426756985605419636e-01
7.677434030937216325e-02
6.116632084743911513e-01
7.344594594594594517e-01
6.939625260235947612e-01
1.864998139188686344e-01
1.255557385147373639e-01
1.514093471540280123e-01
7.666296433419721446e-01
5.893702220604295494e-01
6.667624245906348390e-01
4.694960212201591543e-01
3.289213000042153223e-01
2.776471356718270278e-01
7.754188661923341330e-01
7.264649174281163635e-01
4.545210445056051540e-01
6.535193315394419722e-01
0.000000000000000000e+00
7.358747447243022544e-01
2.900478722124660291e-01
1.456394655213552880e-01
6.510518934081346298e-01
5.359089831713675922e-01
5.802105981157010817e-01
5.566725895445618910e-01
7.390854694540888170e-01
8.771764705882353352e-01
5.751509374006991138e-01
5.691408533021624638e-01
3.804700162074554082e-01
1.388363292336802224e-01
5.947126939043041460e-01
7.916297328099277664e-01
6.237843371438320794e-01
6.927670869276708610e-01
6.971185765502588838e-01
3.903472732776888665e-01
2.341667584535741808e-01
1.752293577981651473e-01
1.139718804920913930e-01
7.228682170542635177e-01
8.456229250393150210e-01
4.843770427506863818e-01
6.897226378179307504e-01
7.411113638086573863e-01
4.220949059658737346e-01
2.362976099991554724e-01
5.047476939772110871e-01
5.991037573250602710e-01
7.435783879539414887e-01
3.015790386951240909e-01
6.316834394468405778e-01
9.668018052474566248e-01
6.974926733962878433e-01
8.878681437449338354e-01
8.191724137931034599e-01
8.764340344168259911e-01
3.903345724907062997e-01
5.245961820851688939e-01
1.321367194958945890e-01
9.255433613083710043e-01
8.339368856699430621e-01
8.120240480961923302e-01
3.463444230963697024e-02
8.079365079365079527e-01
0.000000000000000000e+00
8.588494184218798955e-01
6.506001846722068160e-01
6.973216401990992575e-01
8.054357204486626287e-01
7.515044767356524602e-01
6.598681499793984662e-01
8.326235515499653683e-01
8.970141700404857810e-01
8.153846153846153744e-01
6.157534246575342429e-01
4.211663066954643431e-01
8.668435348367127258e-01
8.536117621990197968e-01
8.129496402877698369e-01
6.860077205356717167e-01
9.493912278128209259e-01
9.769085984483312501e-02
9.599205856806055648e-01
7.536155069281441632e-01
7.178168874826972301e-01
9.102807283763277857e-01
7.422326976644525454e-01
7.003872784884402902e-01
7.046353012728615584e-01
1.189838776845737370e-04
8.579347928215728114e-01
1.623359156445018381e-01
8.017887357988880970e-01
8.594277590190154692e-01
7.475660639777468308e-01
7.736511185845883487e-01
5.202967068796869876e-01
1.973635073567854281e-01
6.229250393150445597e-02
2.289884247609461632e-01
6.270973154362415869e-01
1.876517611109595474e-01
4.040454364288561390e-02
7.796836287402325594e-01
5.554518297236743507e-01
7.603646624701541068e-01
8.365392354124748797e-01
5.764998868009961752e-01
9.144434222631094844e-01
6.755731225296442988e-01
5.962156372724027042e-02
3.901874078753421737e-01
4.539363484087102218e-01
1.627981889439682195e-01
3.478792822185970413e-01
3.880708759670576519e-02
3.647649602455014795e-01
1.529035695258391114e-01
1.643272851763094913e-02
1.635184125166952995e-01
1.978396487985212560e-01
2.939930644448064956e-01
2.650711630858489931e-01
5.238412804268088863e-01
3.533341737047774878e-01
8.669077757685352825e-01
5.723472668810289932e-01
8.465804066543437534e-01
3.225467328098820530e-01
7.143649088767237698e-01
8.658942296661695792e-01
5.347566182749786678e-01
7.297641810070107926e-01
8.962467644521139309e-01
6.148998060762767004e-01
8.574811696214189316e-02
7.450373807682392213e-01
1.207674943566591358e-01
7.969949916527545586e-01
8.122887493964268124e-01
4.421400537079115955e-01
7.126780264496439532e-01
6.007291171342526992e-01
6.956199828540253760e-01
6.901243599122165451e-01
8.792300527786401920e-01
7.087801608579088475e-01
4.485321910041577542e-01
6.532738095238095344e-01
8.408676631425446857e-01
7.892376681614349243e-01
9.385915492957745965e-01
7.445724868813663466e-01
5.458099968297580595e-01
4.683318465655664786e-01
7.056117755289788018e-01
4.453269112523057793e-01
4.743886377389385234e-01
