1.000000000000000000e+00
9.975150869719560109e-01
9.724963598123280706e-01
4.991492981709910737e-01
7.292340884573894622e-01
1.000000000000000000e+00
9.980862464914519450e-01
6.571996027805362406e-01
9.983130271790066068e-01
9.260372820204449962e-01
7.254628012574222407e-01
9.810003877471887845e-01
8.763731759304803637e-01
9.834437086092715496e-01
9.799825935596170323e-01
1.000000000000000000e+00
1.000000000000000000e+00
9.899635036496350349e-01
4.933039231132818614e-01
9.923502604166666297e-01
7.903023796743603446e-01
7.358436055469953496e-01
1.000000000000000000e+00
4.250045232495024417e-01
6.888780009799118087e-01
6.815463774162147104e-01
9.997737897752978498e-01
8.651104100946371833e-01
4.682157846248336530e-01
9.579694323144104517e-01
3.624527509449810836e-01
7.798999545247840004e-01
7.895035460992907428e-01
7.546561231921756763e-01
9.243967828418230281e-01
7.376027909294792240e-01
9.698067632850241315e-01
7.918562329390355092e-01
8.660594295953412125e-01
6.950908782062170665e-01
0.000000000000000000e+00
8.485060690943043715e-01
9.987068965517241770e-01
1.573948439620081463e-01
8.937070333157060009e-01
8.535123966942148588e-01
9.741717623437071705e-01
9.607099775977941958e-01
9.680661009379186721e-01
9.025982098458478209e-01
9.901755852842809569e-01
9.981543430614834289e-01
9.944185271576141405e-01
9.748416451066107546e-01
1.000000000000000000e+00
9.479487434190920769e-01
4.365687000905573156e-01
8.499368034011260953e-01
7.701420057390920837e-01
1.000000000000000000e+00
8.563298419809892703e-01
5.951324917548049820e-01
8.728891107229015400e-01
7.387513852973771611e-01
8.098982423681776455e-01
9.904811353409483932e-01
9.917624105787989919e-01
0.000000000000000000e+00
6.969368392518298094e-01
9.934881531460850734e-01
1.000000000000000000e+00
8.031383737517832078e-01
8.703257904028245395e-01
5.222227526614789950e-01
1.000000000000000000e+00
4.247598719316968974e-01
9.514263685427910566e-01
8.028673835125448299e-01
9.966993295513151274e-01
1.000000000000000000e+00
9.947943779281623877e-01
9.790874524714828775e-01
4.671487345717491579e-01
5.886053827333099786e-01
9.769169540992305167e-01
9.948216340621404141e-01
9.994061757719715500e-01
8.688583169555118557e-01
9.037927088442047063e-01
9.785714285714285365e-01
8.271792919680243106e-01
1.000000000000000000e+00
9.993264859403939715e-01
9.980910826288519333e-01
9.980952380952381464e-01
9.707724425887265252e-01
5.217391304347825942e-01
9.852787759360148723e-01
9.993909866017052224e-01
9.985583853916386587e-01
1.000000000000000000e+00
9.192982456140350589e-01
9.633278598795840253e-01
1.000000000000000000e+00
8.416392092257001245e-01
8.524757529351709717e-01
9.132973944294698887e-01
1.000000000000000000e+00
7.667114093959731536e-01
9.995249970312314325e-01
9.472864191119190203e-01
9.910714285714286031e-01
7.371218315617333872e-01
8.616843279419966750e-01
9.990544766892137662e-01
1.000000000000000000e+00
1.000000000000000000e+00
7.619986850756081953e-01
9.908326967150496989e-01
1.000000000000000000e+00
9.969171483622351060e-01
9.570747217806041540e-01
7.955968055255774329e-01
9.308703104170633624e-01
8.944274895444783713e-01
9.321170282708743926e-01
9.994893327280980344e-01
0.000000000000000000e+00
9.899467449190305635e-01
9.179784589892294733e-01
8.423913043478260532e-01
9.940206185567009856e-01
1.000000000000000000e+00
9.101511169513797350e-01
6.342427530615408759e-01
7.062900710448796193e-01
1.000000000000000000e+00
5.304347826086956985e-01
7.227533460803059473e-01
9.963652224483862119e-01
1.000000000000000000e+00
1.000000000000000000e+00
6.055064308681672447e-01
9.974338869484639103e-01
8.859620418848167533e-01
9.996946797954354702e-01
9.116738727609635662e-01
1.000000000000000000e+00
9.118736114539619519e-01
9.890054972513743214e-01
1.000000000000000000e+00
1.000000000000000000e+00
9.263574924260079557e-01
9.198014629049111601e-01
8.509527538501696631e-01
1.000000000000000000e+00
7.874047332531086685e-01
1.000000000000000000e+00
8.184971098265896305e-01
4.570712999921734410e-01
3.134833516282473642e-01
1.184365781710914473e-01
9.504091653027822995e-01
9.931874483897604744e-01
9.895833333333333703e-01
9.049820236260913697e-01
8.598097289535092669e-01
9.923700075357950734e-01
9.976394583178034292e-01
1.000000000000000000e+00
9.930875576036866104e-01
9.887344199424736857e-01
9.323169710169207924e-01
2.600777934936350788e-01
9.930795847750865102e-01
1.000000000000000000e+00
9.707818930041152150e-01
9.995541685242977925e-01
9.925114155251141268e-01
9.717643080564714042e-01
7.798313296249775872e-01
7.892587298345925539e-01
9.529603798783202739e-01
9.961281239000352450e-01
9.968701095461658390e-01
9.735045069653099903e-01
9.948481080120803455e-01
1.000000000000000000e+00
8.864927536231883565e-01
9.668755595344673548e-01
9.812942031859342995e-01
1.000000000000000000e+00
9.533563672260612076e-01
9.382498624105668483e-01
9.918306293867219514e-01
1.189081225033288974e-01
