8.513902524252457971e-01
9.743915061266735789e-01
8.804986942970263186e-01
7.833284018805273252e-01
9.880657014541001093e-01
9.845565942395149150e-01
9.271898506014073504e-01
9.895043057139550902e-01
8.592880516934934265e-01
9.173829317552016915e-01
9.992476174552750168e-01
9.225617589453067868e-01
9.386577384457492901e-01
9.616431170704521358e-01
9.718110798763726077e-01
4.984810290220412221e-01
8.334029018416175827e-01
9.918382167213942724e-01
9.999155248441433663e-01
9.772528286637931494e-01
9.927435901713179689e-01
9.456774006382361319e-01
6.999662232802019712e-01
9.843690113149694554e-01
9.372701532853842110e-01
9.998971634244580020e-01
9.181428626085625933e-01
7.018878557340095803e-01
9.997173790164789464e-01
6.426978277734678446e-01
9.865737331529463860e-01
9.659478443814791815e-01
9.744400187063585461e-01
9.998569512740277387e-01
9.912204928460366382e-01
9.947487393496783348e-01
8.146133298586226701e-01
9.309882983222895758e-01
9.401757337820153548e-01
9.979379369310465986e-01
9.997434055219132087e-01
8.078919872004179936e-01
8.333175145532776273e-01
9.946166181235068793e-01
9.891326847443593362e-01
9.863582443653617915e-01
9.406548306125066539e-01
9.490064118661376558e-01
6.311947684694237948e-01
9.091368710564633471e-01
9.221436386370740479e-01
9.598361088153058995e-01
9.248300082193827709e-01
8.269552892668470268e-01
7.515353161585223152e-01
9.694604193333212772e-01
9.565453557848995203e-01
7.231538014885717791e-01
9.728751564154394238e-01
9.563364258360171899e-01
7.799016707807177040e-01
9.917831074035453609e-01
9.793702700177520093e-01
9.800580758062344966e-01
9.954397702527850722e-01
5.882535994357080966e-01
6.432546000689395305e-01
9.703761252512287383e-01
9.901369508626125526e-01
9.257056260655427415e-01
8.321747604352769390e-01
9.948077462812237037e-01
9.423994604164910305e-01
1.000000000000000000e+00
7.783698504435179188e-01
9.149621363092865778e-01
8.958109559613318673e-01
9.869113787876317989e-01
9.695385111298150393e-01
9.340266386720031955e-01
9.186199267095346288e-01
9.325195347664829715e-01
1.000000000000000000e+00
9.705686608001182769e-01
9.895413408454352133e-01
8.425655976676384995e-01
9.890997932719414187e-01
9.555214468042509957e-01
9.427413605493227822e-01
9.959738681251899539e-01
9.938164650526951638e-01
9.889793885649107441e-01
9.811399902679664997e-01
9.947308021787971688e-01
9.986353627143875755e-01
9.989859436184651553e-01
9.605825182617308000e-01
9.930063786044386331e-01
9.956020909631577709e-01
9.907808683318887200e-01
7.158409276649549957e-01
9.992919373210602529e-01
9.985873267513224461e-01
9.832422702582155338e-01
9.891891891891891886e-01
9.930215196858060978e-01
9.767019428210392817e-01
9.711003707627118287e-01
9.457909658715439871e-01
9.718637835945023173e-01
9.967090864878008771e-01
9.950094458438286660e-01
9.914724996037407312e-01
9.936620491661829480e-01
9.618630158147797315e-01
9.806104537771420659e-01
9.913859624257885805e-01
8.727369324451346166e-01
9.938634706989202261e-01
7.596202371940449227e-01
9.893681494692732059e-01
9.752307470435535031e-01
9.921514539513652808e-01
9.995457353635933684e-01
9.796785972587274127e-01
9.710522774675368618e-01
7.338662548004675212e-01
8.657082201617183337e-01
9.520091653583400149e-01
7.402732727181056127e-01
9.954598521208976036e-01
9.847740829845433863e-01
9.886094721231817317e-01
9.837673260664783204e-01
9.726222593760687207e-01
7.385928218857190641e-01
8.722675593539329642e-01
9.847406215178903244e-01
9.960122312590631299e-01
5.837737393023969545e-01
7.172068437891222503e-01
9.516171573637532966e-01
9.770310435931307547e-01
9.366688022987166296e-01
9.959671368547419190e-01
9.280061027939353613e-01
9.998555330829239640e-01
8.873067869429949184e-01
9.275595673741563463e-01
9.571259935468638957e-01
8.009508061182306626e-01
2.969223409344602382e-01
6.764960404931015248e-01
7.461431256887275376e-01
9.129081922048456477e-01
8.938270805684135345e-01
8.843170534397157834e-01
8.863401334962865974e-01
9.366421805528706290e-01
9.349305331791731843e-01
9.633543330158962359e-01
9.968360031861226433e-01
9.763571500689933735e-01
9.489389046332300515e-01
9.936268472906404359e-01
9.879538913963107349e-01
8.495054601610472211e-01
8.945921340131099964e-01
9.848313531755005235e-01
6.560193770578662820e-01
9.970109287916056884e-01
9.951111400821328612e-01
9.440230436869899711e-01
9.892114192977279341e-01
9.579861443667592180e-01
7.249152488673447081e-01
9.673110599869518822e-01
9.774346591392181205e-01
6.742021763822225733e-01
8.838885061537602450e-01
9.818721544952720981e-01
9.208888308522678035e-01
9.540896692151061842e-01
9.969694552994656789e-01
9.497007405403578018e-01
9.810101010101009988e-01
9.654798270652845682e-01
9.875908934228452285e-01
9.952557502064627304e-01
9.932772200493844572e-01
6.915904537068264801e-01
7.676097418696222752e-01
9.977392492355734444e-01
9.015429310375370209e-01
7.814927108859076599e-01
9.380790244674954703e-01
