6.828771112405358501e-01
8.541217091066033440e-01
6.954116498535632962e-01
7.303400637619553715e-01
3.725780872922843656e-01
1.000000000000000000e+00
2.392909896602658792e-01
8.624310842740876559e-01
9.260122959508162443e-01
9.997445721583652078e-01
9.931076178960096534e-01
5.265539035147547287e-01
9.648980793288689517e-01
4.960284780702919338e-01
4.126307632700503825e-01
8.232793853196010980e-01
9.271580154860912248e-01
7.434785058313144734e-01
7.832003273992224068e-01
9.882005899705014196e-01
6.271449045202773798e-01
6.163599961864810878e-02
6.045216856351891543e-01
7.951444622792936956e-01
6.735307003817988525e-01
9.654664139818909252e-01
9.982687729928586551e-01
5.305992687966937238e-01
7.017817371937639104e-01
9.990936555891238857e-01
2.447890002194105241e-01
1.000000000000000000e+00
4.642177388656261727e-01
9.998487827007409567e-01
4.593611638203668468e-01
9.990909090909091406e-01
4.599916212819438743e-01
8.125821431700692710e-01
2.418567586412989356e-01
1.000000000000000000e+00
9.319291035191369366e-01
5.526537489469249831e-01
7.921002370916754298e-01
3.712807244501940551e-01
8.666976312122619541e-01
7.382334348600655405e-01
9.837242699856391104e-01
1.000000000000000000e+00
9.757479199858382080e-01
5.897714907508161408e-01
9.612220916568742224e-01
1.000000000000000000e+00
9.418531159145493437e-01
8.438329712768525281e-01
6.565861153792429405e-01
5.390552639703611870e-01
9.981998199819982487e-01
1.378345137622460741e-02
6.075552387740555949e-01
6.826298701298700866e-01
8.337628865979381798e-01
9.987166690432054406e-01
9.936034115138592249e-01
4.462391132224861612e-01
7.340731607069461706e-01
4.792617775619232856e-01
7.058987007573125361e-01
6.112054329371816586e-01
8.854600743326951351e-01
3.265739212449894069e-01
8.965087281795510732e-01
8.440435926343480277e-01
2.974706523054580498e-01
3.541010770505385041e-01
9.986678507992895470e-01
9.848605577689243384e-01
1.000000000000000000e+00
9.190751445086705607e-01
7.960490038598930784e-01
7.740018504021065615e-01
8.505976095617530097e-01
2.294241388377596669e-01
6.591920374707259667e-01
9.627172195892574891e-01
7.047387606318347153e-01
9.903040987219039470e-01
5.227546714888486878e-01
7.798114254021075720e-01
6.975054824561403022e-01
9.028716216216216006e-01
8.723710132580799748e-01
5.579125455491931174e-01
7.789384528514963213e-01
9.183815028901733957e-01
2.815086342678770753e-02
7.083844580777096667e-01
8.497967256345456688e-01
9.644589806486780770e-01
7.303268765133171803e-01
2.837410694955618262e-01
9.952798381658799487e-01
6.735870818915801195e-01
8.416301099879204273e-01
8.732205339596414984e-01
7.513185232539555392e-01
9.749262536873156693e-01
9.346677787044759267e-01
6.163673324754285199e-01
0.000000000000000000e+00
9.472247497725204690e-01
9.923547400611620883e-01
1.000000000000000000e+00
9.319294082752483943e-01
6.633791241047317655e-01
1.594724220623501276e-01
6.040627227369921304e-01
8.215289488476672508e-01
8.642253521126760374e-01
7.920569501686024472e-01
6.724447101016138850e-01
9.813011297234125463e-01
7.628865979381442841e-01
8.866622574955907998e-01
9.589930978481526758e-01
9.509433962264151052e-01
7.982608695652173569e-01
6.271945668665558360e-01
9.511996746644977296e-01
7.676680110059930229e-01
9.591301087364079159e-01
5.323444581788215890e-01
6.265402052679888145e-01
8.664661586124239312e-01
6.928658619286586218e-01
9.778095919828203586e-01
3.314756034546393892e-01
6.826265389876881029e-01
8.232071713147410819e-01
5.150541090753241180e-01
9.646753246753246858e-01
9.663461538461538547e-01
1.672648593610792933e-01
6.120139108441353670e-01
9.364640883977900510e-01
1.000000000000000000e+00
9.137582924718776756e-01
6.448434125269978390e-01
6.411333943579928807e-01
4.955387783115992040e-01
1.000000000000000000e+00
3.475144508670520160e-01
9.956087824351297355e-01
5.651585291291816304e-01
7.195622435020520014e-01
3.325643696978717312e-01
9.772141866455319459e-01
9.549114331723027593e-01
7.103093697367254267e-01
4.555214059997402809e-01
8.967061923583662386e-01
8.054298642533936903e-01
8.585234631862109778e-01
6.894529046813310247e-01
6.005122696852019937e-01
7.177627602878963176e-01
6.353969410050983591e-01
8.125000000000000000e-01
4.944459208078660906e-01
6.593334427844360635e-01
9.704411095952705235e-01
7.422012948793408338e-01
2.980993365608750056e-01
9.110320284697508431e-01
7.013781055900620842e-01
6.424959921075348301e-01
7.469879518072288782e-01
7.647571335221085009e-01
8.592860204519012779e-01
9.927729174591098937e-01
3.069165002815747445e-01
1.627494456762749453e-01
6.683527600615790654e-01
8.807407407407407129e-01
8.698398660812987904e-02
9.997329059829059839e-01
9.076417737416674347e-01
9.649446494464944957e-01
7.541689080150618119e-02
8.422390451456042149e-01
8.748557507372740627e-01
7.813040969417195392e-01
5.200217430693966358e-01
6.862647915246886665e-01
5.322758316809870216e-01
8.524899693179136539e-01
3.830147592547786251e-01
6.979786553877932453e-01
9.661505768063145538e-01
8.412206988058381629e-01
8.490318345914014131e-01
8.946503185149667914e-01
8.743851683692773769e-01
8.381818181818181390e-01
8.174904942965779409e-01
9.861111111111111605e-01
8.166855845629965582e-01
6.910021945866862136e-01
8.876221498371335006e-01
9.088538432882156126e-01
8.856065367693274348e-01
9.606506036268120940e-01
9.068184354424729809e-01
9.642072213500785249e-01
4.888522985180899783e-01
8.413098236775818917e-01
9.939137337920084248e-01
9.662180719582532662e-01
9.586950802420415307e-01
8.865177360645207782e-01
9.980110571736785507e-01
8.319689665991614191e-01
9.976029962546816288e-01
8.086391082210868664e-01
8.910761154855643129e-01
9.036361090365945259e-01
9.971451876019575833e-01
6.321160042964554249e-01
9.722889636392759716e-01
4.555269922879177646e-01
7.709843600579943113e-01
9.966451354463973233e-01
2.834372089691238883e-01
9.996132525460873497e-01
8.273733162283515297e-01
9.979185168738898826e-01
8.022786964080937944e-01
9.884785353535353591e-01
9.991560469237910080e-01
9.896767591645097006e-01
9.895143169902632652e-01
9.992067539237350360e-01
6.043790337173532423e-01
8.894218304381643625e-01
7.963274279063752292e-01
9.648514104691506832e-01
9.682506307821698854e-01
7.608175894238432546e-01
6.493844238483884590e-01
7.686655426658949297e-01
4.209360240446543555e-01
9.949549549549550065e-01
9.716452357401912376e-01
9.273072060682679973e-01
9.998882556710246838e-01
9.935925654194179835e-01
9.268472646779803981e-01
8.600860791646087744e-01
9.806763285024154841e-01
3.522776157927441365e-01
8.858783304302948469e-01
4.520300751879699486e-01
8.024288047723883155e-01
9.318307982680137380e-01
9.990713224368499290e-01
9.997367035281726766e-01
8.244736842105263586e-01
7.717835262083049264e-01
8.859973867595818398e-01
9.419354838709677047e-01
5.925384052670080726e-01
7.217900274134992911e-01
7.977193852255825002e-01
9.976542764345002201e-01
9.993493289955266423e-01
8.363711681855841018e-01
9.398132557783560603e-01
7.767798886969871086e-01
9.862736415965589476e-01
9.963037160351005950e-01
9.922254616132166749e-01
5.047648968478374298e-01
8.843917710196780302e-01
8.234535043148640820e-01
9.798177481499602548e-01
9.928039324988597869e-01
7.822518197305250442e-01
9.754066235547717012e-01
9.801160923798938329e-01
9.977649224296607500e-01
8.695149630127774198e-01
9.234669760646297965e-01
5.253283302063790350e-01
9.269677093844601590e-01
8.320806437350782847e-01
9.269746646795826717e-01
7.010677688797037899e-01
9.577931034482758399e-01
9.732472818809919657e-01
6.785028478437754584e-01
1.000000000000000000e+00
9.933998349958749197e-01
8.330628043451117071e-01
9.566406250000000222e-01
7.278898082544715820e-01
9.328257038275565849e-01
9.997043169722057421e-01
9.988620199146515111e-01
7.641879452493396396e-01
9.817801832699212250e-01
9.812962962962963331e-01
7.491780015920811442e-01
1.000000000000000000e+00
7.561357702349869037e-01
5.535886038108607243e-01
9.173244147157190165e-01
9.001386036103735666e-01
8.530414464107868300e-01
8.237527748568758135e-01
9.425761699885855105e-01
3.601391779396462267e-01
9.894019231341728560e-01
8.456817575380236596e-01
9.946566839444550556e-01
6.819526961393362896e-01
9.996206661103103075e-01
7.435725463894478082e-01
7.584355828220858964e-01
8.883932005230367190e-01
9.527873036127283424e-01
9.908802131365919141e-01
8.630621526023244394e-01
9.802205960335136359e-01
5.498674281052416957e-01
9.829250940136192716e-01
9.884066737234740163e-01
9.950623145400593339e-01
9.298165437096037600e-01
9.969519343493552510e-01
7.281288385423775322e-01
6.417751536562938952e-01
9.756456117998726363e-01
8.360383315792389025e-01
7.771701982228298444e-01
8.664702731655061774e-01
9.988967654100746607e-01
5.301779628928435795e-01
9.276724400590620201e-01
8.691850076727417607e-01
9.773602340982596726e-01
8.848380734236813705e-01
9.999165414788849793e-01
9.999526739233317585e-01
7.507556597372154750e-01
8.083046964490263608e-01
9.961782753794811152e-01
9.990530303030302761e-01
9.989337289353514837e-01
8.123849123849123943e-01
9.964554177106887956e-01
9.359675705458695427e-01
8.932172318973419234e-01
6.223601852323037420e-01
9.997653270753886767e-01
9.931793431535507199e-01
8.199925712693842961e-01
9.971155885471898461e-01
9.828499266742708462e-01
7.680136001046161676e-01
9.254901032294724494e-01
7.268101896718814903e-01
9.608504509967407126e-01
9.683667890338202300e-01
9.817003118332512379e-01
8.752424218272628620e-01
9.067081873621383181e-01
9.959171329200060541e-01
9.746734470036892972e-01
8.285978999382335175e-01
9.993596263231250276e-01
9.999395258829221200e-01
7.608184143222506135e-01
8.953157829687307112e-01
9.853775257001063936e-01
6.624242120559202807e-01
9.763808738664467857e-01
9.052610360814351553e-01
8.120236362079301662e-01
8.954750026166137244e-01
6.733484399511939777e-01
8.531754574811625247e-01
9.634690462911321696e-01
5.963280611866043079e-01
9.331409331409331598e-01
8.518405694863079303e-01
6.875661842569713578e-01
5.605321644647487389e-01
9.971037651053630269e-01
9.966890380313199183e-01
5.726787403703202939e-01
9.863174683119281250e-01
1.000000000000000000e+00
7.570832656156888385e-01
9.777353576079781394e-01
9.099706129303106739e-01
9.659013412139122456e-01
7.969366597552003384e-01
9.855172413793102937e-01
7.885132640683508720e-01
9.399030694668820685e-01
6.966580976863753216e-01
9.953882240686995342e-01
7.834657939847280428e-01
7.886092715231788342e-01
8.374870197300103847e-01
9.836649214659686224e-01
9.236279520949147726e-01
9.147450954444701354e-01
9.919480628978541992e-01
1.000000000000000000e+00
4.402667264372968625e-01
9.077377695085914189e-01
5.658836829544027225e-01
9.873185382946770838e-01
5.391214824982841769e-01
8.045297172533178998e-01
4.892092018234999728e-01
9.513445226493413287e-01
9.833586986352635950e-01
7.388784461152881899e-01
8.767021769337656201e-01
9.988951741205586154e-01
2.060276577712549240e-01
9.612466440994513750e-01
7.016715988162840478e-01
9.558426430878381730e-01
9.061006466123137093e-01
7.950555206369159800e-01
8.825636398436004226e-01
7.020478249809208871e-01
6.467150002810093667e-01
6.082379964764389468e-01
7.174634328706949171e-01
6.982951610125710529e-01
5.262621552066600872e-01
6.365640748740101218e-01
8.259043714040076312e-01
9.127716937465703007e-01
9.363184079601990506e-01
8.910071942446042836e-01
9.313244569025928010e-01
9.625174337517433676e-01
9.783945282599569859e-01
9.164218566392479115e-01
9.779892076114740096e-01
6.372282608695651884e-01
9.549125640845564922e-01
7.951405761888232782e-01
9.101224246043595478e-01
8.572627629110298741e-01
8.265114196148678483e-01
9.724792408066429417e-01
8.394523326572007615e-01
8.547571962206108598e-01
1.361763993215410647e-02
1.000000000000000000e+00
9.111099969918781127e-01
9.929955460809318790e-01
9.777425533320124318e-01
4.811177008368691110e-01
9.362835630061088210e-01
9.985784011751883682e-01
9.362287511054337985e-01
8.776311095255083794e-01
9.987593052109181579e-01
5.103914934751087040e-01
8.867276887871853308e-01
5.441458733205374321e-01
9.985724482512491340e-01
8.822695035460993429e-01
7.457404980340760492e-01
9.630136986301369717e-01
9.837977965003240621e-01
9.840531561461793864e-01
1.467635120700704898e-01
6.045534924845269442e-01
9.612244897959183465e-01
9.917582417582417875e-01
9.898989898989899450e-01
9.555361813426329620e-01
6.315513626834381444e-01
8.581173260572987349e-01
7.684038326711848388e-01
7.164530473450170245e-01
9.497335271317829397e-01
5.038374717832957428e-01
9.553563343294394494e-01
7.825403949730700415e-01
9.793233082706767068e-01
9.410919540229885083e-01
9.038112522686025940e-01
7.585842577918647800e-01
8.940719144800777229e-01
2.766272189349112676e-01
7.766627448266315570e-01
6.834424695977548980e-01
5.551863041289023526e-01
9.440069991251093251e-01
9.995930824008137927e-01
9.708511709896751052e-01
9.999208422385814643e-01
7.886445684279619339e-01
7.797356828193832134e-01
8.041627246925260319e-01
9.302857142857142714e-01
9.068181818181818565e-01
9.656148867313916195e-01
8.819351975144251732e-01
9.072420634920634885e-01
4.521790867172393452e-02
9.992942836979534782e-01
7.709217123023525131e-01
9.491437467566165020e-01
6.199052132701421414e-01
8.156146179401992935e-01
9.484087764380312313e-01
7.868700878409615740e-01
8.868778280542986003e-01
9.571788413098236692e-01
8.649999999999999911e-01
7.133418975958891739e-01
9.932239657631953822e-01
9.936548223350253339e-01
7.929708951125754579e-01
8.968968968968968891e-01
9.474671669793620632e-01
8.790172557572647483e-01
9.947698744769873924e-01
8.730031948881789017e-01
9.039707124753590950e-01
6.480234260614934350e-01
7.789103690685412751e-01
8.828464885021752862e-01
4.689735163348153768e-01
8.503679476696647255e-01
7.921653971708378927e-01
9.820828667413213919e-01
8.390325271059215773e-01
9.531097362422663588e-01
7.771228989303645696e-01
8.868395773294909246e-01
9.039665970772442494e-01
9.691876750700280096e-01
4.984488107549120972e-01
9.642701525054466760e-01
7.676503548748598860e-01
4.251458198314970738e-01
7.035305278850715327e-01
9.798356982823002159e-01
7.305605786618445396e-01
8.877005347593582840e-01
9.041350693947631800e-01
7.454575487281136503e-01
9.711514235323759348e-01
9.940997977073500191e-01
9.920227920227919771e-01
5.727201036444544702e-01
1.065651760228353978e-01
8.763809745319223188e-01
8.963414634146341653e-01
8.450319051959890304e-01
9.678061732492532210e-01
8.814277071990320733e-01
7.128378378378378288e-01
7.064900662251655250e-01
9.090219863532980060e-01
9.165223415310010946e-01
9.678953626634958507e-01
9.937775993576877243e-01
9.483082706766917669e-01
9.398496240601503793e-01
7.183440878236821980e-01
9.159049360146251928e-01
9.039700374531834948e-01
9.190992493744787328e-01
9.974358974358974450e-01
9.599582172701950356e-01
9.984871406959152651e-01
8.987993138936535287e-01
1.000000000000000000e+00
7.634803921568626972e-01
7.474402730375426795e-01
9.458598726114649802e-01
7.933104631217838820e-01
9.124999999999999778e-01
6.539693241193325068e-01
5.426356589147286469e-01
9.278846153846154188e-01
5.132962275819418219e-01
8.509286412512219178e-01
6.645028031867807883e-01
