8.369598388671875000e-01
9.842681884765625000e-01
9.857177734375000000e-01
7.799682617187500000e-01
6.966857910156250000e-01
8.938446044921875000e-01
9.607086181640625000e-01
9.919433593750000000e-01
9.387207031250000000e-01
9.714355468750000000e-01
8.193664550781250000e-01
6.796569824218750000e-01
9.391632080078125000e-01
7.105255126953125000e-01
7.686767578125000000e-01
6.965484619140625000e-01
9.531402587890625000e-01
7.838592529296875000e-01
9.570617675781250000e-01
9.866638183593750000e-01
5.944213867187500000e-01
6.996307373046875000e-01
8.019561767578125000e-01
9.660949707031250000e-01
7.483825683593750000e-01
9.918975830078125000e-01
9.834747314453125000e-01
9.025421142578125000e-01
9.365692138671875000e-01
9.840087890625000000e-01
5.261383056640625000e-01
9.571685791015625000e-01
7.852325439453125000e-01
9.893951416015625000e-01
7.913208007812500000e-01
9.976806640625000000e-01
6.645355224609375000e-01
9.197540283203125000e-01
8.579406738281250000e-01
9.117584228515625000e-01
9.417572021484375000e-01
9.675903320312500000e-01
7.940979003906250000e-01
9.258422851562500000e-01
9.946289062500000000e-01
9.268188476562500000e-01
9.976959228515625000e-01
9.942169189453125000e-01
9.975433349609375000e-01
9.942474365234375000e-01
9.922332763671875000e-01
9.963378906250000000e-01
9.915618896484375000e-01
9.901275634765625000e-01
7.944183349609375000e-01
9.772186279296875000e-01
9.969024658203125000e-01
2.903442382812500000e-01
8.718414306640625000e-01
9.698028564453125000e-01
9.940948486328125000e-01
9.611816406250000000e-01
9.701080322265625000e-01
9.466400146484375000e-01
8.981628417968750000e-01
9.112243652343750000e-01
9.326171875000000000e-01
9.860229492187500000e-01
9.843139648437500000e-01
9.564208984375000000e-01
9.961547851562500000e-01
9.936523437500000000e-01
8.228454589843750000e-01
6.411590576171875000e-01
9.718322753906250000e-01
9.985198974609375000e-01
6.799011230468750000e-01
9.988250732421875000e-01
8.670806884765625000e-01
8.860321044921875000e-01
9.928131103515625000e-01
9.105682373046875000e-01
9.111175537109375000e-01
9.974212646484375000e-01
9.925842285156250000e-01
9.985961914062500000e-01
9.516754150390625000e-01
9.938659667968750000e-01
9.663238525390625000e-01
9.964752197265625000e-01
9.612579345703125000e-01
8.417816162109375000e-01
9.880523681640625000e-01
9.944915771484375000e-01
4.821777343750000000e-01
9.891204833984375000e-01
9.161224365234375000e-01
9.296264648437500000e-01
9.864044189453125000e-01
7.475891113281250000e-01
9.977264404296875000e-01
9.956817626953125000e-01
9.619903564453125000e-01
9.596252441406250000e-01
9.521179199218750000e-01
9.986419677734375000e-01
9.956054687500000000e-01
6.753082275390625000e-01
9.098358154296875000e-01
9.989776611328125000e-01
9.980773925781250000e-01
9.582824707031250000e-01
9.673309326171875000e-01
9.405670166015625000e-01
8.930358886718750000e-01
9.724578857421875000e-01
9.799804687500000000e-01
9.595489501953125000e-01
9.322509765625000000e-01
9.902954101562500000e-01
9.970550537109375000e-01
9.950866699218750000e-01
8.265838623046875000e-01
9.974212646484375000e-01
9.994506835937500000e-01
9.858398437500000000e-01
9.212646484375000000e-01
9.979858398437500000e-01
9.059448242187500000e-01
9.973754882812500000e-01
8.787689208984375000e-01
7.941589355468750000e-01
8.880310058593750000e-01
7.149963378906250000e-01
9.983520507812500000e-01
7.236175537109375000e-01
9.964599609375000000e-01
9.945678710937500000e-01
9.309387207031250000e-01
9.975280761718750000e-01
9.974365234375000000e-01
5.008239746093750000e-01
9.063720703125000000e-01
9.096527099609375000e-01
6.430206298828125000e-01
9.755096435546875000e-01
9.598541259765625000e-01
8.668518066406250000e-01
9.687805175781250000e-01
5.962371826171875000e-01
9.138793945312500000e-01
9.973754882812500000e-01
8.480529785156250000e-01
9.968719482421875000e-01
8.631439208984375000e-01
9.923858642578125000e-01
9.970397949218750000e-01
8.992767333984375000e-01
8.080749511718750000e-01
9.921264648437500000e-01
9.879455566406250000e-01
8.850250244140625000e-01
9.578399658203125000e-01
9.253997802734375000e-01
9.211578369140625000e-01
8.335266113281250000e-01
9.772949218750000000e-01
8.548583984375000000e-01
9.667816162109375000e-01
9.971008300781250000e-01
9.933013916015625000e-01
8.805389404296875000e-01
9.958190917968750000e-01
9.060974121093750000e-01
9.557495117187500000e-01
9.477233886718750000e-01
9.340820312500000000e-01
9.649047851562500000e-01
9.966125488281250000e-01
7.926940917968750000e-01
9.135742187500000000e-01
9.769897460937500000e-01
8.756713867187500000e-01
5.589141845703125000e-01
9.931335449218750000e-01
9.837646484375000000e-01
9.956665039062500000e-01
4.754638671875000000e-01
9.561309814453125000e-01
9.842529296875000000e-01
8.886108398437500000e-01
9.595794677734375000e-01
9.225006103515625000e-01
8.704223632812500000e-01
9.082489013671875000e-01
8.832702636718750000e-01
8.649902343750000000e-01
9.957122802734375000e-01
9.945068359375000000e-01
9.929351806640625000e-01
9.723358154296875000e-01
9.937438964843750000e-01
9.986419677734375000e-01
9.963378906250000000e-01
9.951782226562500000e-01
9.816589355468750000e-01
8.378143310546875000e-01
9.877777099609375000e-01
9.878387451171875000e-01
9.963378906250000000e-01
8.722381591796875000e-01
9.684448242187500000e-01
9.956665039062500000e-01
8.247375488281250000e-01
9.901733398437500000e-01
9.717102050781250000e-01
9.946899414062500000e-01
9.694519042968750000e-01
9.496307373046875000e-01
8.865661621093750000e-01
9.081115722656250000e-01
9.812927246093750000e-01
9.602050781250000000e-01
9.606781005859375000e-01
9.266357421875000000e-01
9.651031494140625000e-01
9.345092773437500000e-01
9.926757812500000000e-01
5.786895751953125000e-01
8.823089599609375000e-01
9.734649658203125000e-01
6.947479248046875000e-01
9.526214599609375000e-01
9.011383056640625000e-01
9.571838378906250000e-01
9.179992675781250000e-01
9.818420410156250000e-01
9.781341552734375000e-01
9.600830078125000000e-01
9.921112060546875000e-01
8.750915527343750000e-01
7.994537353515625000e-01
9.868927001953125000e-01
9.036712646484375000e-01
9.914093017578125000e-01
9.883880615234375000e-01
8.147430419921875000e-01
7.743225097656250000e-01
8.551330566406250000e-01
4.575653076171875000e-01
9.943237304687500000e-01
9.934997558593750000e-01
9.640045166015625000e-01
9.811706542968750000e-01
9.584045410156250000e-01
9.881134033203125000e-01
9.697418212890625000e-01
9.987792968750000000e-01
7.932281494140625000e-01
9.447021484375000000e-01
5.059967041015625000e-01
9.151000976562500000e-01
9.873657226562500000e-01
9.961700439453125000e-01
9.467010498046875000e-01
9.244842529296875000e-01
9.589996337890625000e-01
9.840240478515625000e-01
9.635162353515625000e-01
7.156066894531250000e-01
8.854064941406250000e-01
9.937744140625000000e-01
9.689636230468750000e-01
9.722442626953125000e-01
9.751129150390625000e-01
9.629211425781250000e-01
8.952484130859375000e-01
9.909210205078125000e-01
9.487457275390625000e-01
9.900207519531250000e-01
7.072296142578125000e-01
9.720458984375000000e-01
9.622497558593750000e-01
9.917144775390625000e-01
9.754028320312500000e-01
9.785156250000000000e-01
9.949188232421875000e-01
9.949340820312500000e-01
9.926757812500000000e-01
8.931579589843750000e-01
9.723968505859375000e-01
8.378601074218750000e-01
9.902038574218750000e-01
9.404602050781250000e-01
9.733428955078125000e-01
8.940582275390625000e-01
9.920501708984375000e-01
9.527435302734375000e-01
8.492736816406250000e-01
9.015655517578125000e-01
9.793701171875000000e-01
9.375152587890625000e-01
9.687805175781250000e-01
9.161987304687500000e-01
9.505462646484375000e-01
9.910125732421875000e-01
9.926147460937500000e-01
9.100952148437500000e-01
9.901123046875000000e-01
9.962310791015625000e-01
8.893280029296875000e-01
8.989715576171875000e-01
8.983154296875000000e-01
7.357177734375000000e-01
9.808807373046875000e-01
9.066619873046875000e-01
8.727722167968750000e-01
8.526611328125000000e-01
8.476257324218750000e-01
6.997528076171875000e-01
9.658203125000000000e-01
9.714813232421875000e-01
9.531860351562500000e-01
7.849884033203125000e-01
9.702453613281250000e-01
9.474945068359375000e-01
9.903869628906250000e-01
9.766082763671875000e-01
9.788818359375000000e-01
9.973754882812500000e-01
9.958648681640625000e-01
9.685821533203125000e-01
9.663238525390625000e-01
9.862518310546875000e-01
9.688720703125000000e-01
8.834686279296875000e-01
9.638061523437500000e-01
9.507598876953125000e-01
9.088134765625000000e-01
8.870544433593750000e-01
9.605712890625000000e-01
9.127807617187500000e-01
8.686523437500000000e-01
9.213409423828125000e-01
9.772186279296875000e-01
8.106536865234375000e-01
9.504699707031250000e-01
8.991241455078125000e-01
9.921264648437500000e-01
9.706726074218750000e-01
9.871368408203125000e-01
9.753723144531250000e-01
8.723297119140625000e-01
9.489288330078125000e-01
9.865112304687500000e-01
9.947509765625000000e-01
9.401550292968750000e-01
9.025726318359375000e-01
9.940032958984375000e-01
9.564056396484375000e-01
9.554443359375000000e-01
8.867645263671875000e-01
9.773559570312500000e-01
8.844299316406250000e-01
9.384613037109375000e-01
9.537963867187500000e-01
9.860382080078125000e-01
9.179534912109375000e-01
9.281005859375000000e-01
7.389984130859375000e-01
9.786682128906250000e-01
9.756317138671875000e-01
9.843444824218750000e-01
9.274597167968750000e-01
9.739685058593750000e-01
9.522857666015625000e-01
9.930877685546875000e-01
8.905181884765625000e-01
9.731140136718750000e-01
9.794006347656250000e-01
9.643249511718750000e-01
8.962402343750000000e-01
9.768981933593750000e-01
8.972015380859375000e-01
9.832305908203125000e-01
9.927978515625000000e-01
9.664001464843750000e-01
9.039611816406250000e-01
9.714050292968750000e-01
9.583435058593750000e-01
9.975585937500000000e-01
6.673126220703125000e-01
9.978637695312500000e-01
8.565826416015625000e-01
8.919525146484375000e-01
7.827606201171875000e-01
9.907989501953125000e-01
9.519500732421875000e-01
8.005218505859375000e-01
9.941864013671875000e-01
7.021789550781250000e-01
9.315795898437500000e-01
9.761047363281250000e-01
9.311981201171875000e-01
9.960327148437500000e-01
9.532928466796875000e-01
9.986724853515625000e-01
8.102874755859375000e-01
9.969940185546875000e-01
9.405822753906250000e-01
9.515991210937500000e-01
9.575958251953125000e-01
9.756317138671875000e-01
9.808959960937500000e-01
9.947967529296875000e-01
9.631195068359375000e-01
9.413757324218750000e-01
9.895019531250000000e-01
9.289855957031250000e-01
8.475799560546875000e-01
9.868621826171875000e-01
4.284973144531250000e-01
9.894256591796875000e-01
9.590148925781250000e-01
9.363403320312500000e-01
7.036590576171875000e-01
9.530334472656250000e-01
9.829559326171875000e-01
9.745635986328125000e-01
9.796295166015625000e-01
9.632110595703125000e-01
4.139099121093750000e-01
9.874877929687500000e-01
9.421691894531250000e-01
8.601989746093750000e-01
9.898071289062500000e-01
9.253692626953125000e-01
9.277496337890625000e-01
9.276885986328125000e-01
9.040832519531250000e-01
7.294311523437500000e-01
9.076538085937500000e-01
9.732666015625000000e-01
5.794677734375000000e-01
8.767547607421875000e-01
9.192047119140625000e-01
9.344024658203125000e-01
9.911956787109375000e-01
9.760284423828125000e-01
9.926605224609375000e-01
9.793243408203125000e-01
9.807586669921875000e-01
9.910583496093750000e-01
9.947662353515625000e-01
8.237915039062500000e-01
9.825744628906250000e-01
9.549713134765625000e-01
9.951324462890625000e-01
9.552764892578125000e-01
9.702758789062500000e-01
9.948883056640625000e-01
9.509429931640625000e-01
9.883880615234375000e-01
3.788452148437500000e-01
7.001495361328125000e-01
9.249114990234375000e-01
9.901580810546875000e-01
9.853973388671875000e-01
6.609344482421875000e-01
9.810943603515625000e-01
9.892578125000000000e-01
9.863739013671875000e-01
9.946746826171875000e-01
9.967041015625000000e-01
9.845428466796875000e-01
9.969787597656250000e-01
9.927520751953125000e-01
9.986114501953125000e-01
9.987182617187500000e-01
9.970397949218750000e-01
9.965820312500000000e-01
9.985198974609375000e-01
9.984283447265625000e-01
9.390563964843750000e-01
9.727020263671875000e-01
9.993133544921875000e-01
9.971008300781250000e-01
9.983062744140625000e-01
9.970245361328125000e-01
9.673919677734375000e-01
9.936523437500000000e-01
9.388732910156250000e-01
9.669189453125000000e-01
9.934082031250000000e-01
9.832153320312500000e-01
9.907989501953125000e-01
9.852142333984375000e-01
9.977722167968750000e-01
9.983367919921875000e-01
9.964904785156250000e-01
9.930267333984375000e-01
9.966430664062500000e-01
9.477691650390625000e-01
9.507141113281250000e-01
9.690704345703125000e-01
8.415985107421875000e-01
9.988708496093750000e-01
9.902038574218750000e-01
9.845275878906250000e-01
9.617614746093750000e-01
9.901733398437500000e-01
9.923706054687500000e-01
9.880371093750000000e-01
9.957733154296875000e-01
9.956054687500000000e-01
9.984436035156250000e-01
9.918518066406250000e-01
9.467773437500000000e-01
9.020538330078125000e-01
9.972686767578125000e-01
9.909057617187500000e-01
9.952545166015625000e-01
9.815216064453125000e-01
9.949188232421875000e-01
9.958953857421875000e-01
9.929351806640625000e-01
9.965667724609375000e-01
9.983978271484375000e-01
9.979248046875000000e-01
9.761657714843750000e-01
9.944915771484375000e-01
9.983367919921875000e-01
9.942474365234375000e-01
9.983215332031250000e-01
9.969940185546875000e-01
9.266815185546875000e-01
9.973144531250000000e-01
9.950408935546875000e-01
9.919128417968750000e-01
9.633178710937500000e-01
9.904022216796875000e-01
9.942321777343750000e-01
9.161682128906250000e-01
9.915466308593750000e-01
9.970855712890625000e-01
9.963684082031250000e-01
9.919738769531250000e-01
9.976196289062500000e-01
9.844207763671875000e-01
9.686889648437500000e-01
9.978790283203125000e-01
9.980163574218750000e-01
9.777984619140625000e-01
9.980468750000000000e-01
9.844665527343750000e-01
9.458618164062500000e-01
9.332427978515625000e-01
9.973907470703125000e-01
9.977264404296875000e-01
9.976501464843750000e-01
9.521026611328125000e-01
9.763793945312500000e-01
9.761657714843750000e-01
9.887237548828125000e-01
8.256530761718750000e-01
7.685089111328125000e-01
7.420959472656250000e-01
9.835510253906250000e-01
9.981842041015625000e-01
9.945068359375000000e-01
9.942626953125000000e-01
9.964141845703125000e-01
9.908752441406250000e-01
9.830932617187500000e-01
9.981079101562500000e-01
9.962921142578125000e-01
9.992065429687500000e-01
9.949340820312500000e-01
9.989929199218750000e-01
9.982910156250000000e-01
9.487152099609375000e-01
9.992218017578125000e-01
9.878540039062500000e-01
9.777832031250000000e-01
9.981079101562500000e-01
9.977264404296875000e-01
7.611846923828125000e-01
9.980926513671875000e-01
9.801177978515625000e-01
9.970550537109375000e-01
9.919128417968750000e-01
9.987335205078125000e-01
9.963226318359375000e-01
9.987640380859375000e-01
9.686737060546875000e-01
9.414825439453125000e-01
9.983520507812500000e-01
9.879913330078125000e-01
9.953460693359375000e-01
9.653015136718750000e-01
