6.657955225290468348e-01
8.664089347079038106e-01
7.126586397657013183e-01
7.234836997725550001e-01
3.788788311894553118e-01
2.191539365452409016e-01
2.874446085672082707e-01
9.091618948464341710e-01
4.601354872329337931e-01
7.790605095541400793e-01
4.063776388957236474e-01
5.395082412606412303e-01
7.392201706922518767e-01
5.227797996971548233e-01
4.630375823324293094e-01
5.089021528415468287e-01
3.340539427630224156e-01
7.359401805027224741e-01
7.426168053396726698e-01
9.460067491563554087e-01
4.226826399058891126e-01
1.210792258556583068e-01
6.075775601720508901e-01
6.232362653857700385e-01
5.627361460957178707e-01
8.506170565481672163e-01
7.445538163627561934e-01
5.828704398738927539e-01
6.356814557733796445e-01
6.998730964467004823e-01
2.606569343065693323e-01
7.408227578570820704e-01
5.035782261134373883e-01
8.783209351753453742e-01
4.992928975487114784e-01
8.538102643856920748e-01
4.874267998622114906e-01
6.136544585987261380e-01
2.573116475822332383e-01
1.517976031957390115e-01
5.966602974162997786e-01
6.307919123841617681e-01
7.699184595736320302e-01
4.254851228978007716e-01
8.401174989509022639e-01
7.788825490085306003e-01
9.142984014209591948e-01
7.372182517866959772e-01
9.667366946778711556e-01
7.563829787234042090e-01
8.816606034667237024e-01
7.133220910623946365e-01
9.251658884246743986e-01
8.479729729729730270e-01
4.171927055935472639e-01
6.182713011381113510e-01
7.858156028368794566e-01
1.743076466347173378e-02
6.322421715855796043e-01
7.541899441340782495e-01
8.608844997853155601e-01
7.024238782051281937e-01
4.206549118387909458e-01
6.411718131433096213e-01
7.468684972867110083e-01
5.411893071467539507e-01
7.074424898511502136e-01
6.281833616298811984e-01
9.074198610177089952e-01
5.305352511200188692e-01
9.059829059829059839e-01
8.677563150074294462e-01
3.210093186494009654e-01
3.845607517482517723e-01
7.820345756233167966e-01
8.839031339031339085e-01
2.518647891423789198e-01
8.639365918097754449e-01
7.898715403200726737e-01
7.490603430602064128e-01
8.736532810969637186e-01
2.967394162503286803e-01
7.125555815586238628e-01
9.383394383394383365e-01
7.650273224043715459e-01
9.433962264150943522e-01
5.863471971066908095e-01
7.968188814776808737e-01
7.256030701754385692e-01
9.147774979009235530e-01
8.788742805850361384e-01
5.753506671228190150e-01
7.902315076228120239e-01
9.306477454795147874e-01
4.387296314327443492e-02
7.435582822085889942e-01
8.703215892876742243e-01
7.802871148459383788e-01
8.012102874432677213e-01
3.047845854080969974e-01
8.344594594594594295e-01
7.039170506912442171e-01
8.565070888168351271e-01
8.843204907034694084e-01
8.046159968165539356e-01
8.371802869619463516e-01
9.187466808284652231e-01
6.171814600743659174e-01
2.545824847250509337e-02
8.996683250414593269e-01
9.274537695590326924e-01
3.227364185110663808e-01
6.744834710743801143e-01
6.425554382259767161e-01
2.123501199040767340e-01
4.494657168299198702e-01
8.490849494673586850e-01
8.777464788732394219e-01
8.347227426002248318e-01
7.584661354581673232e-01
8.617666891436277510e-01
8.315098468271334697e-01
7.556479690522244219e-01
9.166983643971091666e-01
9.138840070298769325e-01
8.303760033798056606e-01
6.649086048695903584e-01
9.496981891348088567e-01
8.048697749802118384e-01
9.404457435147972610e-01
5.815527694390487667e-01
6.423653525818989740e-01
8.392935787897471966e-01
6.794811320754716721e-01
9.249749916638879688e-01
3.880194877094559902e-01
7.891156462585033893e-01
8.679060665362035021e-01
5.558769956069860019e-01
8.770226537216828655e-01
9.395520098189629188e-01
1.730940562555682849e-01
6.449389896946323697e-01
6.006489454636215752e-01
6.781253670568888892e-02
6.080856562673065957e-01
6.818304535637148556e-01
6.922189251566106538e-01
5.336368234699039315e-01
1.614237041447520726e-01
4.060115606936416377e-01
9.215396002960769550e-01
5.996943898712071563e-01
8.237704918032786594e-01
3.859949397231731139e-01
9.337598795634174387e-01
9.085735963581184071e-01
7.291991405822134675e-01
4.813644430977013777e-01
8.507281553398058360e-01
7.852069556698505481e-01
7.821886158370090492e-01
7.322470549377958493e-01
6.586522734707229709e-01
7.580724471398131437e-01
4.629140102627896103e-01
7.427007299270073082e-01
5.143768269997343046e-01
7.388506435199042599e-01
8.605200945626477749e-01
7.866279069767442289e-01
3.540433925049309427e-01
8.583273251622206557e-01
7.422810333963453244e-01
7.044614246980527295e-01
7.604582409460458603e-01
7.867587106593466606e-01
8.720994306006244479e-01
8.827118644067796227e-01
3.413805168191132999e-01
1.884700665188470126e-01
7.446668132834836085e-01
7.535764417764239109e-01
1.017024099049303604e-01
8.234000439850450714e-01
9.195391354027804276e-01
7.912621359223300788e-01
1.067240451855836492e-01
8.843921139101862394e-01
9.072489302793858013e-01
8.007746308399903423e-01
6.090876307248467292e-01
7.546995377503852298e-01
5.813057359903115451e-01
8.520865252278687629e-01
4.371320267763529333e-01
6.329290030868223171e-01
9.443462897526502253e-01
8.858024691358025171e-01
8.935410580980200912e-01
8.930825968502890122e-01
8.178991015894955252e-01
8.937282229965156644e-01
8.928571428571429047e-01
8.481492276304284372e-01
7.971136096660513815e-01
7.092528851994330807e-01
8.953877491633930319e-01
9.029454369869628350e-01
8.427561837455830318e-01
7.172018177754599932e-01
7.665206279664110722e-01
8.746160290421669536e-01
5.230296827021494455e-01
7.124655647382920343e-01
8.517198461190315095e-01
9.352933455834099297e-01
9.554513481828839083e-01
8.877913587265491291e-01
7.979105364036389592e-01
8.227394298070904721e-01
8.268943170488534111e-01
7.951577178645077293e-01
8.981630407178532449e-01
8.995354372153694378e-01
8.479078650384860305e-01
6.282777245404651545e-01
9.109908284468500872e-01
4.568088929255434416e-01
7.697255574614064733e-01
9.073337902673064281e-01
2.977648828712658458e-01
9.077612990210446320e-01
8.468311255651621572e-01
9.239897039897040365e-01
8.133308714918758842e-01
9.632379386528284737e-01
9.348885104360569187e-01
9.227141293057465887e-01
9.621394567348081628e-01
6.722794959908362511e-01
6.070922413533154094e-01
8.941873952828972572e-01
8.026443395616473797e-01
9.465796112182816024e-01
9.388350172916525294e-01
7.177313193065441022e-01
6.181580666231221155e-01
7.669653970624844552e-01
4.180842446334548379e-01
8.465575794998456693e-01
9.412266666666666559e-01
8.775453791578365914e-01
9.262481872798840055e-01
9.344102718613113145e-01
9.117312661498707671e-01
8.675972927241962784e-01
9.601139601139601076e-01
3.642273313895129094e-01
8.947486751244579928e-01
4.551627131594484510e-01
8.103117676301399008e-01
9.053590568060021493e-01
9.456981664315937675e-01
8.927490227199247341e-01
8.151012891344383560e-01
7.866927592954989779e-01
8.927482578397212265e-01
9.275584515139900788e-01
5.728082222123775935e-01
7.287174927761724819e-01
8.120971740208230427e-01
9.154695673835423486e-01
8.611909938977344581e-01
8.511929247223365413e-01
9.264156626506023784e-01
7.435814104647383571e-01
9.514515436076842470e-01
9.097785120553462113e-01
8.725658648339060797e-01
5.004925597552756233e-01
8.511714021220536663e-01
8.014002333722286542e-01
9.594586502185760146e-01
9.094207955338450278e-01
7.916602316602316947e-01
9.619213298540639778e-01
9.482223812932474294e-01
9.644744381485961249e-01
8.541662368741360645e-01
9.225171232876712146e-01
5.293933708567855057e-01
9.151072003965795565e-01
8.362334124263994806e-01
9.195147404122097079e-01
7.157926461723930212e-01
9.473444889050564033e-01
9.112588451562538827e-01
6.894711147274206198e-01
8.860792061012588983e-01
9.433006244424620990e-01
8.325145522850183610e-01
9.268660812294182705e-01
7.352722588316900065e-01
9.268785348774575272e-01
9.386639488557397826e-01
9.208076570079979373e-01
7.573441127031137476e-01
9.591676276339239360e-01
9.394371214820093074e-01
7.632298480600837598e-01
8.272772264332786119e-01
7.609340252038546693e-01
5.659521526139810188e-01
9.214551742484703434e-01
8.707539629678966442e-01
8.255877735535002149e-01
8.020045313160016898e-01
7.471829155937729228e-01
3.663176378772112218e-01
9.286972569415317125e-01
8.451612903225806939e-01
9.049007317570916253e-01
6.859285698149862887e-01
8.409395544775642994e-01
7.481183396676354125e-01
7.246596066565809124e-01
8.804133110469533063e-01
9.501713475400795916e-01
9.744315310763012050e-01
8.519637462235649661e-01
9.437523980048599936e-01
5.751580664899040851e-01
9.039036234590960284e-01
8.951779090534414118e-01
8.478662685597059268e-01
8.533278067266698574e-01
9.038149674332048855e-01
7.545487627365357053e-01
6.577457290809659574e-01
9.340783703494128787e-01
7.024007386888273530e-01
7.607296447022829922e-01
8.654364835634362763e-01
9.634756995581738037e-01
5.625047323389111842e-01
9.233912393761091186e-01
8.605687164328240657e-01
9.529031773454518239e-01
8.721346479934685147e-01
9.303807303807303253e-01
9.273828862448961763e-01
7.481957186544342386e-01
8.238831615120274510e-01
9.478055783429040204e-01
9.445229228200847649e-01
9.158518139792505286e-01
8.212348460147612661e-01
9.689122262664836560e-01
8.839219468763911403e-01
8.635059374034343982e-01
6.407490331772847103e-01
9.171288568197727420e-01
6.814774109981551753e-01
8.189123784302086984e-01
8.730832216763435571e-01
9.578780051659050443e-01
7.821756339437171412e-01
8.804266254292406613e-01
7.070676076506086094e-01
9.323274905702241266e-01
8.704484746239280479e-01
8.984640992660967163e-01
8.809858594433980228e-01
8.935004408615694338e-01
7.678509027373325857e-01
9.447882421195126224e-01
7.727705215811780937e-01
9.328993666432090492e-01
9.181520350935643560e-01
7.686956521739130022e-01
8.676180415761465259e-01
8.423739143684291220e-01
6.687878939720398597e-01
9.418669647847959236e-01
9.073925271193250541e-01
8.206684331994187342e-01
8.627829017073975759e-01
6.900819243507059220e-01
8.612918840423815503e-01
9.261487964989059130e-01
6.048391582460368454e-01
9.430894308943089666e-01
8.359475032010242890e-01
6.976703141546064524e-01
5.712565978331326511e-01
9.294117647058823817e-01
8.624941833410888492e-01
5.723942723942724298e-01
9.594020584871753021e-01
2.338923212709620447e-02
7.694349639742130709e-01
9.676697338970405848e-01
9.086405818911462706e-01
9.260226283724978247e-01
7.972819932049830527e-01
9.427239427239427760e-01
7.814629713766469976e-01
9.327168367346938549e-01
7.183142478772298611e-01
8.728194371613354763e-01
7.869721053451769199e-01
8.027759418374090794e-01
8.433281412253375020e-01
9.557926829268292845e-01
9.071796182063729397e-01
8.767162200549190043e-01
9.601112793028678816e-01
6.976988133481938359e-01
4.740881842120006628e-01
9.239506707053223300e-01
1.089005235602094196e-01
8.831964152352501651e-01
5.610844200411805316e-01
8.356955380577427706e-01
5.092047128129602029e-01
8.925938451132905405e-01
9.626565185367050859e-01
7.710485133020343884e-01
8.771848700638120722e-01
8.946951702296119802e-01
2.242797503410077220e-01
9.477812768393930609e-01
7.185757527481281270e-01
7.988420328756183908e-01
9.056312315685999259e-01
8.080033521893986714e-01
8.806313623565085180e-01
7.107276060433656006e-01
6.544708593267014596e-01
6.475704459729310081e-01
7.203286954897749617e-01
7.168934045117960618e-01
5.195011298752825191e-01
6.402537796976242035e-01
8.295893122216724258e-01
9.022402780386999943e-01
8.622732321362458485e-01
9.023535302954431847e-01
9.026458616010855085e-01
9.307640694456092989e-01
9.639032226657580082e-01
9.098837209302325091e-01
9.340448823207443407e-01
6.399509109789484063e-01
9.124585952815520429e-01
8.114543561263449778e-01
8.834159137277761698e-01
8.649447949526813950e-01
8.302645691812656770e-01
9.541124535315984589e-01
8.570065772957774497e-01
8.394113883557261513e-01
8.228737581778532151e-02
2.282511732536942894e-01
8.834098137761915437e-01
9.679565815397197515e-01
9.304386075153951996e-01
4.945826410502421888e-01
8.978092163999725761e-01
9.615208847454528307e-01
8.935115931189229199e-01
9.118989118989119236e-01
8.669897684437264385e-01
5.596906718221362764e-01
9.106939704209329189e-01
5.863723608445297053e-01
9.174311926605505096e-01
8.850415512465373835e-01
8.536269430051813822e-01
8.139448173005220388e-01
8.846376811594203193e-01
8.777908343125734314e-01
1.888485366374706154e-01
6.288682581786030346e-01
9.453280318091451528e-01
8.662511984659635456e-01
3.510638297872340496e-01
7.523939808481532321e-01
6.558788087450507787e-01
8.663028649386084190e-01
7.997557287425846040e-01
7.295317813235678850e-01
9.531720235945587705e-01
6.824111560953666222e-01
9.497083259678275047e-01
7.973518850987432183e-01
9.547817047817047653e-01
9.155124653739612484e-01
9.015590200445434688e-01
7.923930269413629324e-01
8.981660231660231197e-01
3.892645815722738933e-01
8.083546579984784985e-01
6.887199861806875267e-01
3.628378378378378510e-01
9.303904923599320975e-01
8.544347826086956532e-01
9.369250985545335420e-01
8.068348770360906919e-01
7.975057433541188345e-01
7.938325991189427722e-01
6.616161616161616577e-01
9.265149437894160123e-01
9.094743672939649137e-01
9.582006369426752102e-01
9.064494827206691641e-01
7.865812010718226110e-01
6.009222073479101450e-02
8.548094373865698925e-01
8.123111782477341336e-01
7.751578947368421568e-01
6.670862177470107124e-01
8.349944629014396380e-01
9.518474842767296051e-01
8.156321839080459268e-01
9.095931692616775477e-01
9.428852781880846523e-01
8.758689175769612811e-01
7.566825338703772053e-01
8.241206030150753925e-01
9.305003971405877428e-01
8.188803512623490377e-01
9.041501976284584963e-01
7.199592668024440423e-01
7.249285157265401569e-01
9.060562708631377804e-01
8.870078740157479880e-01
8.551282051282050878e-01
6.702781844802342404e-01
8.017574692442882567e-01
9.072292894818492215e-01
5.260718424101969992e-01
8.649089426474585451e-01
8.491155046826223129e-01
8.104635153740248343e-01
5.684425184807545550e-01
9.466709760827407560e-01
8.030997598777559476e-01
8.311295480079509135e-01
9.188063844552394333e-01
9.087591240875911858e-01
5.708376421923474497e-01
9.290750725839900248e-01
6.969332531569453204e-01
4.855800388852883898e-01
7.264349122450362017e-01
8.300818124606670345e-01
8.867595818815331432e-01
9.110138584974470932e-01
6.299980868567055525e-01
8.107755102040816730e-01
7.817745803357314394e-01
8.464403380604498262e-01
1.194723532226095314e-01
5.948290429786514677e-01
2.598583359763188549e-01
9.193734162635337492e-01
9.172473867595818398e-01
8.484312859036676757e-01
8.406655386350817549e-01
8.590909090909091272e-01
8.113298127700432349e-01
7.496688741721854177e-01
9.144981412639404672e-01
9.231299551878662246e-01
9.004376367614879140e-01
9.227611940298507953e-01
9.115523465703970762e-01
9.431939978563772531e-01
7.945193999832397269e-01
9.001721170395868832e-01
8.931232091690544106e-01
9.315760266370699538e-01
7.570456754130223676e-01
9.461199593358183835e-01
7.475684234336123224e-02
9.055183946488294389e-01
2.989871445266848449e-01
8.139534883720930258e-01
7.763751127141569341e-01
9.019019019019018923e-01
8.535139712108382737e-01
8.821243523316062429e-01
7.136845648880659754e-01
5.848539057841383171e-01
9.323770491803278215e-01
5.745207173778602572e-01
8.734115347018572839e-01
7.291236352906461660e-01
