9.856278366111951295e-01
7.653352353780313866e-01
8.311667469106082118e-01
8.439394662720198781e-01
9.985375840889149091e-01
9.235147634293845442e-01
1.000000000000000000e+00
7.115890083632019358e-01
1.000000000000000000e+00
8.820224719101124045e-01
8.013369542510967447e-01
9.795112317946186309e-01
1.000000000000000000e+00
5.052990158970477319e-01
1.000000000000000000e+00
8.888371009088790187e-01
9.973876698014628728e-01
1.936831114591490433e-01
1.000000000000000000e+00
6.189330124348174644e-01
1.000000000000000000e+00
2.115606936416185024e-01
8.746967206699538533e-01
1.986827661909988940e-01
7.303343166175024770e-01
4.319148936170212894e-01
1.000000000000000000e+00
9.791666666666666297e-01
1.000000000000000000e+00
9.964033397559408645e-01
9.860890302066772639e-01
9.998999399639784125e-01
9.597307068944022079e-01
9.918734708144005818e-01
1.000000000000000000e+00
1.000000000000000000e+00
3.510652463382157307e-01
9.675966037081961124e-01
7.924263674614305808e-01
4.293478260869565410e-01
6.199808795411090312e-01
8.266938063390520952e-01
1.000000000000000000e+00
9.920403289997347107e-01
9.982738780207134344e-01
9.851543942992874170e-01
0.000000000000000000e+00
9.971119133574006810e-01
8.077427821522309426e-01
9.970067673086934201e-01
8.093836848128167505e-01
9.750776397515528160e-01
1.000000000000000000e+00
9.993919124353907169e-01
1.000000000000000000e+00
9.986364875920370476e-01
9.990476190476190732e-01
9.645093945720250028e-01
9.369565217391304657e-01
9.863220122870058892e-01
1.000000000000000000e+00
8.697741470446900269e-01
1.000000000000000000e+00
9.087719298245614530e-01
0.000000000000000000e+00
9.931134469010510779e-01
7.370263591433278139e-01
7.511485451761102938e-01
8.023360287511230871e-01
1.000000000000000000e+00
9.797583892617449663e-01
9.141432133950837535e-01
9.207997922617502384e-01
9.692460317460317443e-01
7.616516762060506762e-01
8.544339096486335272e-01
9.981816859407957043e-01
9.992514970059880319e-01
9.641277641277641308e-01
9.979058611537243717e-01
9.824293353705118026e-01
8.361226180613090531e-01
8.092650103519668514e-01
9.913402061855670633e-01
1.000000000000000000e+00
9.070302233902759470e-01
9.999224926368004418e-01
8.442409856448513938e-01
9.498685075608152006e-01
9.766795279164774968e-01
8.215739484396200609e-01
9.940767307901314798e-01
1.000000000000000000e+00
8.202044497895369934e-01
6.577017114914425200e-01
1.000000000000000000e+00
7.053615346778160378e-01
1.000000000000000000e+00
4.351610095735422012e-01
1.000000000000000000e+00
1.000000000000000000e+00
0.000000000000000000e+00
4.583267685520718282e-01
9.860026041666666297e-01
6.972624798711755112e-01
2.338212634822804392e-01
1.000000000000000000e+00
9.967432603582413453e-01
1.000000000000000000e+00
6.755666805729384494e-01
8.272507917357864171e-01
3.902839116719242774e-01
5.403316613778278432e-01
1.000000000000000000e+00
9.939801203975920929e-01
5.279672578444747355e-01
0.000000000000000000e+00
9.358027260430756833e-01
6.209115281501340622e-01
6.269623722900573570e-01
7.570048309178744050e-01
8.328025477707006186e-01
7.122592205465133608e-01
8.850008493290301148e-01
0.000000000000000000e+00
1.000000000000000000e+00
6.034482758620689502e-01
5.938489371325191835e-01
8.179534637757800430e-01
6.185950413223140210e-01
9.999087341425573205e-01
9.452007582285024689e-01
2.722197409557838288e-01
9.968920934858279681e-01
9.652313266443701689e-01
9.983850501787979725e-01
9.820059980006664579e-01
9.709162280310464910e-01
0.000000000000000000e+00
1.000000000000000000e+00
9.992900248491303206e-01
9.111794208056949174e-01
7.377711612079965731e-01
7.114347357065803346e-01
1.000000000000000000e+00
9.992344985965807558e-01
8.295928500496524416e-01
6.276944472037350176e-01
2.151971680250267527e-01
9.860967482477306367e-01
6.635273342653226214e-01
7.572753437799808474e-01
9.631288974995458885e-01
8.019447287615147912e-01
8.860327759753764409e-01
6.969338751385297792e-01
5.504162812210915412e-01
7.707395869389639387e-01
1.000000000000000000e+00
1.422475106685633069e-03
7.020872865275141761e-01
9.719127569433547720e-01
8.777185063602790382e-01
5.962620578778135005e-01
9.637180126880033892e-01
9.941099476439790861e-01
9.980154186703305008e-01
8.641136504014823583e-01
8.238315356959424740e-01
9.038772213247172616e-01
9.571401657874906155e-01
9.089327866815753998e-01
9.972419227738377190e-01
8.279569892473118697e-01
9.966442953020133722e-01
5.812531412296867428e-01
3.407885431400282661e-01
2.657439446366782199e-01
9.983402489626556076e-01
9.883401920438957822e-01
9.991083370485955850e-01
1.000000000000000000e+00
1.000000000000000000e+00
9.129732639511932701e-01
9.971411068000817224e-01
9.699510313102833736e-01
9.781766983456529063e-01
9.992175273865414598e-01
9.445506692160612339e-01
1.000000000000000000e+00
9.995664426620420873e-01
7.918840579710144656e-01
9.922411220531184295e-01
9.966950889021085613e-01
1.000000000000000000e+00
9.242349457058243178e-01
