7.342923433874709582e-01
8.229593738352590782e-01
7.902532958080283887e-01
8.870070651901588166e-01
6.534909127023537101e-01
6.403778040141676620e-01
2.706201712257256253e-01
7.045508134873850192e-01
6.272678039534254069e-01
8.858932978925384560e-01
5.847717253231712320e-01
6.108761329305135712e-01
4.429931370378569766e-01
5.586715867158671411e-01
3.210913647353652034e-01
8.327447833065810823e-01
6.075384492788270530e-01
6.156345910814225997e-01
3.879577901924270433e-01
3.692528735632183978e-01
2.582103043085266503e-01
4.666049953746531087e-01
5.687717352955999894e-01
3.294086519380870492e-01
6.227215980024969344e-01
6.306738652269545664e-01
6.618842659014825269e-01
4.600638977635782556e-01
2.002729283327843446e-01
9.525209826625007370e-01
6.635741698648423004e-01
5.819600535724683832e-01
7.489365815931940951e-01
7.907833460763189493e-01
7.373290589619769797e-01
6.269884211665404106e-01
5.399470221310774809e-01
2.359258130319585589e-01
2.963976288189694719e-01
4.147465437788018239e-01
7.430323299888517141e-01
8.054977092877967371e-01
3.960067344857840649e-02
5.097826086956521729e-01
7.646282446106467123e-01
8.721961398017735734e-01
1.768729641693811139e-01
9.025072234131792381e-01
8.961854176726219423e-01
8.299989067453810154e-01
6.954905673609650396e-01
9.825105673401326456e-01
5.794000882223202531e-01
9.179041748388904187e-01
8.939564988334461892e-01
9.551966657983850251e-01
2.613579630554168642e-01
5.702496389519290387e-01
3.511173746728407652e-01
9.560022333891680102e-01
8.874999999999999556e-01
8.752603563989816982e-01
7.492889958433603115e-02
8.836065573770491843e-01
0.000000000000000000e+00
9.093954111539105378e-01
7.726156146534230995e-01
8.269994327850255234e-01
8.421543483329447799e-01
8.461411336969095753e-01
8.339711712537525301e-01
8.049476688867744922e-01
9.381761978361669030e-01
8.892419428052655839e-01
6.990054091781539025e-01
6.724576271186440968e-01
9.343994555971418814e-01
7.661120673168866357e-01
9.015133876600698315e-01
9.478565563817608064e-01
9.626716141001855354e-01
6.948151950718686187e-01
8.943789035392089026e-01
9.350674560807531455e-01
8.494666139865665322e-01
9.085559796437658875e-01
7.039624495142451366e-01
8.848456932289268106e-01
7.329161135343573719e-01
7.913262964662689525e-01
1.772910071019080935e-01
8.784957068163284921e-01
5.508233957978421191e-01
3.845186530669275071e-01
8.351581508515815155e-01
8.462674323215750860e-01
8.461741657127762606e-01
3.116615067079463453e-01
7.341227125941872655e-01
1.504986400725294715e-01
5.205239369061894772e-01
0.000000000000000000e+00
6.512962175945601340e-01
9.337728039245746237e-01
8.492709904474610161e-01
5.049016100178891353e-01
2.956353566876181449e-01
5.082140720629515496e-01
4.372790573111944301e-01
8.154752167511859495e-01
8.717494999230650521e-01
5.796518239874026701e-01
7.534349538498541499e-01
2.348191110968692874e-01
6.841603532186041337e-01
6.451278507256392736e-01
0.000000000000000000e+00
8.508220949565860058e-01
8.164222873900293109e-01
7.951020408163265163e-01
6.972191323692992215e-01
7.468101460415065285e-01
7.912691996766370028e-01
7.411385606874328902e-01
5.629548263078401615e-02
2.493016759776536251e-01
2.150654281646213195e-01
3.622170179547228863e-01
8.660827800536798904e-01
7.589845037916254089e-01
6.608763834856298258e-01
7.387351250167134564e-01
4.180677875633840301e-01
7.372649847340511098e-01
9.159235668789809104e-01
8.451789022131227513e-01
7.808446957100100283e-01
6.275117694339189534e-01
1.049982020855807219e-01
5.145695364238410674e-01
6.963722884864964602e-01
4.293989317686000007e-01
2.524771677421630001e-01
6.875156367275456759e-01
7.681335884501652167e-01
6.960923623445826047e-01
5.727418065547561499e-01
7.505198740419464221e-01
3.764813126709207203e-01
5.072874375675439085e-01
8.127445014344084617e-01
9.433654316957728048e-01
6.089291836501466992e-01
6.804710691517835697e-01
7.730393028632402963e-01
7.473501638080555232e-01
6.988272921108742430e-01
6.950441797925470677e-01
2.045993834963298064e-01
9.856344772545889976e-02
7.820476053914540149e-01
8.492954870328772721e-01
8.817451205510906664e-01
7.129220023282887286e-01
9.400931489316315393e-01
8.428640408360350555e-01
8.271550363119671845e-01
9.436298468556533203e-01
9.231557377049179891e-01
4.891458178416369096e-01
7.606781153676794860e-01
8.910618026827128446e-01
6.749237600984431262e-01
9.257185516983948981e-01
9.285395265743635607e-01
7.477470616607011511e-01
5.277664708960865259e-01
6.316287878787878451e-01
5.989809867031191670e-01
8.154176557024980232e-01
9.097428958051421155e-01
4.299175500588928167e-01
7.168222033692885908e-01
7.880514168857727375e-01
7.979956932251117685e-01
7.219461584666629905e-01
9.690257830074406886e-01
8.160809167146789722e-01
8.301044968885757935e-01
4.510778107220129729e-01
9.051123540378765986e-01
8.815772628344642481e-01
9.368823419727764223e-01
6.583033599438546934e-01
4.640250260688216777e-01
9.690594059405940319e-01
