3.920274380379214496e-01
8.336448598130841159e-01
7.526846729580214390e-01
7.086758855843909854e-01
6.102001583173131127e-01
7.097625329815303585e-01
0.000000000000000000e+00
8.528717545239968834e-01
7.586081913736860693e-01
8.174984339110461518e-01
2.996372430471583859e-01
2.296244120787984955e-01
7.502050380785002526e-01
5.493735400297302673e-01
4.230143355288648044e-01
4.109086175475136771e-01
6.760961810466761257e-01
6.780890911804208221e-01
6.838284458878594041e-01
9.466433290045733751e-01
3.602605733410363387e-01
5.586764990195266511e-01
3.454936942479236994e-01
5.353025003238761625e-01
5.906797663303239299e-01
9.029399919452275602e-01
8.203486303806474256e-01
0.000000000000000000e+00
6.026669243405159415e-01
7.593484744207387171e-01
3.216829108232263090e-01
8.082140866010035785e-01
3.015226494099733645e-01
9.289632859755240224e-01
1.086742140349493124e-01
8.552278820375335266e-01
3.753665689149560114e-01
5.366687111188994663e-01
3.830850552618933480e-01
1.872536136662286410e-01
3.690747061054228118e-01
5.505475989890480371e-01
7.195017746812146786e-01
4.324708926261319752e-01
8.367805755395683054e-01
6.508986465903651153e-01
9.270502945174444731e-01
9.273743016759776747e-01
9.668304668304668059e-01
1.599564744287268747e-01
9.135717560751949184e-01
8.425275827482446855e-01
9.411176397049630937e-01
8.735216027033551045e-01
5.952430773523051943e-01
6.359987650509416612e-01
8.901006711409396033e-01
1.598880359642054425e-02
6.127966781484452952e-01
7.499619771863117457e-01
8.810648346930013419e-01
9.523483499931535423e-01
4.425483503981797462e-01
1.412509897070467202e-01
7.580231760586260137e-01
0.000000000000000000e+00
6.837518157294044663e-01
6.018675721561969061e-01
8.662692610505005053e-01
5.842167255594817865e-01
9.082987551867219844e-01
8.295795795795796179e-01
3.492678204042115597e-01
3.618061309030654593e-01
9.002565418163160915e-01
8.752657689581856415e-01
3.301063474653059271e-01
8.577586206896551380e-01
7.452538421278013248e-01
7.538009856348956150e-01
8.727569331158238075e-01
3.358307045215562781e-01
6.888316553500350992e-01
9.377289377289377281e-01
7.730538922155688608e-01
9.463682432432432012e-01
4.706148282097649127e-01
7.505530973451327581e-01
6.888706140350877583e-01
8.844369464361029332e-01
8.307417524690060562e-01
3.752819711955578952e-01
7.735742518351214070e-01
9.050589050589050721e-01
3.699991408688679817e-02
6.932515337423312829e-01
8.381080561430493958e-01
8.857857218853069092e-01
7.188256658595642001e-01
4.328642563325394987e-01
9.106250000000000178e-01
6.159169550173010377e-01
8.315849704367728190e-01
8.645993098159509005e-01
7.171709108326015381e-01
9.189964157706093095e-01
9.098606937995082911e-01
6.315536848323733965e-01
1.688772650849990620e-01
9.094170403587443774e-01
9.584592145015106146e-01
1.967856704698809911e-01
7.420870148752936046e-01
5.879854368932039277e-01
4.014388489208632893e-01
4.337050805452292712e-01
7.381884260553536192e-01
8.492701664532650296e-01
7.730423379542900042e-01
5.582728314864348063e-01
9.064528445971744564e-01
7.304860088365242587e-01
5.646883047948572099e-01
9.196708463949843093e-01
6.622641509433961904e-01
5.779787402824052567e-01
5.715627483563325839e-01
9.358353510895883742e-01
7.686103049263126596e-01
9.361626248216833313e-01
5.455294602389781922e-01
6.987113759179715000e-01
8.243989274206269258e-01
7.781035179943388558e-01
9.461914744933612731e-01
2.039565955562117061e-01
6.128590971272229737e-01
8.250497017892644003e-01
4.911603985856637933e-01
8.955082742316784472e-01
9.462500000000000355e-01
1.564464808451062616e-01
6.450410612760580920e-01
6.111384433730198129e-01
5.844243487650155333e-02
6.554024967714162653e-01
6.586123110151187454e-01
6.548774945254720592e-01
7.895059834305001578e-01
3.788819875776397450e-01
3.920231213872832354e-01
9.355805243445692865e-01
7.028203342618384308e-01
6.634746922024623572e-01
6.598922800718133308e-01
9.444229279628195695e-01
9.014251781472684133e-01
5.810211860650651428e-01
4.700229427297519802e-01
8.582839474362278231e-01
1.470057492970749946e-01
6.697899944304295250e-01
7.112223794492217310e-01
6.674129189438335885e-01
7.068292950936762020e-01
4.374085864234706911e-01
7.311771865762476397e-01
4.772787669412702494e-01
6.246290801186943353e-01
9.068021201413427601e-01
7.907113462669018711e-01
2.910166756320602399e-01
8.446791862284820374e-01
7.330126277811184199e-01
6.019237883832778691e-01
7.650014779781258989e-01
7.912764103681114713e-01
8.532535709925528344e-01
9.162856137882517960e-01
4.126564248651948263e-01
1.580192165558019224e-01
7.375077752436243195e-01
4.125612723489791023e-01
3.594327405956855570e-02
9.127352725494989327e-01
8.897128731698041859e-01
8.804198995892286161e-01
9.897794513179128395e-02
7.940997734931771745e-01
7.633226837060702596e-01
7.567843726521412684e-01
4.917812814491781537e-01
6.468219551480609564e-01
7.996039805036555537e-01
8.666799175134786148e-01
3.512380030647632712e-01
4.965335991662512827e-01
9.426426426426426364e-01
8.624338624338624415e-01
8.764227642276423147e-01
8.637912237666939275e-01
8.641523251556206819e-01
8.527272727272727781e-01
8.342205323193916389e-01
9.219835754895767677e-01
8.132409265000911658e-01
6.892133056376349431e-01
8.730439917330971022e-01
8.806691449814126882e-01
8.606208155812538063e-01
7.295473996878618639e-01
8.006552677383024230e-01
9.077757685352622063e-01
7.858554799033604654e-01
7.409408773045136343e-01
9.076978983707830739e-01
9.503342884431709159e-01
9.412470023980815670e-01
9.034707928170913060e-01
8.543540945790081276e-01
7.656814496629021916e-01
9.236337828246983239e-01
8.002316602316602578e-01
8.834384390739408177e-01
8.638078267107912600e-01
8.157237243906501067e-01
7.173712850565090449e-01
8.493189964157705774e-01
2.303059027983490326e-01
5.373415183391430094e-01
8.900462443317020966e-01
2.525252525252525415e-01
8.872240649662587186e-01
6.613239301170059647e-01
9.457438388690264652e-01
8.583045110015453671e-01
9.385683479724399314e-01
8.628994061281742844e-01
9.466000992671746994e-01
9.256373531939272592e-01
7.796460176991150126e-01
5.196634296399058606e-01
7.978999222193414731e-01
7.494667442311421235e-01
8.681550761804193161e-01
9.123368146214099195e-01
3.895083037880201493e-01
5.444494765165036609e-01
8.476954882646235978e-01
0.000000000000000000e+00
7.889464594127806318e-01
8.393230025277502726e-01
8.892176485945522124e-01
9.435505143761540037e-01
9.522847409843768762e-01
9.085082187532306230e-01
8.349555649597968365e-01
9.021249195106245677e-01
8.037855187387897837e-01
8.712225826134429862e-01
3.876385101315198978e-01
7.948881789137379750e-01
8.261352281558788091e-01
8.916859887379927629e-01
8.853404819487746824e-01
9.173995324501836857e-01
7.169843430905378234e-01
8.595383275261323508e-01
9.239883285684812320e-01
2.183059564186118628e-01
6.806697784692894437e-01
4.749628160634605800e-01
9.149744097738153892e-01
9.301602115414527860e-01
7.555601530981690406e-01
8.823511403643042872e-01
6.521229536088321010e-01
9.434529285495246720e-01
8.833212418382407893e-01
9.070719798393447331e-01
4.717865888605220492e-01
8.797628515653242998e-01
8.785591510350496680e-01
9.310806697108067187e-01
9.140248424175009268e-01
8.158057531704299148e-01
8.994024880007835954e-01
9.209554296971189657e-01
9.576143091069404534e-01
8.524209248288711072e-01
7.926603927635254010e-01
6.726956055734191198e-01
8.626387487386478758e-01
7.970412894678736704e-01
9.386751768155943143e-01
5.572634116937914550e-01
8.934252873563218733e-01
9.199949186991870365e-01
6.354434499593165642e-01
8.752495372218793701e-01
9.175286651004593841e-01
7.739694688240921217e-01
9.264762843762104350e-01
6.136352375761779943e-01
9.176881877058915560e-01
9.722547870261820657e-01
9.358703312191684054e-01
7.296486032178020054e-01
9.163496061304324813e-01
8.701586130579122003e-01
6.558682033710587778e-01
8.833555778000222736e-01
7.490275977032784249e-01
5.515970834738835871e-01
8.571237458193979863e-01
8.956722958003052737e-01
2.298322224775913535e-04
8.110697385773020240e-01
4.919602307597888968e-01
3.399128511966701405e-01
9.597689530685921122e-01
7.243618251356399584e-01
8.693401608549244930e-01
6.603112928366503542e-01
9.291774518262870819e-01
6.151725165809672768e-01
3.378067484662576891e-01
7.432131046681534903e-01
9.331992586458456307e-01
8.358774715705358238e-01
5.997978777160182240e-01
9.456662696837369042e-01
4.407505608810932118e-01
8.743783385522195806e-01
8.462885453147689363e-01
8.460295626733040919e-01
7.651743165287183679e-01
8.999734607218683458e-01
7.094308721168282039e-01
6.139960315539854108e-01
9.445204985949996468e-01
7.150138806717334372e-01
8.429662261380322930e-01
8.460325941757947943e-01
9.460589216231239940e-01
5.183642559636501002e-01
9.251516565562295513e-01
7.857232599045146371e-01
9.565765098184513260e-01
8.763291139240506622e-01
8.563213669596648758e-01
9.135663609621041958e-01
7.068348652149775146e-01
8.074455899198167419e-01
9.334043686734150302e-01
9.430177590392232467e-01
9.391631652661064367e-01
8.214148119609993026e-01
9.512655147237770725e-01
8.505838944045037708e-01
7.908483075637275928e-01
6.571928946710032804e-01
9.559104712630750456e-01
6.947598850731974141e-01
5.345900269291484763e-01
8.432934926958831623e-01
9.585473515248795762e-01
7.642633501478518498e-01
7.040806969280146710e-01
8.069487015392906581e-01
9.165954720205040651e-01
8.531280209915756974e-01
9.406626268985598394e-01
8.563431845917122143e-01
9.094341958648013424e-01
8.626219886712618301e-01
9.542194714608507322e-01
6.365501348920863389e-01
9.458406681898198221e-01
8.750992326012172473e-01
7.998158756137480063e-01
8.723691910325483967e-01
9.088995537593668184e-01
5.830535651651049811e-01
9.220768568264774423e-01
7.827050997782705188e-01
8.722549773562334741e-01
9.209451828685605301e-01
7.592818546278542469e-01
7.001076426264800645e-01
7.644927536231883591e-01
5.853938832252085778e-01
6.253006253006252457e-01
7.591082109842305359e-01
2.871955524179315433e-01
5.900111124830226261e-01
9.305935181569698900e-01
8.915228446722460731e-01
4.812158584402962402e-01
9.244652406417112056e-01
2.219843633655994158e-02
7.261498456037704941e-01
9.729547590756735254e-01
9.012611632819526042e-01
8.909212580861030073e-01
7.477091833322185854e-01
7.851724137931034297e-01
7.181913591044254419e-01
8.155088852988691128e-01
6.263924592973436623e-01
9.014974683089740370e-01
7.059373539036932765e-01
7.949159274460478875e-01
8.944841012329656227e-01
8.856335670189390274e-01
9.001041356739065691e-01
8.794210154695423221e-01
9.392482167187625741e-01
6.637146064612697849e-01
3.832791661997086430e-01
9.114793415458410930e-01
1.300109113335547184e-01
6.749489448604493180e-01
4.615648592999313515e-01
7.946118330239421157e-01
1.022424833328941518e-02
9.327275904246025151e-01
9.616610237004580286e-01
6.408208020050125686e-01
8.558992406001111330e-01
8.932311218240012174e-01
3.496025601321358645e-01
9.578898924236323165e-01
6.226807421625080163e-01
8.096874524218631297e-01
8.410177115546808579e-01
7.839094908862350719e-01
9.148455362365076615e-01
5.747265326888831849e-01
7.100545158208284580e-01
4.243058027767888651e-01
6.861068274218421470e-01
5.469261236438780482e-01
4.209410182583058768e-01
6.728311735061195398e-01
8.169558750619732024e-01
8.276270864946889683e-01
8.564602446483180476e-01
8.705056378980213783e-01
8.216783216783216659e-01
9.091254592289177427e-01
9.712267149073485761e-01
7.876028202115158416e-01
8.941425546930134027e-01
5.447421638018200285e-02
5.495369071007577544e-01
7.891704269350919843e-01
7.982708933717579391e-01
5.126888515848720962e-01
8.477425122932499280e-01
9.320508493643829828e-01
8.095285807324282823e-01
6.715007690617447178e-01
0.000000000000000000e+00
2.216238608119304176e-01
8.613707165109034669e-01
9.592879085088271696e-01
9.427524327056742148e-01
8.445661331086773416e-01
8.393880117367612526e-01
9.704776493524578385e-01
8.899807321772639224e-01
8.640845070422534802e-01
8.609625668449197855e-01
4.383760270662155900e-01
8.592677345537756972e-01
4.980806142034548967e-01
9.599437807449051618e-01
6.297872340425532123e-01
5.412844036697247452e-01
8.541292639138240439e-01
9.119138149556400563e-01
9.020887728459530130e-01
2.659688100833155211e-01
7.161803713527851167e-01
9.482758620689655249e-01
9.000497265042267658e-01
0.000000000000000000e+00
8.296422487223168440e-01
6.086956521739130821e-01
8.850613915416097877e-01
7.462608086001402130e-01
7.511116923881768770e-01
9.288394045746096728e-01
6.400900900900901025e-01
9.343848580441640461e-01
7.966786355475763415e-01
9.539804284580798432e-01
9.079229122055674228e-01
9.138777331548415539e-01
7.411516111991547362e-01
8.785818358426420449e-01
2.721893491124260378e-01
7.482875527572130370e-01
6.150362318840579823e-01
3.535670356703566886e-01
8.706293706293706247e-01
8.946024799416484319e-01
9.158838337324246570e-01
8.814375436147940945e-01
7.840498851329176233e-01
7.594713656387664935e-01
6.155778894472361262e-01
9.079356114092064223e-01
9.253246753246753276e-01
9.601910828025477240e-01
8.713398402839396262e-01
8.524749087591241281e-01
4.452338661930136388e-01
9.009009009009009139e-01
8.247191011235954772e-01
7.956298200514139163e-01
5.832543443917851400e-01
7.392026578073089826e-01
9.009685708638071056e-01
7.013407304669440068e-01
9.090452261306533055e-01
9.395141298958850085e-01
8.509999999999999787e-01
7.193980546889336969e-01
8.913461538461538991e-01
9.604938271604938071e-01
6.392092257001646960e-01
6.696696696696696760e-01
9.276404494382022303e-01
7.544168638890417222e-01
9.308823529411764941e-01
7.815495207667731981e-01
8.394179894179893964e-01
6.677891654465593074e-01
7.628070175438596001e-01
8.582970789310130355e-01
4.598878793736709825e-01
8.403155603917301653e-01
7.519042437431990855e-01
8.931297709923664563e-01
3.466933867735471075e-01
9.565499351491569824e-01
7.550753110674525148e-01
7.306451612903225312e-01
8.713490959666203572e-01
9.230769230769231282e-01
4.419165804894863991e-01
8.121165644171779441e-01
6.660022779043279773e-01
4.739144523655217101e-01
6.777122721420343332e-01
8.799435028248587809e-01
5.858951175406871270e-01
8.841786525359576210e-01
5.328586135895676534e-01
7.160310384678884033e-01
7.718612113918973394e-01
9.095843672456576101e-01
1.508756567425569295e-01
5.185602433391539590e-01
2.360186066180357256e-01
8.913018232493322701e-01
8.789198606271777514e-01
7.956892680736417089e-01
8.988693467336683618e-01
7.992895204262877584e-01
0.000000000000000000e+00
7.041059602649006877e-01
8.811659192825112008e-01
9.125946317962835286e-01
9.298850574712643757e-01
9.286795308361710521e-01
8.441314553990609815e-01
9.400107123727905467e-01
5.590379619542444889e-01
7.861060329067641739e-01
8.574814814814815112e-01
8.943564081178759784e-01
8.807228915662650426e-01
9.432013769363166711e-01
1.158461266984295024e-01
8.871794871794871362e-01
6.117975288959744962e-01
6.397058823529411242e-01
7.817845584835876327e-01
9.099378881987577605e-01
7.418524871355060002e-01
8.195592286501377499e-01
7.009944378897691175e-01
5.407274895646988488e-01
8.804945054945054750e-01
4.533085961657390417e-01
8.421309872922776441e-01
6.376512245500147724e-01
