5.951179599072684567e-01
9.189189189189189699e-01
8.835603996366938606e-01
8.383673828812961970e-01
7.464217429372979051e-01
6.913339824732229744e-01
0.000000000000000000e+00
9.340918551408352588e-01
7.888847444983215773e-01
8.817567567567567988e-01
5.503461572167207549e-01
3.945342430765862995e-01
8.542084992922742703e-01
7.219807539447647970e-01
6.584890459731281842e-01
5.896458388929129990e-01
7.542051003798154740e-01
7.794099155225825415e-01
8.084276661430970234e-01
9.688147295742232101e-01
5.160807330658202519e-01
7.053458322776792189e-01
5.256904448777832695e-01
6.674354243542435228e-01
7.354243786356424728e-01
9.335961817804523388e-01
8.664788732394366200e-01
1.208971164115343472e-01
7.868471504095742031e-01
8.209899516189058666e-01
5.030779878337522382e-01
8.947314262193867274e-01
5.148123021257349219e-01
9.528002309468822650e-01
3.748756298745065108e-01
9.053732762719923777e-01
5.703565388951521431e-01
6.849867496255328536e-01
6.353993610223641619e-01
2.836879432624113684e-01
5.370581134678392710e-01
7.721339020292102839e-01
8.323833649989444972e-01
6.473007262227666869e-01
8.989435002296738420e-01
8.043671315885702056e-01
9.501507071643867652e-01
9.439085387638442848e-01
9.777580071174377663e-01
5.248796147672551982e-01
9.521320821950350899e-01
8.644501278772378505e-01
9.666539875744896149e-01
9.374120056316396221e-01
7.867951644264096212e-01
8.360450563204004926e-01
9.154315605928509125e-01
3.998337489609309764e-02
7.837705531718835994e-01
8.664048792714512670e-01
9.491677912730543953e-01
9.536287556592124570e-01
5.438087501450621364e-01
6.983050847457626942e-01
8.671848048864627678e-01
3.590358556181796335e-01
8.206772189941895501e-01
7.639034627492130580e-01
9.355997127124731083e-01
8.168761220825853098e-01
9.620630861040068149e-01
9.218404661442636261e-01
5.573112178088170943e-01
5.647641696393183031e-01
9.428966397277753764e-01
9.005847953216373769e-01
4.913924679657828420e-01
9.269746646795826717e-01
8.564171196023270261e-01
8.632033075678591238e-01
9.388507287652873012e-01
6.664999999999999813e-01
8.474178403755868727e-01
9.523809523809523281e-01
7.779333520022402304e-01
9.621993127147766556e-01
6.828106391425168287e-01
8.854638863705046603e-01
8.310502283105022370e-01
9.397163120567375572e-01
9.092883060483986091e-01
5.555938469250290002e-01
8.789365405918657670e-01
9.532620449357203096e-01
1.347186239683769160e-01
8.382038488952244792e-01
9.239885332624050429e-01
9.402249182870755506e-01
8.804182830156855877e-01
6.105212500375973850e-01
9.150000000000000355e-01
7.854647099930118781e-01
9.143429044726670840e-01
9.312984917932041196e-01
8.559159433531292605e-01
8.848650495387768711e-01
9.506688963210702115e-01
7.821222762470736445e-01
2.780977150287943789e-01
9.408649602824360469e-01
9.721054642720672323e-01
3.120622568093385230e-01
7.761142061281337545e-01
7.745629155380447939e-01
6.702806122448979886e-01
6.084300549786194612e-01
8.641257367387032984e-01
9.235010337698139615e-01
8.968225264789460027e-01
6.248125937031484556e-01
9.375122428991184975e-01
8.927843456991438886e-01
7.160444046824007147e-01
9.378845008930343230e-01
8.568353067814854507e-01
7.535383113714007042e-01
7.462294487974998614e-01
9.644481190574617502e-01
8.866087540391959232e-01
9.619187110948370645e-01
7.383781375315610074e-01
8.326809226488952609e-01
9.063971573653990532e-01
8.396079239395990435e-01
9.544664581160930972e-01
3.856764083772752927e-01
8.343949044585987629e-01
9.264975150405441173e-01
6.818727490996399077e-01
8.885276358569438315e-01
9.608428998270168719e-01
2.750444576170717470e-01
8.168720449722646215e-01
8.127458245454026731e-01
1.085587138424895792e-01
7.439591078066914998e-01
8.259904912836767421e-01
7.972673645923197272e-01
7.135770234986945626e-01
5.589599679285264244e-01
6.350541150821459313e-01
9.570057581573896410e-01
8.203016420445771173e-01
8.479117415287628079e-01
8.290120883701542764e-01
9.643721895537875621e-01
9.430458109781263421e-01
7.577017316851581974e-01
6.696803915922833195e-01
9.210773147527804294e-01
2.365514216214060772e-01
8.198681352478711659e-01
8.458208057726999129e-01
7.819503100863676170e-01
8.588264794383149159e-01
6.229381977553377636e-01
8.424289008455034811e-01
6.673513475227538239e-01
8.004626951995372774e-01
9.536276902595961502e-01
9.174197569336242086e-01
4.981823077958799084e-01
9.074149938549774808e-01
8.416251856871074244e-01
7.992892574220774593e-01
8.797350445042434464e-01
8.966718731226721584e-01
9.216683621566632567e-01
9.302075876879026817e-01
6.155129854326739647e-01
3.123362853935387484e-01
8.510022271714922093e-01
6.076511803911037735e-01
1.713114043954139798e-01
9.350649350649350433e-01
9.463203036427269010e-01
9.334280976072021341e-01
2.133160335423724685e-01
9.048323322567988214e-01
8.757741866590731394e-01
8.695296384063283535e-01
6.280847639484978817e-01
8.174193312090246577e-01
9.040082910842833774e-01
9.206200846541064964e-01
5.448037087025409120e-01
6.691704864705012579e-01
9.631269562562028153e-01
9.438868613138685637e-01
9.478246374395732365e-01
9.345463735152893525e-01
8.993263473053891843e-01
9.456140350877193512e-01
9.415915327322618156e-01
9.325231851614966816e-01
9.007690169554340986e-01
8.340057538770576651e-01
9.419354838709677047e-01
9.420487804878048266e-01
9.215434083601286019e-01
8.578675813564695662e-01
8.823529411764705621e-01
9.433440810686319900e-01
9.013205630532579171e-01
7.252072459318391617e-01
9.354637762412010282e-01
9.735062784600524433e-01
9.731269813667919877e-01
9.588064772244686562e-01
9.114567292885740191e-01
8.602629312446170573e-01
9.510530564320833768e-01
8.828502415458937547e-01
9.423903312444046332e-01
9.303802159250932347e-01
8.844393592677345373e-01
8.044373712787867836e-01
8.981155201470814031e-01
3.824182849836170184e-01
6.975893933306548389e-01
9.317238777819690787e-01
4.352212538183448665e-01
9.397615910089214264e-01
8.069160601341257566e-01
9.656533198032500875e-01
9.262954871976540883e-01
9.637120923395219307e-01
9.237319583601882877e-01
9.709696787751426195e-01
9.583902989954229401e-01
8.506689565386000851e-01
6.793324570836818399e-01
8.847932928592078250e-01
8.603267576578069731e-01
9.309275444037214964e-01
9.402679380854850333e-01
5.375708804454857326e-01
7.141876587274349486e-01
9.181259241964355722e-01
0.000000000000000000e+00
8.506191950464396800e-01
9.121233859397417376e-01
9.224495313626531745e-01
9.669074870795789645e-01
9.695476447670254849e-01
9.462910089963906257e-01
9.109305534263375526e-01
9.476704929101957831e-01
9.080636089379762188e-01
9.344550434292929753e-01
5.667373012627483497e-01
8.862010356140559431e-01
9.047705864478882143e-01
9.384588563458856614e-01
9.345759896650364107e-01
9.474408470624211542e-01
8.407970013809429322e-01
9.249678099028444400e-01
9.584644143528017191e-01
4.103928131055134543e-01
8.159487674357399634e-01
6.664462809917355290e-01
9.552264582703683393e-01
9.575050301810865694e-01
8.706101971765255465e-01
9.357786211052657732e-01
7.878953231930518886e-01
9.649305227337177104e-01
9.372242144694920007e-01
9.394039189856743244e-01
6.419094394290055794e-01
9.245154965688862081e-01
9.284994964753272573e-01
9.606458123107971536e-01
9.488524274647548440e-01
7.697727926373310048e-01
9.482457042905648725e-01
9.524297986921400616e-01
9.767756047349459569e-01
9.183532944270733633e-01
8.867414547802999758e-01
8.140113233504417956e-01
9.299784133837021294e-01
8.847876371868694800e-01
9.660637991720718576e-01
7.095591299274939256e-01
9.438409311348205932e-01
9.553716820017210676e-01
7.825656265477959339e-01
9.351903939787783449e-01
9.463251102284735428e-01
8.719342219307081310e-01
9.610726012404231522e-01
7.451114496222837058e-01
9.620485425618394704e-01
9.792099792099792088e-01
9.627532128076671247e-01
8.405568445475638528e-01
9.554902783606098460e-01
9.248224151539068405e-01
7.967767459292882659e-01
9.363803907113895653e-01
8.583089158643784078e-01
7.261454010350357757e-01
9.228109354176421419e-01
9.360862703840083787e-01
1.810241330711812591e-01
8.767857918276955598e-01
6.435259875259875528e-01
5.125997581620314048e-01
9.767311713940679541e-01
8.447390053431976797e-01
9.255642328951853015e-01
8.034490681299076842e-01
9.520002960660227664e-01
7.502677532013969364e-01
5.278012983347445397e-01
8.546647294500946401e-01
9.638701029671601361e-01
8.833809251856081790e-01
7.619643415702220812e-01
9.688364424216823201e-01
6.283396279199887635e-01
9.242461148730939380e-01
9.091535862845586680e-01
8.864508115874968341e-01
8.616625968786495449e-01
9.402433603733748591e-01
8.457175865147298355e-01
7.656142656590698703e-01
9.665338645418326546e-01
8.244538334707337546e-01
9.107697231557049244e-01
9.166135111626558807e-01
9.698276353763846114e-01
7.002952755905511584e-01
9.615794832016288929e-01
8.524570467379550820e-01
9.701358145118931242e-01
9.317387798978769009e-01
8.920145190562613902e-01
9.513801190690961418e-01
8.322287854775969329e-01
9.016795621815436590e-01
9.607724137931034081e-01
9.610100745780452147e-01
9.689938259040640212e-01
9.070501919245906874e-01
9.690682996938073668e-01
9.151132778893030784e-01
8.747047107323173698e-01
8.039594542373889041e-01
9.740483435723717998e-01
8.083685138673649684e-01
7.024910388867134925e-01
9.066692441523294121e-01
9.749283080704629345e-01
8.737259898079184905e-01
8.329560887279311432e-01
8.723192019950124498e-01
9.459853475797671551e-01
9.113867966326982817e-01
9.591638308215848507e-01
9.219987986613654707e-01
9.440376902018208227e-01
9.124855824682813754e-01
9.673346693386773998e-01
7.652517409885750688e-01
9.412392528906018407e-01
9.235496215189520353e-01
8.966139954853272753e-01
9.330587689886041813e-01
9.374178280305022204e-01
7.377774966795268563e-01
9.606319330593821038e-01
8.805144984768137340e-01
9.359557135784688509e-01
9.555959302325581772e-01
8.798596901490791655e-01
8.217762135768413856e-01
8.590476190476190599e-01
7.472058123745082270e-01
7.756183745583038469e-01
8.545482868898276463e-01
4.433531371269617827e-01
7.652316429401787579e-01
9.588502269288956548e-01
9.359934200814054028e-01
6.753142907911687809e-01
9.587998789503263675e-01
4.242639864804767513e-02
8.463485516077622339e-01
9.840153625618694999e-01
9.483475163269344810e-01
9.347215722976134344e-01
8.564763470878427043e-01
8.823416137107644719e-01
7.920245463907674699e-01
8.983804947499555160e-01
7.824726134585289206e-01
9.435708374087729000e-01
8.281592403214025344e-01
8.968681718863802388e-01
9.474186078190982574e-01
9.309420046932618265e-01
9.472620966958683608e-01
9.346350756042386410e-01
9.602411367877135007e-01
7.816091954022988952e-01
5.634709812444659294e-01
9.610476830087306688e-01
2.353653191977795045e-01
7.265922199042826879e-01
6.375219170075978603e-01
8.993740219092332122e-01
8.377095536255302344e-02
9.618555961855596026e-01
9.760360222849728817e-01
7.909090909090908950e-01
9.220261242397048695e-01
9.363297431648716085e-01
5.232826116817509421e-01
9.731284315719140876e-01
7.742156862745097623e-01
8.953216023061677520e-01
9.144731822690165268e-01
8.850475367329300180e-01
9.507927220039565919e-01
7.348941990506074884e-01
8.422695496667208515e-01
6.019103325969944462e-01
8.159358140821690863e-01
7.098422572761609040e-01
5.821683449017499568e-01
7.985078661404552136e-01
9.009627611262488456e-01
9.117772410853814957e-01
9.074571369551746036e-01
9.329835082458770579e-01
8.953757225433526257e-01
9.454553436203604333e-01
9.818536923038888586e-01
8.834848112666829900e-01
9.397070849750948085e-01
2.062515940714710894e-01
7.082391245364927368e-01
8.720264980427582246e-01
8.301306687163719777e-01
6.935853194439964842e-01
9.220335722187484873e-01
9.564262598243180591e-01
8.904808422880712282e-01
8.087946603847664395e-01
4.303779104910660652e-03
3.572621035058430872e-01
9.261055335657553123e-01
9.753239903556358836e-01
9.620923474329996505e-01
9.033600493218248983e-01
8.964325486732460657e-01
9.768639962188349068e-01
9.351842503785966487e-01
9.293040293040293331e-01
9.151480637813211860e-01
6.432786885245901365e-01
9.377467354995444593e-01
7.111935683364254412e-01
9.626201495194018909e-01
8.080808080808080662e-01
7.643724696356275494e-01
9.148451730418943884e-01
9.349645846748229072e-01
9.278765514927876934e-01
6.530089628681178260e-01
8.548285027211744991e-01
9.576314446145992587e-01
9.291217257318952205e-01
6.993865030674846217e-01
9.017496635262449711e-01
7.827743095968680009e-01
9.416005767844267682e-01
8.727608008429926789e-01
8.650734748404333985e-01
9.670370832813085515e-01
8.759299256059515093e-01
9.706900530810061989e-01
8.986544871003580015e-01
9.692123150739704318e-01
9.529803776379118796e-01
9.482562115340779085e-01
8.634043830681477072e-01
9.386707723890171939e-01
5.352112676056337559e-01
8.689973408415454514e-01
8.002581477896095752e-01
5.353159851301114713e-01
9.280442804428044035e-01
9.322694024888382724e-01
9.634658498847453734e-01
9.304450338933097919e-01
8.851079399926820024e-01
8.728897715988083172e-01
7.825698324022346553e-01
9.512902290518990833e-01
9.664767013074087032e-01
9.712678320273256949e-01
9.403664371571945901e-01
8.922411238219429830e-01
6.846231897426436896e-01
9.278830176138251895e-01
9.004092769440654731e-01
8.308312794084696806e-01
7.711124053581829285e-01
8.587677725118483263e-01
9.513939268317960218e-01
8.370967741935483319e-01
9.553408200574562414e-01
9.618975523593237265e-01
9.320594479830148771e-01
8.648142366531377245e-01
9.161460046037487315e-01
9.694068678459937249e-01
7.770315648085963645e-01
8.170515097690941309e-01
8.296412468143501417e-01
8.600018530529046634e-01
9.526209677419354982e-01
8.886424134871340197e-01
9.073143495254047952e-01
8.229211546747091655e-01
8.720173535791757580e-01
9.277148567621585906e-01
7.096622613803230673e-01
9.195368606184962657e-01
9.174729652817301684e-01
9.194129050124618674e-01
4.771710868434737574e-01
9.748427672955974899e-01
8.700049333991120015e-01
8.590139495261420732e-01
9.376613795647362748e-01
9.538977367979882827e-01
7.259194395796847443e-01
7.438363350236055771e-01
7.617702448210922350e-01
6.883434279035172132e-01
8.177375420605672574e-01
9.125226860254083139e-01
8.300312825860270971e-01
9.342846413819001494e-01
6.875033165295834081e-01
8.597727059265520833e-01
8.251822681070725141e-01
9.388342528184216995e-01
2.428391784267150966e-01
6.981740852093568650e-01
4.443073886764524749e-01
9.520182787509520184e-01
9.367205542725173251e-01
8.888888888888888395e-01
9.320695102685624400e-01
8.866900734120650718e-01
1.675435046539862360e-01
8.622664255575648307e-01
9.170844581565753550e-01
9.507670353193007351e-01
9.480968858131487709e-01
9.566490919742237642e-01
9.160382101558571799e-01
9.642660802638812756e-01
7.529522416135436824e-01
8.997078870496592051e-01
9.293533905647003435e-01
9.455632749978014617e-01
9.094269870609981155e-01
9.674597620713786261e-01
1.926832823203614709e-01
9.511658600967883848e-01
6.237301909792767329e-01
8.191027496382055073e-01
8.699148533585620013e-01
9.432962374138844641e-01
8.748201438848920430e-01
9.103039288361749470e-01
8.770801815431165105e-01
7.424071991001124360e-01
9.466089466089465665e-01
6.696832579185519885e-01
9.255765199161425372e-01
8.270312364800553873e-01
