4.236070665890118159e-01
8.511005610703495927e-01
7.914090465343313063e-01
7.226734477000151813e-01
7.200579190512307326e-01
7.931188561215370969e-01
0.000000000000000000e+00
8.836965082698871043e-01
8.967564129743480494e-01
1.000000000000000000e+00
3.796856106408706411e-01
2.458282180693857066e-01
9.548163956140995889e-01
5.670376962516271435e-01
4.908562572646261168e-01
6.321317639365702234e-01
9.965586464009177359e-01
6.402426427779969176e-01
7.635563740536116528e-01
9.933923303834808483e-01
6.675446411279389869e-01
9.289732100295547967e-01
3.565672100892033347e-01
8.709871589085071975e-01
6.963447455717594048e-01
9.473573383870288467e-01
9.984851763687513371e-01
6.747734859322841727e-02
7.541202672605790136e-01
9.996978851963745916e-01
3.366976279285209261e-01
9.996550931248563421e-01
3.466311381804339509e-01
9.981853924088915919e-01
2.308665401644528770e-01
8.654545454545454763e-01
3.989501959141427689e-01
5.208972224656094330e-01
4.952684530331706303e-01
1.000000000000000000e+00
1.000000000000000000e+00
6.291069924178601669e-01
7.141234193888303938e-01
4.785252263906856207e-01
9.089642359498374402e-01
8.848916728923624797e-01
9.808520823360459273e-01
9.850857568978373946e-01
9.727385377942998623e-01
3.558215451577801947e-01
9.419506462984723605e-01
9.988179669030733399e-01
9.637214005814688234e-01
8.839005551532705951e-01
6.500209526470177579e-01
7.218277246063600217e-01
9.450945094509450861e-01
2.039950803681241792e-02
6.466619149441672487e-01
8.417207792207792583e-01
9.063573883161512024e-01
9.911592756309710595e-01
9.991471215351812596e-01
5.382422802850356236e-01
8.782161939991779409e-01
2.908207867897037446e-01
7.114569582435906758e-01
6.179966044142614079e-01
8.802793107331906564e-01
7.510021221410044800e-01
9.380714879467996203e-01
8.620819240886884449e-01
3.863003751664044749e-01
3.935100800883734040e-01
9.843472468916518725e-01
9.816733067729083162e-01
1.000000000000000000e+00
8.988439306358381176e-01
7.517441442305387023e-01
7.689488292648209988e-01
9.302788844621513453e-01
5.257691296344990661e-01
7.397540983606557541e-01
9.763033175355450011e-01
8.438639125151883302e-01
9.872190392243278545e-01
5.183845690174804233e-01
8.125346644481420411e-01
7.109375000000000000e-01
8.952702702702702853e-01
8.472924764389542229e-01
3.846520909248655196e-01
7.840203274985884097e-01
9.172254335260116020e-01
7.222429050087345037e-02
7.214723926380368635e-01
8.588341940446104772e-01
9.251567184518942888e-01
7.899515738498789075e-01
4.394457674821389825e-01
9.871881321645313845e-01
6.482122260668973235e-01
8.422023014813402320e-01
8.716387863682116821e-01
7.486015662458046505e-01
9.550147492625368217e-01
9.482902418682235268e-01
6.479979111881981613e-01
9.549223899638528135e-01
9.699727024567789124e-01
9.724770642201835402e-01
1.000000000000000000e+00
9.916950912056947676e-01
7.386403663261711383e-01
5.040767386091127289e-01
7.099073414112615499e-01
7.726250702641933588e-01
8.578745198463508803e-01
8.129449231922067920e-01
9.964136282127914468e-01
9.322165952473704387e-01
8.063328424153166640e-01
6.263888888888888840e-01
9.593991067803491202e-01
7.509433962264151496e-01
8.391304347826087362e-01
5.951882089444404667e-01
9.487596583977226938e-01
7.963137461837096476e-01
9.850018747656542617e-01
5.852610512684678357e-01
7.159068784246098716e-01
8.335406254946744475e-01
7.253831547538315272e-01
9.828203292770222310e-01
2.389089835387908645e-01
7.168262653898769265e-01
8.819721115537848544e-01
5.173041894353369585e-01
9.937662337662337420e-01
9.791666666666666297e-01
1.594501718213058306e-01
6.937085045842554809e-01
7.033346487766377608e-01
1.000000000000000000e+00
9.235650418229016667e-01
7.035637149028077797e-01
7.113672297578430559e-01
9.378860672614962590e-01
1.000000000000000000e+00
4.714450867052022986e-01
9.952095808383233377e-01
6.959559786880950005e-01
7.359781121751025612e-01
7.399910700997172075e-01
9.667128987517337180e-01
9.198872785829307341e-01
6.099193333924297633e-01
5.033981212934505178e-01
9.056653491436099657e-01
8.388009049773755832e-01
7.082461558898741627e-01
7.933446136491821843e-01
8.490456911509542959e-01
7.527058952804790426e-01
7.660597232337945650e-01
8.482972136222910464e-01
5.007706617060855292e-01
7.952717123625020479e-01
9.772623919963620009e-01
8.663919952913478051e-01
3.317195624887932515e-01
8.758402530644523454e-01
7.835306677018633037e-01
6.656801085213960301e-01
7.853499889127060207e-01
8.127858854280113343e-01
8.598983528259138698e-01
9.885888170406998965e-01
4.531817949111759392e-01
1.850702143385070109e-01
8.403342863426435105e-01
4.389770723104056693e-01
9.367992167019360827e-02
1.000000000000000000e+00
9.273500144913534582e-01
9.086715867158671189e-01
1.193921463152232409e-01
8.282588274299608200e-01
7.886908578022823191e-01
7.745011692531964531e-01
8.485232832034789174e-01
6.913450219936806418e-01
8.887970918704560797e-01
9.040463640416437352e-01
3.743850310508912149e-01
5.564353513992033040e-01
9.574984820886460746e-01
9.150818222025652870e-01
9.330489005579257755e-01
8.865675731214466282e-01
9.091940976163450649e-01
9.799999999999999822e-01
9.133079847908744942e-01
9.878048780487804770e-01
9.195989405978055586e-01
7.167812728602779293e-01
8.970980159905241891e-01
8.992921892462436562e-01
9.006913890634821174e-01
7.516795474061725990e-01
9.089387345162370790e-01
9.645211930926216315e-01
8.292020826843486958e-01
9.916036943744752641e-01
9.934506483196612336e-01
9.688272452622905817e-01
9.569850039463299041e-01
9.265577046606238154e-01
9.976739482200647213e-01
7.549844547762343261e-01
9.707865168539325795e-01
7.922278990555813305e-01
8.912454491575649840e-01
8.788974981329350511e-01
9.983007069059270933e-01
7.691550304332259724e-01
9.389716482460355174e-01
2.365631797508404299e-01
5.356140296757874175e-01
9.894346802864153467e-01
2.781359696253313252e-01
9.998066262730437304e-01
6.785332478084241670e-01
9.507659857904084966e-01
8.705286131764879975e-01
9.312131734006734440e-01
9.978901173094776311e-01
9.734244266538253365e-01
9.289047646482686549e-01
8.700209643605869569e-01
5.143856686169250292e-01
7.934923515685765594e-01
7.550109918530971687e-01
8.717001055966209222e-01
9.813568825343426116e-01
3.711030894004031522e-01
5.757366164061419322e-01
8.905860741337225939e-01
0.000000000000000000e+00
7.920720720720720864e-01
8.384437850313221086e-01
9.953807254692210726e-01
9.982679629008828215e-01
9.767913915382734347e-01
9.257931906819858447e-01
8.384957313201156781e-01
9.040257648953301528e-01
8.488599971320682780e-01
8.831688278175601203e-01
4.045466607695709649e-01
7.961082309495064457e-01
8.264683024314422033e-01
9.998142644873699858e-01
1.000000000000000000e+00
9.318045112781955241e-01
7.253233492171545782e-01
8.604094076655052215e-01
9.506481760627072397e-01
2.582297000731528791e-01
6.891160998740460952e-01
4.997521070897372186e-01
9.980151569830386649e-01
9.676291175274501777e-01
7.727837613918806525e-01
8.794428287157508572e-01
6.650163116484359982e-01
9.685622113985704607e-01
9.918456025507180751e-01
9.240362811791382747e-01
4.756257199706775407e-01
9.138342277877161690e-01
9.666908621663037326e-01
9.315638187266833681e-01
9.993412050879237896e-01
8.290227659903980362e-01
9.029982363315696148e-01
9.173768062245275523e-01
9.980936103076518684e-01
8.548671822461331171e-01
7.965278673026513490e-01
6.872152238005896363e-01
8.694500504540867425e-01
7.948536563798744847e-01
9.564302621197510179e-01
5.498579178506846077e-01
8.948045977011493957e-01
9.662578330030529017e-01
6.427990235964198273e-01
9.996267728290619825e-01
9.738993474836871167e-01
7.745869230449078380e-01
9.354758522727272263e-01
5.937670316603081977e-01
9.358985946043653081e-01
9.748669426374926283e-01
9.431009957325746651e-01
7.249659809493316232e-01
9.151170891163389332e-01
8.679629629629629362e-01
6.622019174194441193e-01
9.995593188328244505e-01
7.648265572547556790e-01
5.708232602875041861e-01
8.568561872909699062e-01
8.914884023846501027e-01
9.963226844403585969e-02
7.863652295828952310e-01
5.662188661574033555e-01
3.446279916753381967e-01
9.871989521002649814e-01
7.312105309970647893e-01
9.992001023868944953e-01
6.714708473580771608e-01
9.757984978377968188e-01
6.003427975258961435e-01
3.585122699386503187e-01
7.465579570802245435e-01
9.462477071536805617e-01
7.924992314786351022e-01
6.154623547246084181e-01
9.425707922367164704e-01
4.580868855802570083e-01
9.641223701595690310e-01
9.970260597812389269e-01
8.640712166172106468e-01
7.948031598877064452e-01
9.919402110199296851e-01
7.326782221009052742e-01
6.202390746745389816e-01
9.510462096339491467e-01
8.863346812164183408e-01
8.457012095456031275e-01
8.466523835029459155e-01
9.978170038965307187e-01
5.388110564180235151e-01
9.297349239459066217e-01
7.457274389859368524e-01
9.956106576312951928e-01
8.823566838455175754e-01
8.203972625605073787e-01
9.982962612399431945e-01
7.126642403306396867e-01
8.209621993127147466e-01
9.373452470664226377e-01
9.936417748917748538e-01
9.931619573027977710e-01
8.316602316602316192e-01
9.477479679765323795e-01
8.790979574166634114e-01
8.654445462878093132e-01
6.881583634420640472e-01
9.953065415077735345e-01
8.670258497162836031e-01
5.414151731822824942e-01
9.947401908801696280e-01
9.694476128401499082e-01
7.772546968310012350e-01
7.406004356473150363e-01
7.869652498961650089e-01
9.713863412415675302e-01
9.639928141841755949e-01
9.714426390940423817e-01
8.563534443824553088e-01
9.619826132087712089e-01
9.570542870104340460e-01
9.626084355369428636e-01
6.940086473131562572e-01
8.969375070629449498e-01
9.997581035316884801e-01
8.126854219948849156e-01
8.913607712272896277e-01
9.478021978021977656e-01
5.845066893821716514e-01
9.298845836768342421e-01
7.865349727877444241e-01
8.904684422368759344e-01
9.174894463245298892e-01
7.869966881645459322e-01
6.974703982777179512e-01
7.546012269938650041e-01
5.975718422811316932e-01
6.334776334776335283e-01
7.475790418777656932e-01
2.848129191669608318e-01
6.197370045684652551e-01
9.494656945970239015e-01
9.928859060402684955e-01
5.136504933099067527e-01
9.308318643498698641e-01
1.000000000000000000e+00
7.336258735576142165e-01
9.735964176761279232e-01
9.052896725440806591e-01
9.081609456694703653e-01
7.489800013377031496e-01
7.900000000000000355e-01
6.557319410017052874e-01
8.155088852988691128e-01
6.426735218508997649e-01
9.971772750765316440e-01
7.067165342060153232e-01
8.154966887417218757e-01
9.027777777777777901e-01
8.723560209424083833e-01
9.097115994478229828e-01
9.089555695239355249e-01
9.871000379410649339e-01
1.000000000000000000e+00
3.922447607306959738e-01
9.396957425850935852e-01
7.083280994849893153e-01
9.879859836475888279e-01
4.679135209334248646e-01
8.290536641661857553e-01
4.371656697146170112e-02
9.684172532033928915e-01
9.572365958933160002e-01
6.541353383458646809e-01
8.566002779064381123e-01
9.988951741205586154e-01
3.543626103313557985e-01
9.775300571962179941e-01
6.316084139806446007e-01
9.866574892783396278e-01
8.424233904976103915e-01
7.937984496124030898e-01
9.330106909468733889e-01
5.808954464512846583e-01
7.279267127522058844e-01
4.314355166031087485e-01
6.890976213841768505e-01
5.501980368520751341e-01
4.114202808435670211e-01
6.645968322534197004e-01
8.200185172938297962e-01
8.421969317395557875e-01
8.742288557213930833e-01
8.953956834532373898e-01
8.141205325858443809e-01
9.386767782426778117e-01
9.806414973209215402e-01
7.924500587544065500e-01
8.974723090031241357e-01
1.149835692618806915e-01
5.499683966570686477e-01
8.041652204095800505e-01
8.062108091967751244e-01
5.309074750666534781e-01
8.584863412449619258e-01
9.816132858837485209e-01
8.320486815415821802e-01
6.789716545814107329e-01
2.156530167191664845e-03
1.000000000000000000e+00
8.856412313245763945e-01
9.855342799497506245e-01
9.839508618981572807e-01
8.243512506153449770e-01
8.290950419093621182e-01
9.793868170402312279e-01
9.101896433133536135e-01
9.051016767748840675e-01
9.968982630272953394e-01
4.741420976317061164e-01
8.832951945080091960e-01
5.518234165067178454e-01
9.650249821556031726e-01
6.808510638297872175e-01
6.186107470511140738e-01
9.173515981735159697e-01
9.410239792611795329e-01
9.189368770764119176e-01
4.902798547318948930e-01
7.464633068081344414e-01
9.571428571428571841e-01
9.939560439560439775e-01
5.757575757575758013e-01
8.761987794245859051e-01
6.462264150943396457e-01
8.908594815825374713e-01
7.742463192334657629e-01
7.622286162699450918e-01
9.381056201550387330e-01
8.239277652370202709e-01
9.521869057321380447e-01
8.168761220825853098e-01
9.763694951664876331e-01
9.245689655172413257e-01
9.437386569872958653e-01
7.596407818277866042e-01
8.887269193391642563e-01
3.653846153846153633e-01
7.689805522873555121e-01
6.959775491113190382e-01
6.163141993957703679e-01
8.801399825021872791e-01
9.983723296032553929e-01
9.604633593553261184e-01
9.996042111929074325e-01
7.938956350508696858e-01
7.744493392070485038e-01
8.282876064333017929e-01
9.374285714285713889e-01
9.360389610389610038e-01
9.777508090614887015e-01
8.941411451398135757e-01
9.333457341269840724e-01
5.519857206604195099e-01
9.851799576570219319e-01
8.908600077130736095e-01
9.621172807472755384e-01
6.274881516587678121e-01
7.524916943521594570e-01
9.072939316070369742e-01
7.198335644937586819e-01
9.195575666163900985e-01
9.602015113350126363e-01
8.780000000000000027e-01
7.625252339878877406e-01
9.935805991440799234e-01
9.851945854483925569e-01
6.353651839648545296e-01
6.906906906906906674e-01
9.924953095684803106e-01
8.931297709923664563e-01
9.884937238493723966e-01
7.999201277955271250e-01
9.152351450295691526e-01
6.991215226939970773e-01
7.771528998242530628e-01
8.654443753884399904e-01
5.838971583220567974e-01
8.550013627691469553e-01
8.770402611534275916e-01
9.294512877939529183e-01
9.566305254378648648e-01
9.589710192119830223e-01
7.699192316088190324e-01
7.749279538904899622e-01
8.844815588030618958e-01
9.563025210084034056e-01
5.715270596346087029e-01
9.267973856209150707e-01
9.066118789689950885e-01
5.247893713545042083e-01
6.916717490004743452e-01
9.387602688573561949e-01
7.197106690777577143e-01
9.503437738731856932e-01
9.268851051652596817e-01
7.560290716881400419e-01
9.766943814562861759e-01
9.897167902899528524e-01
9.903133903133902738e-01
5.363037233143693738e-01
2.856010149064382997e-01
9.448773113152691971e-01
8.832752613240417716e-01
8.295350957155879223e-01
9.790906073680717414e-01
8.402903811252269151e-01
1.998069498069497962e-01
7.578807947019867708e-01
9.014404852160727843e-01
9.231035677173536902e-01
9.774078478002378167e-01
9.833400240867121722e-01
8.562030075187969658e-01
9.419978517722878975e-01
6.037878153021034588e-01
8.446069469835466581e-01
8.838951310861423716e-01
8.967472894078398760e-01
9.461538461538461231e-01
9.627437325905292553e-01
1.000000000000000000e+00
9.271012006861063526e-01
1.000000000000000000e+00
6.936274509803921351e-01
8.966357874207703249e-01
9.447983014861995876e-01
7.821612349914236484e-01
8.527777777777777457e-01
7.817293106354289423e-01
5.903398926654740420e-01
9.010989010989011172e-01
5.034013605442176909e-01
8.631476050830889646e-01
7.050752434346414521e-01
