9.156646728515625000e-01
9.833679199218750000e-01
9.875640869140625000e-01
7.859344482421875000e-01
7.693176269531250000e-01
4.028015136718750000e-01
9.634246826171875000e-01
9.908142089843750000e-01
9.821014404296875000e-01
9.741363525390625000e-01
3.091430664062500000e-01
6.114807128906250000e-01
9.073944091796875000e-01
8.071746826171875000e-01
8.446044921875000000e-01
8.165130615234375000e-01
7.127838134765625000e-01
7.808532714843750000e-01
9.517974853515625000e-01
9.875030517578125000e-01
5.533142089843750000e-01
7.184753417968750000e-01
7.973937988281250000e-01
8.441619873046875000e-01
6.723175048828125000e-01
9.927673339843750000e-01
9.808502197265625000e-01
8.212585449218750000e-01
9.397888183593750000e-01
9.765625000000000000e-01
7.072143554687500000e-01
9.377288818359375000e-01
7.902374267578125000e-01
9.895782470703125000e-01
8.350372314453125000e-01
9.978485107421875000e-01
6.712493896484375000e-01
8.142700195312500000e-01
8.543853759765625000e-01
9.328002929687500000e-01
5.976257324218750000e-01
9.666137695312500000e-01
8.141021728515625000e-01
9.330139160156250000e-01
9.950103759765625000e-01
7.313079833984375000e-01
9.976806640625000000e-01
9.974517822265625000e-01
9.981079101562500000e-01
9.915161132812500000e-01
9.935607910156250000e-01
9.977874755859375000e-01
9.921875000000000000e-01
9.920196533203125000e-01
8.939514160156250000e-01
9.788360595703125000e-01
9.956054687500000000e-01
2.904663085937500000e-01
8.719787597656250000e-01
9.759826660156250000e-01
9.962463378906250000e-01
9.579467773437500000e-01
9.507598876953125000e-01
8.126068115234375000e-01
9.011383056640625000e-01
7.699279785156250000e-01
9.363250732421875000e-01
9.863739013671875000e-01
9.837341308593750000e-01
9.643554687500000000e-01
9.966430664062500000e-01
9.940032958984375000e-01
8.301544189453125000e-01
6.464385986328125000e-01
9.638519287109375000e-01
9.980010986328125000e-01
6.683197021484375000e-01
9.990692138671875000e-01
8.512725830078125000e-01
8.971252441406250000e-01
9.927673339843750000e-01
9.149169921875000000e-01
9.188385009765625000e-01
9.973907470703125000e-01
9.937438964843750000e-01
9.986267089843750000e-01
9.496459960937500000e-01
9.943847656250000000e-01
9.658508300781250000e-01
9.967498779296875000e-01
9.592437744140625000e-01
8.716735839843750000e-01
9.883422851562500000e-01
9.941406250000000000e-01
6.209411621093750000e-01
9.895782470703125000e-01
9.194946289062500000e-01
9.676818847656250000e-01
9.866180419921875000e-01
8.301239013671875000e-01
9.977722167968750000e-01
9.959106445312500000e-01
9.617309570312500000e-01
9.578552246093750000e-01
9.530029296875000000e-01
9.986877441406250000e-01
9.952545166015625000e-01
6.680450439453125000e-01
6.379852294921875000e-01
9.984893798828125000e-01
9.979705810546875000e-01
8.815765380859375000e-01
9.741821289062500000e-01
9.480133056640625000e-01
9.083404541015625000e-01
9.492187500000000000e-01
9.785614013671875000e-01
9.597473144531250000e-01
9.275665283203125000e-01
9.895782470703125000e-01
9.973754882812500000e-01
9.949798583984375000e-01
8.294067382812500000e-01
9.972076416015625000e-01
9.993743896484375000e-01
9.616394042968750000e-01
9.390869140625000000e-01
9.980010986328125000e-01
9.234924316406250000e-01
9.975585937500000000e-01
8.774108886718750000e-01
9.205627441406250000e-01
8.928070068359375000e-01
8.832702636718750000e-01
9.982147216796875000e-01
7.723999023437500000e-01
9.966735839843750000e-01
9.952087402343750000e-01
9.300384521484375000e-01
9.971313476562500000e-01
9.974975585937500000e-01
5.018310546875000000e-01
9.229125976562500000e-01
9.268798828125000000e-01
4.785156250000000000e-01
9.590759277343750000e-01
9.593200683593750000e-01
8.468933105468750000e-01
9.777374267578125000e-01
7.015838623046875000e-01
9.006652832031250000e-01
9.961700439453125000e-01
8.656311035156250000e-01
9.969787597656250000e-01
8.833312988281250000e-01
9.922485351562500000e-01
9.967803955078125000e-01
8.662261962890625000e-01
8.135375976562500000e-01
9.914855957031250000e-01
9.910736083984375000e-01
8.540039062500000000e-01
9.597320556640625000e-01
9.299774169921875000e-01
9.167480468750000000e-01
7.850341796875000000e-01
9.716186523437500000e-01
8.867340087890625000e-01
9.666137695312500000e-01
9.969024658203125000e-01
9.930877685546875000e-01
8.811035156250000000e-01
9.946289062500000000e-01
9.212036132812500000e-01
9.559631347656250000e-01
9.545288085937500000e-01
9.479064941406250000e-01
9.651794433593750000e-01
9.967803955078125000e-01
7.896118164062500000e-01
9.138488769531250000e-01
9.829406738281250000e-01
9.043426513671875000e-01
5.621032714843750000e-01
9.943389892578125000e-01
9.860839843750000000e-01
9.927825927734375000e-01
4.748992919921875000e-01
9.555358886718750000e-01
9.788665771484375000e-01
8.964538574218750000e-01
9.570159912109375000e-01
9.098052978515625000e-01
8.524627685546875000e-01
9.169616699218750000e-01
8.892364501953125000e-01
8.452606201171875000e-01
9.950561523437500000e-01
9.951934814453125000e-01
9.938201904296875000e-01
9.677886962890625000e-01
9.953918457031250000e-01
9.986572265625000000e-01
9.965057373046875000e-01
9.952239990234375000e-01
9.828643798828125000e-01
8.457183837890625000e-01
9.879608154296875000e-01
9.872589111328125000e-01
9.969787597656250000e-01
9.527435302734375000e-01
9.671783447265625000e-01
9.955596923828125000e-01
8.558959960937500000e-01
9.925842285156250000e-01
9.633483886718750000e-01
9.949645996093750000e-01
9.729003906250000000e-01
9.762878417968750000e-01
9.365844726562500000e-01
8.938293457031250000e-01
9.888763427734375000e-01
8.585205078125000000e-01
9.570617675781250000e-01
9.273529052734375000e-01
9.648437500000000000e-01
9.333038330078125000e-01
9.890441894531250000e-01
5.106048583984375000e-01
8.614807128906250000e-01
9.763336181640625000e-01
7.229003906250000000e-01
9.525451660156250000e-01
8.321685791015625000e-01
9.682464599609375000e-01
9.340057373046875000e-01
9.699554443359375000e-01
9.811248779296875000e-01
9.674835205078125000e-01
9.924926757812500000e-01
8.755798339843750000e-01
7.868194580078125000e-01
9.790954589843750000e-01
9.113464355468750000e-01
9.887542724609375000e-01
9.866333007812500000e-01
8.244781494140625000e-01
7.543640136718750000e-01
8.881072998046875000e-01
3.842163085937500000e-01
9.940032958984375000e-01
9.934692382812500000e-01
9.591674804687500000e-01
9.861297607421875000e-01
9.467315673828125000e-01
9.888916015625000000e-01
9.676513671875000000e-01
9.990844726562500000e-01
8.080902099609375000e-01
9.475097656250000000e-01
6.717376708984375000e-01
9.219055175781250000e-01
9.819488525390625000e-01
9.904479980468750000e-01
9.372406005859375000e-01
9.265289306640625000e-01
9.561767578125000000e-01
9.852905273437500000e-01
9.519042968750000000e-01
7.645263671875000000e-01
8.894042968750000000e-01
9.953765869140625000e-01
9.591979980468750000e-01
9.758605957031250000e-01
9.698333740234375000e-01
9.622344970703125000e-01
8.750457763671875000e-01
9.927215576171875000e-01
9.317474365234375000e-01
9.911804199218750000e-01
7.079925537109375000e-01
9.412384033203125000e-01
9.616851806640625000e-01
9.899139404296875000e-01
9.613800048828125000e-01
9.797515869140625000e-01
9.929962158203125000e-01
9.911193847656250000e-01
9.889526367187500000e-01
9.019775390625000000e-01
9.594421386718750000e-01
8.883972167968750000e-01
9.900054931640625000e-01
9.376678466796875000e-01
9.700469970703125000e-01
8.931884765625000000e-01
9.936676025390625000e-01
9.583282470703125000e-01
8.668212890625000000e-01
8.885192871093750000e-01
9.787445068359375000e-01
9.366912841796875000e-01
9.730682373046875000e-01
9.164428710937500000e-01
9.475708007812500000e-01
9.962921142578125000e-01
9.942779541015625000e-01
9.144134521484375000e-01
9.900817871093750000e-01
9.970397949218750000e-01
8.778839111328125000e-01
9.152679443359375000e-01
9.026031494140625000e-01
8.397979736328125000e-01
9.733428955078125000e-01
8.798675537109375000e-01
9.644622802734375000e-01
8.513793945312500000e-01
8.566284179687500000e-01
6.976318359375000000e-01
9.713134765625000000e-01
9.573822021484375000e-01
9.384002685546875000e-01
7.662658691406250000e-01
9.808807373046875000e-01
9.505920410156250000e-01
9.947204589843750000e-01
9.690856933593750000e-01
9.780120849609375000e-01
9.971466064453125000e-01
9.974517822265625000e-01
9.756164550781250000e-01
9.557800292968750000e-01
9.878234863281250000e-01
9.526977539062500000e-01
8.535614013671875000e-01
9.532623291015625000e-01
9.309387207031250000e-01
9.087982177734375000e-01
8.865661621093750000e-01
9.577178955078125000e-01
9.432067871093750000e-01
9.231719970703125000e-01
9.335937500000000000e-01
9.690856933593750000e-01
7.539367675781250000e-01
9.515686035156250000e-01
8.858032226562500000e-01
9.903869628906250000e-01
9.719543457031250000e-01
9.856719970703125000e-01
9.595489501953125000e-01
8.703918457031250000e-01
9.541931152343750000e-01
9.898986816406250000e-01
9.911956787109375000e-01
9.223327636718750000e-01
9.141845703125000000e-01
9.949645996093750000e-01
9.577636718750000000e-01
9.474182128906250000e-01
8.654327392578125000e-01
9.817199707031250000e-01
8.843231201171875000e-01
8.961944580078125000e-01
9.338836669921875000e-01
9.860839843750000000e-01
9.140625000000000000e-01
9.285278320312500000e-01
9.417572021484375000e-01
9.727325439453125000e-01
9.698791503906250000e-01
9.898376464843750000e-01
9.222106933593750000e-01
9.717712402343750000e-01
9.694824218750000000e-01
9.950408935546875000e-01
8.636474609375000000e-01
9.814758300781250000e-01
9.790802001953125000e-01
9.717254638671875000e-01
9.040527343750000000e-01
9.758758544921875000e-01
8.930358886718750000e-01
9.802703857421875000e-01
9.896545410156250000e-01
9.635925292968750000e-01
9.114990234375000000e-01
9.706268310546875000e-01
9.563446044921875000e-01
9.985961914062500000e-01
6.444244384765625000e-01
9.968872070312500000e-01
7.845153808593750000e-01
9.094085693359375000e-01
7.770080566406250000e-01
9.889678955078125000e-01
9.586029052734375000e-01
7.782287597656250000e-01
9.945068359375000000e-01
6.820983886718750000e-01
9.288330078125000000e-01
9.726409912109375000e-01
9.368591308593750000e-01
9.963531494140625000e-01
9.510345458984375000e-01
9.985656738281250000e-01
9.380798339843750000e-01
9.953918457031250000e-01
9.341888427734375000e-01
9.309234619140625000e-01
9.547271728515625000e-01
9.750213623046875000e-01
9.863586425781250000e-01
9.939880371093750000e-01
9.596557617187500000e-01
9.242401123046875000e-01
9.871368408203125000e-01
9.520416259765625000e-01
8.468780517578125000e-01
9.915618896484375000e-01
4.297790527343750000e-01
9.857940673828125000e-01
9.635772705078125000e-01
9.234161376953125000e-01
7.464752197265625000e-01
9.439086914062500000e-01
9.825897216796875000e-01
9.650878906250000000e-01
9.769897460937500000e-01
9.605560302734375000e-01
5.793151855468750000e-01
9.866027832031250000e-01
9.373016357421875000e-01
8.321990966796875000e-01
9.875946044921875000e-01
8.677673339843750000e-01
9.331359863281250000e-01
9.243469238281250000e-01
9.097442626953125000e-01
7.137908935546875000e-01
9.270935058593750000e-01
9.717864990234375000e-01
1.970672607421875000e-01
8.771057128906250000e-01
9.188385009765625000e-01
9.387969970703125000e-01
9.908599853515625000e-01
9.763946533203125000e-01
9.858093261718750000e-01
9.754486083984375000e-01
9.729919433593750000e-01
9.872589111328125000e-01
9.937133789062500000e-01
9.404144287109375000e-01
8.824005126953125000e-01
9.728088378906250000e-01
9.956817626953125000e-01
9.507293701171875000e-01
9.773101806640625000e-01
9.924163818359375000e-01
9.092712402343750000e-01
9.814605712890625000e-01
4.938354492187500000e-01
7.145233154296875000e-01
9.250488281250000000e-01
9.884490966796875000e-01
9.885253906250000000e-01
9.320068359375000000e-01
9.783782958984375000e-01
9.898986816406250000e-01
9.835815429687500000e-01
9.953308105468750000e-01
9.935302734375000000e-01
9.850158691406250000e-01
9.967346191406250000e-01
9.927062988281250000e-01
9.978942871093750000e-01
9.991607666015625000e-01
9.965972900390625000e-01
9.936828613281250000e-01
9.978637695312500000e-01
9.976806640625000000e-01
9.404449462890625000e-01
9.759521484375000000e-01
9.993438720703125000e-01
9.965515136718750000e-01
9.988861083984375000e-01
9.974212646484375000e-01
9.679870605468750000e-01
9.960937500000000000e-01
9.409179687500000000e-01
9.684600830078125000e-01
9.936370849609375000e-01
9.849395751953125000e-01
9.893646240234375000e-01
9.857177734375000000e-01
9.981994628906250000e-01
9.985198974609375000e-01
9.971160888671875000e-01
9.932861328125000000e-01
9.968719482421875000e-01
9.485321044921875000e-01
9.523468017578125000e-01
9.706420898437500000e-01
8.495483398437500000e-01
9.989471435546875000e-01
9.900207519531250000e-01
9.785614013671875000e-01
9.541625976562500000e-01
9.918365478515625000e-01
9.929046630859375000e-01
9.748992919921875000e-01
9.948272705078125000e-01
9.964599609375000000e-01
9.986572265625000000e-01
9.946746826171875000e-01
8.681640625000000000e-01
9.351654052734375000e-01
9.956207275390625000e-01
9.922943115234375000e-01
9.948883056640625000e-01
9.818572998046875000e-01
9.947509765625000000e-01
9.951782226562500000e-01
9.927215576171875000e-01
9.985961914062500000e-01
9.984283447265625000e-01
9.988555908203125000e-01
9.799652099609375000e-01
9.933624267578125000e-01
9.973297119140625000e-01
9.948425292968750000e-01
9.986572265625000000e-01
8.224792480468750000e-01
9.022369384765625000e-01
9.967956542968750000e-01
9.962310791015625000e-01
9.925842285156250000e-01
9.629516601562500000e-01
9.914093017578125000e-01
9.942932128906250000e-01
8.876037597656250000e-01
9.921112060546875000e-01
9.972534179687500000e-01
9.961853027343750000e-01
9.937896728515625000e-01
9.984588623046875000e-01
9.837188720703125000e-01
9.727783203125000000e-01
9.981231689453125000e-01
9.980163574218750000e-01
9.791870117187500000e-01
9.435729980468750000e-01
9.844360351562500000e-01
9.488677978515625000e-01
9.354400634765625000e-01
9.962921142578125000e-01
9.972839355468750000e-01
9.981842041015625000e-01
8.856811523437500000e-01
9.772033691406250000e-01
9.536895751953125000e-01
9.885711669921875000e-01
8.021545410156250000e-01
7.838897705078125000e-01
7.426605224609375000e-01
9.869689941406250000e-01
9.986877441406250000e-01
9.942321777343750000e-01
9.946441650390625000e-01
9.963073730468750000e-01
9.915008544921875000e-01
9.817199707031250000e-01
9.981689453125000000e-01
9.966125488281250000e-01
9.992370605468750000e-01
9.946289062500000000e-01
9.989318847656250000e-01
9.989318847656250000e-01
9.496002197265625000e-01
9.991455078125000000e-01
9.857330322265625000e-01
9.766845703125000000e-01
9.981231689453125000e-01
9.977874755859375000e-01
8.033752441406250000e-01
9.980316162109375000e-01
9.770507812500000000e-01
9.966735839843750000e-01
9.912567138671875000e-01
9.989166259765625000e-01
9.969177246093750000e-01
9.989776611328125000e-01
9.715728759765625000e-01
9.402313232421875000e-01
9.989624023437500000e-01
9.873809814453125000e-01
9.958343505859375000e-01
9.635009765625000000e-01
