8.178565672844479995e-01
8.492142149228373293e-01
7.611454604620891962e-01
7.438851101722210313e-01
5.938551963665509303e-01
5.619444583940139820e-02
3.533234859675036810e-01
8.690012970168612405e-01
7.373342400544032893e-01
8.005112474437627856e-01
1.619155767875322949e-01
4.131757966344432598e-01
6.633978668553809355e-01
7.073300841395698813e-01
6.288378607496959427e-01
6.088358394047433952e-01
1.510046769443963155e-01
7.362479742190265464e-01
6.959570957095709831e-01
9.492154546988358366e-01
4.660942841243342349e-01
2.943674644592406131e-01
6.023676049618320594e-01
3.144511936714224909e-01
5.408040546344815569e-01
8.721150208096859480e-01
7.168815033390277813e-01
5.148003001751021435e-01
6.765611873424810518e-01
6.189229618548990342e-01
5.356368860642365393e-01
6.054573298064875875e-01
5.131453791424114286e-01
8.777379530067702662e-01
5.774825843464007624e-01
8.652482269503546375e-01
5.157582078723018659e-01
4.578936810431293858e-01
1.351163253131835440e-01
1.823708206686930067e-01
2.313887485512199360e-01
6.105728727885425533e-01
7.917269402681836876e-01
4.834411384217335295e-01
8.090551181102362266e-01
5.228573149430826295e-01
9.056356487549147571e-01
8.513773222293401499e-01
9.696549332408531674e-01
6.791845493562231884e-01
8.974800775360758376e-01
7.555953446732318612e-01
9.340401923314017862e-01
8.844390832328106189e-01
6.115550755939525018e-01
6.509002136100091596e-01
7.181641887524240486e-01
1.781246024004410830e-02
6.309557505425039681e-01
7.867918719211822731e-01
8.153084539223153238e-01
6.837281856293263571e-01
3.438096636804229833e-01
3.369801872414543986e-01
7.725739161980772485e-01
3.852486622011001560e-01
7.157779353923527932e-01
6.477079796264855194e-01
8.904349731565683879e-01
5.952789699570815163e-01
9.072206534893102470e-01
8.857036485480268562e-01
3.561055306789301933e-01
4.067012264508787500e-01
7.421321469764375900e-01
8.544087491455912842e-01
2.451740870612403866e-01
8.829648894668400416e-01
7.721025837137598380e-01
7.758397050791916438e-01
8.764264753831105814e-01
2.862951972744257612e-01
7.514609630668536155e-01
9.315600717274357123e-01
8.149675898644667127e-01
9.429051217464315959e-01
5.664556962025316666e-01
8.702906350914961786e-01
7.208059210526315264e-01
9.173622704507512493e-01
8.705051033760795587e-01
6.679723696402999344e-01
8.029361942405420782e-01
9.241204874683834891e-01
3.211236499771068509e-01
7.648261758691206058e-01
8.772570111409911942e-01
9.017426960533060365e-01
8.144673123486683153e-01
4.947828722344893015e-01
8.515535097813579091e-01
7.315668202764976646e-01
8.521202873672834022e-01
8.764222200975236854e-01
8.118092832333438924e-01
8.521573604060913576e-01
9.128818061088977975e-01
6.056709589344353439e-01
1.514576319747868993e-01
8.373540856031128632e-01
9.202540578687368189e-01
1.522977592100265842e-01
7.494533317988261167e-01
6.049277016742770074e-01
4.031175059952038509e-01
2.582491582491582283e-01
8.382734599098483619e-01
8.802661888917328037e-01
8.167853128512551075e-01
5.525331519891193421e-01
8.695504087193460796e-01
8.337012509197939680e-01
7.615386112787370099e-01
9.103002660585328698e-01
3.784370477568740898e-01
6.729253981559094600e-01
7.589769525323314392e-01
9.521896343913218708e-01
8.441078822695564643e-01
9.337392550143266412e-01
5.646594855494732057e-01
8.596845494733394988e-01
8.616143905448405693e-01
8.704597492875615350e-01
9.117164424023629365e-01
4.674466671587805267e-01
7.387387387387387427e-01
8.935655539429124827e-01
5.458244111349036531e-01
8.314410480349344601e-01
9.378617118489186444e-01
1.764032073310423943e-01
7.159026240910527639e-01
6.197677822226558275e-01
4.825184566095556266e-02
4.390992835209825973e-01
6.597652644072267147e-01
6.270203066721923291e-01
3.583180987202925216e-01
1.820234019338575482e-01
4.146341463414633943e-01
8.920171062009978336e-01
6.395724258289703368e-01
8.243967828418230503e-01
4.823866138265081593e-01
9.403228906400153964e-01
8.896198830409356439e-01
6.454424778761062020e-01
4.974676420934158738e-01
8.713703515028018431e-01
8.288973384030418057e-01
7.089598285324586469e-01
7.449475845671673646e-01
6.965218811234487051e-01
7.333589209343129856e-01
4.252217477003942259e-01
6.711241734019103289e-01
6.413499867127292475e-01
7.644756157233729699e-01
8.706688154713940753e-01
7.828870779976717653e-01
3.952842029765106791e-01
8.247909850963286438e-01
7.769868402566384447e-01
7.192355117139334064e-01
8.046800029526832709e-01
8.454051114736269579e-01
8.702425316146373824e-01
8.826513358133243337e-01
3.859251423102110778e-01
1.886178861788617989e-01
8.170070862859525329e-01
7.994344709673176785e-01
1.114304665045323939e-01
8.592745638200183222e-01
9.102446201949604410e-01
5.294700346706290306e-01
9.556213017751478966e-02
8.829378158646451480e-01
8.259827420901246775e-01
8.113436089997880796e-01
5.486501177749592006e-01
6.665221162185602788e-01
4.801912244994556711e-01
8.774909589724404491e-01
4.694733446245665243e-01
5.443086325439266959e-01
9.378927371036095417e-01
9.145597210113338704e-01
9.253634894991922266e-01
8.635300407672258372e-01
8.395225464190981812e-01
7.557803468208093012e-01
8.946171341925701626e-01
8.519168861574480944e-01
7.765733700048536026e-01
7.287452937571140543e-01
8.794306049822063764e-01
8.724169955885767713e-01
8.626882966396292041e-01
8.269463145175210972e-01
7.503152585119797768e-01
9.107840192249925249e-01
6.162164567664990544e-01
7.828779599271402656e-01
8.196641121800097851e-01
9.330118597680177039e-01
9.577646815550041604e-01
9.559378934116660176e-01
8.499576481584251164e-01
8.068957669549385869e-01
8.742442563482466511e-01
3.725142592878064041e-01
8.861097003555103990e-01
9.101941747572815933e-01
8.461893497951883392e-01
6.220849286460146121e-01
8.559724018973695614e-01
3.605508030898709748e-01
7.252991242136425099e-01
9.167095596836835059e-01
3.700838168923275551e-01
9.020602033977328515e-01
7.647227259711749658e-01
9.423947368421052850e-01
8.531615665719242125e-01
9.429981932463037397e-01
9.415680178564310721e-01
9.385275196568977352e-01
9.642597053386364747e-01
6.701129253776896277e-01
5.731045298268894195e-01
8.139987038237199712e-01
8.224978199786842081e-01
9.403796055080014815e-01
9.308210325828174536e-01
7.308547046535401881e-01
5.921994884910486423e-01
8.183567727609177833e-01
3.120912264055034080e-01
7.915951972555745897e-01
9.442815249266862665e-01
8.708821159406551216e-01
9.436344426835711063e-01
9.135930190716085031e-01
9.163494186644716155e-01
8.590059922453295860e-01
9.641269841269841656e-01
4.659911094115959940e-01
8.989306000698125132e-01
6.580562270721688201e-01
8.267811524269088608e-01
8.737960810362005448e-01
8.861092824226465270e-01
8.733325666973320578e-01
8.184052230046948706e-01
7.712729748127977736e-01
9.016768292682927344e-01
9.005701652315568628e-01
6.181701401962303999e-01
7.430910572719863216e-01
8.720872583044124715e-01
8.932881301206764268e-01
8.759098044812330119e-01
8.164082554677071224e-01
9.247108947048082728e-01
6.895718356599214172e-01
9.585264849496261119e-01
8.826396041096234990e-01
8.739930955120828182e-01
5.053721682847895913e-01
7.277246086504933764e-01
8.036730284479653985e-01
9.553227360308285121e-01
8.682286620276579159e-01
8.032610367635748538e-01
9.501509103300554981e-01
9.136699358275820471e-01
9.518200613996616877e-01
8.696934928700212897e-01
8.860525977090394356e-01
6.860537836147592161e-01
9.135235732009925336e-01
8.260064376736188096e-01
9.082794967698062383e-01
7.026462692291303158e-01
9.560988911107071164e-01
9.174022856285478644e-01
7.265310102717461582e-01
8.725891080151980672e-01
9.366433466590520229e-01
8.297459202644081877e-01
9.377382024807705552e-01
7.339344993311202048e-01
9.204782053865269154e-01
9.673076923076923128e-01
9.310440706242180120e-01
7.746478873239436291e-01
9.556462296645646948e-01
9.521818181818181293e-01
7.320458242480877287e-01
8.484095825654995870e-01
7.767324715730212770e-01
7.852985124556747243e-01
8.933484706825163268e-01
8.489779848420223596e-01
9.377781969068276213e-01
7.880151677646698438e-01
7.598789148911397895e-01
3.614724245577523587e-01
9.383938393839383885e-01
7.642666666666666497e-01
8.677665116800179490e-01
6.676434786529010790e-01
8.842452385759472788e-01
7.639913555406513401e-01
8.562215477996965030e-01
8.484244422295483812e-01
9.427906976744185874e-01
9.727236261532290484e-01
9.096385542168674565e-01
9.526704969984283178e-01
4.342239445237609519e-01
9.168006050865085133e-01
8.472388442468797853e-01
8.182652145059921001e-01
8.037097064649738609e-01
8.671679836859546020e-01
7.597925481097311806e-01
6.559550888060784457e-01
9.275014697236919625e-01
7.966719737044836158e-01
8.599098483813686356e-01
8.888711139551005447e-01
9.517437690514614079e-01
3.973116243847027440e-01
9.254738119690038012e-01
8.370898656797105541e-01
9.359813764004073500e-01
8.798008092125738644e-01
9.236641221374045641e-01
8.841241258009129300e-01
7.430448460921595943e-01
8.453608247422680355e-01
9.570645077043614668e-01
9.126237623762376572e-01
8.943942058109353166e-01
8.418229768572020877e-01
9.707381423517419394e-01
8.881350821649328653e-01
8.374779979239066474e-01
5.667904941224365389e-01
9.304842059241447139e-01
6.858724872607631085e-01
6.933599183900583940e-01
8.280779983720848447e-01
9.587555131720110202e-01
7.507804147958092589e-01
8.818116365927192168e-01
9.115036767813371466e-01
9.223142337257231871e-01
8.478826915170618594e-01
9.305896319746734813e-01
8.691556546197526378e-01
8.839987224528904619e-01
8.266590023631602557e-01
9.578458861065455299e-01
7.188569128597303015e-01
9.471261060355370409e-01
9.148653142667110272e-01
8.286445012787724274e-01
8.747331964077161848e-01
8.506195502524093177e-01
6.591672095004259546e-01
9.358162283515073510e-01
8.722289399435710910e-01
8.065178342314600624e-01
8.887613881354753387e-01
6.747428969844866398e-01
8.478889841405915506e-01
9.591947769314472794e-01
5.803144350921428662e-01
9.127934834690943910e-01
7.559679149522086083e-01
7.500437368789363290e-01
5.561180392641066339e-01
9.194203433634853262e-01
8.791582611447331663e-01
5.192224189184675431e-01
9.632250102838337824e-01
2.203233256351039282e-02
7.585459667370930692e-01
9.633113662131519428e-01
9.099848557143745964e-01
9.316239316239316448e-01
7.886429001404587913e-01
9.557133198106828598e-01
9.256764987383624410e-01
9.071038251366120297e-01
6.827140297577315442e-01
8.273956380144084077e-01
7.717001714196665141e-01
7.953525217850541118e-01
8.896070320579110291e-01
9.498561446773530204e-01
8.958713254066671405e-01
8.407752920931075291e-01
9.573839142751570108e-01
7.299039780521261456e-01
4.562366916956180907e-01
9.233395406579764098e-01
1.119642475099246470e-01
8.435738444193912056e-01
6.260482628786582238e-01
7.946761822730814551e-01
5.588556566970090955e-01
8.698652326033432525e-01
9.593217836401221055e-01
6.571115288220551465e-01
8.585970756986859298e-01
8.848698375415933182e-01
4.665719813922852288e-01
9.494605665493567326e-01
6.880990415335462851e-01
7.815033317770893051e-01
8.885296598256957612e-01
7.495176848874598452e-01
8.874166824081819449e-01
6.937302089930336146e-01
6.801551171809138152e-01
5.997510945174122643e-01
7.847882857675806401e-01
6.934733941794386514e-01
2.002692812262652777e-01
6.427735781137509097e-01
8.289795648435950293e-01
9.127680648653628825e-01
8.610244171103359490e-01
9.060134266533352854e-01
8.288649025069637633e-01
9.169018761414577945e-01
9.472537878787878896e-01
8.724763979665940417e-01
9.265300432176216683e-01
8.692655168367945384e-01
6.256146624944121104e-01
8.933756499426024345e-01
8.431799618840185584e-01
8.546670857091546170e-01
8.799361079066465585e-01
9.298083583468020885e-01
7.767132457534934309e-01
7.439719421306444369e-01
2.293722189978719406e-01
2.354282513901668206e-01
8.862717567600281177e-01
9.674295116296462993e-01
9.427340681616622753e-01
8.643505302977557703e-01
8.585929074414768714e-01
9.646110882204825820e-01
8.849709330029543741e-01
9.125552909152773173e-01
7.757459095283927297e-01
5.785403576607056619e-01
9.053051911009697417e-01
5.959692898272552775e-01
8.861480075901327913e-01
9.130434782608695121e-01
8.052287581699346664e-01
8.174796747967479904e-01
8.531304856641310774e-01
8.395280235988200612e-01
2.093569750053407286e-01
6.896551724137931494e-01
9.323164918970447967e-01
8.495782567947516295e-01
6.586206896551723977e-01
7.718213058419244321e-01
6.739243131156039679e-01
9.169785641374617047e-01
8.130465197621545848e-01
7.478420088935391341e-01
9.561350799182790627e-01
7.590040017785683046e-01
9.306001910883349160e-01
8.040843806104128744e-01
9.570759625390218295e-01
9.162727886563133417e-01
9.141238012205754604e-01
8.040147913365028876e-01
9.031791907514450379e-01
4.148351648351648602e-01
8.145467080317132513e-01
7.180998613037448131e-01
4.005513016845329011e-01
9.226973684210526550e-01
8.534467789546796856e-01
8.807278004130155713e-01
7.831990080595164772e-01
8.309812930751558913e-01
8.105726872246695747e-01
4.460004243581582872e-01
9.065523914846558284e-01
9.322528363047001276e-01
9.604586793198892636e-01
9.160110567722730135e-01
6.393130527902272098e-01
5.370895454129699376e-01
7.996613995485327697e-01
8.221906116642958562e-01
7.274494556765163100e-01
6.787630167245187751e-01
8.383167220376522843e-01
9.447949526813880228e-01
8.110854503464203225e-01
9.562406762804575022e-01
9.339396840593585658e-01
9.229268292682927255e-01
8.111619396157364603e-01
7.995418098510882476e-01
9.078998073217726672e-01
8.385502471169686833e-01
9.254901960784314152e-01
1.390923358618885719e-01
6.713109259791247840e-01
8.869241507677989578e-01
9.119028974158183143e-01
8.623876765083440255e-01
6.679355783308931205e-01
8.323374340949033501e-01
9.069190195470059335e-01
3.617823313357819703e-01
8.740499457111835513e-01
8.802083333333333703e-01
7.794894366197182567e-01
8.427170359607700778e-01
9.592426187419769157e-01
7.832351015062213317e-01
7.391304347826086474e-01
9.391845196959226483e-01
9.162717219589257001e-01
6.228492773571919772e-01
2.983732310540933574e-01
6.883600917431192956e-01
5.677952373238295269e-01
7.380903977773259905e-01
7.754385964912280382e-01
8.813263525305410351e-01
8.839972047519217835e-01
4.588047384533475159e-01
8.203266787658801684e-01
6.606444092914828259e-01
8.460768900957553740e-01
1.077549007520650914e-01
6.237818960175744998e-01
2.144518448038904845e-01
9.356592659719075167e-01
9.207579672695951345e-01
8.413733159495870861e-01
8.610471806674337980e-01
8.618721461187214272e-01
8.085700978108989467e-01
7.252980132450330686e-01
9.127864005912786904e-01
9.260914403575111198e-01
9.010869565217390909e-01
9.166820959081651843e-01
8.961038961038960693e-01
9.592592592592592560e-01
8.023967149920389064e-01
9.178321678321678112e-01
8.755542840795308424e-01
9.268997720829396103e-01
7.464114832535885258e-01
9.427894380501015137e-01
8.607331206458754269e-02
9.044056525353283416e-01
2.869158878504672883e-01
7.830882352941176405e-01
7.931358721203572992e-01
9.117352056168505081e-01
8.861180382377389364e-01
9.037711313394017898e-01
7.530718734219827848e-01
5.674418604651162434e-01
9.531250000000000000e-01
5.417439703153988928e-01
8.883471477328133137e-01
7.232221894364119219e-01
