5.627769571639585910e-01
7.150647580095432776e-01
7.166809974204643163e-01
4.773953310736621299e-05
1.871440195280716090e-01
2.643905191873588967e-01
2.485150411956313365e-01
5.248243559718969165e-01
6.942983378918577975e-01
8.539325842696628976e-01
6.622946093975209392e-01
3.186968838526912373e-01
3.501175548589341435e-01
4.185171919770773741e-01
1.505926367368560503e-01
2.667868689380751279e-01
1.200954400848356363e-01
4.373373510478016923e-01
2.853401124720745807e-01
4.469499169238072556e-01
1.160853369454791784e-01
8.097165991902834092e-02
3.122737096185691508e-01
4.806731195040171989e-01
5.238356450643888440e-01
7.824456114028507381e-01
7.805941233451727523e-01
2.006920415224913434e-01
9.012366593257666036e-02
9.464482210539185703e-01
4.043290741263251276e-01
6.971229169633955669e-01
2.012217927939159712e-01
4.297467071935157090e-01
6.655185049468669289e-01
4.976380657906038230e-01
3.189438855950080809e-01
9.805280299355553786e-02
2.643770986526118930e-02
2.584394023242944094e-01
6.481788079470198749e-01
6.560009376465072428e-01
1.604103431052368578e-02
8.716026241799437191e-01
5.438047559449311619e-01
7.999044890162368970e-01
0.000000000000000000e+00
8.671493212669683093e-01
8.305987641167696944e-01
7.540016849199663307e-01
6.561896588714868361e-01
9.625960061443932236e-01
4.873511904761904656e-01
8.476804123711340067e-01
8.471528471528471105e-01
9.152500000000000080e-01
3.801593048515568563e-01
4.300751879699248326e-01
1.877384196185286069e-01
9.473860589812332922e-01
8.323170731707316694e-01
7.994869602394185648e-01
3.914285714285714590e-02
8.220064724919093901e-01
8.593322386425834847e-02
8.208866408806902992e-01
5.921960072595281455e-01
9.160009682885499327e-01
6.729691876750700796e-01
7.695776341500074613e-01
3.817186997103315105e-01
4.299938725490196068e-01
9.092947919262397427e-01
8.273411371237457956e-01
6.018068102849201129e-01
4.330295498481082639e-01
9.374186030570977879e-01
8.334028356964137130e-01
7.765469824293353973e-01
9.042541448661058912e-01
9.370101596516691167e-01
1.009974227666767116e-01
7.470052707235266265e-01
8.393385552654482051e-01
7.352941176470588758e-01
7.740729665071770516e-01
5.071758696180977966e-01
8.288746886169175987e-01
7.731202515064186098e-01
8.206088770864946591e-01
0.000000000000000000e+00
8.642346746897330290e-01
2.314932126696832571e-01
2.385018726591760230e-01
6.448516579406631255e-01
7.937704770881020000e-01
6.817511067388096757e-01
5.916004845874276441e-01
6.561933534743202845e-01
5.908237882611790809e-02
4.334434288347799313e-01
3.140629596940276436e-01
5.449620801733477959e-01
8.737906137184116018e-01
6.831106543336759040e-01
5.538775807981323185e-01
1.256070049325125337e-01
7.601666666666666572e-01
1.241486782869675592e-01
6.947339169098235567e-01
8.225245175577349244e-01
4.683982683982684248e-01
4.194390418671307130e-01
1.365690964146223652e-01
2.257014267930671225e-01
6.996431120628122668e-01
5.435360879588579941e-01
6.332851538302705086e-01
8.413530252501191242e-01
7.370208636584182349e-01
7.192058346839546035e-01
0.000000000000000000e+00
6.125679187337585985e-01
7.249958256804140966e-01
5.157457496136012010e-01
1.604541559554412966e-01
1.071956628881222257e-01
1.075603244952440252e-02
7.889112396278602501e-01
7.950617283950617287e-01
8.319625866795677949e-01
4.079329799965806247e-01
1.921434854433502759e-01
4.138255637866819492e-01
7.619533136570968423e-01
8.084186789439068432e-01
5.455644464912785541e-01
5.626247212114098284e-01
2.006926121372031580e-01
2.836140590010709506e-01
7.702394526795894869e-01
1.043365236913623983e-01
1.062935165928203252e-01
5.034168564920273869e-01
6.694966646452394921e-01
6.737963283685486360e-01
4.102829895304239693e-01
7.780722418531605955e-01
3.309615384615384737e-01
1.700921639046341638e-01
6.659609342985930436e-01
3.482436882546652290e-01
5.267797737857617957e-01
4.836005625879043479e-01
7.944196253624892234e-01
8.985406047063752011e-01
1.041927710843373461e-01
5.819905732763345219e-01
1.017379030479467206e-01
1.471343898654320637e-01
5.889997679275934539e-01
4.845554555064009450e-01
3.273313625369524416e-01
5.734017363851617866e-01
8.357923660474284588e-01
6.210336931632319812e-01
4.372701130207984899e-01
9.087546239210850807e-01
7.594291539245667799e-01
3.469124423963133586e-01
7.023323413385009761e-01
8.724257533058746850e-01
7.800590115564297600e-01
8.229317851959361274e-01
9.208425720620843080e-01
7.493903877920239376e-01
0.000000000000000000e+00
8.407663316582915103e-01
7.562207788132667419e-02
7.768407395394096859e-01
8.281211524255109868e-01
4.128702039540517177e-01
7.724744179657990761e-01
5.510830908503071557e-01
6.043540474243662697e-01
8.232281284606866034e-01
9.485368314833501069e-01
6.720275066548357934e-01
7.460097154753643212e-01
8.249396863691194071e-01
8.228683553335711665e-01
7.912722235049641784e-01
9.530539154002516389e-01
4.114158636026686300e-01
4.710448551140122841e-01
9.481552929828791498e-01
