9.609178013111446814e-01
7.582025677603423386e-01
8.366233349382121709e-01
2.088127178116198079e-01
5.387540216437555207e-01
9.964425471362504672e-01
1.000000000000000000e+00
6.468339307048984743e-01
8.340168357435786550e-01
8.588840220910303191e-01
9.588468769584290730e-01
9.829671686003456088e-01
9.100449775112443573e-01
8.826646479939439516e-01
1.000000000000000000e+00
9.955721277091587051e-01
3.787878787878787845e-01
7.971808927173061887e-01
9.909333333333333327e-01
7.809867629362213792e-01
1.000000000000000000e+00
1.000000000000000000e+00
7.241136416999295333e-01
6.944749359678009659e-01
9.581120943952802227e-01
8.864157119476268054e-01
1.000000000000000000e+00
8.958333333333333703e-01
1.000000000000000000e+00
9.983301220295439649e-01
1.000000000000000000e+00
9.751851110666399647e-01
2.716618875451938808e-01
8.565186997553303483e-01
1.000000000000000000e+00
1.000000000000000000e+00
9.452729693741678263e-01
7.139143995841275014e-01
8.877980364656381518e-01
5.228260869565217739e-01
7.839388145315487888e-01
8.253852864204710427e-01
1.000000000000000000e+00
9.912443618997081041e-01
1.000000000000000000e+00
9.994061757719715500e-01
3.198141861711631395e-02
9.921609076843733721e-01
8.079615048118985454e-01
8.368037480478917045e-01
1.000000000000000000e+00
9.829968944099378714e-01
4.579368100494861094e-01
1.000000000000000000e+00
9.983162148509849843e-01
1.000000000000000000e+00
1.000000000000000000e+00
9.993041057759221024e-01
7.391304347826086474e-01
9.907267879911904052e-01
9.817295980511571152e-01
9.380105718404613269e-01
1.000000000000000000e+00
9.210526315789473450e-01
2.534209085933223915e-01
9.996375498368974544e-01
6.696869851729818635e-01
9.732006125574272914e-01
8.944294699011680061e-01
1.000000000000000000e+00
4.064966442953020231e-01
1.000000000000000000e+00
9.688392625292131521e-01
9.935515873015873245e-01
7.522485690923957913e-01
9.358616843279420339e-01
9.965815695686959241e-01
9.990019960079840056e-01
9.960687960687960585e-01
9.980276134122287868e-01
9.948051948051948035e-01
9.995028997514499025e-01
8.307453416149068737e-01
9.967010309278350189e-01
1.000000000000000000e+00
8.975032851511169918e-01
9.676019221826073213e-01
9.112693568441279091e-01
9.930966469428007537e-01
9.848502042669087242e-01
1.356852103120759732e-03
1.000000000000000000e+00
9.385192127460169065e-01
9.639206253758267895e-01
7.116660845267201996e-01
9.827729463247105723e-01
7.292998852270864418e-01
9.858719646799116720e-01
1.000000000000000000e+00
1.000000000000000000e+00
1.000000000000000000e+00
9.799270072992700698e-01
5.933511895383646317e-01
9.874674479166666297e-01
7.568438003220612220e-01
7.315100154083205020e-01
9.946476360392506599e-01
8.816717930161027672e-01
5.597746202841744623e-01
7.378667779168405216e-01
9.865781933343387156e-01
8.321766561514195581e-01
4.504043402600061419e-01
8.234170305676855595e-01
3.511129777404451979e-01
7.950583598605426294e-01
9.043971631205673933e-01
6.780772032046613607e-01
9.935656836461126407e-01
7.842013456267131755e-01
8.794685990338164672e-01
9.099181073703367000e-04
8.049873077497387008e-01
8.041447256667232368e-01
7.552981068098333362e-01
6.542950513538748902e-01
5.879310344827586299e-01
2.381275440976933500e-01
8.286620835536753216e-01
9.216942148760330911e-01
9.543670712786346266e-01
8.545579872479751593e-01
9.998883430102724068e-01
6.544629537543510400e-01
9.942168338907468872e-01
9.968854539162532724e-01
8.124791736087970673e-01
8.799179230975109345e-01
1.000000000000000000e+00
5.675675675675675436e-01
9.785232516861910312e-01
9.001779647306260568e-01
1.000000000000000000e+00
7.562028047464940395e-01
1.000000000000000000e+00
9.984689971931615116e-01
8.125124131082422929e-01
8.116618655011423877e-01
4.466123322631102566e-01
9.032517522693324086e-01
7.290854241777646738e-01
5.468500159897665691e-01
7.905794030392928606e-01
5.006254975548731778e-01
8.961816820564012520e-01
9.638714444033985584e-01
1.000000000000000000e+00
6.338986962039921957e-01
9.791892477780186343e-01
9.336178283546704426e-01
7.262130658715099107e-01
9.789737957006119373e-01
1.000000000000000000e+00
5.998794212218649946e-01
9.980754152113479050e-01
6.546138743455497400e-01
1.000000000000000000e+00
9.530574428659666086e-01
9.152542372881355970e-01
8.695027822653024208e-01
9.695742275810097510e-01
9.982606534973288426e-01
1.000000000000000000e+00
9.708141321044546634e-01
9.961649089165868221e-01
8.182693918579326819e-01
8.840169731258839658e-04
9.117647058823529216e-01
1.000000000000000000e+00
9.894375857338820746e-01
9.992569475404963208e-01
9.781735159817351866e-01
9.669456420661086682e-01
6.413062982235779863e-01
7.763426587706758752e-01
9.174951773260127119e-01
9.912002815909890518e-01
9.389671361502347491e-01
8.839114995902759286e-01
9.783265233611654343e-01
1.000000000000000000e+00
8.004637681159419982e-01
9.966179249975132270e-01
9.974882675656024933e-01
1.000000000000000000e+00
9.955577492596249245e-01
