7.636444808214590818e-01
8.961410195331109829e-01
8.482008995502249293e-01
8.419921960629576096e-01
7.107485572122463902e-01
5.623296514129967338e-01
3.772770853307765848e-01
9.289019772822886267e-01
8.795616664943657348e-01
8.897096425933291863e-01
4.727230963592511936e-01
5.748179317041592906e-01
8.605479977007089998e-01
7.932429144872886750e-01
6.871277593329446765e-01
6.726977098180308978e-01
3.659779983901261247e-01
8.206985883334431131e-01
8.922668083975551223e-01
9.729053287156951280e-01
6.449535677553027702e-01
0.000000000000000000e+00
6.754585781081404727e-01
7.381630473478105747e-01
7.130932896890344042e-01
9.433416046319271775e-01
8.946653734238603217e-01
6.414400612792033884e-01
7.172473544154960301e-01
8.288468761737823876e-01
4.711917329566575052e-01
8.330220753723124316e-01
6.297368489685210013e-01
9.625574775563827679e-01
7.793500419714594063e-01
9.627659574468084847e-01
7.026710736482533193e-01
8.680842875012027005e-01
4.565232310754238076e-01
2.241226776762016981e-01
4.649149179243581287e-01
7.050320469112232313e-01
8.407493478776381091e-01
5.499906208966423016e-01
9.197604790419161569e-01
8.313746558323820146e-01
9.746168582375478451e-01
9.320794148380355804e-01
9.869666131048027147e-01
7.379972565157750797e-01
9.306074766355140193e-01
9.450056116722783672e-01
9.649122807017543879e-01
9.456673877083598967e-01
6.985207369089754259e-01
7.642121327737504410e-01
9.277310924369748246e-01
2.822319319298392457e-02
7.242766002479363863e-01
8.307575613918649626e-01
9.429606156631960001e-01
8.404963136126596401e-01
8.388258598955519174e-01
0.000000000000000000e+00
8.566822977725674360e-01
6.805641661500310136e-01
8.258478828015252127e-01
7.609781751249014015e-01
9.366786140979689312e-01
6.277301407539233047e-01
9.646261385299724767e-01
9.059161873459325998e-01
5.097614860904459144e-01
5.779882050004153671e-01
9.347939488784559048e-01
9.536930730960582192e-01
3.833499501495513662e-01
9.034810126582278889e-01
9.133285339641076250e-01
8.806248542783865485e-01
9.182076813655760672e-01
4.041124632815778495e-01
7.745498888171580276e-01
9.724944672779006760e-01
8.162531463502337159e-01
9.729032258064516103e-01
7.103294140511126065e-01
8.196399345335515507e-01
8.121133181374144971e-01
9.459399332591769127e-01
9.125143513203214374e-01
7.240294946866189241e-01
8.701754385964912686e-01
9.624312036372337786e-01
2.914725688494122502e-01
8.136826783114993189e-01
9.167459845330160340e-01
9.210637876946555780e-01
8.355947136563877109e-01
2.149482145617560569e-01
9.472662568747978185e-01
7.631954350927246944e-01
9.087692521159983494e-01
9.319955977579278406e-01
8.862565502664141448e-01
9.615942028985506873e-01
9.511465603190428775e-01
7.609533584217128555e-01
4.208307167847851193e-01
9.598173515981734960e-01
9.785850860420649555e-01
2.881005837449483464e-01
6.797214091046734907e-01
6.734068627450980893e-01
4.197063003315963936e-01
5.743064145608764992e-01
8.731331551642823596e-01
9.309608540925267128e-01
8.802768891918820726e-01
7.975543478260869179e-01
9.699453551912567972e-01
8.739635157545605493e-01
7.963992337795118281e-01
9.664702296281243443e-01
0.000000000000000000e+00
9.005736137667303964e-01
8.312434029976778493e-01
9.700374531835206371e-01
8.853746639784946248e-01
9.677062188595682013e-01
5.145580134650694637e-01
8.426242672448406301e-01
8.936936936936936693e-01
9.397861859343884516e-01
9.805043820425684009e-01
6.388002712954357065e-01
6.969696969696970168e-01
9.003831417624521549e-01
6.513980203742504305e-01
9.527559055118109965e-01
9.688671556642216576e-01
2.837108717971122407e-01
8.088872152137074334e-01
7.101948270070540525e-01
9.924363969745587932e-02
6.968043647700701282e-01
7.822799375359579255e-01
7.485092040445942008e-01
7.550913838120104637e-01
2.777476009415172920e-01
4.745614035087719063e-01
9.570200573065902327e-01
8.097987932775720932e-01
7.557446808510638325e-01
6.155635333973807910e-01
9.702395838543490525e-01
9.546204620462046542e-01
7.337879170525015704e-01
6.214119472459270765e-01
9.221105527638191468e-01
6.707882534775888583e-01
8.686718181503170211e-01
8.187230808208766364e-01
8.352559824578129621e-01
8.232365681774099775e-01
5.572616333646238651e-01
8.472593914163940587e-01
7.248390376143679648e-01
8.091051191871825310e-01
9.517884914463452528e-01
8.778726198292843286e-01
4.818293180890159122e-01
9.296070603067871918e-01
8.317785808331232822e-01
7.577449705499885724e-01
8.637776098093558064e-01
8.576760388156258186e-01
9.257251732860286575e-01
9.724254361283061199e-01
4.802875435246546365e-01
2.819047619047618802e-01
8.552262471033053037e-01
8.855994844774648378e-01
1.586018378504129300e-01
9.508446589610060062e-01
9.434985686304052654e-01
4.693990891924914033e-01
1.465603190428713953e-01
8.935012532860548973e-01
8.443622920517560582e-01
8.774524805331701538e-01
5.956863461889965183e-01
7.809833094177176527e-01
8.148825065274151180e-01
9.037568182135233830e-01
5.287451794719667530e-01
7.483273833134999053e-01
9.784316746264057896e-01
9.218341648847707681e-01
9.183528576499822016e-01
8.961058601134215262e-01
9.426308672976627667e-01
9.032901296111665035e-01
9.209453952730236592e-01
9.490590525632706109e-01
8.924081955854696879e-01
8.336546828877096083e-01
9.498296686280581769e-01
9.483330083837004931e-01
9.252275682704811377e-01
8.837444229312231281e-01
9.009591917815994444e-01
9.562728573700111090e-01
7.259038683035087258e-01
8.997267185200756856e-01
9.421787884482866193e-01
9.792288989232372787e-01
9.755914984627723774e-01
9.559718190055289666e-01
9.325757575757576134e-01
8.918031757000832727e-01
9.191354188246667611e-01
0.000000000000000000e+00
9.386847542898212327e-01
9.631217328141559175e-01
9.236237810632274003e-01
8.339190681795360938e-01
9.226006191950464341e-01
4.211543557211216426e-01
8.929072380984570678e-01
9.478948371118308680e-01
4.370608817354793563e-01
9.453542755290138544e-01
8.642703550880456165e-01
9.680242342645574150e-01
9.054959244613025593e-01
9.633524329002058906e-01
9.502376797641254313e-01
9.708617482951023003e-01
9.649911295091662122e-01
8.052653191586439663e-01
6.982805998272748615e-01
9.168012356947272679e-01
8.979061320418774139e-01
9.590692673936415114e-01
9.593678665496049307e-01
7.648413617900364780e-01
7.799328966288544551e-01
9.114995793325409990e-01
3.778949476072882563e-01
9.245912579245912921e-01
9.535429913501747290e-01
9.602555530792660221e-01
9.751121321518433360e-01
9.656346822449800582e-01
9.705850546123067080e-01
9.190548780487804992e-01
9.885465397644781493e-01
8.634650586841822184e-01
9.347445706247641262e-01
9.242226431053821578e-01
9.087041441859565749e-01
9.386217854410640049e-01
9.464709501626087373e-01
9.370016809832981686e-01
8.713910761154856077e-01
8.614177803602556249e-01
9.442976915125761428e-01
9.548730320744795996e-01
4.528981159246369681e-01
8.490662573548222181e-01
9.167561761546724197e-01
9.520861546398400321e-01
9.315557581282285504e-01
8.870735776333199540e-01
9.380457871135237102e-01
8.949581547254541469e-01
9.725240414637192909e-01
9.380798331684624403e-01
9.568049631640170860e-01
6.875171467764060740e-01
9.092919510428184582e-01
9.000990752972258813e-01
9.726883640730362712e-01
9.528311033546635889e-01
8.966399454204332375e-01
9.697241310626432131e-01
9.749624436654982240e-01
9.729868298779119629e-01
9.345663627817494268e-01
9.556726596404215845e-01
7.474611833822912832e-01
9.414146691920841636e-01
8.980972310088082278e-01
9.467256359023864531e-01
7.312010051623828444e-01
9.720204339879083832e-01
9.535936690876740673e-01
8.398678621991505500e-01
9.284078002579552180e-01
9.701511587622850818e-01
9.084879732891180115e-01
9.756159237049346622e-01
8.539223758553136090e-01
9.628485451778624471e-01
9.750595556419855425e-01
9.605309116311561146e-01
8.889827494220167159e-01
9.527920902381283863e-01
9.687201983597176769e-01
8.478286876420624285e-01
9.120767121714540293e-01
8.512559373529033913e-01
7.319904515875870210e-01
9.402472284206424558e-01
5.519684097164053727e-01
8.854661262304573954e-01
6.527862989021890883e-01
8.801072201064239486e-01
5.326441654955577087e-01
9.718287162508606469e-01
8.612377190317026532e-01
9.507976490344248743e-01
7.993404157543319011e-01
9.204354782065790053e-01
8.569359853486093748e-01
9.713275726630007378e-01
9.189949915145494419e-01
9.655017003318719926e-01
9.867742429658377112e-01
9.247487095897853893e-01
9.719270833333333304e-01
7.337293388429751984e-01
9.617718147289497921e-01
9.524679194501850521e-01
8.588608128788152163e-01
9.104332620944239896e-01
9.510791770748547869e-01
8.469620352660675033e-01
7.816986527519825811e-01
9.780793319415448384e-01
8.867123924668681711e-01
9.157924330083009323e-01
9.161739130434782830e-01
9.828064208000373281e-01
8.109922570827552413e-01
9.613698663221069696e-01
9.198861968523494026e-01
9.703818878228223088e-01
9.396496654675049465e-01
9.662821650399290307e-01
9.471485366456279253e-01
8.401244946875111586e-01
9.053291536050156463e-01
9.668072912520894180e-01
9.589254428654856444e-01
9.642628439181674116e-01
8.937028533945555742e-01
9.853860939073130210e-01
9.351094272701624410e-01
8.904116062567931644e-01
7.533595334685598832e-01
9.653942002718622906e-01
7.844058892652242543e-01
8.804940065383218828e-01
9.214801444043321244e-01
9.602620259658261048e-01
8.628226683809712139e-01
9.295178040650308171e-01
5.397725163062985221e-01
9.727011771052074263e-01
9.348741845293568886e-01
9.758414876771286384e-01
9.344227534244639033e-01
9.519399756658104561e-01
9.414962946411946643e-01
9.803629132488193010e-01
8.787592631124058196e-01
9.247669516110316179e-01
9.606628870475359960e-01
8.726140360994175671e-01
9.316675002926558813e-01
9.473506295951998890e-01
8.265938274386123163e-01
9.766089008217394563e-01
9.280466724286948743e-01
9.065320054238555914e-01
9.284903096084746732e-01
8.529441167649705058e-01
9.210822024375485695e-01
9.738981600342319078e-01
7.480648493077557415e-01
9.425228891149541877e-01
7.964457095598488356e-01
6.559525574499629474e-01
7.139596276374029493e-01
9.501354755906260552e-01
9.351336595199596369e-01
0.000000000000000000e+00
9.716272954747868784e-01
3.792637353899976083e-02
8.558234674270129849e-01
9.860247469066366621e-01
9.534013419889804108e-01
9.775344965218383253e-01
8.829461417793381672e-01
9.747987399369968387e-01
8.361627895149067458e-01
9.446242971545407707e-01
6.585506034798056518e-01
9.273089553891000758e-01
8.569647310295689380e-01
8.797923618835743476e-01
9.367280756227144289e-01
9.503453526948387742e-01
8.668453599544121424e-01
9.321640183140317282e-01
9.662925983992078915e-01
8.481708775005977197e-01
9.253678109674543517e-01
9.574250681198910318e-01
1.909957307343999322e-01
9.356022168448988596e-01
5.619678334910123141e-01
9.044306114976199407e-01
2.864174117222071936e-01
9.562421162968358646e-01
9.776224307587098039e-01
8.539930088733530544e-01
9.332740652936237780e-01
9.494487031397669252e-01
6.383396713582083493e-01
9.775989110170745233e-01
7.950657736230906103e-01
8.596716885498516536e-01
9.474151320168626711e-01
8.939355317127429812e-01
9.347454829867539727e-01
8.320148560817084427e-01
8.044749042531748051e-01
6.685103299368521101e-01
8.616169941243718711e-01
7.720448297737365628e-01
0.000000000000000000e+00
7.994489911676525562e-01
8.903036418677185981e-01
9.270586474418140988e-01
9.349722442505947750e-01
9.332061068702289797e-01
8.721240248839735587e-01
9.554897444334758960e-01
9.833807753980783328e-01
9.358309466676987265e-01
9.761512568932178002e-01
0.000000000000000000e+00
9.437290885126229378e-01
8.448739024096868500e-01
9.558529457006614827e-01
6.670615333991444240e-01
9.165089991752777276e-01
9.835128861377299136e-01
8.989253314724354738e-01
8.754782179439714040e-01
0.000000000000000000e+00
3.824408630101377438e-01
9.551462790035954997e-01
9.802942622640795634e-01
9.859229048809367013e-01
3.379969255317079035e-01
9.098600957434964664e-01
9.838409096270435139e-01
9.564462598927750969e-01
8.899445764053840469e-01
9.018181818181818521e-01
7.032278282670009206e-01
9.331705828501678512e-01
7.039800995024875219e-01
9.582763337893296374e-01
9.137134052388289351e-01
6.707317073170732113e-01
9.010826771653542844e-01
9.689973614775725386e-01
9.555938037865748802e-01
2.853479853479853334e-01
8.194154488517745305e-01
9.773299748110830798e-01
9.537556802993851779e-01
0.000000000000000000e+00
9.420677361853831977e-01
7.793088827644689687e-01
9.526701196642257674e-01
8.549750994351414946e-01
8.450151057401812382e-01
9.721550387596898934e-01
6.308310163731850606e-01
9.715290958751909844e-01
8.819470580855601760e-01
9.833064081852450622e-01
9.602914389799636075e-01
9.450342061807029959e-01
8.464351005484460622e-01
9.670494258612082339e-01
4.200333889816360577e-01
8.692385945692151505e-01
7.909840342272774771e-01
5.190705830775975693e-01
9.659498207885304222e-01
9.526025007269555145e-01
9.712554822831540591e-01
9.167180752621838513e-01
9.029702970297029951e-01
9.073405535499398100e-01
7.437442075996293367e-01
9.580768103195543839e-01
9.647414372061786647e-01
9.766974688629972423e-01
9.468035464302380078e-01
8.909278523022003959e-01
4.565096952908587191e-01
9.185857930587090214e-01
8.965663416701992183e-01
9.165238678090574798e-01
7.998495109104589718e-01
8.892988929889298344e-01
9.681813561045033989e-01
8.880328710837185335e-01
9.743589743589743390e-01
9.627450980392157076e-01
9.563862928348909609e-01
8.612330198537094805e-01
9.178553861288736293e-01
9.718309859154929953e-01
8.474683544303797111e-01
8.450867052023121051e-01
9.435069699192957238e-01
8.429257875066737959e-01
9.663779928680591436e-01
9.199055185741893403e-01
9.097494717778448203e-01
8.097935000435654285e-01
8.837482846500686051e-01
9.239257649222537561e-01
5.922851894686713692e-01
9.222692139419571555e-01
8.717004297114794298e-01
9.044585987261146709e-01
3.023461150353178861e-01
9.868938401048492626e-01
8.690285149981483714e-01
8.959155434838312893e-01
9.557007988380537000e-01
9.688208616780045190e-01
7.699809200763196859e-01
7.103772057633155335e-01
8.394660894660894712e-01
6.970656533671100163e-01
8.116922333615170793e-01
9.496717724288840090e-01
7.531003382187148043e-01
9.573459715639810463e-01
7.939052456154273019e-01
8.642433234421365018e-01
9.129253308128544298e-01
9.470289446101749498e-01
2.501633393829401086e-01
6.345684234814543689e-01
0.000000000000000000e+00
9.386325941396891359e-01
9.310986964618249706e-01
9.021361152508693415e-01
9.521931986200098397e-01
9.217895075635661462e-01
9.003921568627450966e-01
8.252683989419635768e-01
9.617187499999999556e-01
9.671228007819442363e-01
9.606936416184971295e-01
9.723203769140165154e-01
9.528023598820059004e-01
9.805615550755939491e-01
8.491657826212749560e-01
8.361702127659574879e-01
9.367348550667403684e-01
9.499649696403549282e-01
9.371568029286150292e-01
9.702127659574467655e-01
4.225852272727272929e-01
9.533540648600622447e-01
2.556203164029974828e-01
7.811799850634801867e-01
8.416340235030778105e-01
9.646064447966191668e-01
8.607718612603810771e-01
8.819875776397515521e-01
7.842213114754098546e-01
6.996976040939753005e-01
9.426289034132171452e-01
6.012110726643599135e-01
9.423921467321105805e-01
7.924494702163654702e-01
