9.328328039272306693e-01
1.000000000000000000e+00
1.000000000000000000e+00
9.898753894080997151e-01
7.513550506433068765e-01
9.561913488577837850e-01
1.000000000000000000e+00
9.998379963387172831e-01
9.884575543826764621e-01
9.663813121685786989e-01
7.960919219082875919e-01
9.979118329466357684e-01
9.753980018095366189e-01
9.268633707381780384e-01
9.977093087650404923e-01
6.615613129443849161e-01
8.108269271059969086e-01
9.618357881031817103e-01
9.883971163157706519e-01
9.856748857695633026e-01
5.056270298849416811e-01
1.000000000000000000e+00
9.808030036940592611e-01
9.652364909499273615e-01
7.808051932582931176e-01
9.940612301972461262e-01
9.823196257079537252e-01
7.352041394417796472e-01
9.755286795388641297e-01
9.780316909330505348e-01
9.955541053146795827e-01
9.386501988106548122e-01
1.000000000000000000e+00
9.916161770446175749e-01
8.697564612326044164e-01
9.989136507542367704e-01
9.824498136795287717e-01
9.935147719084308493e-01
7.756455303890300579e-01
8.774302751723709326e-01
6.927445887445887740e-01
1.000000000000000000e+00
9.227083333333333526e-01
1.000000000000000000e+00
9.983907356862250504e-01
9.999792250960839457e-01
9.991804183018897501e-01
9.970091128592569740e-01
9.995825471304289334e-01
9.999845241964189224e-01
9.947455165548865219e-01
9.985469160612150397e-01
9.970151843817787185e-01
1.000000000000000000e+00
9.995509391229645546e-01
1.000000000000000000e+00
9.974388824214202032e-01
1.000000000000000000e+00
9.988537007484660224e-01
9.998989490703314997e-01
9.998892545247437535e-01
9.545648719306939478e-01
9.860897912677438759e-01
1.000000000000000000e+00
9.277532398194437979e-01
8.781520971742002857e-01
9.954245937860508597e-01
1.000000000000000000e+00
9.996293485359266651e-01
1.000000000000000000e+00
9.993980674798035313e-01
9.999681908548707643e-01
1.000000000000000000e+00
7.753188297074268265e-01
9.787362015284460925e-01
9.982576500054448632e-01
6.201419456102638117e-01
9.999845783727099313e-01
9.767471143756558671e-01
9.811935673451942508e-01
9.995201842492482669e-01
1.000000000000000000e+00
9.999174508832755492e-01
9.986371871542863987e-01
1.000000000000000000e+00
9.981190826181105535e-01
1.000000000000000000e+00
1.000000000000000000e+00
1.000000000000000000e+00
9.999841691995947635e-01
9.965137418457918894e-01
9.886545523020431325e-01
1.000000000000000000e+00
9.998202937380535893e-01
9.845184048077865180e-01
1.000000000000000000e+00
9.994851022930111295e-01
9.842554724417791334e-01
1.000000000000000000e+00
1.000000000000000000e+00
9.977518617394969258e-01
1.000000000000000000e+00
1.000000000000000000e+00
9.999776151142748537e-01
9.975104673531741684e-01
9.988002492988470316e-01
9.986276820742988614e-01
9.406729881681631378e-01
7.879440435290056000e-01
9.993792386361872726e-01
9.991258741258741694e-01
8.760088844397172503e-01
8.922150596159407199e-01
9.974920640488258439e-01
1.000000000000000000e+00
9.804240395345129588e-01
9.991098938719616962e-01
9.999782660668100620e-01
1.000000000000000000e+00
9.984811236553247094e-01
9.988565802220139567e-01
1.000000000000000000e+00
7.101011102299762401e-01
9.987316284305487457e-01
1.000000000000000000e+00
1.000000000000000000e+00
1.000000000000000000e+00
9.997463417727538992e-01
9.998461735674913919e-01
9.979322082425360341e-01
1.000000000000000000e+00
9.973295473751816465e-01
8.997888810696692552e-01
7.391636141636142021e-01
9.991074559306365455e-01
1.000000000000000000e+00
1.000000000000000000e+00
9.999842589094573020e-01
1.000000000000000000e+00
9.988995613966138443e-01
9.993110740835683403e-01
1.000000000000000000e+00
1.000000000000000000e+00
9.057220216606498564e-01
5.072409253338349133e-01
9.615750213472104013e-01
1.000000000000000000e+00
9.975663823430196420e-01
9.894286353038868054e-01
6.099973621735689244e-01
9.992089442041979241e-01
9.964303279338737607e-01
9.980533796144284153e-01
1.000000000000000000e+00
9.951629621098698752e-01
9.963926265286244810e-01
9.992070037429423568e-01
1.000000000000000000e+00
1.000000000000000000e+00
9.989310182860660081e-01
9.529999999999999583e-01
9.283556810162314488e-01
9.918829736549558129e-01
9.978664870024142042e-01
1.000000000000000000e+00
8.496892251862718792e-01
9.892824012721972426e-01
1.000000000000000000e+00
9.999327109092438493e-01
9.974738304624468643e-01
9.998433510346663722e-01
1.000000000000000000e+00
9.997143174567905133e-01
9.945913461538461453e-01
9.998084524700924236e-01
1.000000000000000000e+00
1.000000000000000000e+00
9.995935372421501652e-01
9.982513869680639251e-01
9.834358628785079270e-01
1.000000000000000000e+00
9.976061256947974520e-01
9.717904587748077416e-01
1.000000000000000000e+00
9.937532366649404203e-01
9.969738153483737042e-01
9.254828935740436746e-01
1.000000000000000000e+00
9.999578405952908033e-01
9.997228813412543103e-01
9.973626912815480861e-01
9.639435493276904410e-01
1.000000000000000000e+00
1.000000000000000000e+00
9.577418530817793929e-01
1.000000000000000000e+00
9.262659557993938586e-01
9.992705435298907535e-01
9.998735677597787586e-01
1.000000000000000000e+00
1.000000000000000000e+00
9.985053980570174348e-01
1.000000000000000000e+00
9.998598589246507906e-01
9.954141633644382203e-01
9.948713692946058451e-01
9.999043397850834181e-01
9.995236637065768592e-01
9.993389349894751250e-01
9.990304167644069588e-01
9.979667242397078919e-01
9.872558550596552962e-01
9.984442911901973972e-01
9.952165331475676391e-01
9.962789372011273681e-01
9.648948829829432361e-01
9.988841967933532739e-01
9.888105790888613855e-01
9.944554033160952766e-01
8.842551293487956876e-01
9.927486301145125314e-01
9.804454562443722931e-01
1.000000000000000000e+00
9.998807081166197763e-01
9.695874471086036728e-01
9.528372422477570103e-01
9.918880141269957873e-01
9.879075101614018806e-01
9.948550046772685063e-01
9.897943778495728040e-01
9.534950071326676602e-01
1.000000000000000000e+00
8.960820679262779809e-01
9.406472261735420171e-01
9.222817245119305785e-01
9.976365478014700416e-01
9.449491279069767158e-01
9.409388594101056880e-01
9.494274218508201857e-01
9.969903900039436273e-01
8.217470294651992857e-01
9.999382296621162070e-01
1.000000000000000000e+00
9.995087273147612583e-01
9.943188339263170361e-01
9.893110712335180246e-01
9.308385066013814546e-01
9.306930693069307425e-01
9.606543396518975042e-01
6.532622076323348903e-01
9.928618090852600053e-01
9.993798394670163621e-01
9.904825439181677016e-01
9.823880095721903016e-01
8.846060212610565854e-01
9.994290709914539494e-01
9.998247765901524531e-01
9.995194694943216884e-01
9.957637565841085392e-01
9.986390224126947546e-01
7.803795361225168703e-01
9.985551452881682444e-01
9.998054096127650947e-01
9.898756483574943088e-01
8.839326354119253493e-01
9.929371275940004349e-01
9.999070355496058049e-01
9.998580352072685695e-01
9.808440956559352220e-01
9.994614443084455235e-01
1.000000000000000000e+00
1.000000000000000000e+00
9.491099428149787354e-01
9.667549444976615280e-01
9.996957766642805554e-01
8.986644762860880320e-01
9.743420885995794922e-01
9.870291793190821839e-01
8.578501412194716735e-01
9.907011219298541560e-01
9.972201901975128457e-01
9.829815809669992799e-01
9.826298059732390122e-01
9.932703059875978013e-01
9.592166451979128317e-01
9.997968821408622642e-01
9.974878004699078149e-01
9.984157105799195131e-01
9.838446864319211338e-01
9.359402852049910626e-01
9.926180054418549670e-01
1.000000000000000000e+00
9.969448687682266330e-01
9.994174938254345442e-01
9.849257993539628497e-01
1.000000000000000000e+00
9.983168987029142905e-01
9.268638717457614584e-01
9.998850937921921478e-01
5.702565287728218468e-01
9.595060457936711584e-01
9.999759088390469675e-01
9.947292380136986134e-01
1.000000000000000000e+00
9.499483034119747815e-01
9.928687488716374521e-01
9.929921717430690853e-01
9.999260172626387444e-01
9.970346666666666247e-01
9.998835971797259692e-01
1.000000000000000000e+00
8.186098853910622752e-01
9.990962144295821856e-01
9.886208297927365773e-01
9.998023168465582922e-01
8.897930302494251320e-01
9.459621735214650551e-01
9.824425327880411674e-01
7.440147916733080846e-01
9.985625574977000651e-01
9.530129910784160829e-01
1.000000000000000000e+00
9.092818388658771012e-01
9.929944990361558865e-01
9.875465571578645463e-01
1.000000000000000000e+00
9.998251970505974695e-01
9.989150090415913619e-01
9.957733946314696327e-01
9.970955770299585463e-01
1.000000000000000000e+00
9.366642703091301314e-01
1.000000000000000000e+00
9.877013124584806958e-01
9.571744315819419313e-01
7.767716030925633230e-01
9.699914375037336223e-01
8.964858670741023827e-01
9.994719320399494400e-01
1.000000000000000000e+00
9.481029042957689335e-01
9.768338142071899544e-01
9.062941010443127388e-01
9.981557667754291652e-01
9.538240167436993211e-01
9.960128814598987468e-01
9.852201670383488041e-01
9.853047592541052113e-01
9.887916270218839454e-01
9.989562215219093266e-01
9.844456063039175309e-01
9.480475611403864633e-01
1.000000000000000000e+00
1.000000000000000000e+00
9.810043017164274959e-01
9.891648321408915701e-01
8.680509042196918879e-01
9.980857340111717324e-01
9.946108636853557838e-01
9.747800732673760349e-01
9.620276329032848572e-01
9.996513021684646505e-01
9.747994473201212484e-01
8.142610576223252572e-01
9.991817809900449543e-01
9.068182359810299520e-01
9.560847077193325161e-01
9.987087686348162796e-01
9.037768240343347914e-01
8.442982456140351033e-01
9.929501915708812687e-01
9.718771926497639102e-01
9.920149953139644206e-01
9.982434127979924465e-01
9.981844299908223528e-01
9.811508315809596148e-01
9.959284414578341016e-01
9.201652792858004970e-01
9.679140270332657892e-01
9.726938775510204360e-01
1.000000000000000000e+00
9.030017657445555956e-01
9.783971097839710973e-01
9.807367427982184305e-01
9.782682430468068180e-01
1.000000000000000000e+00
9.997029280157447850e-01
9.722289890377587840e-01
1.000000000000000000e+00
9.969545957918051204e-01
9.998224374495561229e-01
9.939149811450119776e-01
1.000000000000000000e+00
9.352085967130214783e-01
1.000000000000000000e+00
1.000000000000000000e+00
9.814491291897051717e-01
9.304172648543509450e-01
1.000000000000000000e+00
9.960651213098856704e-01
6.280299420525984333e-01
1.000000000000000000e+00
9.698407676895497431e-01
9.819512740277156482e-01
9.986260366063104410e-01
9.999406938815854629e-01
9.995370074717414566e-01
9.623252051311683708e-01
9.999679697634566988e-01
1.000000000000000000e+00
9.029789763019092641e-01
1.000000000000000000e+00
9.999482633739178450e-01
9.999827085350670997e-01
9.982138391740792427e-01
9.989156533188753295e-01
9.577444844090742260e-01
9.680975726413966198e-01
9.305935074871570789e-01
9.951352484797651998e-01
9.991843827018209723e-01
4.096743378202344910e-01
9.861444670238315169e-01
9.066791719702552710e-01
9.966919982118909171e-01
1.000000000000000000e+00
9.558563083185747100e-01
9.888430563739932788e-01
9.998478496077900513e-01
9.999269286275369595e-01
9.444625710823156828e-01
9.917827379217902806e-01
9.970868972356514703e-01
1.000000000000000000e+00
7.479648440314098368e-01
9.999657663209065017e-01
1.000000000000000000e+00
9.813209957532023076e-01
1.000000000000000000e+00
1.000000000000000000e+00
9.914955303213336402e-01
9.997734327208464000e-01
1.000000000000000000e+00
1.000000000000000000e+00
1.000000000000000000e+00
1.000000000000000000e+00
9.535198746983871709e-01
9.942655054452909091e-01
9.985475249825702670e-01
9.999498562545965363e-01
9.797379789631855962e-01
9.842632903303111247e-01
9.988761749080506958e-01
9.981878483263240120e-01
1.000000000000000000e+00
9.729418874398112482e-01
1.000000000000000000e+00
9.992763760914660232e-01
1.000000000000000000e+00
9.999632156848320408e-01
9.980912688684201450e-01
9.999345206914614925e-01
9.999180126260556190e-01
1.000000000000000000e+00
6.813800271579688594e-01
9.804632662611136862e-01
9.824025262943438808e-01
9.945431094354598711e-01
9.979455348166280659e-01
9.881456721986863201e-01
9.902099790696103909e-01
9.992413157752126907e-01
9.999840594264581828e-01
9.945091045616669678e-01
1.000000000000000000e+00
1.000000000000000000e+00
1.000000000000000000e+00
9.980977625321587610e-01
1.000000000000000000e+00
1.000000000000000000e+00
9.993211883939001616e-01
9.996874658165736394e-01
9.998125907763426579e-01
1.000000000000000000e+00
1.000000000000000000e+00
9.994578350579341741e-01
9.978498336367631616e-01
1.000000000000000000e+00
9.993787758778673869e-01
9.994315521968836213e-01
1.000000000000000000e+00
9.997315159025196296e-01
1.000000000000000000e+00
9.994587988826815206e-01
9.999842074509246448e-01
9.988071862441046944e-01
1.000000000000000000e+00
9.991587394033520919e-01
9.994543527064105870e-01
9.994947262047622072e-01
1.000000000000000000e+00
9.998267116166230650e-01
1.000000000000000000e+00
9.999804255485740256e-01
9.925570267980262651e-01
9.052080710714670575e-01
9.998291739785379884e-01
9.919499843288629437e-01
9.915814065898654883e-01
9.566565223144245511e-01
1.000000000000000000e+00
1.000000000000000000e+00
9.905868626028823121e-01
9.991295376877942225e-01
9.999519661841936857e-01
9.988107319548394925e-01
9.998689169261019138e-01
9.239799222797927536e-01
9.958852634621597755e-01
9.961009997036759378e-01
9.998411260982158488e-01
9.955037809115062641e-01
9.995991726924371434e-01
1.000000000000000000e+00
9.997354366122658265e-01
9.999684408186451101e-01
9.998268997749697462e-01
9.979386634356658403e-01
9.999225238626503476e-01
1.000000000000000000e+00
9.920933494867053559e-01
9.981320838346102731e-01
1.000000000000000000e+00
1.000000000000000000e+00
9.995583874834395033e-01
9.866858870402627213e-01
9.981610712938513430e-01
9.998254854676988934e-01
9.990158909413567878e-01
1.000000000000000000e+00
9.999680974940581279e-01
1.000000000000000000e+00
1.000000000000000000e+00
9.995797436436225647e-01
1.000000000000000000e+00
9.942901960784313875e-01
8.248123158795019894e-01
9.996638117345713059e-01
1.000000000000000000e+00
9.934332257011210254e-01
9.999843991325917392e-01
9.994666750325484905e-01
1.000000000000000000e+00
9.733084549580177658e-01
9.914093447239058499e-01
1.000000000000000000e+00
1.000000000000000000e+00
9.984267177593968423e-01
1.000000000000000000e+00
9.998287324645398488e-01
9.895810203767912983e-01
9.988231733969940018e-01
9.780721552831695975e-01
9.899671163009193808e-01
8.385569370188614702e-01
1.000000000000000000e+00
1.000000000000000000e+00
9.992974691325500203e-01
1.000000000000000000e+00
9.997474029869596324e-01
9.971850359067863101e-01
9.996556204311005667e-01
9.995115340980713636e-01
1.000000000000000000e+00
9.998442779949234804e-01
9.996967230123385839e-01
9.991034855862122033e-01
9.958219110215674741e-01
9.999844893907432475e-01
9.995916700694160717e-01
1.000000000000000000e+00
1.000000000000000000e+00
9.990486060379538680e-01
1.000000000000000000e+00
9.985947248131447074e-01
9.994893399719136928e-01
9.514124645715887896e-01
9.998135777536119040e-01
8.603146825830846334e-01
1.000000000000000000e+00
9.997007167047333720e-01
9.994117100659504205e-01
1.000000000000000000e+00
1.000000000000000000e+00
1.000000000000000000e+00
1.000000000000000000e+00
1.000000000000000000e+00
1.000000000000000000e+00
9.999842494881083788e-01
9.999489431226386005e-01
