6.322012882934647804e-01
8.241979571284707706e-01
7.653758542141230192e-01
7.255117513267627105e-01
5.179120821817803089e-01
2.163555148322070798e-01
3.060561299852289641e-01
9.005696530295184132e-01
7.089758156143483037e-01
7.655226361591864759e-01
2.980276134122287757e-01
4.049138263811621341e-01
7.580342709343679264e-01
6.700292211917163732e-01
5.448548306677405417e-01
5.066652616049317492e-01
2.247317525500066304e-01
6.940359782040755876e-01
8.135437694989906543e-01
9.440854172520370957e-01
4.750285164724564191e-01
0.000000000000000000e+00
5.136506042070714262e-01
5.051308659056843453e-01
5.448265274792754020e-01
8.498426217367154312e-01
7.513839140345164314e-01
4.841334104491999413e-01
5.879157533593823981e-01
6.464843750000000000e-01
3.225170399221032325e-01
6.877520360559816748e-01
5.063951275218880888e-01
9.036590379608058221e-01
6.214216478190629500e-01
8.909991742361684786e-01
5.314875645236978308e-01
6.830537433985709450e-01
3.072012143399258655e-01
8.618734406894987266e-02
3.094744543348372234e-01
6.307919123841617681e-01
7.088201942513434606e-01
4.161707632600258888e-01
8.079365079365079527e-01
7.502213858755811815e-01
9.372135655362052731e-01
8.135283363802559009e-01
9.709231038710807171e-01
6.080060422960724686e-01
8.611648398882441047e-01
7.601078167115903339e-01
9.125060009601536626e-01
9.078185328185328640e-01
5.829455242266630144e-01
6.988984088127294658e-01
7.873399715504978413e-01
1.861826201280800813e-02
5.803821172900962555e-01
7.953667953667953316e-01
9.106763079540620698e-01
7.024238782051281937e-01
4.890327971589722433e-01
1.243072050673000722e-01
7.502178332849259723e-01
5.276070191125517006e-01
7.224398811132126674e-01
6.400679117147708430e-01
9.040788883908561502e-01
6.093237032173342005e-01
9.090551181102362044e-01
8.603435399551904172e-01
3.737141474040905353e-01
4.348531902879729238e-01
8.431243537926497167e-01
8.464140730717185646e-01
2.430434006072512976e-01
9.124820659971305536e-01
8.495432051770079873e-01
7.987715502198645678e-01
8.752417794970986931e-01
3.403444196135138600e-01
6.740961740961740611e-01
9.313343328335832449e-01
7.523980815347721673e-01
9.263803680981594901e-01
5.822665408974532220e-01
7.739273927392739116e-01
7.060032894736841813e-01
9.062369192130598217e-01
8.500342628222022912e-01
5.801755334636662376e-01
7.806324110671937211e-01
9.295233792636096171e-01
1.828409122552978328e-01
7.210633946830266039e-01
8.660552474051292915e-01
8.099088503381358661e-01
7.845036319612590514e-01
1.803420653821173336e-01
8.304225352112676317e-01
6.562860438292964504e-01
8.412486489923072241e-01
8.837655179025067920e-01
8.200152788388082037e-01
8.120481927710843095e-01
8.885416666666666741e-01
6.238653729309742157e-01
2.654526946785047969e-01
7.542134831460673983e-01
9.480043939948736842e-01
1.511781338360037585e-01
4.753243090806542615e-01
6.106852762841780136e-01
3.721822541966426923e-01
2.804341449105309247e-01
6.831294714978075611e-01
8.886669739335278928e-01
8.376644659830499995e-01
6.690526315789473433e-01
8.560810810810810523e-01
8.853177501826150486e-01
6.413661127492140679e-01
9.065420560747663448e-01
5.660377358490565891e-01
7.539473684210525883e-01
7.693974859124403931e-01
9.401913875598085779e-01
8.259351059035601184e-01
9.265017667844522853e-01
4.027311789981752876e-01
7.235857942268270060e-01
8.192663546315446244e-01
8.276268989130073361e-01
9.238190286094477566e-01
4.994094633498191715e-01
6.875000000000000000e-01
8.679980516317583605e-01
5.160184292296153830e-01
8.708778448676265382e-01
9.374225526641883910e-01
1.725849560901107360e-01
7.303612023238191808e-01
5.797631718999467498e-01
5.273895435583569186e-02
4.692128957304675940e-01
6.760259179265658558e-01
6.643446001648805055e-01
6.747947250559840349e-01
1.631260037961746179e-01
3.284671532846715203e-01
8.983842010771992959e-01
6.577351080078550627e-01
7.045143638850889234e-01
5.008646779074794608e-01
9.278419394864941827e-01
9.049268668206312816e-01
6.141711348429121919e-01
4.758668455910999295e-01
8.630726398380157427e-01
3.447855255133157049e-01
7.805110837438423710e-01
6.472513089005235143e-01
7.272112422033516488e-01
7.367411790488713752e-01
3.974820143884892354e-01
7.401944894651539819e-01
5.958012224289130909e-01
7.872109265869936534e-01
8.430994602929837711e-01
8.122905027932960653e-01
4.234355388201542225e-01
8.754702784048156161e-01
7.303986397128282571e-01
6.631257631257631013e-01
7.771453913814768688e-01
7.633129696707574574e-01
8.741455078125000000e-01
9.161085653859710742e-01
3.328229665071770205e-01
2.124168514412416719e-01
7.868061142397425600e-01
7.894044204487936645e-01
1.040396702567827902e-01
8.534305903806701510e-01
8.897557351165598094e-01
2.703656998738965811e-01
1.153039268423883823e-01
8.442329904845717881e-01
7.697988286223580445e-01
7.874118252550634800e-01
4.216449179935352620e-01
6.886809986989653742e-01
7.292400881057268247e-01
8.394682240836086606e-01
4.101137188482942286e-01
6.232627118644067377e-01
9.508683390233041433e-01
8.976825535636204778e-01
9.023514043109078786e-01
8.218296357162421240e-01
8.492547425474255007e-01
8.697829716193655747e-01
8.388429752066115519e-01
8.446043165467626013e-01
8.228692257644762975e-01
7.398452328807124667e-01
9.196493791088385938e-01
9.031711450012103182e-01
8.488235294117647545e-01
8.062858568221501487e-01
8.130400628436763588e-01
8.983050847457627608e-01
6.001063546929008563e-01
7.525050100200401104e-01
8.526714964908308492e-01
9.536715620827770357e-01
9.557598166857619315e-01
9.350067076184424009e-01
8.373938990121382320e-01
8.083611850676938326e-01
8.216592151018380363e-01
1.269546369407028967e-02
8.919410818589689205e-01
9.244383310408069709e-01
8.418335150020078705e-01
7.137079787682197862e-01
8.149220797131430105e-01
2.993850131223314559e-01
8.203590982779188634e-01
8.853233498239515553e-01
3.149222723690808801e-01
8.929126604870746275e-01
7.785661036991337047e-01
9.350724031575095019e-01
8.409893992932861995e-01
9.175512468167721369e-01
8.981109172293452181e-01
8.910805929069067766e-01
9.213196530808911433e-01
6.579673402430840090e-01
5.365522649134447652e-01
8.471304573131234195e-01
8.296023516490615979e-01
9.117216117216117022e-01
9.055019177357492843e-01
6.141673794624769034e-01
6.573123671015672631e-01
8.290279627163781306e-01
2.325233520593026071e-01
7.944811727507904431e-01
9.048706240487062180e-01
9.124348193733264889e-01
9.400634249471458981e-01
9.305066934710102267e-01
9.400709960325746017e-01
8.542208476839812104e-01
9.502503128911139463e-01
7.871525808281338854e-01
8.870183796311198465e-01
8.619360611170377995e-01
8.425519875512802459e-01
8.926920537090028418e-01
8.846343467543138495e-01
8.737272047402634412e-01
7.750322224268090254e-01
7.743554837062877061e-01
9.005968529571350967e-01
9.104517037950162761e-01
3.099328353246292855e-01
7.490183003630436209e-01
8.719723183391003829e-01
8.992578621509697001e-01
8.560319461958806331e-01
8.217373404693288919e-01
8.339446758046278330e-01
7.630362326631544567e-01
9.347263202264105564e-01
8.792519141458516874e-01
8.854106835152211197e-01
5.212341103077444693e-01
8.001471473480035179e-01
8.171403392817800926e-01
9.394840090357864382e-01
8.963801524626832107e-01
8.189628720466400891e-01
9.302882313511443568e-01
9.335819997593550745e-01
9.387438774877550074e-01
8.743403019269320176e-01
8.920466506673403462e-01
6.303493254712766447e-01
8.846012944193429872e-01
8.233839632638643158e-01
8.871362294390552350e-01
5.586411779901834240e-01
9.386736823006440744e-01
8.974397666113375083e-01
7.371023355669767962e-01
8.750408244729106499e-01
9.300346675070910729e-01
8.447336687596157523e-01
9.518575742678558882e-01
7.497894267452807071e-01
9.379334874622088369e-01
9.415089008194404974e-01
8.885267275097783468e-01
8.064115904906747900e-01
8.629363991140175383e-01
9.340335360235857420e-01
7.421520783580798364e-01
8.291218544429361792e-01
7.572316741744536950e-01
6.011270649992280779e-01
8.929665645397628637e-01
3.486108126869741919e-01
7.862902464356529286e-01
5.047464377549639725e-01
7.777359112639239402e-01
4.134543686172799659e-01
9.207153921982819123e-01
7.716801565418482944e-01
8.955142231947483822e-01
6.776831576101649546e-01
6.644432344132861212e-01
7.524405693419777830e-01
7.149870054865723468e-01
8.579809523809523997e-01
9.357165379158126628e-01
9.639811377545901561e-01
8.457686529794692376e-01
9.397605545053560050e-01
6.175275681950087581e-01
9.170736288504883760e-01
8.972335600907029862e-01
7.396971887891804487e-01
8.150677004976275564e-01
8.934233161307396642e-01
7.779519799319118967e-01
6.535837003339302065e-01
9.516021994690936348e-01
7.666943075947514341e-01
8.426246490199820194e-01
8.483477049970542527e-01
9.588303986444713933e-01
6.953456612409109061e-01
9.254441992799906647e-01
8.484449735781273150e-01
9.270659810241181908e-01
8.935135476536347765e-01
9.258915448286532124e-01
8.921107295773453849e-01
7.347788538646597978e-01
8.436122086697589451e-01
9.082769496871343495e-01
9.038508707382879592e-01
9.336701363181045821e-01
8.210750903810821733e-01
9.448889419632194864e-01
8.650297619047618847e-01
7.944402261030962809e-01
6.184351009202297966e-01
9.298456167148546614e-01
6.267197816384493247e-01
7.918616386824479658e-01
8.444540416036853125e-01
9.088561161850576831e-01
7.605811475053286808e-01
8.543856126023606778e-01
3.688720878519380353e-01
9.316169661048342432e-01
8.634828750602990821e-01
9.267970811985716262e-01
8.849808876619239539e-01
9.113964278904214122e-01
8.486000000000000210e-01
9.464663970729828568e-01
7.412597152965428871e-01
8.324891203538560269e-01
9.146848494927656281e-01
7.833248081841431842e-01
8.767958119367794678e-01
8.735821012281936859e-01
6.951138519924098258e-01
9.419816701412107030e-01
8.759814777531709229e-01
8.353912969428596291e-01
8.559099371857110672e-01
7.618964615652780159e-01
8.370299452156799713e-01
9.203296703296702796e-01
6.162769150946892927e-01
9.107057129140662122e-01
5.806116247081027915e-01
5.311344019728729826e-01
5.734967279911100668e-01
8.896028558679160980e-01
8.687426556991774129e-01
0.000000000000000000e+00
9.288863487916394490e-01
1.900777047220561858e-02
7.599003196272821059e-01
9.675970313554206337e-01
9.049391493454894686e-01
9.314919530230535427e-01
7.959770114942529284e-01
9.285714285714286031e-01
6.928738767089758221e-01
9.045629820051414027e-01
5.457661447378671093e-01
8.492224475997295352e-01
7.478572541686145936e-01
7.947465681098204726e-01
8.894218304381643625e-01
8.744459334089269564e-01
7.609288610394396857e-01
8.675924481198314941e-01
9.255714624693506254e-01
7.059369817578773354e-01
8.521611801073810666e-01
9.246516613076098956e-01
1.064503834976894825e-01
8.634005763688761270e-01
3.781081773904126919e-01
8.502422342547734102e-01
1.884634641229017971e-01
9.067079950136450739e-01
9.479053721044850001e-01
7.656537753222836251e-01
8.748612652608213081e-01
8.933328063865945134e-01
4.941530099645886631e-01
9.510963150040179226e-01
6.808765896184915123e-01
7.497471626025395963e-01
8.980221629962126251e-01
8.308401424680494918e-01
8.796954041545581582e-01
7.276774357669804072e-01
6.861125161580396981e-01
5.767931739400942170e-01
7.627672486229110094e-01
6.385396934733942320e-01
1.329948011123201603e-03
6.694408205497323072e-01
8.084121420540969494e-01
8.789888974233642793e-01
8.514869549352307443e-01
8.861156671183056943e-01
7.605217391304347485e-01
8.985972273643506592e-01
9.576745199641637507e-01
8.663601092110935209e-01
9.366860626212246688e-01
8.455510616784631117e-02
7.655633494081542922e-01
7.506421381464769560e-01
8.942667819072313007e-01
5.408808136664362554e-01
8.578721117678667074e-01
9.565469293163383346e-01
8.352840278478458336e-01
7.884322678843226351e-01
0.000000000000000000e+00
2.342754777070063799e-01
8.739321514986914119e-01
9.544147995283018826e-01
9.611856033874383032e-01
2.923909478517546789e-01
7.790440437085204284e-01
9.180592743052349292e-01
9.198714828156946410e-01
8.242146134839393179e-01
8.072108162243365470e-01
6.031899468342194481e-01
9.136155606407322383e-01
6.094049904030710563e-01
8.934948979591836871e-01
8.707865168539326017e-01
6.199213630406290587e-01
8.074735987002437110e-01
8.953349282296650946e-01
8.863354037267080487e-01
2.119205298013245031e-01
7.230327144120247684e-01
9.200761179828734759e-01
8.793103448275861878e-01
1.010101010101010187e-02
7.991202346041055282e-01
6.734625668449197855e-01
9.185412406271301622e-01
7.711152589827344750e-01
7.501307531380753124e-01
9.473747159430689901e-01
6.970786516853932913e-01
9.471158119278286769e-01
8.063285457809694634e-01
9.555728760717069337e-01
9.098360655737705027e-01
8.773913043478260843e-01
7.728473322768093512e-01
9.277223014740846319e-01
3.527049873203719210e-01
7.982978134514253643e-01
7.033982184097657964e-01
3.777763000398989268e-01
9.177852348993288389e-01
8.795417934490782352e-01
9.462670365456519184e-01
8.244778067885117911e-01
8.313648293963254998e-01
8.445618670189344313e-01
5.563038793103448620e-01
9.199890770070999757e-01
9.403565640194488928e-01
9.400230680507497549e-01
9.258446687143484510e-01
7.779017857142856984e-01
4.176535389699806977e-01
8.011331444759206555e-01
8.472727272727272885e-01
7.417711598746081769e-01
7.321319486866219028e-01
8.285398230088495408e-01
9.402663533098315485e-01
8.285057471264367646e-01
9.477832512315270685e-01
9.044117647058823595e-01
9.233791748526523069e-01
7.831897309653595984e-01
7.722007722007722119e-01
9.265402843601895366e-01
7.517847336628226129e-01
7.642357642357642256e-01
7.462686567164179552e-01
7.329454372736448065e-01
9.086977414704469069e-01
8.771103258735767350e-01
8.456676323413221397e-01
7.165446559297218299e-01
8.261938202247190999e-01
8.785337061199129938e-01
4.798956118306592078e-01
8.670255720053835491e-01
8.618143459915611482e-01
6.482758620689654805e-01
1.641004584958598578e-01
9.663137632338787419e-01
7.928399912682820849e-01
8.564771668219943734e-01
9.385359116022099490e-01
9.275751072961373467e-01
7.504302925989673190e-01
3.580645161290322842e-01
6.639749934878874660e-01
6.555465587044534415e-01
7.090872128481399139e-01
8.319594166138236657e-01
8.342151675485008910e-01
8.981026001405481018e-01
6.498040612753829270e-01
7.773977926317425791e-01
8.023921488448170214e-01
8.683085090694587782e-01
1.231538117260927989e-01
4.854672449726806782e-01
8.165736548383700777e-02
9.141951550826352690e-01
8.873483535528595700e-01
8.461877479065668117e-01
8.773474178403756207e-01
8.661327231121281889e-01
8.345604157644002097e-01
7.467549668874172708e-01
9.315866084425036275e-01
9.341479972844535240e-01
8.643892339544513304e-01
9.364599092284418003e-01
8.930530164533820869e-01
9.544264012572026834e-01
8.232512636556335028e-01
8.105646630236794659e-01
9.068258882500368490e-01
9.123714206283013439e-01
7.056672760511882858e-01
9.309066397034041485e-01
2.066839714471122580e-01
9.135399673735725701e-01
1.223107569721115506e-01
6.519607843137255054e-01
7.016877637130801704e-01
9.119683481701286176e-01
8.143459915611814814e-01
8.363136176066024996e-01
7.100889709585361809e-01
5.828264758497316844e-01
9.162087912087911734e-01
4.879406307977736668e-01
9.110787172011661772e-01
7.005834637825529843e-01
