5.708495947163013673e-01
7.505211952744962334e-01
5.148281813902401138e-01
6.651838531068099414e-01
8.925294888597641307e-01
8.396072013093289765e-01
2.874556737588652711e-01
9.192281803903971094e-01
8.213791740762694804e-01
8.072748047990858655e-01
6.020296215030169762e-01
7.443881245474294195e-01
6.388697450034459546e-01
7.795747229709494297e-01
6.666666666666666297e-01
6.165048543689319871e-01
5.827650340979541044e-01
6.917253980683895076e-01
8.164326573062922199e-01
6.643356643356643776e-01
3.767587285044293743e-01
3.244456177402323394e-01
8.656953260242353787e-01
5.487961476725521370e-01
6.700533284295696612e-01
8.643788401019032452e-01
8.671153846153846212e-01
6.830870279146141755e-01
2.402200488997555117e-01
9.640196944830198289e-01
7.305452192201908890e-01
7.702120873863818051e-01
5.742092457420924223e-01
5.506973560366218434e-01
7.822608695652173427e-01
7.461808110096507241e-01
5.142465426800191253e-01
5.145530145530144983e-01
2.644658753709198673e-01
6.228571428571428870e-01
8.032925284930350074e-01
7.750461680517082286e-01
9.746942729143964756e-02
8.264887063655030897e-01
9.156960621186910343e-01
8.448979591836734970e-01
5.663088642659279692e-01
9.177698328340903045e-01
8.589141461581815129e-01
7.773369699975204439e-01
7.009827230939926768e-01
9.462714219546085603e-01
7.224080267558528057e-01
8.964295448351049522e-01
8.834951456310680129e-01
9.637470230219634670e-01
9.503280224929709918e-01
9.302967563837128973e-01
3.218914185639229486e-01
9.109288354898336104e-01
8.997260273972602640e-01
7.836095764272560382e-01
2.406886858749121560e-01
8.196147110332749897e-01
8.255179934569247813e-01
9.512802275960170473e-01
9.030146767155891041e-01
9.262418464626192005e-01
7.659478885893979960e-01
8.547579298831385897e-01
7.971832471779723983e-01
9.096385542168674565e-01
8.877811860940695299e-01
9.143646408839779527e-01
8.304782298358315273e-01
5.864238410596026574e-01
8.696282339299948871e-01
9.217039504997620591e-01
8.880271449345613632e-01
9.288509427250088990e-01
9.417159763313609488e-01
9.088352084712111312e-01
7.036368326025277398e-01
9.258738449176375784e-01
9.151385927505329976e-01
7.575807244713981259e-01
7.281019255827421155e-01
7.596266044340723722e-01
8.092403628117913472e-01
8.191651432053626003e-01
6.315789473684210176e-01
9.207403147383280695e-01
4.772829106550766087e-01
5.183349851337958336e-01
7.049801826641391989e-01
8.275032389413289335e-01
7.982382550335570537e-01
6.310572687224669242e-01
7.368064952638700982e-01
2.364860448395320058e-01
7.619434294221139048e-01
8.480839416058394420e-01
7.886777820860798593e-01
8.019330067522838501e-01
7.167747163695299406e-01
4.429346448309080531e-01
2.345941351466213354e-01
7.257731958762886348e-01
6.461928130441665363e-01
6.316228619107217002e-01
8.663001113585746538e-01
6.843899113837763615e-01
8.439808153477218466e-01
7.080806104480532603e-01
6.724570740034140348e-01
7.717721686269327641e-01
7.082027168234065195e-01
7.379864502914762481e-01
8.180515759312321222e-01
7.706251452475016972e-01
5.639895302383248765e-01
6.892744479495268584e-01
6.146430432516936104e-01
7.075695858791581916e-01
7.470652305458066467e-01
4.845938375350140048e-01
3.604416109469755769e-01
7.118519875435060928e-01
8.734862148930687686e-01
6.714633157681394460e-01
7.683992640294388110e-01
8.525011334441590094e-01
3.571684945164506630e-01
7.279927585426566594e-01
7.581818181818181790e-01
9.410202500829921712e-01
5.177380854391308018e-01
7.102718025679506386e-01
8.179959100204499123e-01
4.161402847176393083e-01
7.088703563305533972e-01
7.881422924901185789e-01
6.748079574551900661e-01
5.511590727418065327e-01
7.460155985079688357e-01
8.680679785330948084e-01
6.795147720602622288e-01
8.854668809141225116e-01
4.996460316211751573e-01
2.759967827186027844e-01
8.125000000000000000e-01
5.992964502718259867e-01
6.325444240196078649e-01
7.968147697301684040e-01
7.951618641053006531e-01
9.193290734824280941e-01
8.393913778529162872e-01
6.557874972387894852e-01
3.563841318014307480e-01
7.356965174129352913e-01
4.048507462686566916e-01
7.661310569922169522e-01
8.658463980948600813e-01
6.346655955011046846e-01
8.997741764080765536e-01
7.979062730023718242e-01
8.937280930718174421e-01
8.618136952498457459e-01
6.337955829481253245e-01
7.298510141805779616e-01
5.791770229218448085e-01
9.472087378640776656e-01
9.570453325151492274e-01
7.313891020721412506e-01
9.246298788694481408e-01
8.397408036666798026e-01
7.878366211017434617e-01
7.134948096885813662e-01
4.465443765054660230e-01
8.584996393363789613e-01
8.965609527632811826e-01
7.955308249425896427e-01
8.020363749417068755e-01
4.520502645502645356e-01
8.952183344336508419e-01
8.200921658986175533e-01
9.106107130672125294e-01
8.571428571428570953e-01
7.541199736321687608e-01
7.096815449545977872e-01
9.103557940767242895e-01
9.232385798031190749e-01
8.979725924535385539e-01
8.702635179346855931e-01
9.466775303277203957e-01
9.020428254984002026e-01
