9.562124411239240063e-01
9.994230829201359301e-01
9.976055981789057059e-01
9.958734216959339580e-01
9.936249335930582571e-01
9.961100039856516375e-01
9.499525210541882592e-01
9.955664944336685140e-01
9.929724315715153793e-01
1.000000000000000000e+00
9.587647533292729118e-01
9.985037000894526615e-01
9.858188400094436421e-01
9.889178617992177012e-01
9.242722231081343942e-01
9.994285247775328562e-01
9.574771504505088515e-01
1.000000000000000000e+00
9.984462499595377905e-01
9.987151626667513105e-01
9.667199398326595805e-01
9.947161543913911608e-01
9.793968801531491852e-01
9.720167020731081964e-01
9.687582971944419530e-01
9.905260323764009112e-01
9.941343175377315156e-01
9.994919950738916370e-01
9.045546303305576075e-01
9.976450624231615327e-01
9.585736948370349175e-01
9.541248064527745321e-01
9.965400330348604951e-01
9.955076536271537657e-01
9.572195355263857230e-01
8.811106034805000764e-01
9.652387362419827532e-01
9.999832677988789165e-01
9.694090060626628924e-01
9.979881143989104419e-01
9.956339448962865379e-01
9.695523202291247422e-01
8.852567966492017604e-01
9.979438858937620394e-01
9.989811592839901166e-01
9.995145022865375983e-01
9.970136305243664232e-01
9.882881753550258885e-01
9.876812545108588637e-01
9.933969439258798495e-01
9.927957675134141402e-01
9.985946520814341643e-01
9.989826574893894140e-01
9.938952881263354300e-01
9.873147977247176410e-01
9.981897234479303327e-01
9.997363768880066504e-01
9.998127895911013141e-01
9.700538566299368171e-01
9.994904145214289493e-01
9.971358813034087998e-01
9.985659128516271021e-01
9.666774606405452719e-01
9.999846073330664886e-01
9.998901254139916928e-01
9.991557417525527285e-01
9.969347396176664322e-01
9.988964263689181777e-01
1.000000000000000000e+00
9.855998411016949623e-01
9.929014516851057959e-01
9.963056990282762593e-01
9.990111048066790955e-01
9.975440806045340336e-01
9.943572673957837837e-01
9.807508275418477250e-01
9.990345067294881254e-01
9.968469639838772878e-01
9.995590620620147249e-01
9.551268952552208757e-01
9.963553762438338568e-01
9.998487420379489343e-01
9.997892074198988510e-01
9.978907820584649313e-01
9.969236108919951045e-01
9.997813214910510338e-01
9.826727970513355892e-01
9.595335955829172869e-01
9.836506761757384254e-01
9.568375354817164613e-01
9.880116137491804507e-01
9.846183222302371529e-01
9.032574209730734882e-01
9.786451239177743622e-01
9.987125898679151126e-01
9.250468588758081756e-01
9.822837626394333999e-01
9.998360816968823173e-01
9.948902728811717111e-01
8.117930321246202841e-01
9.708480122885813079e-01
1.000000000000000000e+00
9.765159066718478442e-01
9.762762661637931494e-01
9.697232555423958011e-01
8.306679721496953439e-01
8.270149421774725118e-01
9.951173990568081829e-01
9.636313340059231569e-01
1.000000000000000000e+00
9.788422542755480515e-01
9.646983053576460021e-01
9.714770207400321711e-01
9.766130074993535359e-01
9.517750415289504273e-01
9.835423064524339010e-01
9.951137701375561972e-01
9.448725972284309771e-01
9.964033861569631112e-01
9.899147974265345429e-01
9.491986448628575435e-01
9.314817425630903536e-01
9.833613759581230074e-01
9.999161762980099954e-01
9.797290362311402712e-01
1.000000000000000000e+00
9.349689951910908903e-01
9.830317112281964365e-01
9.965845580625128930e-01
9.984512982733623199e-01
9.617618497957090007e-01
9.863726918118962406e-01
7.151113467656415867e-01
8.785188480828345359e-01
9.150515786183182065e-01
9.935287600893312199e-01
9.972913397593962115e-01
9.855504629373975645e-01
9.961131236493104835e-01
9.140056907998734825e-01
9.619378317919268229e-01
9.975739196360879912e-01
9.938356839925042152e-01
9.898244401871800768e-01
9.882990146538656040e-01
9.808312246525009437e-01
9.987438224161584444e-01
9.795381203915700663e-01
9.893985652475228987e-01
1.000000000000000000e+00
9.483877177784194590e-01
1.000000000000000000e+00
8.042595728187029724e-01
9.555787278415015518e-01
9.619919648696627634e-01
9.954423953385511670e-01
9.967810142960835673e-01
9.839425749968880863e-01
1.000000000000000000e+00
9.982266209528957157e-01
9.123158762753246220e-01
9.396476605417692918e-01
9.972800105502620527e-01
9.999504623513870705e-01
9.800609625876094411e-01
9.999437274909963591e-01
9.941260608372269880e-01
9.999357924812996012e-01
1.000000000000000000e+00
1.000000000000000000e+00
8.636380189366350546e-01
9.966775096978447435e-01
9.934337508988381193e-01
9.999844319207895627e-01
9.953392868782999781e-01
9.656024963994238597e-01
9.833099734434936900e-01
1.000000000000000000e+00
9.526819377118778132e-01
9.823507193627030176e-01
9.873484449130205398e-01
9.931850657677793182e-01
9.806915299681605580e-01
9.920784483764988337e-01
9.647862801427701251e-01
9.462714664412770205e-01
9.985644788260626958e-01
9.886213776079532112e-01
9.856161616161616124e-01
9.634433371726175421e-01
9.931388802258588333e-01
9.926903410588462373e-01
9.891678532163005189e-01
9.666316186243973929e-01
9.933279859997082850e-01
9.998210916661245395e-01
