5.252675789188456790e-01
7.608550434201736268e-01
5.631562693020383259e-01
6.595774647887323594e-01
7.458998469276186816e-01
7.686996547756040910e-01
2.582122237706550028e-01
8.851510606385257773e-01
7.846623563218391162e-01
8.087213177187470015e-01
5.762183235867446296e-01
7.341396622546781936e-01
6.481419484432541234e-01
6.872050340849501504e-01
6.254780613309227633e-01
6.242410613897009242e-01
5.542009400705052435e-01
7.114531698408557148e-01
8.280566280566280524e-01
6.693169497650885980e-01
3.601466992665036670e-01
3.471980074719800968e-01
8.457742563247150347e-01
5.402931823470099593e-01
6.643021732255003364e-01
8.494608195542775464e-01
8.531442433289793126e-01
7.514124293785310327e-01
2.315345897225798977e-01
9.629349470499243280e-01
6.672859575785725639e-01
7.286961758506473874e-01
5.847856806406028785e-01
5.525233017045931838e-01
7.664650251341910137e-01
7.436880654890133391e-01
5.057763401109057755e-01
5.934931506849314697e-01
2.057720057720057727e-01
7.066787003610108808e-01
7.264150943396225912e-01
7.322292719647274239e-01
9.148407499435283474e-02
7.705544933078394276e-01
8.859416445623342629e-01
8.822843822843823292e-01
5.658225725306054166e-01
9.102392344497607368e-01
8.056387665198238013e-01
7.909347745977152178e-01
7.159828057835091464e-01
9.443203696572969319e-01
7.369191364800585786e-01
8.815331010452961413e-01
8.766676549066113600e-01
9.496346555323590399e-01
9.399815327793167308e-01
9.218750000000000000e-01
2.944942381562100087e-01
8.999192897497981791e-01
8.776055585248530022e-01
8.265682656826568442e-01
2.019457547169811185e-01
8.596187175043327189e-01
8.278995189738107552e-01
9.326040931545518387e-01
8.926214757048590576e-01
9.243592933565563108e-01
7.911051212938005062e-01
8.520433694745621622e-01
7.973114891829448103e-01
8.989567459852303433e-01
9.068100358422939156e-01
9.125284738041001820e-01
8.365418270913546062e-01
4.986087924318308162e-01
8.626969215204509656e-01
9.195920303605312762e-01
8.892666342884895103e-01
9.132812500000000444e-01
9.371789226478790535e-01
9.240164974619289318e-01
7.306797622124580061e-01
9.016525594518339792e-01
9.037410676754938921e-01
7.726381170317097036e-01
7.216494845360824639e-01
7.150402414486921598e-01
7.977215893303695182e-01
7.960964069200059390e-01
4.423723631916844923e-01
8.929140331945942810e-01
4.683566587448287910e-01
4.675925925925926152e-01
7.005374538125629380e-01
8.183729433272395326e-01
7.539387728961188806e-01
6.603856266432953648e-01
5.432624113475177374e-01
2.254938501677226925e-01
7.305295950155763496e-01
8.588873812754409531e-01
7.280848022868032787e-01
7.500618352708384728e-01
6.726797710873351210e-01
4.457466355465064534e-01
2.273987423084725124e-01
7.502461437479488460e-01
5.858208955223880299e-01
6.406727828746177078e-01
8.533683773689306751e-01
6.579386886482408991e-01
8.487683339601354016e-01
6.615859190709489912e-01
6.603663855772027302e-01
7.623414143951764421e-01
6.933688286544046342e-01
7.167277167277167349e-01
8.190004502476362358e-01
7.508577753182069658e-01
5.208069018015731855e-01
6.568811472332757306e-01
6.384939441811480210e-01
7.671418873048201359e-01
7.103518039788693228e-01
5.563577084303679143e-01
3.482960516438973197e-01
6.567711807871914331e-01
8.770564978956765234e-01
6.988192915749449341e-01
7.469291105520201590e-01
8.069004685503337049e-01
3.514637783533474669e-01
6.990831269282579141e-01
7.504363924887595960e-01
9.349744036597320562e-01
5.307176878986034074e-01
7.200359977092366526e-01
6.423666138404648951e-01
4.295634920634920362e-01
6.544246239944035981e-01
8.136145138781206709e-01
6.989144924776232726e-01
6.064000000000000501e-01
7.202089454782892863e-01
8.690409735402478963e-01
6.949844479004665398e-01
8.615172888353690439e-01
5.188860681590891089e-01
3.156382856486268929e-01
7.800600317815313822e-01
6.878797569555484825e-01
6.175271993120723391e-01
7.778982115583583656e-01
7.802574506786064124e-01
9.107674435489726550e-01
7.517469657962486673e-01
6.538922155688622340e-01
4.441794927379145719e-01
7.639909977494373505e-01
3.790587751746814504e-01
7.259814204375186764e-01
8.388019839755818108e-01
6.978959904724096885e-01
8.921718345395391880e-01
8.087815228923529443e-01
8.604753845021708702e-01
8.877582485353068265e-01
7.217659137577001616e-01
7.572658772874057975e-01
5.308131025084540378e-01
9.341259250272958559e-01
9.465810351341140683e-01
8.470319634703196154e-01
9.008101598423472467e-01
8.337498047790098399e-01
7.957409475195406090e-01
7.411764705882353255e-01
4.026060808553291182e-01
8.397413286302175539e-01
8.924530813257021133e-01
7.965571205007824229e-01
7.890301707922654506e-01
4.433901576069475547e-01
8.937343831031069330e-01
7.948793931132578372e-01
8.889623265036351585e-01
8.484124754144423131e-01
7.047212047212046970e-01
6.651897976290264136e-01
9.010663507109004655e-01
9.194522320465818854e-01
8.420087336244541643e-01
8.345331897284734568e-01
9.457238327463198813e-01
9.437927663734115846e-01
