8.900451660156250000e-01
9.811859130859375000e-01
9.878540039062500000e-01
7.391510009765625000e-01
7.038116455078125000e-01
8.706817626953125000e-01
9.622192382812500000e-01
9.898986816406250000e-01
9.687194824218750000e-01
9.754486083984375000e-01
9.375000000000000000e-01
4.412536621093750000e-01
9.578399658203125000e-01
7.289581298828125000e-01
7.807006835937500000e-01
7.421417236328125000e-01
7.828979492187500000e-01
7.713928222656250000e-01
9.438476562500000000e-01
9.850463867187500000e-01
4.889221191406250000e-01
6.954345703125000000e-01
7.838745117187500000e-01
9.812774658203125000e-01
7.717895507812500000e-01
9.913024902343750000e-01
9.817352294921875000e-01
8.414916992187500000e-01
9.324035644531250000e-01
9.854431152343750000e-01
7.046813964843750000e-01
9.613189697265625000e-01
7.617950439453125000e-01
9.926300048828125000e-01
7.281494140625000000e-01
9.985351562500000000e-01
7.511444091796875000e-01
9.532623291015625000e-01
8.347320556640625000e-01
9.151306152343750000e-01
8.176574707031250000e-01
9.684295654296875000e-01
7.388000488281250000e-01
9.323577880859375000e-01
9.930572509765625000e-01
8.322753906250000000e-01
9.977416992187500000e-01
9.968872070312500000e-01
9.966278076171875000e-01
9.924468994140625000e-01
9.914093017578125000e-01
9.978027343750000000e-01
9.892120361328125000e-01
9.904785156250000000e-01
8.021392822265625000e-01
9.762725830078125000e-01
9.978027343750000000e-01
2.924194335937500000e-01
8.772125244140625000e-01
9.690551757812500000e-01
9.948883056640625000e-01
9.558868408203125000e-01
9.572448730468750000e-01
9.513549804687500000e-01
9.042358398437500000e-01
7.676391601562500000e-01
9.213562011718750000e-01
9.849090576171875000e-01
9.786529541015625000e-01
9.454498291015625000e-01
9.948272705078125000e-01
9.907836914062500000e-01
8.328704833984375000e-01
6.280212402343750000e-01
9.785461425781250000e-01
9.976501464843750000e-01
8.169403076171875000e-01
9.986419677734375000e-01
7.640228271484375000e-01
8.626556396484375000e-01
9.901275634765625000e-01
9.185028076171875000e-01
9.222869873046875000e-01
9.967803955078125000e-01
9.921417236328125000e-01
9.978332519531250000e-01
9.524841308593750000e-01
9.927978515625000000e-01
9.642944335937500000e-01
9.947967529296875000e-01
9.547576904296875000e-01
7.827758789062500000e-01
9.863586425781250000e-01
9.903717041015625000e-01
4.752655029296875000e-01
9.879150390625000000e-01
9.124603271484375000e-01
9.638519287109375000e-01
9.854125976562500000e-01
6.930847167968750000e-01
9.969177246093750000e-01
9.954528808593750000e-01
9.600982666015625000e-01
9.508056640625000000e-01
9.430541992187500000e-01
9.968566894531250000e-01
9.945831298828125000e-01
6.771087646484375000e-01
9.261779785156250000e-01
9.977111816406250000e-01
9.981994628906250000e-01
8.099822998046875000e-01
9.599609375000000000e-01
9.307098388671875000e-01
8.902435302734375000e-01
9.598999023437500000e-01
9.763793945312500000e-01
9.572448730468750000e-01
9.351959228515625000e-01
9.909362792968750000e-01
9.963836669921875000e-01
9.949188232421875000e-01
6.382141113281250000e-01
9.964599609375000000e-01
9.991455078125000000e-01
9.862518310546875000e-01
9.292144775390625000e-01
9.967041015625000000e-01
9.100036621093750000e-01
9.973297119140625000e-01
8.334808349609375000e-01
8.769073486328125000e-01
8.203887939453125000e-01
8.010711669921875000e-01
9.977416992187500000e-01
7.148895263671875000e-01
9.963226318359375000e-01
9.959564208984375000e-01
9.292144775390625000e-01
9.959106445312500000e-01
9.965820312500000000e-01
4.935302734375000000e-01
9.158172607421875000e-01
9.362335205078125000e-01
6.492004394531250000e-01
9.776916503906250000e-01
9.568328857421875000e-01
8.410186767578125000e-01
9.691925048828125000e-01
6.030426025390625000e-01
9.109649658203125000e-01
9.977874755859375000e-01
8.106384277343750000e-01
9.956665039062500000e-01
8.793487548828125000e-01
9.899291992187500000e-01
9.959259033203125000e-01
8.851623535156250000e-01
8.153228759765625000e-01
9.907073974609375000e-01
9.894714355468750000e-01
9.008636474609375000e-01
9.565734863281250000e-01
8.607330322265625000e-01
9.207458496093750000e-01
8.217468261718750000e-01
9.769744873046875000e-01
8.794555664062500000e-01
9.665527343750000000e-01
9.960479736328125000e-01
9.913024902343750000e-01
9.320220947265625000e-01
9.645996093750000000e-01
9.122009277343750000e-01
9.640655517578125000e-01
9.456634521484375000e-01
9.385528564453125000e-01
9.636688232421875000e-01
9.966125488281250000e-01
7.852325439453125000e-01
9.084167480468750000e-01
9.820404052734375000e-01
6.857147216796875000e-01
5.541687011718750000e-01
9.922943115234375000e-01
9.830169677734375000e-01
9.932556152343750000e-01
4.814605712890625000e-01
9.463195800781250000e-01
9.690551757812500000e-01
8.820953369140625000e-01
9.615325927734375000e-01
9.372100830078125000e-01
8.962249755859375000e-01
8.937835693359375000e-01
8.843994140625000000e-01
8.691711425781250000e-01
9.925079345703125000e-01
9.961395263671875000e-01
9.951171875000000000e-01
9.751281738281250000e-01
9.895935058593750000e-01
9.989471435546875000e-01
9.968719482421875000e-01
9.940795898437500000e-01
9.814453125000000000e-01
8.507843017578125000e-01
9.853515625000000000e-01
9.833984375000000000e-01
9.954223632812500000e-01
9.481353759765625000e-01
9.699707031250000000e-01
9.949493408203125000e-01
8.448028564453125000e-01
9.912109375000000000e-01
9.736328125000000000e-01
9.941101074218750000e-01
9.728088378906250000e-01
9.632415771484375000e-01
9.175872802734375000e-01
8.160858154296875000e-01
9.900054931640625000e-01
8.333282470703125000e-01
9.619140625000000000e-01
9.410858154296875000e-01
9.762268066406250000e-01
9.073028564453125000e-01
9.886932373046875000e-01
3.564605712890625000e-01
8.297424316406250000e-01
9.761657714843750000e-01
6.678466796875000000e-01
9.452972412109375000e-01
8.428649902343750000e-01
9.734039306640625000e-01
9.134826660156250000e-01
9.763641357421875000e-01
9.857330322265625000e-01
9.677886962890625000e-01
9.912567138671875000e-01
9.005889892578125000e-01
7.427368164062500000e-01
9.713592529296875000e-01
8.829498291015625000e-01
9.770050048828125000e-01
9.840393066406250000e-01
7.694091796875000000e-01
6.740112304687500000e-01
8.647460937500000000e-01
2.040557861328125000e-01
9.940185546875000000e-01
9.847869873046875000e-01
9.441375732421875000e-01
9.864807128906250000e-01
9.668579101562500000e-01
9.836730957031250000e-01
9.613800048828125000e-01
9.969787597656250000e-01
8.381195068359375000e-01
9.458923339843750000e-01
6.701812744140625000e-01
9.179687500000000000e-01
9.742736816406250000e-01
9.956054687500000000e-01
9.382934570312500000e-01
9.003448486328125000e-01
9.451293945312500000e-01
9.802551269531250000e-01
9.491119384765625000e-01
5.185546875000000000e-01
8.849487304687500000e-01
9.949188232421875000e-01
9.648742675781250000e-01
9.857025146484375000e-01
9.614410400390625000e-01
9.620361328125000000e-01
8.700256347656250000e-01
9.851531982421875000e-01
9.322052001953125000e-01
9.917297363281250000e-01
6.836242675781250000e-01
9.532470703125000000e-01
9.474487304687500000e-01
9.838409423828125000e-01
9.631500244140625000e-01
9.721374511718750000e-01
9.880218505859375000e-01
9.916229248046875000e-01
9.912872314453125000e-01
8.668060302734375000e-01
9.411926269531250000e-01
9.092864990234375000e-01
9.850158691406250000e-01
9.322357177734375000e-01
9.671478271484375000e-01
8.805389404296875000e-01
9.863891601562500000e-01
9.474792480468750000e-01
8.502960205078125000e-01
8.962402343750000000e-01
9.765625000000000000e-01
9.292297363281250000e-01
9.665832519531250000e-01
9.104919433593750000e-01
9.456634521484375000e-01
9.939117431640625000e-01
9.949798583984375000e-01
8.779296875000000000e-01
9.869232177734375000e-01
9.913177490234375000e-01
8.672180175781250000e-01
9.287414550781250000e-01
8.601684570312500000e-01
7.996826171875000000e-01
9.719238281250000000e-01
8.929138183593750000e-01
9.678192138671875000e-01
8.041839599609375000e-01
6.118774414062500000e-01
6.942749023437500000e-01
9.747009277343750000e-01
9.548034667968750000e-01
9.245910644531250000e-01
7.004547119140625000e-01
9.779205322265625000e-01
9.459228515625000000e-01
9.903106689453125000e-01
9.582824707031250000e-01
9.757232666015625000e-01
9.943847656250000000e-01
9.942626953125000000e-01
9.743957519531250000e-01
9.578857421875000000e-01
9.874114990234375000e-01
9.467315673828125000e-01
9.132232666015625000e-01
9.507904052734375000e-01
9.356079101562500000e-01
9.046325683593750000e-01
8.831939697265625000e-01
9.443206787109375000e-01
9.490661621093750000e-01
9.233093261718750000e-01
9.467163085937500000e-01
9.664001464843750000e-01
7.930145263671875000e-01
9.452819824218750000e-01
8.887329101562500000e-01
9.863281250000000000e-01
9.650115966796875000e-01
9.920349121093750000e-01
9.562377929687500000e-01
8.388061523437500000e-01
9.560394287109375000e-01
9.857788085937500000e-01
9.938049316406250000e-01
9.222564697265625000e-01
9.083709716796875000e-01
9.914855957031250000e-01
9.513702392578125000e-01
9.243011474609375000e-01
8.554382324218750000e-01
9.845428466796875000e-01
9.135589599609375000e-01
8.142852783203125000e-01
9.750823974609375000e-01
9.811859130859375000e-01
9.134216308593750000e-01
8.911895751953125000e-01
9.052124023437500000e-01
9.632110595703125000e-01
9.671478271484375000e-01
9.858856201171875000e-01
9.065856933593750000e-01
9.681396484375000000e-01
9.725952148437500000e-01
9.893188476562500000e-01
7.912139892578125000e-01
9.832916259765625000e-01
9.838867187500000000e-01
9.711151123046875000e-01
8.957672119140625000e-01
9.800262451171875000e-01
8.875732421875000000e-01
9.781036376953125000e-01
9.840850830078125000e-01
9.512329101562500000e-01
8.540802001953125000e-01
9.624328613281250000e-01
9.418487548828125000e-01
9.943695068359375000e-01
6.546325683593750000e-01
9.945831298828125000e-01
7.367248535156250000e-01
7.876281738281250000e-01
7.646026611328125000e-01
9.910430908203125000e-01
9.717712402343750000e-01
7.954559326171875000e-01
9.896545410156250000e-01
8.014373779296875000e-01
9.212493896484375000e-01
9.757843017578125000e-01
9.373016357421875000e-01
9.927978515625000000e-01
9.421844482421875000e-01
9.959716796875000000e-01
8.059387207031250000e-01
9.921569824218750000e-01
9.401855468750000000e-01
9.465332031250000000e-01
9.430694580078125000e-01
9.669494628906250000e-01
9.771118164062500000e-01
9.933319091796875000e-01
9.555053710937500000e-01
9.283599853515625000e-01
9.848632812500000000e-01
9.373321533203125000e-01
8.311309814453125000e-01
9.897308349609375000e-01
4.324798583984375000e-01
9.884338378906250000e-01
9.527587890625000000e-01
9.159545898437500000e-01
7.702484130859375000e-01
9.564514160156250000e-01
9.664916992187500000e-01
9.661254882812500000e-01
9.669952392578125000e-01
9.546356201171875000e-01
4.643859863281250000e-01
9.843750000000000000e-01
9.295349121093750000e-01
8.308410644531250000e-01
9.801635742187500000e-01
9.117584228515625000e-01
9.094848632812500000e-01
9.024963378906250000e-01
9.030609130859375000e-01
5.814056396484375000e-01
9.053649902343750000e-01
9.631347656250000000e-01
6.402130126953125000e-01
8.645324707031250000e-01
9.110717773437500000e-01
9.296569824218750000e-01
9.821624755859375000e-01
9.750976562500000000e-01
9.797821044921875000e-01
9.677581787109375000e-01
9.734802246093750000e-01
9.822082519531250000e-01
9.872894287109375000e-01
7.536468505859375000e-01
7.920837402343750000e-01
9.461059570312500000e-01
9.910125732421875000e-01
9.386901855468750000e-01
9.560546875000000000e-01
9.898223876953125000e-01
9.461822509765625000e-01
9.794158935546875000e-01
4.460144042968750000e-01
6.783447265625000000e-01
9.324035644531250000e-01
9.881896972656250000e-01
9.833679199218750000e-01
6.828460693359375000e-01
9.749145507812500000e-01
9.906158447265625000e-01
9.767608642578125000e-01
9.932250976562500000e-01
9.959259033203125000e-01
9.818420410156250000e-01
9.957580566406250000e-01
9.926757812500000000e-01
9.991912841796875000e-01
9.978027343750000000e-01
9.954833984375000000e-01
9.938507080078125000e-01
9.976654052734375000e-01
9.976196289062500000e-01
9.375305175781250000e-01
9.749755859375000000e-01
9.990386962890625000e-01
9.969787597656250000e-01
9.992065429687500000e-01
9.969482421875000000e-01
9.654998779296875000e-01
9.950561523437500000e-01
9.488983154296875000e-01
9.709930419921875000e-01
9.924316406250000000e-01
9.890747070312500000e-01
9.912261962890625000e-01
9.853515625000000000e-01
9.974822998046875000e-01
9.979553222656250000e-01
9.958038330078125000e-01
9.919738769531250000e-01
9.953002929687500000e-01
9.508361816406250000e-01
9.547119140625000000e-01
9.695587158203125000e-01
8.824768066406250000e-01
9.980926513671875000e-01
9.938964843750000000e-01
9.833068847656250000e-01
9.618225097656250000e-01
9.886474609375000000e-01
9.912414550781250000e-01
9.885559082031250000e-01
9.935455322265625000e-01
9.957580566406250000e-01
9.982757568359375000e-01
9.941406250000000000e-01
9.006042480468750000e-01
8.991088867187500000e-01
9.983825683593750000e-01
9.913787841796875000e-01
9.937438964843750000e-01
9.798889160156250000e-01
9.932098388671875000e-01
9.940795898437500000e-01
9.921417236328125000e-01
9.962615966796875000e-01
9.980010986328125000e-01
9.977416992187500000e-01
9.752807617187500000e-01
9.916076660156250000e-01
9.983367919921875000e-01
9.932708740234375000e-01
9.971618652343750000e-01
9.963836669921875000e-01
9.399566650390625000e-01
9.982147216796875000e-01
9.928894042968750000e-01
9.898834228515625000e-01
9.586334228515625000e-01
9.891967773437500000e-01
9.924163818359375000e-01
9.057159423828125000e-01
9.907531738281250000e-01
9.973754882812500000e-01
9.932403564453125000e-01
9.944763183593750000e-01
9.976043701171875000e-01
9.832153320312500000e-01
9.630889892578125000e-01
9.969635009765625000e-01
9.973907470703125000e-01
9.806060791015625000e-01
9.953918457031250000e-01
9.865570068359375000e-01
9.466552734375000000e-01
9.315948486328125000e-01
9.966125488281250000e-01
9.979248046875000000e-01
9.979400634765625000e-01
8.208618164062500000e-01
9.752349853515625000e-01
9.378814697265625000e-01
9.859619140625000000e-01
7.984161376953125000e-01
7.799224853515625000e-01
7.113342285156250000e-01
9.868011474609375000e-01
9.974060058593750000e-01
9.937744140625000000e-01
9.934082031250000000e-01
9.958343505859375000e-01
9.928131103515625000e-01
9.835815429687500000e-01
9.967803955078125000e-01
9.934844970703125000e-01
9.986877441406250000e-01
9.940185546875000000e-01
9.971618652343750000e-01
9.975280761718750000e-01
9.595794677734375000e-01
9.988403320312500000e-01
9.873809814453125000e-01
9.781494140625000000e-01
9.982299804687500000e-01
9.972381591796875000e-01
9.239196777343750000e-01
9.979095458984375000e-01
9.191741943359375000e-01
9.964141845703125000e-01
9.908142089843750000e-01
9.983978271484375000e-01
9.960937500000000000e-01
9.980773925781250000e-01
9.685668945312500000e-01
9.411468505859375000e-01
9.975738525390625000e-01
9.880676269531250000e-01
9.945526123046875000e-01
9.709625244140625000e-01
