8.737450052046606963e-01
8.905913334929375091e-01
8.017157340612205418e-01
8.177438149874507456e-01
7.179095001731501391e-01
5.086837294332724468e-01
2.981397687280040176e-01
8.538011695906432275e-01
5.909496874069664063e-01
9.142020497803806656e-01
7.737660581473968513e-01
2.285955632428953443e-01
9.201091629593629584e-01
7.039542770576184827e-01
5.735602962307947417e-01
6.817002174370484502e-01
3.256954266855257019e-01
8.399529812679960017e-01
8.011275701967720542e-01
9.724619810933003983e-01
4.936036688390055271e-01
5.941151919866444198e-01
7.175655693050042583e-01
8.181171448897320841e-01
7.712687859841298454e-01
9.309170785282812055e-01
9.123434704830053477e-01
2.898096655439805908e-02
7.261320578917944690e-01
9.187745924676784526e-01
6.804470886319536893e-01
8.844374396258071203e-01
5.428222764588418459e-01
9.713224368499256967e-01
3.551061546964918714e-01
9.215686274509803377e-01
7.794302926737433079e-01
8.254630319280996664e-01
1.246050281632092305e-01
3.380782918149466409e-01
5.915963832535521272e-01
6.471007265992306801e-01
8.599558267510201137e-01
5.372315261614154513e-01
8.567708333333333703e-01
7.565488103179898172e-01
9.608910891089108564e-01
9.562962962962963109e-01
9.686417502278942271e-01
0.000000000000000000e+00
9.271916790490342120e-01
9.259024699176694462e-01
9.396231422505307851e-01
8.974051896207584367e-01
6.302042846926401154e-01
5.063407885635231587e-01
9.263657957244655350e-01
1.142760758185920079e-02
7.607677902621723387e-01
7.629422346592045212e-01
8.677042801556420493e-01
8.504861493303981224e-01
7.738761662425784893e-01
9.150174621653085483e-01
8.717055989636046665e-01
5.837491494669992953e-01
7.365834734255787275e-01
6.529445397369925130e-01
8.920755658083421302e-01
6.700091157702825484e-02
8.542211652794292620e-01
7.640501625638643768e-01
4.644831591173054774e-01
5.432466122481804938e-01
9.543814979842987212e-01
9.232715008431703341e-01
5.556582914572864018e-01
8.466666666666666785e-01
7.685916322922804467e-01
7.960241634891392914e-01
8.167354154390100707e-01
3.584763138016617834e-01
8.112807316479465625e-01
9.523029011637436092e-01
7.069913589945011623e-01
9.444831591173054042e-01
6.359712230215827100e-01
7.171824973319103069e-01
7.682957710812864383e-01
8.856470588235294539e-01
9.108405797101449819e-01
5.100827300930713681e-01
8.212978369384359434e-01
8.853092783505154273e-01
0.000000000000000000e+00
7.579375158750317754e-01
9.146908137733825717e-01
9.298841564323665487e-01
7.578947368421052877e-01
1.888405285652668408e-01
9.437971213159698225e-01
6.410658307210030937e-01
9.027172206913390839e-01
9.095518097478113573e-01
7.888700701669489890e-01
7.866071428571428381e-01
9.211976761507523204e-01
7.561296767163094845e-01
0.000000000000000000e+00
8.935532233883058950e-01
9.536000000000000032e-01
2.176686117519337771e-01
8.466795424156886574e-01
5.142607937200174284e-01
1.544589510953750799e-01
5.503389404971127385e-01
8.527493760566782210e-01
9.166920964296613183e-01
8.802244480570559082e-01
0.000000000000000000e+00
9.678425258234262252e-01
7.290594291062236776e-01
7.022437073689272724e-01
9.286173633440514275e-01
8.089887640449437978e-01
8.395560040363269083e-01
7.742106894566709308e-01
9.134657836644591855e-01
8.651053363276655084e-01
9.539651837524177891e-01
4.858288770053476036e-01
8.781121454860358888e-01
8.528664072632944348e-01
8.890578776047703968e-01
9.543506614495994578e-01
4.164353137146030170e-01
5.860735009671179663e-01
8.523279063124821198e-01
6.410891089108911034e-01
9.084310441094360922e-01
9.336064174773852642e-01
2.610331547961577403e-01
7.656103652825476669e-01
6.760710553814002211e-01
1.336110468255805039e-01
8.434249893147172106e-01
7.308548912112386997e-01
6.875631399317405634e-01
0.000000000000000000e+00
2.669000218770509747e-01
4.195139777087520394e-01
9.684638860630722101e-01
6.183968383262437030e-01
5.157360406091370253e-01
4.570870888110683539e-01
9.607070707070707316e-01
9.053787047200878568e-01
7.908248030441074050e-01
6.239575887538718613e-01
8.640234948604992304e-01
8.592757306226175285e-01
8.833297697954529681e-01
7.922343324250681329e-01
7.016205910390848066e-01
8.241861065401865361e-01
2.554238937546510768e-01
8.435689455388181157e-01
7.069617208439282763e-01
9.053395908970158779e-01
9.689958352614530535e-01
6.309427880741337313e-01
6.792966668640104677e-01
8.519362186788155267e-01
8.197021764032073055e-01
7.873485868102287899e-01
8.372152986678126352e-01
8.650536139179877404e-01
9.138544402699737557e-01
9.565894490948023687e-01
3.990656503565281343e-01
4.423243712055507232e-02
8.343900583312199304e-01
4.244310445438630452e-01
0.000000000000000000e+00
9.546222857885841018e-01
9.308182565789473450e-01
9.172035313767596953e-01
1.149390321190458114e-01
8.799975244460948032e-01
8.107698141827834881e-01
8.687553501112823540e-01
7.074941451990632846e-01
8.662855549358616791e-01
7.613853286064903303e-01
9.039853789156029329e-01
5.210234388978349784e-01
7.515284346522089765e-01
9.462005108556832411e-01
8.755897690588527738e-01
8.785871964679912161e-01
9.404092163256531078e-01
8.001766394347538114e-01
0.000000000000000000e+00
8.352524357838795321e-01
9.481733220050977407e-01
8.407079646017698860e-01
8.254573563514557843e-01
8.915465268676278088e-01
9.091519956995027796e-01
8.277126099706745288e-01
9.090317331163547676e-01
8.950897685485615929e-01
8.909248055315470705e-01
6.722187767638285738e-01
7.221182134260497598e-01
9.515625994526127895e-01
9.577304155677525133e-01
9.792527811374419633e-01
9.503448787361863381e-01
9.139379710861238459e-01
7.974548946971256047e-01
9.493841994592970845e-01
2.226197028068244432e-01
9.424011103400415923e-01
9.560515968159585265e-01
9.503850609963879759e-01
5.923004694835680706e-01
9.398271276595744350e-01
2.782812739113431078e-01
7.858119370002060178e-01
9.604401100275068437e-01
3.352415026833631684e-01
9.376063700461949590e-01
8.415727887201104318e-01
9.730212123292373283e-01
8.784302337640786940e-01
9.796156394963552172e-01
9.808193825187179193e-01
9.668155048879263358e-01
9.818383231787307652e-01
8.411268485732139588e-01
6.494236487312126105e-01
8.456416011971567004e-01
8.530535058771181456e-01
9.343171064239313983e-01
9.567997674672092945e-01
7.875425790754257971e-01
5.716543834344312014e-01
8.735519340270959665e-01
1.444301034147585094e-01
9.468047126026418736e-01
9.349250936329588368e-01
8.954739404727625196e-01
9.756835561423777836e-01
9.707095021330346407e-01
9.348347176542728398e-01
8.926046021018088084e-01
9.463861554122836584e-01
6.244781222262402176e-01
9.388146297215423930e-01
7.683599050203527847e-01
8.891825263780692712e-01
8.842796111695869765e-01
9.786175115207372821e-01
9.330179550585958603e-01
8.568244647793755719e-01
8.073878627968337218e-01
9.140999113213124083e-01
9.485685569357853453e-01
4.443869900201665168e-01
8.299596896536777235e-01
8.344409130309159428e-01
9.523337926283155230e-01
9.630667040134448520e-01
8.345905497555970998e-01
9.587003883679074967e-01
8.090924701639907735e-01
9.656808579785505220e-01
9.334660297239915083e-01
9.491525423728813804e-01
6.328670704039158768e-01
8.463195236285315781e-01
8.424546922662838888e-01
9.628062642081334221e-01
9.451853987936462698e-01
8.020408163265305701e-01
9.540617966032330921e-01
9.575516998527434653e-01
9.822149837133550276e-01
9.075251454906314574e-01
9.033459000942507533e-01
8.349120433017591658e-01
9.229623612239371555e-01
8.889215830513461647e-01
9.506248719524688084e-01
7.917598709878791441e-01
9.504893216988863358e-01
9.551149047931714042e-01
8.078146826012726489e-01
9.176307177106324264e-01
9.690428536690297578e-01
8.896226850782801288e-01
9.583938519240315923e-01
8.246221937512738798e-01
9.632806342435903391e-01
9.749673268322107678e-01
9.691726043332848928e-01
8.163342650054479233e-01
9.734654117388799044e-01
9.315529179030662688e-01
8.170968864506356066e-01
9.250000000000000444e-01
7.721266802537268825e-01
8.227798385337115050e-01
9.274572381396349874e-01
9.506945345969103345e-01
9.816337537730760454e-01
8.858013065423980814e-01
5.511955114372032449e-01
5.118439836434465207e-01
9.730654125694740975e-01
8.378126938184825567e-01
9.248861799469086931e-01
7.077403628614382658e-01
9.526781826099579575e-01
8.408413596510171395e-01
5.914123683499864503e-01
8.742805210542260452e-01
9.684084801433263667e-01
9.767855275541148519e-01
8.234244946492270678e-01
9.763994590437803378e-01
5.487642444871985159e-01
9.578614427099275686e-01
9.183935106407775661e-01
9.223676972164154275e-01
8.797094224058115142e-01
9.394925721916207451e-01
8.247339998930652838e-01
7.617306885599568478e-01
9.565614771814981987e-01
9.084141326208987621e-01
9.214195573886546642e-01
9.526698860236302302e-01
9.682716582891713886e-01
6.440764985239378904e-01
9.592367525522605964e-01
9.245149793214754164e-01
9.697248057564971102e-01
9.162120955446383386e-01
9.818181818181818121e-01
9.411450092483230057e-01
8.085841325836916615e-01
9.016104680422747375e-01
9.751693002257336707e-01
9.786002691790040009e-01
9.308830353192545370e-01
9.017207792207792005e-01
9.804700841431986946e-01
9.304611352281103587e-01
8.595918154023048929e-01
6.617406701171343331e-01
9.712166086781494068e-01
8.431137112638275033e-01
5.499225745640611285e-01
9.679484497259299713e-01
9.715077903536178949e-01
8.576185269853890958e-01
9.156039151138976040e-01
9.625088749199092186e-01
9.524260915931038740e-01
9.221833288456360300e-01
9.582058268706770132e-01
9.133737944555768706e-01
9.160198587511362289e-01
9.359099437148217238e-01
9.535610162432319736e-01
7.321120075937351812e-01
9.800747893062454752e-01
9.726388026148430344e-01
8.758553274682306933e-01
9.291184061773426484e-01
9.290906597174598547e-01
7.655336652955184729e-01
9.700184406273957283e-01
8.620254616355086386e-01
8.185543021902979000e-01
9.191312601614555211e-01
6.983550765740215160e-01
8.779854464204837061e-01
9.164908049442267446e-01
7.338063683809300519e-01
8.626914660831509485e-01
8.474102413184225746e-01
4.857858693836645814e-01
6.834908056486843630e-01
9.699282092474521555e-01
9.564835550871646497e-01
6.924366781396169568e-01
9.654334909138222454e-01
0.000000000000000000e+00
8.315609570831751229e-01
9.849484939598270872e-01
9.628335180291535123e-01
9.296761720637989335e-01
8.477071290944123705e-01
9.267209474463360408e-01
8.925136168733340813e-01
8.814600650524033743e-01
8.086863718620945773e-01
9.330845911771911139e-01
8.240252897787144759e-01
8.100866824271079070e-01
8.715394756115424357e-01
9.727763812376316599e-01
9.401467319682933477e-01
9.188890007044379082e-01
9.789710692892645838e-01
8.725096335164385097e-01
5.395474446581284278e-01
9.582628313592780334e-01
2.174993681017777514e-01
9.458472030526914320e-01
5.892035826676349508e-01
8.848252265581653120e-01
7.714195763308996368e-01
9.474249324299307551e-01
9.714184630158448908e-01
7.605086884768469391e-01
8.674989509022240641e-01
9.395375914836993081e-01
3.644262627628642726e-01
9.672415858186609317e-01
7.609137307368316616e-01
8.505302096177558280e-01
8.874814293533505039e-01
8.481586949177083445e-01
9.159212880143112745e-01
7.260279521976908956e-01
7.681816608397660229e-01
5.694610111805589181e-01
8.188767765972125856e-01
7.162595335470322011e-01
7.462303704422241779e-01
7.477320110441201262e-01
8.910970959225579247e-01
9.536794782031912110e-01
8.041310541310541238e-01
9.309115990343718172e-01
8.143079315707620891e-01
9.512843224092116801e-01
9.777225309544701481e-01
8.936377671244007947e-01
9.146200631303410544e-01
6.539140045484495012e-01
0.000000000000000000e+00
8.156704760338732152e-01
8.694626915950817159e-01
8.724600567833881160e-01
8.667275680064961962e-01
9.482587064676616384e-01
8.944729248956494461e-01
7.957131516274146277e-01
1.950430563448004584e-01
3.585790884718498828e-01
9.386285250557921955e-01
9.841688654353561994e-01
9.615526678083341494e-01
6.804241460741792258e-01
9.312483749953571754e-01
9.862994350282485723e-01
9.183928385552201368e-01
8.408433236874741645e-01
9.678398058252427605e-01
4.565460649011562899e-01
8.295949112822229576e-01
5.507649513212795611e-01
9.489872468117028781e-01
7.399463806970509872e-01
5.141187925998053077e-01
7.967213114754098102e-01
8.835021707670043245e-01
8.709677419354838745e-01
1.079223928860145454e-01
7.345454545454545014e-01
9.153292750415052970e-01
9.313725490196078649e-01
0.000000000000000000e+00
8.389702170620898514e-01
7.247441032487761392e-01
8.983655833176780181e-01
8.752053624236051377e-01
8.319584479071188143e-01
9.595419367016925216e-01
5.208681135225375902e-01
9.716691839443453160e-01
8.466416461757473311e-01
9.667632050751620021e-01
8.966336633663366529e-01
8.711907810499359694e-01
7.747572815533980695e-01
8.701619544331594680e-01
2.758243760247768295e-01
8.736796975484273364e-01
7.630658087820295643e-01
6.523715817330528743e-01
8.755533694048204252e-01
9.702273184469925038e-01
9.673909645146162584e-01
9.197888221372656492e-01
8.352446483180427927e-01
8.112071222833202588e-01
7.915360501567397788e-01
8.908805031446540568e-01
9.285093059662550274e-01
9.475026567481402706e-01
9.161755862898376401e-01
8.086773808847748102e-01
0.000000000000000000e+00
9.485756566777654442e-01
7.054418372441337848e-01
9.009873060648800891e-01
6.721208307111390390e-01
7.850655903128153090e-01
9.470288271412217185e-01
7.946503204235163542e-01
8.841514726507714306e-01
9.331184528605962480e-01
8.378849506101103684e-01
7.960671674768007300e-01
9.306178805661028397e-01
9.585071350164654502e-01
8.152244632400780233e-01
8.198464264619019781e-01
8.817991631799163565e-01
8.780131482834185874e-01
9.655356665776115843e-01
8.455509451360073703e-01
8.472557540640592855e-01
7.183336460874460982e-01
8.018530216887765905e-01
8.907273354015856626e-01
4.306408797876374872e-01
8.841240875912408370e-01
6.946022727272727071e-01
9.349930843706777406e-01
8.370514064015518452e-01
9.513900733412928856e-01
8.392246294184720901e-01
8.592309790019089233e-01
8.676122931442080688e-01
9.244604316546762846e-01
6.089666746583553003e-01
9.341345042754795047e-01
8.100418410041840822e-01
5.616406432067116983e-01
8.092471556523843645e-01
9.226583754372328361e-01
4.596100278551532026e-01
8.940481215702827944e-01
5.673602611179110466e-01
7.934230194319880081e-01
8.398364920104050002e-01
9.416304872165942585e-01
0.000000000000000000e+00
7.376317707500044119e-01
0.000000000000000000e+00
9.568837347606303778e-01
8.485456369107321484e-01
8.546875000000000444e-01
9.377523553162853132e-01
8.543889845094664315e-01
7.618763071407230747e-01
7.887052783571314452e-01
8.424747696358051430e-01
8.848976438779451170e-01
9.122580645161290080e-01
9.598719103372360673e-01
7.956989247311827551e-01
9.171270718232044095e-01
9.124306936978879845e-01
6.393034825870647087e-01
9.218219996769504432e-01
9.554232612167852245e-01
8.997897687456202220e-01
9.501455604075691452e-01
4.292207792207792250e-01
8.657587548638132624e-01
6.474061577393505074e-01
6.411323896752706419e-01
6.322107369123041165e-01
8.783382789317507600e-01
7.680929741151610868e-01
7.744680851063829863e-01
7.321295010150656868e-01
6.370286085825748179e-01
8.952959028831563026e-01
5.478221823080376973e-01
8.515296098793151414e-01
7.872606906423331719e-01
