8.852539062500000000e-01
9.790802001953125000e-01
9.844818115234375000e-01
7.518005371093750000e-01
7.016906738281250000e-01
9.343872070312500000e-01
9.573974609375000000e-01
9.851226806640625000e-01
9.580688476562500000e-01
9.776458740234375000e-01
9.489440917968750000e-01
4.147491455078125000e-01
9.673919677734375000e-01
7.375946044921875000e-01
7.645263671875000000e-01
7.230224609375000000e-01
7.817687988281250000e-01
7.735443115234375000e-01
9.450988769531250000e-01
9.856872558593750000e-01
4.877929687500000000e-01
7.032165527343750000e-01
7.785034179687500000e-01
9.765930175781250000e-01
7.884368896484375000e-01
9.904022216796875000e-01
9.865417480468750000e-01
8.108367919921875000e-01
9.327239990234375000e-01
9.911804199218750000e-01
6.959381103515625000e-01
9.653167724609375000e-01
7.484741210937500000e-01
9.941101074218750000e-01
6.973419189453125000e-01
9.975585937500000000e-01
7.675933837890625000e-01
9.463653564453125000e-01
8.055419921875000000e-01
9.318847656250000000e-01
8.359680175781250000e-01
9.622039794921875000e-01
7.716674804687500000e-01
9.253692626953125000e-01
9.916076660156250000e-01
8.329467773437500000e-01
9.975891113281250000e-01
9.981994628906250000e-01
9.947509765625000000e-01
9.859771728515625000e-01
9.910278320312500000e-01
9.982147216796875000e-01
9.861145019531250000e-01
9.882354736328125000e-01
8.185272216796875000e-01
9.673309326171875000e-01
9.976348876953125000e-01
2.845611572265625000e-01
8.752441406250000000e-01
9.638061523437500000e-01
9.916992187500000000e-01
9.626922607421875000e-01
9.796600341796875000e-01
9.844055175781250000e-01
9.032897949218750000e-01
7.759704589843750000e-01
9.067535400390625000e-01
9.814758300781250000e-01
9.735870361328125000e-01
9.375305175781250000e-01
9.906463623046875000e-01
9.844970703125000000e-01
8.241119384765625000e-01
6.533508300781250000e-01
9.868774414062500000e-01
9.972229003906250000e-01
8.313446044921875000e-01
9.971923828125000000e-01
7.603149414062500000e-01
8.547058105468750000e-01
9.857635498046875000e-01
9.092864990234375000e-01
9.171905517578125000e-01
9.955596923828125000e-01
9.886169433593750000e-01
9.963531494140625000e-01
9.459533691406250000e-01
9.878692626953125000e-01
9.581146240234375000e-01
9.925842285156250000e-01
9.530639648437500000e-01
7.686767578125000000e-01
9.836120605468750000e-01
9.864196777343750000e-01
4.671783447265625000e-01
9.854583740234375000e-01
9.125976562500000000e-01
9.631500244140625000e-01
9.803466796875000000e-01
6.843414306640625000e-01
9.974975585937500000e-01
9.930114746093750000e-01
9.574432373046875000e-01
9.471893310546875000e-01
9.334259033203125000e-01
9.927062988281250000e-01
9.919281005859375000e-01
6.721801757812500000e-01
9.282379150390625000e-01
9.967498779296875000e-01
9.964599609375000000e-01
8.240661621093750000e-01
9.685058593750000000e-01
9.150238037109375000e-01
8.833923339843750000e-01
9.726715087890625000e-01
9.720916748046875000e-01
9.541778564453125000e-01
9.302978515625000000e-01
9.744720458984375000e-01
9.974822998046875000e-01
9.911651611328125000e-01
6.409759521484375000e-01
9.949188232421875000e-01
9.974060058593750000e-01
9.805908203125000000e-01
9.221954345703125000e-01
9.940185546875000000e-01
9.037628173828125000e-01
9.963684082031250000e-01
8.239440917968750000e-01
8.797302246093750000e-01
8.269042968750000000e-01
8.174591064453125000e-01
9.962615966796875000e-01
6.952972412109375000e-01
9.934692382812500000e-01
9.921112060546875000e-01
9.247741699218750000e-01
9.949951171875000000e-01
9.940643310546875000e-01
4.905395507812500000e-01
9.083557128906250000e-01
9.243164062500000000e-01
6.572570800781250000e-01
9.832305908203125000e-01
9.520568847656250000e-01
8.253936767578125000e-01
9.555358886718750000e-01
5.909423828125000000e-01
9.030456542968750000e-01
9.976348876953125000e-01
8.069915771484375000e-01
9.927215576171875000e-01
8.556976318359375000e-01
9.881286621093750000e-01
9.934234619140625000e-01
8.808898925781250000e-01
8.073425292968750000e-01
9.858703613281250000e-01
9.864807128906250000e-01
9.000854492187500000e-01
9.534606933593750000e-01
8.614959716796875000e-01
9.168548583984375000e-01
8.015289306640625000e-01
9.773406982421875000e-01
8.698730468750000000e-01
9.836883544921875000e-01
9.979553222656250000e-01
9.860229492187500000e-01
9.173431396484375000e-01
9.880981445312500000e-01
9.039306640625000000e-01
9.566040039062500000e-01
9.421997070312500000e-01
9.333648681640625000e-01
9.604644775390625000e-01
9.965972900390625000e-01
7.762451171875000000e-01
8.991088867187500000e-01
9.800720214843750000e-01
6.839447021484375000e-01
5.168914794921875000e-01
9.946746826171875000e-01
9.794616699218750000e-01
9.947052001953125000e-01
4.672698974609375000e-01
9.408264160156250000e-01
9.619293212890625000e-01
8.830261230468750000e-01
9.618835449218750000e-01
9.414672851562500000e-01
8.931884765625000000e-01
8.965911865234375000e-01
8.774566650390625000e-01
8.685302734375000000e-01
9.897155761718750000e-01
9.923553466796875000e-01
9.899291992187500000e-01
9.746246337890625000e-01
9.861907958984375000e-01
9.916076660156250000e-01
9.943237304687500000e-01
9.953460693359375000e-01
9.769287109375000000e-01
8.449554443359375000e-01
9.797973632812500000e-01
9.793701171875000000e-01
9.928283691406250000e-01
9.488220214843750000e-01
9.703979492187500000e-01
9.903717041015625000e-01
8.306427001953125000e-01
9.841461181640625000e-01
9.767761230468750000e-01
9.909515380859375000e-01
9.761810302734375000e-01
9.591369628906250000e-01
9.149780273437500000e-01
8.197937011718750000e-01
9.897155761718750000e-01
8.275756835937500000e-01
9.607391357421875000e-01
9.440612792968750000e-01
9.777832031250000000e-01
9.006195068359375000e-01
9.889526367187500000e-01
3.523406982421875000e-01
8.254852294921875000e-01
9.758605957031250000e-01
6.597900390625000000e-01
9.373474121093750000e-01
8.336944580078125000e-01
9.700164794921875000e-01
9.105682373046875000e-01
9.765319824218750000e-01
9.860839843750000000e-01
9.658660888671875000e-01
9.904937744140625000e-01
9.068908691406250000e-01
7.373352050781250000e-01
9.685211181640625000e-01
8.790588378906250000e-01
9.750061035156250000e-01
9.818572998046875000e-01
7.668304443359375000e-01
6.692047119140625000e-01
8.624267578125000000e-01
1.807098388671875000e-01
9.954528808593750000e-01
9.830322265625000000e-01
9.390716552734375000e-01
9.865112304687500000e-01
9.624938964843750000e-01
9.821624755859375000e-01
9.580535888671875000e-01
9.951782226562500000e-01
8.256988525390625000e-01
9.454498291015625000e-01
6.665649414062500000e-01
9.142608642578125000e-01
9.714813232421875000e-01
9.964599609375000000e-01
9.334564208984375000e-01
8.980560302734375000e-01
9.420776367187500000e-01
9.778289794921875000e-01
9.500274658203125000e-01
5.081329345703125000e-01
8.802795410156250000e-01
9.912567138671875000e-01
9.662170410156250000e-01
9.859161376953125000e-01
9.581756591796875000e-01
9.600830078125000000e-01
8.642883300781250000e-01
9.838867187500000000e-01
9.234924316406250000e-01
9.906158447265625000e-01
6.864166259765625000e-01
9.444732666015625000e-01
9.464111328125000000e-01
9.820251464843750000e-01
9.651947021484375000e-01
9.674377441406250000e-01
9.862976074218750000e-01
9.898834228515625000e-01
9.916687011718750000e-01
8.741607666015625000e-01
9.374084472656250000e-01
9.031982421875000000e-01
9.826354980468750000e-01
9.308776855468750000e-01
9.669036865234375000e-01
8.778381347656250000e-01
9.843292236328125000e-01
9.478454589843750000e-01
8.488464355468750000e-01
8.678894042968750000e-01
9.747467041015625000e-01
9.270629882812500000e-01
9.654693603515625000e-01
9.080963134765625000e-01
9.516601562500000000e-01
9.924011230468750000e-01
9.935302734375000000e-01
8.816833496093750000e-01
9.852447509765625000e-01
9.894409179687500000e-01
8.636627197265625000e-01
9.214477539062500000e-01
8.481597900390625000e-01
8.141021728515625000e-01
9.691314697265625000e-01
9.130706787109375000e-01
9.703826904296875000e-01
8.380889892578125000e-01
6.033172607421875000e-01
6.921539306640625000e-01
9.721221923828125000e-01
9.521179199218750000e-01
9.227142333984375000e-01
6.944732666015625000e-01
9.801025390625000000e-01
9.437713623046875000e-01
9.769134521484375000e-01
9.556732177734375000e-01
9.757843017578125000e-01
9.932250976562500000e-01
9.909362792968750000e-01
9.728393554687500000e-01
9.534759521484375000e-01
9.873962402343750000e-01
9.465789794921875000e-01
8.923339843750000000e-01
9.484558105468750000e-01
9.336242675781250000e-01
8.999633789062500000e-01
8.786621093750000000e-01
9.463348388671875000e-01
9.534454345703125000e-01
9.220886230468750000e-01
9.481048583984375000e-01
9.574279785156250000e-01
7.884368896484375000e-01
9.488220214843750000e-01
8.972320556640625000e-01
9.879302978515625000e-01
9.622650146484375000e-01
9.932556152343750000e-01
9.597015380859375000e-01
8.410339355468750000e-01
9.522705078125000000e-01
9.859008789062500000e-01
9.951477050781250000e-01
9.022674560546875000e-01
9.076232910156250000e-01
9.904022216796875000e-01
9.481811523437500000e-01
9.180145263671875000e-01
8.484191894531250000e-01
9.847259521484375000e-01
9.062957763671875000e-01
7.959899902343750000e-01
9.766235351562500000e-01
9.789886474609375000e-01
9.125671386718750000e-01
8.975067138671875000e-01
9.339294433593750000e-01
9.632415771484375000e-01
9.691314697265625000e-01
9.847869873046875000e-01
9.083099365234375000e-01
9.633483886718750000e-01
9.739379882812500000e-01
9.863891601562500000e-01
7.846832275390625000e-01
9.836578369140625000e-01
9.858856201171875000e-01
9.670562744140625000e-01
8.985900878906250000e-01
9.763336181640625000e-01
8.843231201171875000e-01
9.779205322265625000e-01
9.816436767578125000e-01
9.452667236328125000e-01
8.686981201171875000e-01
9.594268798828125000e-01
9.383392333984375000e-01
9.915466308593750000e-01
6.536712646484375000e-01
9.923400878906250000e-01
7.468261718750000000e-01
7.651214599609375000e-01
7.623138427734375000e-01
9.908599853515625000e-01
9.697570800781250000e-01
7.872924804687500000e-01
9.878387451171875000e-01
8.106689453125000000e-01
9.187927246093750000e-01
9.741821289062500000e-01
9.467773437500000000e-01
9.911193847656250000e-01
9.396972656250000000e-01
9.939575195312500000e-01
8.301696777343750000e-01
9.899902343750000000e-01
9.370880126953125000e-01
9.458160400390625000e-01
9.413909912109375000e-01
9.632263183593750000e-01
9.732360839843750000e-01
9.922332763671875000e-01
9.535675048828125000e-01
9.262084960937500000e-01
9.848937988281250000e-01
9.525451660156250000e-01
8.282928466796875000e-01
9.887084960937500000e-01
4.331359863281250000e-01
9.898223876953125000e-01
9.482116699218750000e-01
9.239807128906250000e-01
7.673492431640625000e-01
9.566650390625000000e-01
9.654846191406250000e-01
9.623565673828125000e-01
9.614562988281250000e-01
9.556274414062500000e-01
4.263000488281250000e-01
9.833068847656250000e-01
9.263763427734375000e-01
8.150329589843750000e-01
9.780426025390625000e-01
9.039916992187500000e-01
9.125061035156250000e-01
8.968048095703125000e-01
8.978118896484375000e-01
5.869293212890625000e-01
8.998565673828125000e-01
9.608306884765625000e-01
6.407318115234375000e-01
8.633728027343750000e-01
9.093627929687500000e-01
9.424591064453125000e-01
9.748229980468750000e-01
9.724884033203125000e-01
9.726715087890625000e-01
9.664306640625000000e-01
9.721069335937500000e-01
9.800262451171875000e-01
9.830780029296875000e-01
7.515411376953125000e-01
7.827301025390625000e-01
9.315795898437500000e-01
9.881744384765625000e-01
9.300842285156250000e-01
9.599304199218750000e-01
9.873046875000000000e-01
9.425201416015625000e-01
9.764404296875000000e-01
4.380187988281250000e-01
6.787414550781250000e-01
9.261474609375000000e-01
9.873657226562500000e-01
9.825286865234375000e-01
6.840667724609375000e-01
9.717559814453125000e-01
9.911193847656250000e-01
9.760742187500000000e-01
9.882507324218750000e-01
9.983825683593750000e-01
9.777679443359375000e-01
9.922332763671875000e-01
9.901428222656250000e-01
9.979248046875000000e-01
9.955596923828125000e-01
9.923858642578125000e-01
9.886474609375000000e-01
9.950866699218750000e-01
9.947509765625000000e-01
9.326477050781250000e-01
9.710388183593750000e-01
9.976654052734375000e-01
9.963684082031250000e-01
9.969787597656250000e-01
9.951324462890625000e-01
9.622497558593750000e-01
9.917449951171875000e-01
9.420471191406250000e-01
9.664306640625000000e-01
9.901885986328125000e-01
9.781036376953125000e-01
9.905548095703125000e-01
9.819183349609375000e-01
9.963226318359375000e-01
9.960174560546875000e-01
9.923248291015625000e-01
9.893798828125000000e-01
9.927825927734375000e-01
9.393463134765625000e-01
9.505462646484375000e-01
9.679718017578125000e-01
9.218292236328125000e-01
9.961395263671875000e-01
9.954833984375000000e-01
9.840850830078125000e-01
9.663848876953125000e-01
9.868469238281250000e-01
9.889984130859375000e-01
9.878234863281250000e-01
9.894104003906250000e-01
9.937286376953125000e-01
9.962310791015625000e-01
9.893646240234375000e-01
8.971862792968750000e-01
8.974151611328125000e-01
9.978790283203125000e-01
9.819946289062500000e-01
9.946441650390625000e-01
9.761505126953125000e-01
9.902496337890625000e-01
9.922332763671875000e-01
9.887542724609375000e-01
9.936981201171875000e-01
9.962005615234375000e-01
9.957427978515625000e-01
9.718322753906250000e-01
9.938659667968750000e-01
9.971160888671875000e-01
9.913330078125000000e-01
9.953460693359375000e-01
9.931030273437500000e-01
9.464874267578125000e-01
9.980316162109375000e-01
9.897766113281250000e-01
9.855194091796875000e-01
9.541931152343750000e-01
9.856414794921875000e-01
9.903259277343750000e-01
8.854522705078125000e-01
9.883728027343750000e-01
9.934387207031250000e-01
9.964141845703125000e-01
9.897460937500000000e-01
9.956512451171875000e-01
9.806365966796875000e-01
9.606170654296875000e-01
9.948730468750000000e-01
9.961547851562500000e-01
9.751129150390625000e-01
9.956512451171875000e-01
9.861450195312500000e-01
9.425964355468750000e-01
9.278564453125000000e-01
9.969635009765625000e-01
9.940795898437500000e-01
9.961700439453125000e-01
8.381958007812500000e-01
9.683685302734375000e-01
9.539642333984375000e-01
9.889221191406250000e-01
8.154602050781250000e-01
7.747955322265625000e-01
7.113342285156250000e-01
9.889373779296875000e-01
9.953918457031250000e-01
9.914855957031250000e-01
9.943542480468750000e-01
9.935455322265625000e-01
9.878387451171875000e-01
9.799041748046875000e-01
9.945220947265625000e-01
9.909057617187500000e-01
9.979248046875000000e-01
9.938812255859375000e-01
9.944915771484375000e-01
9.956512451171875000e-01
9.684295654296875000e-01
9.955749511718750000e-01
9.852294921875000000e-01
9.765777587890625000e-01
9.978179931640625000e-01
9.958190917968750000e-01
9.463500976562500000e-01
9.957885742187500000e-01
9.744873046875000000e-01
9.934234619140625000e-01
9.831695556640625000e-01
9.968719482421875000e-01
9.933013916015625000e-01
9.959564208984375000e-01
9.617462158203125000e-01
9.318542480468750000e-01
9.957885742187500000e-01
9.846343994140625000e-01
9.919281005859375000e-01
9.637145996093750000e-01
