7.819733139693201274e-01
8.228702772590145154e-01
7.413905133203378961e-01
6.757028493379367839e-01
5.525254155236404285e-01
2.080179422483879881e-01
2.685376661742983617e-01
8.280519480519480391e-01
5.772324190554753987e-01
8.294828317083510205e-01
6.086000955566173154e-01
1.683397683397683531e-01
8.182236842105262697e-01
5.281194378768960807e-01
4.431615652847733511e-01
5.348344297943791181e-01
1.968388371436635698e-01
7.208548378081273134e-01
6.757994890318033132e-01
9.442770228009325084e-01
3.274297188755019850e-01
4.024131014041495980e-01
5.717870423557154247e-01
7.579881656804733359e-01
5.994107405919378850e-01
8.866799204771371734e-01
7.937273823884197776e-01
2.766520437295452717e-01
5.766437308868501699e-01
7.760037567504108891e-01
5.289507630150656059e-01
7.743256476453307391e-01
4.057480015226493930e-01
9.316541672562614895e-01
2.956989247311828106e-01
9.180187873612297711e-01
6.177428805812726909e-01
7.480878361707377078e-01
2.628462533179065086e-01
1.700984780662488927e-01
3.945074989866234061e-01
5.642375737152485193e-01
7.186621743775166715e-01
4.265200517464424190e-01
8.072033898305084332e-01
6.071900796912410581e-01
9.315765141007859018e-01
8.673602080624187582e-01
9.610298007406101739e-01
4.637053087757312952e-01
8.722776769509982264e-01
8.533604887983706755e-01
9.117022605220431730e-01
8.493845039826213306e-01
4.397494059192050275e-01
5.200617283950617065e-01
8.839645447219983687e-01
1.666737351032698475e-02
6.184266679311489767e-01
6.753121998078770449e-01
8.562231759656652175e-01
7.075958329119045320e-01
4.528412419449326376e-01
6.516227734673806227e-01
7.745041678643288519e-01
4.033616737844297195e-01
6.496737357259380063e-01
5.802207130730050455e-01
8.431438502074223296e-01
1.570384343315255893e-01
8.647786198643797606e-01
7.731881336838152263e-01
3.372261890354592562e-01
3.741045983208811654e-01
8.649764717180447038e-01
8.860103626943005573e-01
3.658755748189650436e-01
8.782489740082078944e-01
6.296872755136248001e-01
6.797025122767063054e-01
7.855485581703679498e-01
2.977912174599000594e-01
7.037058583978125226e-01
9.353751914241960064e-01
6.871202916160389362e-01
9.382071366405569934e-01
5.307414104882459682e-01
7.389380530973451711e-01
6.792763157894736725e-01
8.561788274989455827e-01
8.424799447484460080e-01
3.824397015443345427e-01
7.476002258610954243e-01
8.541377716134997966e-01
1.517798333285603866e-02
6.760736196319018232e-01
8.424420520707459614e-01
8.740898219505713884e-01
7.106537530266343605e-01
1.290755574799740124e-01
8.796902918403811666e-01
6.562860438292964504e-01
8.337465827452475997e-01
8.454680534918276313e-01
7.017740131053220587e-01
8.586135895676046959e-01
9.034801522566612286e-01
6.107677592613030004e-01
9.621289662231320011e-03
8.760330578512396382e-01
9.553030303030303205e-01
1.141068506793768284e-01
7.008663930688554533e-01
4.706225227325717131e-01
1.375299760191846521e-01
4.085077650236326741e-01
7.833146696528555664e-01
8.564990269384410437e-01
8.011424825584118059e-01
6.453731343283581889e-01
9.148706896551723755e-01
7.547864506627393055e-01
5.335156511303047466e-01
9.096573208722741333e-01
8.947368421052631637e-01
8.041304347826087051e-01
6.648847793108429993e-01
9.124442642886096966e-01
7.776940183181938471e-01
9.368914532996754918e-01
3.576431808817470137e-01
7.772900447242007127e-01
7.338142511476447583e-01
7.798213169850196635e-01
9.488597097442985628e-01
3.103639182106739391e-01
6.703146374829000997e-01
8.701616854483096297e-01
5.029465338047787171e-01
8.694593278129566505e-01
9.287984742530197568e-01
1.550973654066437613e-01
6.511539677521340774e-01
5.885191020086648628e-01
7.005905671062211126e-02
6.836182644449253498e-01
6.181155507559394913e-01
5.664891403844553031e-01
3.708320349018385809e-01
1.579543615471759310e-01
3.267566632052613107e-01
9.448459490300494812e-01
4.580312691064721831e-01
6.114911080711353808e-01
4.115939872004762412e-01
9.361455108359133526e-01
8.940896469654898704e-01
6.682242990654205794e-01
4.760832864378165552e-01
8.453529710512950324e-01
8.248730964467004823e-01
7.900265011957856576e-01
6.949951773657699894e-01
5.428957780337556605e-01
7.152256154394429633e-01
2.575314605313334115e-01
7.442372881355932002e-01
5.801222428913100915e-01
7.201583046087067785e-01
8.932838895756077813e-01
6.645085344320188492e-01
6.005917159763313196e-01
5.071170596983216594e-01
7.207880434782608647e-01
7.110429447852760765e-01
7.367876413629980137e-01
7.807122631235025034e-01
8.544443085951828332e-01
9.204871060171919694e-01
2.903599878995664074e-01
1.127864005912786460e-01
7.573696145124716450e-01
3.047895500725689155e-01
7.716117621047977049e-02
8.808118952088741516e-01
8.935844727029352841e-01
8.227035699959888149e-01
8.598708983324368504e-02
8.056783031374281645e-01
7.425088877602844528e-01
7.660894835623902610e-01
5.920711974110032250e-01
7.568110631759352724e-01
6.390893653152196485e-01
8.194574125946675336e-01
3.889829824985885920e-01
6.064445056458276362e-01
9.260542168674699148e-01
8.889376646180859876e-01
8.956294846705805668e-01
8.902578603649093925e-01
7.631944444444443976e-01
8.791593695271453512e-01
8.441064638783269958e-01
8.812366085093358281e-01
7.872265966754156130e-01
7.141562655286310957e-01
8.584279604778056738e-01
8.673170731707317005e-01
8.217468805704100099e-01
8.310552214324767872e-01
8.132295719844357951e-01
8.994226678821026777e-01
5.488378282469836833e-01
7.762237762237762517e-01
8.967063183692988160e-01
9.475400924164174565e-01
9.533617734041718306e-01
9.146561802529492580e-01
8.455665799330912558e-01
6.562081063350352350e-01
9.077724584624049520e-01
1.544356711565257889e-01
8.943357886715773697e-01
9.107530858490130443e-01
9.007263922518159438e-01
4.650405072208524393e-01
8.864541832669322607e-01
1.667489874543119643e-01
6.557978838263873733e-01
9.253595833134228288e-01
2.202879862454330540e-01
8.957515484602635025e-01
7.391194203779702931e-01
9.530934632255980699e-01
7.903261593077435254e-01
9.596719604269721149e-01
9.616425992779783494e-01
9.391151361329026503e-01
9.672421678481591956e-01
7.139281636954422083e-01
4.915254237288135819e-01
7.566761731915997435e-01
7.520043967412388675e-01
8.868023736197701012e-01
9.274064820598236780e-01
6.528052198685843077e-01
4.089362290773274067e-01
7.792553853816460707e-01
1.058793280767912209e-01
8.745198463508322417e-01
8.904636343660733422e-01
8.274334197501768129e-01
9.525898972602739878e-01
9.485515313736172516e-01
8.884021693783896723e-01
8.214336108367433775e-01
9.363548698167791784e-01
4.929018689355193494e-01
8.857124440003867338e-01
6.233401875021782335e-01
8.091925465838509801e-01
8.129161118508655415e-01
9.490716180371352451e-01
8.825067549899764385e-01
7.555214494272666226e-01
6.940095302927161702e-01
8.591027874564459710e-01
9.001257786296118502e-01
3.007557121645280662e-01
7.206786693339261030e-01
8.349033217649974858e-01
9.054037394698992713e-01
9.283365200764818193e-01
7.382974316487158628e-01
9.242502664028010573e-01
6.905358764759309542e-01
9.391037676805608081e-01
8.875929767747811061e-01
9.163838321505708429e-01
4.584443399676121911e-01
7.795683453237409744e-01
7.371193038699336286e-01
9.355878596192446217e-01
8.906893586203774582e-01
7.173374613003096201e-01
9.234071616743096955e-01
9.328193832599118718e-01
9.636421521808341550e-01
8.185880250223414034e-01
8.343861458467620729e-01
7.344440970205923236e-01
8.772346543317914858e-01
8.041196189131969430e-01
9.066955579631635898e-01
6.629208645483509743e-01
9.180749448934606427e-01
9.130149102855699139e-01
6.807666026746493904e-01
8.764243007977902122e-01
9.442164517886326713e-01
8.071437481807975933e-01
9.227676682183665324e-01
7.093593618391715871e-01
9.201390446288405522e-01
9.610427650849443504e-01
9.539021998038391681e-01
6.798206995917713824e-01
9.542347538182206490e-01
8.947076239822353561e-01
6.988197833385249025e-01
8.717596660808435427e-01
6.581872435658336906e-01
6.756356089244681673e-01
8.769724525274137372e-01
8.834896654768822355e-01
9.602308083950896744e-01
7.520863920871648789e-01
3.948564223348321467e-01
3.484651404786680562e-01
9.522080018448056959e-01
7.365471849150582173e-01
8.633334255136749791e-01
5.565319538256489063e-01
9.008836221659017873e-01
7.358968626574260430e-01
7.565184049079755058e-01
7.897893280024603779e-01
9.386306653809064482e-01
9.624413145539906234e-01
8.101968702675416134e-01
9.563054969663827842e-01
4.370793391800938399e-01
9.200503924798915101e-01
8.496684178795969045e-01
8.796351168303420121e-01
7.963372276602462829e-01
8.888625530009743869e-01
7.156635275920112393e-01
6.295310458307119550e-01
9.126929058499820835e-01
8.223428601841502594e-01
8.554667280151837527e-01
9.069122704129235490e-01
9.508009920235940271e-01
4.863687996970844640e-01
9.162384378211716474e-01
8.477661795407097634e-01
9.344358261378603592e-01
8.572762355284451186e-01
9.581395348837209447e-01
8.804252657911194602e-01
6.741718586145210024e-01
8.349942726231386336e-01
9.513493762071305593e-01
9.474637681159420177e-01
8.942397509081473350e-01
8.220688020385789052e-01
9.660645867542418941e-01
8.779161080252825267e-01
7.726710351464051163e-01
5.178871304259324848e-01
9.434867503486750184e-01
7.453589247988492428e-01
4.349057479803138393e-01
9.342724894344938136e-01
9.501475761128855835e-01
7.529929040964694620e-01
8.336560218339592598e-01
8.950338791166083663e-01
9.090257339068749110e-01
8.484123072590298298e-01
9.259288917360666282e-01
8.375265392781315876e-01
8.657234726688103343e-01
8.756835329134076140e-01
9.306037473976405128e-01
5.885678203085065174e-01
9.601209119382329016e-01
9.397707180744880873e-01
8.063427109974424800e-01
8.632952430506913855e-01
8.881100948799042216e-01
6.308062334018138539e-01
9.424041741922536408e-01
7.897601290062487012e-01
7.264167094675568759e-01
8.336290883785664185e-01
5.708558480041833194e-01
7.949090517705306169e-01
8.976421636615811162e-01
5.803856136447904657e-01
8.292448292448292291e-01
7.240287263479471269e-01
3.858983409812919430e-01
5.237992344733918282e-01
9.433507044972012645e-01
9.218485974991551535e-01
5.478158205430933014e-01
9.432113242315102175e-01
0.000000000000000000e+00
7.204073893493688763e-01
9.718607042802935858e-01
9.147828611721763314e-01
8.945958016971862214e-01
7.465721356431007649e-01
9.089968976215098140e-01
7.776651166043145880e-01
8.339256865912763050e-01
6.946327023447845805e-01
8.762668173311204400e-01
7.092878292036777221e-01
7.131125827814569496e-01
8.052959501557632738e-01
9.545643584944895066e-01
8.918277256371257566e-01
8.537884214132228644e-01
9.588484194806272676e-01
7.215404434198928740e-01
3.798610332847697224e-01
9.282592474149877759e-01
1.194005114120655353e-01
8.862032727818646149e-01
4.687714481811942613e-01
7.774725274725274859e-01
6.293205317577548197e-01
8.997541271513874728e-01
9.456785237223569451e-01
6.522556390977443108e-01
7.996294580824455656e-01
8.837491202002033530e-01
2.749018797769056111e-01
9.407647365072019374e-01
6.306486443253619401e-01
7.553461479045748828e-01
8.172617374191734063e-01
7.576786088413995923e-01
8.390754706744072422e-01
5.936148562706690113e-01
6.429494745124487709e-01
3.901067140951534062e-01
7.103087486571068032e-01
5.839504046840020557e-01
5.942141222227959041e-01
6.005219582433405368e-01
8.072878777858607524e-01
8.903477474906046352e-01
7.692914939806592134e-01
8.832868483158120565e-01
7.683566433566433318e-01
9.109415830734215458e-01
9.582342056568861066e-01
8.287309048178613802e-01
8.819778974213657863e-01
4.913679037237729252e-01
4.378947368421052394e-02
7.548073585560569621e-01
8.307957483481758221e-01
8.016194331983805821e-01
7.420510523958799842e-01
9.214369846878680548e-01
8.218146913206022530e-01
7.036467486818980266e-01
1.206433017656889511e-01
2.182458742814759878e-01
8.924861663916124899e-01
9.708989735684475653e-01
9.298809906722418361e-01
5.139035056947075519e-01
8.868314173607765305e-01
9.715211854595970919e-01
8.549661936958384834e-01
8.417676407697790575e-01
8.576000000000000290e-01
4.248429192846785996e-01
8.414147176269253237e-01
5.393474088291746460e-01
9.624379872430900429e-01
7.957446808510638681e-01
6.120576671035387051e-01
8.262931034482758896e-01
9.023611997447351651e-01
8.981058131939908540e-01
1.254005554368724518e-01
6.374889478337754101e-01
9.366197183098591283e-01
8.978855079938112826e-01
7.535545023696682554e-01
8.359310910582444798e-01
6.084848484848485173e-01
8.894952251023192646e-01
8.045406793509980448e-01
7.513732670677478742e-01
9.400966183574879231e-01
6.804997768853190410e-01
9.491825011047282379e-01
7.845601436265708939e-01
9.567836563645888415e-01
9.051663128096248956e-01
8.760144274120829078e-01
7.221341785525621226e-01
8.506304558680892747e-01
3.191039729501267685e-01
7.946305009687240073e-01
6.475265017667845013e-01
3.997350167562933598e-01
8.908296943231440723e-01
9.243140964995270048e-01
9.346943648519580039e-01
8.346659618053261509e-01
7.558254020347883184e-01
7.471365638766519490e-01
7.268754552075746833e-01
8.817114093959731447e-01
9.097695553391755841e-01
9.549262066214598832e-01
9.156043956043955490e-01
6.902814758463293732e-01
1.651048639000446058e-02
9.292389853137517086e-01
7.840214067278287180e-01
8.174532502226179442e-01
5.835703001579778393e-01
7.535991140642303021e-01
9.233655935216275035e-01
7.619047619047618625e-01
8.769462581617277763e-01
9.348258706467661439e-01
8.524426719840478839e-01
7.026977427050834502e-01
8.341875188423274468e-01
9.549027720314439138e-01
7.578253706754530805e-01
8.139999999999999458e-01
8.959613696224758561e-01
7.655784582390087190e-01
9.412355600200904560e-01
8.141204627044276165e-01
8.185550082101806790e-01
6.030746705710102740e-01
7.511423550087873435e-01
8.457479826194910233e-01
4.027643533732843673e-01
8.349673202614379397e-01
8.164354322305229505e-01
7.999096657633243401e-01
8.512736236647493460e-01
9.490920881971465217e-01
7.598777559484828359e-01
7.790060295998538775e-01
8.615170494084899433e-01
9.077172153264975174e-01
5.618752154429507151e-01
8.773354995938261736e-01
7.141466580142764586e-01
4.344872209640893157e-01
6.962119672020058436e-01
8.528827037773359931e-01
7.553956834532373765e-01
9.026676279740446507e-01
3.726286538769839063e-01
7.319127849355797633e-01
6.605236824549699515e-01
8.651224160680252018e-01
4.261178346256975363e-02
5.937869655832817006e-01
0.000000000000000000e+00
9.052885141793496349e-01
8.519163763066202044e-01
8.172861621137482713e-01
8.721893491124260711e-01
8.421965317919075655e-01
7.735576923076923350e-01
7.149668874172185884e-01
8.405139833711262609e-01
8.521468144044321846e-01
9.057017543859648967e-01
9.257012888551933161e-01
8.253521126760563487e-01
9.131367292225200938e-01
8.087916847119965835e-01
8.615664845173042208e-01
8.771903771903771796e-01
9.203780928551570373e-01
8.684807256235828055e-01
9.380349195480999214e-01
2.095751426759670244e-01
8.845829823083403154e-01
2.246779859484777653e-01
7.120098039215686514e-01
7.064846416382252192e-01
8.926380368098159046e-01
7.813834329632792786e-01
8.264462809917355601e-01
6.527894825551997515e-01
5.400119260584377301e-01
8.909465020576131655e-01
5.163883735312306822e-01
8.255131964809384604e-01
7.192387134848037267e-01
