9.380594859948021558e-01
9.998293078433045933e-01
9.999199526119462167e-01
9.985981308411214785e-01
6.065425677525321246e-01
8.662990931782994508e-01
1.000000000000000000e+00
9.993357849887407607e-01
9.978296256104177697e-01
9.721692718261533139e-01
9.616701009324905014e-01
9.979582366589326847e-01
9.689876219993455164e-01
1.000000000000000000e+00
1.000000000000000000e+00
7.111863251193143443e-01
7.706973520927009602e-01
9.654975994792091010e-01
9.717190918546680933e-01
9.868892273494421774e-01
3.961831868878873952e-01
7.211948471654922033e-01
9.828317083509962027e-01
9.985797331219448125e-01
8.397653504853790363e-01
9.953773010676625344e-01
9.805959123368628294e-01
9.664048041696566838e-01
9.737605205460074798e-01
9.847491402307717578e-01
9.972264143247542290e-01
9.553995566346458190e-01
1.000000000000000000e+00
9.922950291057821559e-01
1.000000000000000000e+00
9.988981314792972910e-01
9.164162359257923551e-01
9.862165807512517368e-01
9.161396111501522999e-01
9.136281756630846296e-01
7.930735930735930417e-01
1.000000000000000000e+00
9.772916666666666696e-01
1.000000000000000000e+00
9.967341400691036579e-01
7.801599667601537558e-01
9.988336721988431144e-01
9.969312251733001284e-01
9.996326414747774836e-01
9.999380967856755786e-01
9.975033044499926893e-01
9.978976657906940551e-01
9.983340563991323080e-01
1.000000000000000000e+00
8.276582451481900859e-01
9.999839478626578737e-01
9.979821497865735136e-01
1.000000000000000000e+00
9.990110359398529649e-01
9.985516033414174597e-01
9.999683584356410249e-01
9.508911026434051506e-01
9.560696934690066096e-01
9.521115820401546692e-01
9.150123768383244816e-01
7.243351858221248607e-01
9.937625872553428330e-01
1.000000000000000000e+00
9.992939972112889757e-01
1.000000000000000000e+00
9.984001267226357834e-01
9.999681908548707643e-01
1.000000000000000000e+00
9.066016504126030995e-01
9.751450608547975740e-01
9.985065571475241208e-01
7.953219367386631378e-01
9.993985565356856560e-01
9.978593913955928763e-01
1.000000000000000000e+00
9.999200307082080075e-01
1.000000000000000000e+00
9.977505365692587169e-01
9.983966907697487958e-01
1.000000000000000000e+00
9.995416251758421078e-01
1.000000000000000000e+00
9.999215477068394975e-01
1.000000000000000000e+00
9.999525075987841793e-01
9.991017003529034657e-01
1.000000000000000000e+00
1.000000000000000000e+00
9.999836630670957405e-01
1.000000000000000000e+00
1.000000000000000000e+00
9.997253878896059653e-01
9.900404738191603826e-01
1.000000000000000000e+00
1.000000000000000000e+00
9.969400340343153033e-01
1.000000000000000000e+00
1.000000000000000000e+00
1.000000000000000000e+00
1.000000000000000000e+00
9.984263010283577211e-01
9.986922617413906966e-01
9.373164387010153309e-01
9.970082027846728367e-01
9.982773872154196981e-01
9.996185632549269284e-01
8.052149158480885749e-01
9.654890888371064905e-01
9.989301811676809528e-01
1.000000000000000000e+00
9.739040331579786880e-01
9.995207120849024518e-01
9.999782660668100620e-01
9.998868368640231319e-01
9.999686829619655049e-01
9.965538598357922551e-01
1.000000000000000000e+00
7.290344964314036114e-01
9.983352623150951732e-01
9.999692336092053102e-01
1.000000000000000000e+00
9.999613115388334972e-01
9.998731708863769496e-01
1.000000000000000000e+00
9.983139544131447440e-01
1.000000000000000000e+00
9.909069397965047932e-01
1.000000000000000000e+00
9.653540903540903662e-01
9.984061713047082121e-01
1.000000000000000000e+00
1.000000000000000000e+00
9.994805440120891893e-01
1.000000000000000000e+00
9.979877694109509090e-01
9.995834401435529371e-01
1.000000000000000000e+00
1.000000000000000000e+00
9.996389891696750851e-01
6.396777631496457506e-01
9.814077881067844178e-01
1.000000000000000000e+00
1.000000000000000000e+00
9.952891954904027338e-01
5.711059087312054805e-01
9.997011566993636578e-01
9.980327140613348691e-01
1.000000000000000000e+00
1.000000000000000000e+00
1.000000000000000000e+00
9.956350780996356953e-01
9.994131827697773085e-01
9.971610741378508225e-01
1.000000000000000000e+00
9.976838729531429806e-01
9.934838709677419333e-01
9.765419901199717811e-01
9.917770993982812922e-01
8.528250332191716909e-01
9.991972113657969778e-01
9.613172219434041876e-01
9.878743705274317666e-01
1.000000000000000000e+00
9.706956009756918524e-01
9.964002084089867983e-01
1.000000000000000000e+00
1.000000000000000000e+00
9.654324122716523293e-01
1.000000000000000000e+00
9.992860501157991848e-01
1.000000000000000000e+00
1.000000000000000000e+00
9.994512752769028063e-01
9.974088734163130132e-01
9.934569484598830824e-01
1.000000000000000000e+00
9.950154945973863629e-01
9.656591190232883815e-01
1.000000000000000000e+00
9.920216209218021275e-01
9.980429464528404182e-01
9.948712283802549905e-01
1.000000000000000000e+00
9.998524420835177562e-01
9.986663664547863473e-01
9.967186972921585619e-01
9.889864538380792602e-01
9.842089280291527187e-01
9.854791051076403630e-01
9.845637338977484276e-01
1.000000000000000000e+00
9.678561157445302321e-01
9.991178665942864745e-01
9.997313314895298619e-01
9.996959464865816658e-01
9.950134479847655422e-01
9.962316951012036848e-01
9.996768534761333314e-01
1.000000000000000000e+00
9.949667646682858191e-01
9.928796680497925520e-01
9.988520774210005726e-01
9.995406757170562928e-01
9.974427221961275070e-01
9.985612635858941433e-01
9.929600559697413509e-01
9.721431727794962452e-01
9.982999470738239678e-01
9.983048879600603387e-01
9.969598125217721263e-01
9.680087266957556613e-01
9.986953685583822571e-01
9.927704715541669778e-01
9.945353734605747453e-01
8.520015611061552141e-01
1.000000000000000000e+00
9.927456210393978964e-01
1.000000000000000000e+00
1.000000000000000000e+00
9.817524682651621593e-01
9.806784196442625001e-01
9.966154072548010223e-01
9.952270925741656393e-01
9.969931845516504243e-01
1.000000000000000000e+00
9.790189838691978341e-01
1.000000000000000000e+00
9.026022951199721422e-01
9.268136557610241466e-01
9.618017895878524515e-01
9.997662519803651726e-01
9.856831395348837344e-01
9.837946364548975087e-01
9.552460538532961953e-01
9.971979493140165074e-01
8.929772171988222818e-01
1.000000000000000000e+00
1.000000000000000000e+00
1.000000000000000000e+00
9.989479322085772495e-01
9.972497464305219994e-01
9.622278569554952865e-01
1.000000000000000000e+00
9.838740938868860697e-01
9.842702776637942685e-01
9.944392218097225511e-01
9.999468433828870850e-01
9.855681565488103590e-01
9.834166001931231582e-01
9.461575914955773214e-01
9.981980053167763822e-01
9.999805307322391368e-01
9.999038938988643599e-01
1.000000000000000000e+00
9.992760757514334014e-01
9.044501165242481155e-01
9.996521646064108202e-01
9.999115498239841138e-01
9.954947466418406776e-01
8.852127901684114786e-01
9.970721183480583116e-01
1.000000000000000000e+00
1.000000000000000000e+00
9.931409503800284755e-01
9.994124847001224499e-01
1.000000000000000000e+00
1.000000000000000000e+00
9.500322818668142100e-01
9.853496365582915528e-01
1.000000000000000000e+00
9.945240485534361241e-01
9.627669005344342557e-01
9.966014438836044986e-01
8.642631666389766210e-01
9.948114955695562811e-01
9.967081199707388262e-01
9.907137375287797809e-01
9.867888665148578653e-01
9.981701738334858298e-01
9.484749907211318387e-01
9.999492205352155105e-01
9.992228447496837029e-01
9.986942669614721213e-01
9.902034814402670415e-01
9.703097147950089374e-01
1.000000000000000000e+00
9.999768250289686744e-01
9.987675322871822914e-01
9.987417866629386687e-01
9.938907354524600946e-01
1.000000000000000000e+00
9.997621704688900435e-01
9.209760942044407095e-01
9.997701875843842956e-01
6.071758724289345599e-01
9.776434268073064260e-01
9.994699944590329510e-01
9.947559931506849695e-01
1.000000000000000000e+00
9.843970297960334959e-01
9.982668351688029906e-01
9.981711277475814326e-01
1.000000000000000000e+00
9.986133333333333528e-01
9.999334841027005538e-01
1.000000000000000000e+00
8.623804305979210216e-01
1.000000000000000000e+00
9.259615029371559558e-01
9.998813901079349753e-01
9.377321776048116453e-01
9.385319723806664349e-01
9.710901142293048016e-01
7.492428831011508361e-01
1.000000000000000000e+00
9.655345124432618276e-01
1.000000000000000000e+00
8.568636602298582705e-01
1.000000000000000000e+00
9.729156718556012384e-01
1.000000000000000000e+00
1.000000000000000000e+00
9.999048253545255172e-01
9.790647090810222775e-01
9.993007870627678146e-01
9.999685321837090690e-01
9.753055355859093778e-01
1.000000000000000000e+00
9.913819415767456400e-01
9.259688819835000251e-01
7.811712442868736783e-01
9.896851789163464419e-01
8.774191494779730593e-01
1.000000000000000000e+00
1.000000000000000000e+00
9.603187444381522386e-01
9.844997156877197675e-01
9.647191645498165435e-01
9.938643779259469513e-01
9.060347082933635221e-01
1.000000000000000000e+00
9.936595391140845557e-01
9.816866128583356943e-01
9.870599429115128887e-01
9.929946405989682479e-01
9.908877021324270506e-01
9.357068864567851252e-01
1.000000000000000000e+00
1.000000000000000000e+00
9.876698326163806385e-01
9.942212438084755410e-01
7.752176825184192710e-01
9.975208686374191780e-01
9.983730909238810458e-01
9.826550701522666076e-01
9.999313752401866040e-01
1.000000000000000000e+00
9.818523024891216977e-01
9.001850735095343614e-01
1.000000000000000000e+00
9.697338004337361372e-01
9.954864838489313472e-01
9.992956919826270212e-01
9.728326180257510503e-01
8.197884416924664519e-01
9.970370370370370550e-01
9.734511596154210578e-01
9.943392689784442684e-01
9.986018999820756026e-01
9.972866206456246774e-01
9.766583827184094346e-01
9.989550867458157901e-01
9.735492821812039566e-01
9.766344353535613143e-01
9.796530612244898073e-01
1.000000000000000000e+00
9.162448499117127332e-01
9.923505124235051378e-01
1.000000000000000000e+00
9.841312142649482064e-01
1.000000000000000000e+00
9.999071650049202731e-01
9.812423873325213375e-01
1.000000000000000000e+00
9.999574069341511384e-01
9.996933010492332627e-01
9.938292766540967049e-01
1.000000000000000000e+00
9.529077117572692934e-01
1.000000000000000000e+00
1.000000000000000000e+00
9.937143165895214736e-01
9.693882276663733366e-01
9.986366165831942476e-01
9.995151334315498515e-01
8.073133617178253063e-01
1.000000000000000000e+00
9.636191078772540219e-01
9.677022798390702008e-01
9.987078201416490497e-01
1.000000000000000000e+00
9.999840347404048702e-01
9.631341731191493949e-01
1.000000000000000000e+00
1.000000000000000000e+00
9.216006735507515923e-01
1.000000000000000000e+00
1.000000000000000000e+00
1.000000000000000000e+00
9.987854106383738939e-01
9.960240621692096896e-01
9.466424990795547778e-01
9.907927777113475498e-01
9.251830801180457309e-01
1.000000000000000000e+00
9.956736821574850849e-01
4.046895353886235114e-01
9.887812169356599012e-01
1.000000000000000000e+00
9.115780062583818122e-01
9.031790336027839539e-01
9.797784885411434663e-01
9.864466705951679959e-01
1.000000000000000000e+00
1.000000000000000000e+00
9.313414747832572393e-01
9.980768110029721862e-01
9.968389735961323828e-01
1.000000000000000000e+00
7.284417549167927497e-01
1.000000000000000000e+00
1.000000000000000000e+00
9.900217518903428049e-01
1.000000000000000000e+00
1.000000000000000000e+00
9.932834017878714450e-01
9.997734327208464000e-01
1.000000000000000000e+00
9.725094907710433167e-01
1.000000000000000000e+00
1.000000000000000000e+00
9.945392202514498070e-01
9.993059113219083800e-01
9.983925943140444792e-01
9.997994250183860343e-01
9.816397445529676524e-01
9.555058513400167541e-01
1.000000000000000000e+00
9.997264676718979892e-01
9.972261567516524927e-01
9.997855625085287912e-01
1.000000000000000000e+00
9.978773698683004456e-01
1.000000000000000000e+00
1.000000000000000000e+00
9.989493223128917965e-01
9.983848437227169637e-01
9.999836025252111238e-01
9.992994313030577613e-01
6.466111213558867199e-01
9.488379347995632429e-01
9.916469299921053526e-01
9.919833316797301848e-01
9.956287974821873554e-01
9.912744374052625540e-01
9.889271487408007877e-01
9.941472931230693755e-01
9.999521782793744373e-01
9.958857393154371129e-01
1.000000000000000000e+00
9.999216153508496685e-01
1.000000000000000000e+00
9.998440788960786252e-01
1.000000000000000000e+00
1.000000000000000000e+00
9.979477788652795223e-01
9.996249589798884561e-01
9.995939466820759067e-01
1.000000000000000000e+00
1.000000000000000000e+00
9.997831340231736474e-01
9.981323372465314980e-01
9.998010346199761589e-01
9.988817965801611853e-01
9.991473282953253765e-01
1.000000000000000000e+00
9.996282527881040769e-01
1.000000000000000000e+00
9.995810055865921306e-01
9.995893937240409866e-01
9.950085332060998322e-01
1.000000000000000000e+00
9.984792596906749695e-01
9.996726116238463522e-01
9.997789427145834518e-01
1.000000000000000000e+00
9.999369860424084377e-01
1.000000000000000000e+00
9.999412766457219659e-01
9.947666594673622020e-01
9.478293709311944593e-01
9.999689407233705030e-01
9.938965045116379127e-01
9.825183275598162735e-01
9.527437007353080078e-01
1.000000000000000000e+00
1.000000000000000000e+00
9.900350036265018749e-01
9.987749048939325025e-01
9.999839887280645989e-01
9.994450082455917928e-01
9.992790430935605261e-01
9.007448186528497214e-01
1.000000000000000000e+00
9.987367239039910416e-01
9.996345900258964967e-01
9.949849864012954015e-01
1.000000000000000000e+00
1.000000000000000000e+00
9.999338591530664289e-01
1.000000000000000000e+00
9.999685272318126206e-01
9.996066151594782401e-01
9.999535143175901641e-01
1.000000000000000000e+00
9.918223554166932798e-01
9.991610207053758241e-01
1.000000000000000000e+00
9.999845050126283663e-01
9.976973061636489337e-01
9.760345966724728317e-01
9.987583301898654842e-01
9.999524051275542336e-01
9.983383076550778057e-01
1.000000000000000000e+00
1.000000000000000000e+00
9.999358130877114004e-01
1.000000000000000000e+00
9.999515088819564967e-01
9.997214355355401594e-01
9.932862745098038904e-01
9.994298203934238733e-01
9.997918834547346867e-01
1.000000000000000000e+00
9.902768203751405318e-01
1.000000000000000000e+00
9.989333500650969810e-01
1.000000000000000000e+00
9.973593080438323266e-01
9.935570085429293874e-01
9.998315477393706630e-01
1.000000000000000000e+00
9.973519011791828204e-01
9.999538340796824132e-01
9.987855574758278676e-01
7.997506277008216147e-01
1.000000000000000000e+00
9.296156116531824054e-01
9.850848936312999182e-01
8.111663348019002573e-01
1.000000000000000000e+00
1.000000000000000000e+00
9.906212129195426375e-01
1.000000000000000000e+00
9.993842947807142219e-01
9.941301601010827937e-01
9.987946715088521499e-01
9.998739442833732838e-01
1.000000000000000000e+00
9.999377111979693700e-01
9.999840380532809547e-01
9.989025427003632718e-01
9.951448294084618285e-01
9.999844893907432475e-01
9.999528850080094955e-01
9.641624535940153118e-01
9.999692255612487868e-01
9.989976385042728113e-01
1.000000000000000000e+00
9.984248563839643875e-01
9.992180518319928595e-01
9.223533808826736013e-01
9.996737610688208875e-01
9.172356681926845390e-01
1.000000000000000000e+00
1.000000000000000000e+00
9.994426726940582872e-01
9.999223240640049415e-01
9.999074302641323131e-01
1.000000000000000000e+00
1.000000000000000000e+00
9.999687890137328727e-01
1.000000000000000000e+00
1.000000000000000000e+00
1.000000000000000000e+00
