6.876635840167509839e-01
5.546391752577319867e-01
8.705984388551604169e-01
0.000000000000000000e+00
4.042823828704685263e-01
0.000000000000000000e+00
5.871485943775099914e-01
0.000000000000000000e+00
7.777344258030953750e-01
8.533682716453760975e-01
6.540655715169427786e-01
3.877270645702945995e-02
4.662710805746408393e-01
7.271473872880187539e-01
1.763625229638701719e-01
2.702821869488536421e-01
2.043860691786520967e-01
0.000000000000000000e+00
8.167875401260253909e-01
0.000000000000000000e+00
3.880901166081738851e-01
3.278825412288636776e-01
5.722146601407512856e-01
9.246336357292393726e-02
2.433063641671532329e-01
8.038640676211833425e-01
8.937687687687687621e-01
0.000000000000000000e+00
1.073500479241285416e-01
9.745917659668369426e-01
8.759567168118237435e-01
5.630932439977666126e-01
3.594021550225929840e-01
4.821887309470799798e-01
8.255486208979263552e-01
6.601720503617615199e-01
0.000000000000000000e+00
1.968778222164881964e-01
2.493074792243767449e-02
4.056107539450613531e-01
6.983578219533275178e-01
3.471982586998646481e-01
6.457100877701736630e-02
9.172892908638091702e-01
7.789666768572302002e-01
8.054583624912525774e-01
3.267563527653213895e-01
9.365366736800900815e-01
0.000000000000000000e+00
8.795189246551113893e-01
6.726364828298044829e-01
9.748878217743840446e-01
8.741721854304635997e-01
9.683431952662722164e-01
9.328358208955224162e-01
9.816475783082654338e-01
5.806831566548881218e-01
8.011100832562442209e-01
0.000000000000000000e+00
9.749580706726042045e-01
6.368159203980099381e-01
8.988655563601255505e-01
8.070216776625824262e-02
7.755102040816326259e-01
8.907103825136611919e-01
9.264128393375448134e-01
7.321516494337764192e-01
8.431372549019607865e-01
7.920177383592017506e-01
9.151845562606131246e-01
9.079286524383957113e-01
8.400837988826815872e-01
9.442970822281167020e-01
9.125188536953242613e-01
7.581527686583497960e-01
6.161591944377846630e-01
9.514011569503619814e-01
8.557702572862175838e-01
9.071840587309910608e-01
5.360950050097731401e-01
9.694760820045558170e-01
2.386716797426814141e-01
8.865198485061018818e-01
9.085935289123667769e-01
9.010896898575020408e-01
8.020131041686449080e-01
5.141768463521236843e-01
8.474065138721350587e-01
8.581466842336407108e-01
7.170795306388526580e-01
0.000000000000000000e+00
9.168480844781422556e-01
3.721695306758128208e-01
4.408360684055968037e-01
8.716136631330977380e-01
9.015957446808510189e-01
7.012316542517884610e-01
8.923973767306291327e-01
6.069049061175045834e-01
1.064149074114544569e-01
5.549218212213590240e-01
3.834074611963329549e-01
5.781810035842294138e-01
8.278587978737903530e-01
7.647938474684896626e-01
5.349887133182844590e-01
1.881082895178431691e-01
6.239920605383947327e-01
2.320064987814784707e-01
7.633705932932072225e-01
8.088351943376654862e-01
4.626247798003523259e-01
5.788995163108702213e-01
1.731274242898788174e-01
4.038302790160145372e-01
6.658687161395993037e-01
6.314553990610328738e-01
8.570750800616770970e-01
4.618556701030928080e-01
7.866607116272145150e-01
8.068651340184341825e-01
0.000000000000000000e+00
7.862309802943376891e-01
7.915690866510538548e-01
0.000000000000000000e+00
3.365474339035769979e-01
1.613183603935611776e-01
1.434480073962337565e-01
8.900640133593097358e-01
7.788654618473895841e-01
7.200161257810925308e-01
7.513490364025695589e-01
2.348698840074523730e-01
4.900408113540841715e-01
9.204158973860654402e-01
9.287552707956847620e-01
7.490790012279983090e-01
5.004783773440489858e-01
0.000000000000000000e+00
5.344404048344305602e-01
8.726486832626271228e-01
1.976079876127929957e-01
1.320480654958404998e-01
6.567081604426002750e-01
8.401229823212913450e-01
7.708292103700772335e-01
6.956935522246014969e-01
8.648054517476367886e-01
2.946445349201378128e-01
2.791563275434243430e-01
7.686148919135308288e-01
2.298301486199575416e-01
6.129852517375826704e-01
6.178293079232188845e-01
8.274043532457570072e-01
9.335810496980956330e-01
6.264677880038083124e-01
5.124062319676860877e-01
3.415423332734136008e-01
0.000000000000000000e+00
7.737676056338028685e-01
9.133797370456303577e-01
4.921487184682403204e-01
6.627937681542117598e-01
8.863276549933506443e-01
8.471607495997739434e-01
7.763340031256976692e-01
9.060810810810810967e-01
7.835051546391752497e-01
8.099672131147540588e-01
7.145755833615150543e-01
9.640036177268616058e-01
3.704893144925843762e-01
7.783433595557611717e-01
9.545507112293281082e-01
7.142720581206385422e-01
2.739484953364228481e-01
8.689523809523809206e-01
0.000000000000000000e+00
8.597957288765087913e-01
9.309363503852293720e-01
3.486983520420348648e-01
8.629610466405499558e-01
7.198496397619296161e-01
8.368814457375343130e-01
8.894212487641646181e-01
9.195664575014261821e-01
8.240660004024414897e-01
8.468911917098445041e-01
5.613900600485498549e-01
9.390044879640963016e-01
8.733533324638059758e-01
9.691908132606813497e-01
4.546520014424810796e-01
5.268480378857015589e-01
9.362676504261544519e-01
