9.453735351562500000e-01
9.868164062500000000e-01
9.772338867187500000e-01
6.803741455078125000e-01
9.142456054687500000e-01
9.571075439453125000e-01
9.843139648437500000e-01
9.361419677734375000e-01
9.739227294921875000e-01
9.590148925781250000e-01
9.232025146484375000e-01
8.078308105468750000e-01
9.478454589843750000e-01
9.698028564453125000e-01
3.637847900390625000e-01
6.464538574218750000e-01
5.914611816406250000e-01
9.415435791015625000e-01
9.764862060546875000e-01
8.384246826171875000e-01
9.175262451171875000e-01
8.526153564453125000e-01
7.746124267578125000e-01
8.412475585937500000e-01
7.231445312500000000e-01
9.653015136718750000e-01
9.827270507812500000e-01
9.912109375000000000e-01
4.599914550781250000e-01
9.938507080078125000e-01
9.569702148437500000e-01
9.044799804687500000e-01
7.750244140625000000e-01
8.154602050781250000e-01
9.471130371093750000e-01
7.269439697265625000e-01
6.486663818359375000e-01
3.350982666015625000e-01
9.892578125000000000e-01
9.844818115234375000e-01
9.840240478515625000e-01
6.247406005859375000e-01
6.308441162109375000e-01
9.903717041015625000e-01
9.889678955078125000e-01
9.915161132812500000e-01
9.312744140625000000e-01
9.802093505859375000e-01
9.302368164062500000e-01
9.740142822265625000e-01
8.209381103515625000e-01
9.902648925781250000e-01
9.901428222656250000e-01
9.967346191406250000e-01
9.870910644531250000e-01
9.979705810546875000e-01
9.782714843750000000e-01
9.901580810546875000e-01
9.684906005859375000e-01
9.933929443359375000e-01
9.866333007812500000e-01
9.936065673828125000e-01
7.618713378906250000e-01
9.968109130859375000e-01
9.945068359375000000e-01
9.934234619140625000e-01
9.667968750000000000e-01
9.836425781250000000e-01
9.856872558593750000e-01
9.855194091796875000e-01
9.454956054687500000e-01
9.510803222656250000e-01
9.935913085937500000e-01
9.946899414062500000e-01
9.831390380859375000e-01
9.755706787109375000e-01
9.785919189453125000e-01
9.793853759765625000e-01
9.945983886718750000e-01
5.690460205078125000e-01
9.938659667968750000e-01
4.654693603515625000e-01
9.876556396484375000e-01
9.852142333984375000e-01
9.927978515625000000e-01
9.681854248046875000e-01
8.677062988281250000e-01
9.613952636718750000e-01
9.753570556640625000e-01
7.880859375000000000e-01
7.873840332031250000e-01
9.492950439453125000e-01
7.262725830078125000e-01
9.506072998046875000e-01
9.800415039062500000e-01
9.435424804687500000e-01
9.381866455078125000e-01
9.864807128906250000e-01
9.900970458984375000e-01
6.413269042968750000e-02
8.618774414062500000e-01
8.963470458984375000e-01
9.425354003906250000e-01
9.614562988281250000e-01
9.664001464843750000e-01
8.994140625000000000e-01
5.570373535156250000e-01
9.537506103515625000e-01
7.114868164062500000e-01
9.580078125000000000e-01
9.043884277343750000e-01
4.414367675781250000e-01
8.233184814453125000e-01
4.763031005859375000e-01
8.898010253906250000e-01
9.190673828125000000e-01
9.568786621093750000e-01
9.632263183593750000e-01
9.800872802734375000e-01
9.562683105468750000e-01
9.721832275390625000e-01
7.692871093750000000e-01
9.607696533203125000e-01
9.687652587890625000e-01
8.859100341796875000e-01
9.349060058593750000e-01
6.319122314453125000e-01
1.941986083984375000e-01
9.758911132812500000e-01
9.731140136718750000e-01
8.728332519531250000e-01
9.557037353515625000e-01
6.114807128906250000e-01
7.445068359375000000e-01
9.625091552734375000e-01
9.801483154296875000e-01
9.064636230468750000e-01
6.813354492187500000e-01
9.814300537109375000e-01
8.554077148437500000e-01
9.757232666015625000e-01
5.413818359375000000e-01
4.985198974609375000e-01
9.810638427734375000e-01
9.873046875000000000e-01
9.293212890625000000e-01
9.609680175781250000e-01
9.530792236328125000e-01
4.845123291015625000e-01
4.148864746093750000e-01
9.073944091796875000e-01
9.557189941406250000e-01
7.561492919921875000e-01
7.882537841796875000e-01
9.450683593750000000e-01
9.738159179687500000e-01
9.820404052734375000e-01
4.971466064453125000e-01
9.441070556640625000e-01
8.846893310546875000e-01
9.764709472656250000e-01
9.658203125000000000e-01
8.470153808593750000e-01
9.610290527343750000e-01
9.452209472656250000e-01
9.504699707031250000e-01
9.235687255859375000e-01
9.915161132812500000e-01
9.894256591796875000e-01
9.336700439453125000e-01
8.712158203125000000e-01
9.908905029296875000e-01
3.419799804687500000e-01
9.926910400390625000e-01
9.940032958984375000e-01
7.719573974609375000e-01
6.222839355468750000e-01
9.895019531250000000e-01
9.632263183593750000e-01
9.654388427734375000e-01
9.848175048828125000e-01
3.758392333984375000e-01
9.434204101562500000e-01
9.590606689453125000e-01
8.947753906250000000e-01
9.556274414062500000e-01
9.935455322265625000e-01
9.599761962890625000e-01
9.819641113281250000e-01
9.476165771484375000e-01
9.908752441406250000e-01
9.703674316406250000e-01
9.907684326171875000e-01
4.461975097656250000e-01
7.072906494140625000e-01
9.923553466796875000e-01
