6.602590890096113885e-01
8.141738772146682734e-01
8.639319659829914899e-01
1.928220170822189661e-01
4.107159881780913513e-01
1.032382173773645356e-01
6.027241770715096036e-01
6.400259909031839056e-01
8.648462597521798800e-01
8.781712332425358758e-01
6.154641173050836578e-01
4.964539007092198808e-02
3.394077448747152559e-01
5.874374652584769541e-01
1.537882116627957985e-01
2.681204698825293553e-01
1.520467836257309857e-01
2.346021891847737406e-01
7.843817787418655429e-01
2.184690362154440967e-03
3.526748971193415794e-01
3.462327181319044822e-01
5.041473661531832295e-01
2.425333933663514907e-01
3.078641644325290638e-01
8.028314642487870412e-01
8.437554433025605816e-01
6.653346653346653428e-01
1.153106288439134097e-01
9.610550430313912207e-01
8.583543924272926118e-01
6.949576245350893577e-01
4.101109104978075681e-01
4.757427307206068545e-01
8.377936080092414084e-01
6.654288612828512806e-01
9.325096165054201592e-04
1.767227541404641777e-01
3.021300448430493391e-01
3.758802816901408717e-01
7.689192609465957950e-01
3.418039215686274335e-01
4.821869769666055350e-02
9.018306917311709192e-01
8.018223234624145546e-01
9.108970499698976209e-01
5.083343472441902433e-01
9.302370491961570176e-01
5.948888552850446487e-01
8.255673425540486221e-01
6.244081502367399006e-01
9.795136445382750523e-01
8.596461089159938007e-01
9.541231126596980694e-01
9.231489428103299977e-01
9.802649364693160061e-01
5.122070312500000000e-01
5.996563573883161302e-01
4.039044092898014249e-03
9.703525641025640969e-01
8.485054347826086474e-01
8.899245450510430144e-01
7.873110740762025161e-02
9.028677150786309502e-01
9.595065701260391267e-01
8.931185944363103646e-01
7.436960663453995313e-01
9.202050742736952449e-01
7.323193916349809429e-01
8.980880547272408476e-01
8.974790760801266698e-01
8.092835519677094025e-01
9.416473018332042200e-01
9.192932187201527938e-01
6.838026838026838305e-01
6.096819931132266834e-01
9.478620689655172793e-01
7.530295913574448496e-01
9.250000000000000444e-01
5.701695133326900589e-01
9.668118336086499731e-01
2.532220336650919390e-01
8.957301566055414499e-01
8.830527086383601620e-01
8.686868686868687295e-01
8.412334801762114678e-01
6.058221078653952540e-01
8.572099577266322212e-01
8.561946902654867797e-01
7.248070789175841133e-01
5.473300119289874373e-03
9.103667154298182851e-01
3.768960250079926300e-01
3.801129321030161101e-01
8.660722327298928658e-01
9.014505678986438619e-01
6.828517924023541630e-01
9.486552567237164224e-01
8.510456679470763675e-01
1.148102738218743091e-01
5.357702349869452041e-01
3.027064538514920300e-01
6.407538280329799774e-01
8.080901856763925695e-01
7.931000099710838747e-01
6.211442130239915871e-01
1.954834771994070908e-01
8.021085925144966211e-01
2.314210957941187918e-01
7.898313616914170998e-01
8.126762290057619742e-01
4.754375028508004974e-01
6.052255853797829932e-01
1.730939063879894102e-01
3.619035099250690335e-01
6.539580735198051720e-01
4.741206249454482102e-01
8.876220579104814323e-01
8.300196023522822264e-01
8.160822419377552484e-01
6.612493651599796740e-01
0.000000000000000000e+00
7.871928056438484145e-01
8.570112400958171950e-01
7.095990279465370920e-02
3.222496674900247049e-01
1.638418079096045088e-01
1.513263734383022419e-01
8.957964902734322221e-01
8.644688644688645063e-01
7.409442060085836834e-01
7.484441532918441053e-01
2.244375508237207439e-01
4.896299787885929899e-01
9.020241376033450997e-01
9.208075370121130421e-01
7.421486318407960470e-01
5.214552238805970630e-01
7.387862796833773171e-02
5.124846885894657200e-01
8.479902372054000104e-01
2.024219531163204133e-01
1.347229007219236940e-01
6.825563122053430742e-01
7.928186714542190261e-01
7.549412844923404364e-01
7.475589687328578758e-01
8.008431634845352143e-01
2.981054454909602414e-01
2.802569691407594266e-01
7.689538807649043406e-01
6.898465556643813557e-01
6.340943457028829222e-01
6.465439178991850833e-01
8.553891937133822898e-01
9.340043463342102559e-01
7.782493368700265091e-01
5.202103681442524774e-01
4.634863793323954484e-01
0.000000000000000000e+00
7.955471083355959427e-01
8.626101913566974755e-01
4.996666837598071620e-01
6.937038427838277954e-01
8.748673781439181285e-01
8.857440921667346645e-01
8.039960039960040161e-01
9.410996899983684605e-01
8.977192569950622758e-01
7.581880979792766651e-01
6.900672631097759524e-01
9.504645795111558160e-01
3.816598745845802276e-01
7.170778596603653021e-01
9.358499045051117404e-01
7.228319678466532672e-01
2.714035136564857953e-01
7.481876624264806042e-01
1.353874883286648040e-02
8.549181823711904382e-01
9.236058584886199796e-01
3.539851617178786936e-01
8.329651535665930639e-01
7.389463318562284888e-01
8.274119910079028584e-01
8.761364462870027126e-01
9.673579801623083396e-01
8.176291793313069656e-01
7.330651989839119809e-01
7.323852617970264545e-01
9.169897604135599511e-01
8.987293519695044308e-01
9.799260960751023930e-01
4.635252305524066307e-01
5.406363107140145230e-01
8.416366334534661764e-01
