9.959657085224407069e-01
7.047075606276747006e-01
8.314877226769379348e-01
1.066978564949634806e-01
6.300087744954665503e-01
5.727499110636784241e-02
8.188126445643792994e-01
4.707287933094384536e-01
8.135117634362184491e-01
7.828032755665587095e-01
9.951953206601211743e-01
8.985435694890150926e-02
8.190904547726136631e-01
1.000000000000000000e+00
4.039793338463229522e-01
1.000000000000000000e+00
6.961859979101358009e-01
1.874184286087183515e-01
9.642666666666667163e-01
5.214600882470918179e-03
1.000000000000000000e+00
7.563583815028901425e-01
7.325663301244423886e-01
1.478229052323453974e-01
2.032448377581120846e-01
8.260229132569557597e-01
1.000000000000000000e+00
5.781250000000000000e-01
1.000000000000000000e+00
9.969171483622351060e-01
9.956279809220985877e-01
5.702421452871723195e-01
5.946889415284877245e-01
5.261272282418735236e-01
9.579526692350027739e-01
1.000000000000000000e+00
7.989347536617842985e-04
8.107780280713914323e-01
7.559607293127629246e-01
4.641304347826086807e-01
7.260994263862332598e-01
9.504216341959872416e-01
7.245508982035928636e-01
9.737330856991244232e-01
9.113924050632911111e-01
8.984560570071259411e-01
3.732356619617652194e-01
9.937080969571944200e-01
4.302274715660542315e-01
8.001041124414367545e-01
9.593755108713422075e-01
9.725931677018633259e-01
9.524172059383326783e-01
9.990878686530860753e-01
9.961272941572655304e-01
9.888191982547041015e-01
9.990476190476190732e-01
9.714683368128044227e-01
6.521739130434782254e-03
9.826127274834820513e-01
7.606577344701583865e-01
9.634790965881787628e-01
1.000000000000000000e+00
8.561403508771929793e-01
9.792008757525998419e-01
9.949256977165639171e-01
6.832784184514003600e-01
8.933129147524246916e-01
8.652291105121293624e-01
1.000000000000000000e+00
9.586040268456376134e-01
1.000000000000000000e+00
9.470267462996624364e-01
9.548611111111111605e-01
7.395748160261651494e-01
8.393753485778026047e-01
9.996363371881591409e-01
1.000000000000000000e+00
9.454545454545454364e-01
4.316361068497820419e-01
9.836516424751718946e-01
9.148301574150786708e-01
8.659420289855072062e-01
9.948453608247422864e-01
1.000000000000000000e+00
7.841655716162942991e-01
4.653542086498217434e-01
8.251384650163897660e-01
8.905325443786982209e-01
9.992623694961416669e-01
2.645861601085481782e-02
9.976089555483099724e-01
9.943767572633551710e-01
8.298256163559831755e-01
8.396786587495633780e-01
9.518085636736276500e-01
8.370224626988030936e-01
9.421633554083884698e-01
8.677110530896431362e-01
1.000000000000000000e+00
1.000000000000000000e+00
9.949817518248175174e-01
4.714038128249566917e-01
9.916992187500000000e-01
7.115763106101270496e-01
4.537750385208012549e-01
1.000000000000000000e+00
6.882576442916591430e-01
7.258696717295443079e-01
6.545682102628285204e-01
9.996983863670637627e-01
9.864353312302839294e-01
4.339236359914013796e-01
9.628820960698689646e-01
3.854122917541649151e-01
8.346217977868728433e-01
7.704964539007091995e-01
8.181250650296535420e-01
7.946380697050938746e-01
7.220284076750560498e-01
9.434782608695652106e-01
0.000000000000000000e+00
7.581006420785426636e-01
7.900458637676235352e-01
4.125459169256852354e-02
3.958916900093370494e-01
1.000000000000000000e+00
9.997738579828131522e-01
8.705711263881543704e-01
8.289256198347106919e-01
9.847586018070639824e-01
7.875236946407030425e-01
4.160339437248771755e-01
5.165340626553953651e-01
9.920568561872910029e-01
9.865036336370976988e-01
7.953182272575808343e-01
9.475421536265501432e-01
5.751848808545603764e-02
1.000000000000000000e+00
9.866879659211927889e-01
5.895486167286846380e-01
5.278604849000425592e-01
7.028047464940668787e-01
1.000000000000000000e+00
9.965552436846134565e-01
6.766633565044687382e-01
9.812257872255885083e-01
5.667242940643780758e-01
8.421234057221648195e-01
7.544698697667574505e-01
6.757275343779980403e-01
7.743536961918023875e-01
6.699078812691914298e-01
7.651609683054654276e-01
9.049870705578130226e-01
6.785383903792784333e-01
9.986154378677742915e-01
3.928029481898981379e-01
0.000000000000000000e+00
7.942531851450257419e-01
9.442962498038600661e-01
9.995896594173163674e-01
5.568729903536977499e-01
9.992159099009195744e-01
7.987565445026177935e-01
7.678803144798107549e-01
8.906732550957381367e-01
9.804827940421160237e-01
8.570274636510500921e-01
9.953843255463451500e-01
9.976394583178034292e-01
1.000000000000000000e+00
8.594470046082949288e-01
9.983221476510066861e-01
7.833808008041548421e-01
4.308698727015558561e-01
9.463667820069203707e-01
1.203319502074688858e-02
9.639231824417009431e-01
9.980680636052905452e-01
1.000000000000000000e+00
9.881646800236706385e-01
6.732460075363358998e-01
9.113232591382478542e-01
8.937527823119156833e-01
9.440337909186905518e-01
9.682316118935837546e-01
9.459164162797050190e-01
6.038372712737608561e-01
9.997832213310210436e-01
8.200579710144927370e-01
9.760270566000198711e-01
1.000000000000000000e+00
1.000000000000000000e+00
9.797630799605133722e-01
