9.531555175781250000e-01
9.657287597656250000e-01
9.696350097656250000e-01
9.485015869140625000e-01
9.800415039062500000e-01
9.916076660156250000e-01
9.840850830078125000e-01
9.313507080078125000e-01
9.845733642578125000e-01
9.955444335937500000e-01
9.882812500000000000e-01
9.522094726562500000e-01
9.819030761718750000e-01
8.478240966796875000e-01
7.454376220703125000e-01
9.646148681640625000e-01
9.831542968750000000e-01
9.682159423828125000e-01
9.796295166015625000e-01
9.209289550781250000e-01
9.385375976562500000e-01
9.870910644531250000e-01
9.813079833984375000e-01
9.646911621093750000e-01
9.742279052734375000e-01
9.649505615234375000e-01
9.948120117187500000e-01
9.795379638671875000e-01
8.591461181640625000e-01
9.756011962890625000e-01
9.623413085937500000e-01
9.791717529296875000e-01
9.774932861328125000e-01
9.396820068359375000e-01
9.707794189453125000e-01
9.822845458984375000e-01
9.816894531250000000e-01
9.790496826171875000e-01
9.647216796875000000e-01
9.797210693359375000e-01
9.424743652343750000e-01
9.407653808593750000e-01
9.781341552734375000e-01
9.684143066406250000e-01
9.648437500000000000e-01
9.739379882812500000e-01
9.954376220703125000e-01
9.804840087890625000e-01
9.225616455078125000e-01
9.149475097656250000e-01
9.666137695312500000e-01
9.878234863281250000e-01
9.315643310546875000e-01
9.195404052734375000e-01
9.797821044921875000e-01
9.861602783203125000e-01
9.869537353515625000e-01
9.147949218750000000e-01
9.604339599609375000e-01
9.813842773437500000e-01
9.308319091796875000e-01
9.681243896484375000e-01
9.797515869140625000e-01
9.913177490234375000e-01
9.945678710937500000e-01
9.935455322265625000e-01
9.797821044921875000e-01
9.274749755859375000e-01
9.302978515625000000e-01
9.532318115234375000e-01
9.830932617187500000e-01
9.822387695312500000e-01
9.391326904296875000e-01
9.813537597656250000e-01
9.702453613281250000e-01
9.910888671875000000e-01
9.767303466796875000e-01
9.862060546875000000e-01
9.576416015625000000e-01
9.558563232421875000e-01
9.611816406250000000e-01
9.345245361328125000e-01
9.132537841796875000e-01
9.856567382812500000e-01
9.935302734375000000e-01
9.978942871093750000e-01
9.916381835937500000e-01
9.570312500000000000e-01
8.793334960937500000e-01
9.943084716796875000e-01
9.878234863281250000e-01
9.950256347656250000e-01
9.950866699218750000e-01
8.636322021484375000e-01
9.319305419921875000e-01
9.893798828125000000e-01
9.948730468750000000e-01
9.774475097656250000e-01
9.801940917968750000e-01
9.744873046875000000e-01
9.534912109375000000e-01
9.783325195312500000e-01
9.608459472656250000e-01
9.688720703125000000e-01
9.974975585937500000e-01
9.905242919921875000e-01
9.887542724609375000e-01
9.832153320312500000e-01
9.906463623046875000e-01
9.830474853515625000e-01
9.870300292968750000e-01
9.702911376953125000e-01
9.877014160156250000e-01
9.912719726562500000e-01
9.484252929687500000e-01
9.792022705078125000e-01
9.896850585937500000e-01
9.917755126953125000e-01
9.559326171875000000e-01
9.872741699218750000e-01
9.887542724609375000e-01
9.901275634765625000e-01
9.927062988281250000e-01
9.918823242187500000e-01
9.911193847656250000e-01
9.966888427734375000e-01
9.444427490234375000e-01
9.745941162109375000e-01
9.648437500000000000e-01
9.436798095703125000e-01
9.835205078125000000e-01
9.786071777343750000e-01
9.864807128906250000e-01
9.683990478515625000e-01
9.817199707031250000e-01
9.604187011718750000e-01
9.797973632812500000e-01
9.957733154296875000e-01
9.138031005859375000e-01
9.963226318359375000e-01
9.510192871093750000e-01
9.632110595703125000e-01
8.627166748046875000e-01
9.090728759765625000e-01
9.841003417968750000e-01
9.920959472656250000e-01
9.704589843750000000e-01
9.695587158203125000e-01
9.725952148437500000e-01
9.420623779296875000e-01
9.763641357421875000e-01
9.532012939453125000e-01
8.533782958984375000e-01
9.927062988281250000e-01
9.858093261718750000e-01
9.963226318359375000e-01
9.850769042968750000e-01
9.976196289062500000e-01
9.973754882812500000e-01
9.974670410156250000e-01
9.708404541015625000e-01
9.931030273437500000e-01
9.970092773437500000e-01
9.955444335937500000e-01
9.471588134765625000e-01
9.986877441406250000e-01
9.976806640625000000e-01
9.951019287109375000e-01
9.903869628906250000e-01
9.940338134765625000e-01
9.945983886718750000e-01
9.858551025390625000e-01
9.186706542968750000e-01
9.573516845703125000e-01
9.948577880859375000e-01
9.966583251953125000e-01
9.921875000000000000e-01
9.803771972656250000e-01
9.793090820312500000e-01
9.944305419921875000e-01
9.971008300781250000e-01
8.357849121093750000e-01
9.947662353515625000e-01
9.861907958984375000e-01
9.936676025390625000e-01
9.783172607421875000e-01
8.981628417968750000e-01
9.930725097656250000e-01
8.986511230468750000e-01
9.915008544921875000e-01
9.769287109375000000e-01
9.633483886718750000e-01
9.833221435546875000e-01
9.867858886718750000e-01
9.714050292968750000e-01
9.753875732421875000e-01
