7.555332712556407371e-01
5.562959166239535014e-01
7.774809537943999649e-01
9.089244385665963266e-01
8.878079897934774145e-01
9.290137107474568667e-01
6.106829657188413973e-01
3.120872810795291552e-01
9.133922724296005269e-01
9.142857142857142572e-01
9.205392784514574434e-01
7.627677100494233420e-01
8.877686388962588993e-01
6.552555926378745843e-01
2.829022082018927686e-01
7.574984485968420111e-01
8.455198647506340093e-01
8.580036470308411989e-01
9.505789531358439515e-01
8.172318035662087254e-01
8.930146082337316882e-01
8.794181818181817656e-01
9.319881473119796533e-01
8.264701632712035950e-01
7.780137414116177208e-01
8.737259343148358059e-01
9.011257953989231240e-01
8.953727195843904640e-01
4.559973565370635806e-01
9.084167157151264993e-01
8.314772475846301525e-01
8.773478889067265474e-01
8.869604249270591767e-01
6.543277082199238093e-01
6.809026200212024982e-01
8.514979061526898318e-01
9.195017412268952084e-01
8.547223812249570285e-01
8.789241827034546262e-01
8.740061162079511003e-01
7.858569716340391142e-01
8.532232059514044398e-01
9.436643207364664443e-01
8.857707099054152877e-01
8.973907720560103662e-01
9.123370826638100839e-01
7.896103896103896513e-01
9.333068874894629996e-01
7.680442950365830024e-01
5.740968296878840027e-01
9.167182549797895375e-01
8.835496317081725781e-01
8.656212939781262605e-01
8.368087633628085165e-01
9.455716855624817230e-01
9.675552951516038780e-01
7.875780962881293590e-01
8.048281505728314134e-01
6.866431095406360097e-01
9.069864268465317458e-01
5.963947942769379784e-01
9.159535895576504938e-01
8.404582285554623722e-01
9.388083735909822369e-01
9.585062240663900779e-01
9.050726162913070860e-01
8.933123799546009991e-01
7.951560316721005828e-01
6.471571906354515180e-01
5.494304046091397220e-01
7.769141080450835402e-01
7.839450370638221255e-01
7.998011569052784209e-01
8.655398587285569878e-01
7.322816105486225080e-01
9.226055681364060401e-01
8.145754401604635708e-01
7.942603924878666177e-01
4.971158888306240198e-01
4.795321637426900319e-01
8.866179698463531045e-01
7.679741857416557682e-01
8.457069422505421041e-01
9.193508526237745837e-01
9.520194031424654701e-01
7.904695164681149189e-01
8.839779005524861510e-01
8.694267515923567169e-01
7.112158791978409056e-01
9.668890690278730826e-01
9.589514734853054057e-01
6.761317974819179843e-01
9.531357684355616922e-01
7.966898910883617457e-01
7.830805756092833469e-01
8.733473845564284632e-01
9.173322683706069958e-01
8.925193465176268770e-01
9.101853104287840335e-01
9.156563907170073291e-01
8.513064559576187795e-01
9.148880105401844265e-01
9.269310063767559615e-01
9.104932981385622792e-01
9.642857142857143016e-01
9.489659276893319673e-01
8.884854771784231886e-01
8.842889999206915430e-01
9.295149742865785880e-01
9.287245150299500152e-01
9.593714462938075505e-01
9.011818575583193658e-01
9.580849836569890199e-01
9.350682162708439105e-01
6.400377047248733131e-01
4.673877417240249188e-01
6.790077748981858674e-01
8.325601012231126363e-01
7.988429552850427884e-01
3.217922606924643603e-01
8.307086614173228023e-01
7.418117438772499073e-01
9.137478108581436054e-01
9.125596184419714207e-01
8.225272124940842255e-01
9.321449108683150797e-01
6.259972996194917982e-01
9.066038171819400526e-01
8.341294248511418319e-01
8.135995459939121544e-01
9.000347503764624113e-01
9.332523042641547306e-01
8.679907621247112681e-01
7.506464721093460968e-01
9.565703895377298815e-01
8.902928832528543834e-01
9.485685146062504680e-01
9.742870500233754560e-01
3.811089796291221576e-01
9.818507157464212431e-01
8.309883619940940935e-01
8.708575826078591708e-01
7.930829949354382125e-01
7.991983202901317140e-01
9.438517405459554421e-01
9.270598829356145876e-01
8.788110285436488978e-01
8.787474630327630765e-01
8.637917242382372462e-01
8.824505142098860722e-01
5.762845849802371578e-01
9.096948887586188137e-01
4.059934853420195666e-01
9.809081325889197345e-01
7.718274640550114585e-01
9.577052539148250832e-01
9.187809405940594587e-01
9.751469802244788765e-01
9.055627425614488635e-01
9.196800000000000530e-01
4.420394420394420654e-01
9.709172259507830027e-01
9.386115892139988981e-01
9.051158723218190039e-01
2.665369649805447438e-01
9.164598842018196745e-01
9.511997843084388782e-01
9.317798041202296488e-01
9.223842195540308264e-01
9.427609427609427994e-01
9.311817750355956269e-01
9.154300017879491991e-01
8.369412864039869060e-01
7.991185669604776720e-01
9.574782025486250348e-01
9.415107743310442423e-01
8.846292947558770381e-01
6.818802418568363777e-01
9.470375027738737739e-01
9.488440727988194379e-01
9.433317049340498306e-01
8.380191391434625992e-01
9.740642722117202057e-01
8.760195758564437440e-01
7.889495663347253496e-01
8.844654557518454308e-01
8.128534145280557066e-01
8.957296305999475905e-01
5.232306861156131861e-01
9.429892141756548440e-01
8.634176218391810265e-01
7.336411758080865209e-01
7.655155759478387001e-01
8.164170826400444225e-01
8.884595715665662974e-01
8.354487760652765660e-01
