4.251949117767747088e-01
8.753426866634413939e-01
9.151725177037818293e-01
4.904617578891067864e-01
5.214700193423598140e-01
7.298126064735945828e-01
8.312070657507359961e-01
6.422054740182466803e-01
4.989711934156378370e-01
8.617310832879695459e-01
7.877750611246944201e-01
8.250736919675755177e-01
7.907080968031072743e-01
8.075886377773170421e-01
3.695722097137343343e-01
1.429287026214726974e-01
8.409572856710088029e-01
8.546972860125261473e-01
7.726784343821949674e-01
6.736737838432753644e-01
7.984281091077207737e-01
4.944102986013647616e-01
1.433442734751289305e-01
7.871093750000000000e-01
6.834086723589486434e-01
7.610228058051140554e-01
9.192620650953984285e-01
6.153312302839116787e-01
8.363939105613701352e-01
7.213756177924217639e-01
7.452943096507452791e-01
7.056514913657770949e-01
6.631743201069995042e-01
7.029028001759273225e-01
6.319891562182311517e-01
7.777105517909003174e-01
3.005662843037607002e-01
6.286735788344655074e-01
5.141107958787516363e-01
7.425111536010197133e-01
8.664215686274510109e-01
3.563689105025168447e-01
4.308263695450325059e-01
6.709375635550132166e-01
8.307653447840364080e-01
8.087124878993223742e-01
7.329112102460785261e-01
7.899788285109385910e-01
4.411170762941437062e-01
8.291763490833978789e-01
8.674803295954401916e-01
8.425650188604327795e-01
7.025134425409528260e-01
6.214675988484812397e-01
6.518560179977502811e-01
8.444840159416603376e-01
5.814424635332252622e-01
3.640124095139606886e-01
7.799952623475068236e-01
6.993923888711224279e-01
7.087464982880519182e-01
7.357568266097314069e-01
7.428641934687834070e-01
9.003546099290780091e-01
7.943563973714727888e-01
5.671063710356440968e-01
5.701278994146975476e-01
6.304828021457873355e-01
4.207344890510948954e-01
7.868678680551225435e-01
5.914893617021276251e-01
7.749691738594327584e-01
8.677497506056719434e-01
6.587135945356228373e-01
8.212900096993210886e-01
6.913512019894998417e-01
3.175118661004247000e-01
8.771929824561403022e-01
9.286350588933980355e-01
9.278305963699222669e-01
6.796983029541169286e-01
7.874423497046686427e-01
6.363184079601990062e-01
7.173447537473233160e-01
8.115129903209373774e-01
7.975343764817448555e-01
9.003831417624521549e-01
7.801272133402097353e-01
6.647186633700457037e-01
9.350889350889350915e-01
7.169811320754716499e-01
9.119444444444444464e-01
8.916136845292158553e-01
9.686337054758107357e-01
8.515815085158150444e-01
9.087428206764518457e-01
3.122580645161290303e-01
9.414373436433932651e-01
9.034406215316315159e-01
7.635075287865367155e-01
7.177835051546391787e-01
7.790697674418605168e-01
8.931750741839762364e-01
9.357388316151202812e-01
8.420089467263115468e-01
9.364218827008378154e-01
8.970129291127953985e-01
8.323849780523492337e-01
8.063741191543881692e-01
7.832529695401623249e-01
8.719060984945139481e-01
8.727850976828713803e-01
7.743573468740082566e-01
3.944444444444444309e-01
8.484891473967938191e-01
9.072450392247346507e-01
8.969411764705882417e-01
8.995628969547683207e-01
9.448842419716205754e-01
3.682163691002298123e-01
9.729113924050633022e-01
6.980759743463246236e-01
7.872600349040139722e-01
7.944201104551513737e-01
6.864278305274076342e-01
7.516898354801683224e-01
8.460692976028473256e-01
3.273891175125743236e-01
7.806640723707484186e-01
8.717285453438831100e-01
8.941825476429288155e-01
8.261213198972534588e-01
8.484609313338594694e-01
5.816360052562418170e-01
7.017402749341913326e-01
4.188182290764165816e-01
3.246812386156648356e-01
4.851706771124790207e-01
7.759046052631578538e-01
7.016420818257723679e-01
1.598125976054138586e-01
8.721952970741339017e-01
5.787091696182605771e-01
9.002457328817161653e-01
8.327969102027679149e-01
9.080919080919080955e-01
8.872110939907550398e-01
7.078755995667647127e-01
4.023999999999999799e-01
6.063636363636363269e-01
7.378071140447377552e-01
8.527092600080873330e-01
6.765249537892791265e-01
5.974555928948631633e-01
7.261345852895149111e-01
7.826952865678247218e-01
7.355313924938617909e-01
6.556795131845841729e-01
3.008316604531115490e-01
8.167796214068707705e-01
5.705376706556548605e-01
7.123840062187242195e-01
8.571639586410635392e-01
8.885324779470730183e-01
6.400000000000000133e-01
8.479561316051844599e-01
7.805443998215082502e-01
5.260959257349149265e-01
8.241015664994368883e-01
9.130334663801044082e-01
3.598221728257849361e-01
9.067561314206386003e-01
5.937800443088241398e-01
5.260287978188634694e-01
7.680412371134021088e-01
3.153141361256544539e-01
8.342996289424861045e-01
8.665713914512147564e-01
7.973390354003325742e-01
4.871774945601491935e-01
6.099360550909985745e-01
8.510996001454016469e-01
8.583038406082055261e-01
9.245546629409709949e-01
8.677834694725183873e-01
7.058939096267190516e-01
8.298511949496467643e-01
9.099601593625498142e-01
8.980182110337440182e-01
9.156130549838282784e-01
7.919535832695741018e-01
9.154929577464788748e-01
9.336921947638855412e-01
7.693154862758386781e-01
8.763756419662509511e-01
6.341537132987909997e-01
