4.747935980812693080e-01
9.304877003514184786e-01
2.937951529435876563e-01
0.000000000000000000e+00
6.611782865963468092e-01
8.132596685082873478e-01
8.023411027826266029e-01
5.688724988048896591e-01
2.883394135927577207e-01
0.000000000000000000e+00
8.267184942716857554e-01
9.150346875559992599e-01
8.089426925705359706e-01
8.931168443072019514e-01
8.062149331031506216e-01
0.000000000000000000e+00
4.559263149389997660e-01
4.681040231162480469e-01
6.500053174518770627e-01
9.332613224288249798e-01
8.013994649104754231e-01
5.008336539694754341e-01
3.088643310604279324e-01
4.049211216610633102e-01
5.173518419647623601e-01
8.032121864392747224e-01
9.023043359694573606e-01
0.000000000000000000e+00
5.436791890280262551e-01
2.247923881249369593e-01
5.202819107282693478e-01
6.877659574468084624e-01
6.833111138043873600e-01
6.606744704570791660e-01
0.000000000000000000e+00
7.685762042242820780e-01
8.581440622972096310e-01
0.000000000000000000e+00
7.129905183749740694e-01
7.411676806489486680e-01
5.061589244022219880e-01
4.707515367836604958e-01
1.739557739557739680e-01
0.000000000000000000e+00
8.963295040627626831e-01
7.794228356336261321e-01
9.224375519489041997e-01
7.261044176706826780e-01
3.658027152757998834e-01
7.159154145798553026e-01
8.407808090310442406e-01
8.977685521536066249e-01
7.969390817245173286e-01
9.153939848215122410e-01
0.000000000000000000e+00
9.037370168112217605e-01
2.519915460900666593e-02
2.954899901333588041e-01
7.838683716355181463e-01
6.866393747673985581e-01
7.355588283423335483e-01
6.932779235928842043e-01
8.758742047556739019e-01
9.602825632523607213e-01
8.844415752098128136e-01
7.874316085665155063e-01
4.813168724279835442e-01
0.000000000000000000e+00
7.955042147986263190e-01
9.083547752383834828e-01
7.858421995154324380e-01
8.151225592023265687e-01
8.431603773584905870e-01
0.000000000000000000e+00
2.980192991366175659e-01
0.000000000000000000e+00
5.108395743003547596e-01
8.505181347150259086e-01
9.105451083075458696e-01
9.284280936454849531e-01
8.806329549363605125e-01
9.020489232699142601e-01
5.814837739853214726e-01
8.519268134715025642e-01
7.486953030911280838e-01
7.514273166447079655e-01
9.195784803105934158e-01
5.501417891209074984e-01
7.063111008272111579e-01
9.821003782708731533e-01
7.559587882515761414e-01
9.290960451977401391e-01
9.031865541105787987e-01
9.591943499869212131e-01
4.754358161648177261e-01
5.280588776448942312e-01
9.856115107913669682e-02
9.737261146496815067e-01
9.381797366914711445e-01
8.590135312090789732e-01
6.070004430660168315e-02
9.288194444444444198e-01
0.000000000000000000e+00
9.341236240474174446e-01
7.806674338319907758e-01
9.446401610468042609e-01
8.336127409891030959e-01
8.711186729051467736e-01
7.680706029571574556e-01
9.350952195880295470e-01
9.490856466254440349e-01
9.132711131345322420e-01
7.570276748747003515e-01
8.589540412044374129e-01
9.560554356152934918e-01
8.477855477855478217e-01
9.382658959537572008e-01
0.000000000000000000e+00
9.708355427619119737e-01
1.460034305317324255e-01
9.714429805207085433e-01
7.486270499564443570e-01
8.230635981192774286e-01
9.565516225636997438e-01
8.839907192575405803e-01
8.507505773672054961e-01
7.170890658942794538e-01
0.000000000000000000e+00
9.200957540632480613e-01
5.784234286375737888e-01
8.669623059866962134e-01
9.118287716639833507e-01
8.601720344068813917e-01
9.330811066445968693e-01
7.427005983707014591e-01
3.486159963297140174e-01
4.398995335486186042e-01
4.532163742690058506e-01
7.892510574769843190e-01
5.334252239834597065e-01
4.818512320387789011e-02
7.147464843246033039e-01
7.256212943105840862e-01
9.437442360897633220e-01
9.070515685047815246e-01
7.072840509071215420e-01
9.383684812816740495e-01
8.105478750640040531e-01
0.000000000000000000e+00
5.985784919653893699e-01
0.000000000000000000e+00
3.598211624441132739e-01
6.758397409955483326e-01
0.000000000000000000e+00
5.508394642520278994e-01
7.671406003159557674e-01
0.000000000000000000e+00
3.797917128296033895e-01
3.565375617364179850e-01
4.018000507056536663e-01
5.200324851109907609e-01
6.706939349339894330e-01
8.980234664146783397e-01
9.050505050505051052e-01
0.000000000000000000e+00
8.776732249786142193e-01
7.914376368592751509e-01
7.553014936382076439e-01
9.611650485436893376e-01
5.368098159509202688e-02
8.597324126025032154e-01
9.586986617443470360e-01
7.089884696016771626e-01
0.000000000000000000e+00
9.168413696715583816e-01
3.031161473087818914e-01
8.668324940848146642e-01
9.084649655731065199e-01
5.320461249664789616e-01
8.514807720642404432e-01
7.150743099787685297e-01
8.382396198665007514e-01
9.109354724548779370e-01
9.770514603616133886e-01
8.124434096494631552e-01
3.895593600898119568e-01
8.841607565011820880e-01
9.036238981390792846e-01
8.781396543971221602e-01
9.726599869090176709e-01
4.426495485327313628e-01
4.836627946471027673e-01
0.000000000000000000e+00
8.701660109394492304e-01
7.568314187711503438e-01
0.000000000000000000e+00
