9.463136605993749395e-01
9.634362797302093995e-01
9.276816049182979862e-01
0.000000000000000000e+00
6.930960086299892131e-01
1.000000000000000000e+00
9.969379943863230231e-01
8.272095332671300927e-01
1.000000000000000000e+00
0.000000000000000000e+00
7.057282570730003535e-01
9.899739655458926757e-01
6.792916871618298602e-01
9.896247240618101237e-01
8.128807658833768768e-01
0.000000000000000000e+00
1.000000000000000000e+00
9.607664233576642676e-01
4.814873168426028194e-01
9.843750000000000000e-01
6.967257112184648271e-01
3.760593220338983023e-01
9.765090692833778840e-01
9.914962909354080312e-01
4.747672709456148832e-01
6.745932415519398928e-01
9.979641079776805368e-01
0.000000000000000000e+00
3.733237793018732709e-01
9.123908296943231688e-01
4.650706985860282860e-01
7.839927239654388424e-01
7.997163120567375438e-01
4.932889397565289880e-01
0.000000000000000000e+00
6.302018440069773186e-01
7.985507246376811752e-01
0.000000000000000000e+00
7.691503658354487127e-01
5.897740784780023393e-01
8.882452670245831738e-01
8.312324929971989240e-01
4.577586206896551713e-01
0.000000000000000000e+00
8.458487572712850566e-01
6.417355371900826944e-01
9.622159350187095006e-01
7.789074616577632559e-01
8.604287628405538069e-01
6.397314768771755755e-01
9.963768115942028825e-01
9.978082823855115580e-01
6.636954348550483385e-01
8.716210188241592105e-01
0.000000000000000000e+00
8.383828350054634004e-01
1.276035235037457742e-02
5.333792944961507354e-01
6.449856522698844685e-01
5.900223856731692251e-01
8.164315553671974701e-01
5.407142044808370684e-01
8.074203477248148575e-01
9.842630217953454164e-01
9.505087881591118837e-01
7.264912887965847554e-01
3.169304140472577469e-01
0.000000000000000000e+00
6.907020872865274885e-01
9.417072022595324166e-01
9.404942007060009823e-01
6.997146932952924558e-01
8.032418552399294143e-01
0.000000000000000000e+00
4.290728283123720344e-01
0.000000000000000000e+00
9.992289899768697081e-01
7.844683393070489563e-01
9.863847343991748451e-01
9.107611548556430181e-01
8.328995314940135231e-01
8.634180508304982737e-01
4.099239496322154563e-01
9.195211464522894396e-01
9.896524276996551128e-01
9.844649021864211313e-01
9.845605700712588559e-01
3.812756834018223850e-01
9.980382540461010255e-01
9.776397515527950333e-01
9.356680624286257686e-01
1.000000000000000000e+00
9.998316214850985206e-01
1.000000000000000000e+00
1.000000000000000000e+00
9.986082115518440938e-01
1.489130434782608703e-01
9.923496000927320981e-01
9.981729598051156671e-01
9.456991830850552949e-01
1.000000000000000000e+00
9.385964912280702066e-01
0.000000000000000000e+00
9.996375498368974544e-01
6.985172981878089438e-01
9.581419091373150065e-01
8.935309973045821863e-01
1.000000000000000000e+00
6.261476510067114365e-01
1.000000000000000000e+00
9.366398338094001907e-01
9.950396825396825573e-01
7.101390024529844469e-01
7.557166759620747021e-01
9.984726161902683916e-01
9.074351297405189865e-01
9.970515970515970716e-01
0.000000000000000000e+00
9.790679908326966885e-01
1.000000000000000000e+00
9.897238278741169459e-01
9.820151033386327333e-01
7.178933736240017405e-01
9.276328318415539842e-01
8.182434723635130247e-01
9.687705456936226422e-01
5.619042215161144105e-01
0.000000000000000000e+00
9.921204216932941744e-01
8.280033140016570536e-01
8.095238095238095344e-01
9.925773195876288479e-01
1.000000000000000000e+00
9.722404730617608681e-01
7.984808556812896807e-01
9.875238260266852031e-01
8.597475455820476897e-01
5.054347826086956763e-01
7.581261950286807272e-01
5.626635649898226177e-01
1.000000000000000000e+00
5.683217070168239404e-01
5.779742765273312433e-01
9.847458835269797817e-01
8.302519633507853269e-01
9.968704679032135418e-01
8.863495985176034209e-01
9.920618341341131963e-01
0.000000000000000000e+00
9.680159920039980159e-01
0.000000000000000000e+00
9.952731669781246238e-01
9.729666744348636209e-01
0.000000000000000000e+00
3.811015400678673948e-01
9.711999999999999522e-01
0.000000000000000000e+00
1.000000000000000000e+00
9.910404624277456831e-01
7.442279095249275667e-01
3.514452982070984111e-01
7.505408062930186697e-01
9.332242225859247453e-01
8.786127167630057855e-01
0.000000000000000000e+00
7.904468412942988742e-01
7.947406210734159204e-01
9.645817633760361831e-01
9.962728289228475198e-01
2.758077226162332710e-02
7.649769585253456405e-01
9.959252157238734915e-01
6.798877533925280492e-01
0.000000000000000000e+00
9.079584775086505521e-01
5.771784232365144707e-01
9.799725651577503305e-01
1.000000000000000000e+00
9.965296803652967661e-01
9.770902020458196446e-01
6.043423649739817494e-01
9.456299775372677408e-01
8.594005045258940045e-01
9.890883491728265087e-01
9.829420970266040669e-01
9.478284621688063405e-01
8.969621602416060213e-01
1.000000000000000000e+00
7.924637681159419911e-01
9.608077190888292263e-01
4.147663427853790497e-01
1.000000000000000000e+00
0.000000000000000000e+00
9.981287837094111604e-01
9.456909446553906085e-01
0.000000000000000000e+00
