8.153817994242641420e-01
9.899001702781209389e-01
5.431050459102013672e-01
8.367360357694709760e-01
9.882541377469300503e-01
9.839881253158160312e-01
9.336892093313460261e-01
9.100345448835556184e-01
5.625487948705171215e-01
1.000000000000000000e+00
9.998495234910550478e-01
9.339131899837836981e-01
9.999831754630953418e-01
9.831819821001213100e-01
9.963657260005901461e-01
1.000000000000000000e+00
7.751323193027566116e-01
9.258019701944935065e-01
1.000000000000000000e+00
9.870521282327586743e-01
9.960798705523211671e-01
9.763381201044386559e-01
7.648818619014684517e-01
7.323734773117365204e-01
9.760471246786214250e-01
9.993658411174908274e-01
9.456900179821708941e-01
1.000000000000000000e+00
1.000000000000000000e+00
6.325316783035944690e-01
9.605260904560478652e-01
9.445019426865063350e-01
9.692473915918143890e-01
1.000000000000000000e+00
1.000000000000000000e+00
9.986437141366718562e-01
9.957814841357742752e-01
1.000000000000000000e+00
9.557946260133585170e-01
9.998323525960201019e-01
8.036710116664955716e-01
8.810814340756220053e-01
8.603518096684383831e-01
1.000000000000000000e+00
9.945835920789346529e-01
9.996045867931988571e-01
9.751003133073159468e-01
9.643915423635176509e-01
5.498409331919406062e-01
9.520304157903252129e-01
8.952016255079712215e-01
9.656918775388186882e-01
9.995703504445938581e-01
9.932446113350635875e-01
1.000000000000000000e+00
9.969171969929149224e-01
1.000000000000000000e+00
6.819805394753047922e-01
9.998267398209644830e-01
9.935586213526894639e-01
8.640527142536567062e-01
9.929718456725755704e-01
9.918527515649817605e-01
9.829041749197130473e-01
9.932148830750781032e-01
9.573046761545164207e-01
1.000000000000000000e+00
8.721984833386816627e-01
9.972674503209533192e-01
9.681947338511082135e-01
9.708137079746629317e-01
9.996257835157639215e-01
9.892757777590421853e-01
1.000000000000000000e+00
9.201667820403431897e-01
1.000000000000000000e+00
9.613786017839630604e-01
9.958924874900164648e-01
9.687147436471409412e-01
9.961616691818122593e-01
9.922042453156330044e-01
9.908357639263980499e-01
1.000000000000000000e+00
9.494010204836205169e-01
9.600919584891608460e-01
9.826797078278315389e-01
9.958654388272880631e-01
9.995495420344016058e-01
8.099508461220967792e-01
9.967525068368277008e-01
9.774595049992846896e-01
9.919353543142641616e-01
9.786566437907948668e-01
9.949570867478058078e-01
9.640697205595012420e-01
9.600149768327118638e-01
9.733347777640213305e-01
9.930415224305469968e-01
9.966663536482298635e-01
9.916003467023875029e-01
6.730967911057654796e-01
9.992765446541267416e-01
1.000000000000000000e+00
9.938193924526498302e-01
9.927158866183256603e-01
9.955207893797266561e-01
9.912020217975043845e-01
9.749238612288135819e-01
9.982946430474728405e-01
9.795325221045259045e-01
9.976817702845099944e-01
9.941593198992443314e-01
9.935647487715961734e-01
9.998901840202061297e-01
9.760364570258944772e-01
9.848036666233259684e-01
9.958898285066376532e-01
1.000000000000000000e+00
9.957959688766082618e-01
6.073996971990915927e-01
9.935412373811708386e-01
8.836169599077011716e-01
9.979803950544308133e-01
9.977286768179670640e-01
9.948490888884968797e-01
9.684114916234946024e-01
9.980589413925530229e-01
1.000000000000000000e+00
9.358000594051003596e-01
8.950269743365657504e-01
9.963678816967180829e-01
9.852519526744224487e-01
9.889723282743823063e-01
9.885614318395908873e-01
9.137819660295626312e-01
6.448590312055550999e-01
9.774617034077410782e-01
9.896774792621022554e-01
9.946251812622155519e-01
9.358655255890074853e-01
4.901469838178699190e-01
9.982361280538063486e-01
9.987615587846763177e-01
9.721785388393811012e-01
9.999062124849940059e-01
7.946219128444741431e-01
9.998555330829239640e-01
9.640817132792309785e-01
1.000000000000000000e+00
9.601164712363264853e-01
1.000000000000000000e+00
4.299332022183242064e-01
9.365009388521512435e-01
9.667628184352109466e-01
9.998379385787213858e-01
9.659631631761240733e-01
1.000000000000000000e+00
9.122872990504841129e-01
8.011147625491332747e-01
5.252753084781743853e-01
9.999633726466925498e-01
7.805779272501991439e-01
9.850738733887524079e-01
9.949746259803597948e-01
1.000000000000000000e+00
9.996697542027709327e-01
9.562451741000845828e-01
8.860342316096140314e-01
9.892497434202515150e-01
1.000000000000000000e+00
9.997042064950026896e-01
9.944429958933577174e-01
8.635861737878059996e-01
1.000000000000000000e+00
9.966478306675605747e-01
9.148211513480974943e-01
9.648216186519246174e-01
9.769415205672794533e-01
6.490492067563111700e-01
9.299718844843316568e-01
9.920117405733536176e-01
8.675894489422826261e-01
9.928925429328825381e-01
9.983890262381369674e-01
9.528116863355087229e-01
8.273292929292929143e-01
9.875974427028560987e-01
9.838484644551318548e-01
9.981198713781167520e-01
9.973144927275021665e-01
8.621620013093419521e-01
5.843116523260901696e-01
1.000000000000000000e+00
9.523657685426298869e-01
8.002450471404244370e-01
1.000000000000000000e+00
