9.972421400992829144e-01
9.865104721334753135e-01
9.207248018120045563e-01
1.276052743513398594e-03
7.233009708737864196e-01
1.000000000000000000e+00
1.000000000000000000e+00
8.689175769612711431e-01
1.000000000000000000e+00
0.000000000000000000e+00
8.255326580509954049e-01
9.971749847670747791e-01
7.661911788817838964e-01
9.993377483443708353e-01
9.712793733681461816e-01
1.292442497261774292e-01
1.000000000000000000e+00
9.995437956204379359e-01
5.194580116590514773e-01
9.894205729166666297e-01
7.647164072284845515e-01
4.167950693374422033e-01
9.958370502527504886e-01
1.000000000000000000e+00
5.323370896619303849e-01
6.942010846891948361e-01
9.989443522847232249e-01
1.374763406940062993e-01
3.951786262667622007e-01
9.192139737991266157e-01
5.910681786364272439e-01
7.705017432166135771e-01
8.368794326241134618e-01
5.678909582769743336e-01
5.361930294906166322e-03
7.045850984301021969e-01
8.328502415458937103e-01
0.000000000000000000e+00
7.960280722711662316e-01
6.784440292169185982e-01
9.012432890647075201e-01
8.452380952380952328e-01
4.633620689655172376e-01
2.645861601085481782e-02
8.581438392384981295e-01
7.677685950413223326e-01
9.861275896687049514e-01
8.157849388247457867e-01
8.252568110763733866e-01
6.743535554450522662e-01
9.995122630992195889e-01
1.000000000000000000e+00
7.130956347884038760e-01
8.865197609064144890e-01
0.000000000000000000e+00
8.682825072017482659e-01
1.146785214456244317e-01
4.885671607491669510e-01
6.522698844823779929e-01
7.160217460825072378e-01
8.426469697887025712e-01
5.866029796428977594e-01
8.557524332418268154e-01
9.939416328038418458e-01
9.787234042553191182e-01
7.231452636437060155e-01
4.283546499024495913e-01
6.258890469416784896e-02
7.419354838709677491e-01
9.512788325749255147e-01
9.692385274836107234e-01
7.339514978601997530e-01
8.321296742095971588e-01
1.527665059435718816e-03
3.781807546066101033e-01
2.810387762362148711e-02
1.000000000000000000e+00
7.964157706093190070e-01
9.896854048478597177e-01
7.272528433945756321e-01
8.486465382613221919e-01
8.781268761256754152e-01
5.697543947138761222e-01
8.695386228591401867e-01
9.960201644998672998e-01
9.683544303797468888e-01
1.000000000000000000e+00
4.252278006074682870e-01
9.986921693640673503e-01
9.886645962732919513e-01
9.817282070803197147e-01
9.984797810884767921e-01
1.000000000000000000e+00
1.000000000000000000e+00
1.000000000000000000e+00
1.000000000000000000e+00
3.228260869565217628e-01
9.981453575982380810e-01
9.811205846528623375e-01
1.000000000000000000e+00
1.000000000000000000e+00
9.736842105263158187e-01
1.642036124794745422e-01
9.992750996737947977e-01
6.981054365733113665e-01
9.492087799897906963e-01
9.213836477987421558e-01
1.000000000000000000e+00
6.483221476510067083e-01
9.976249851561572735e-01
9.659828615943910624e-01
1.000000000000000000e+00
7.608340147179067925e-01
8.215281650864473262e-01
9.997090697505273127e-01
8.627744510978043735e-01
9.965601965601965651e-01
0.000000000000000000e+00
9.920550038197096798e-01
1.000000000000000000e+00
9.938342967244701009e-01
9.862877583465818887e-01
8.163177206993308399e-01
9.404875261854884760e-01
8.475189329716288356e-01
9.786324786324785974e-01
5.464139809350885280e-01
0.000000000000000000e+00
9.952722530159765491e-01
8.036454018227009444e-01
8.405797101449274944e-01
9.948453608247422864e-01
1.000000000000000000e+00
9.958935611038107760e-01
8.051464889164470229e-01
9.204643909201177809e-01
9.733520336605890888e-01
5.663043478260869623e-01
8.178776290630974666e-01
5.697877289909857312e-01
8.970059880239521499e-01
6.483381206401312991e-01
5.970659163987138696e-01
9.636467317699052293e-01
8.587205497382198738e-01
9.994656896420121006e-01
9.428659666460778022e-01
9.983288071861291524e-01
2.320414712416687258e-02
1.000000000000000000e+00
0.000000000000000000e+00
9.710893701220182361e-01
9.634117921230482828e-01
2.612330198537095348e-04
5.131819368311145713e-01
9.797333333333333449e-01
0.000000000000000000e+00
1.000000000000000000e+00
9.832369942196531598e-01
6.553964154339829706e-01
3.872118551042810219e-01
7.686332350049164264e-01
9.599018003273321886e-01
9.023534269199009472e-01
6.232638888888888395e-01
9.537750385208012549e-01
8.374618560402081746e-01
9.774868123587038271e-01
9.925456578456951506e-01
1.734436564223798272e-01
9.178187403993856019e-01
9.964046021093000416e-01
6.583179762104205412e-01
0.000000000000000000e+00
9.557093425605536208e-01
5.091286307053941584e-01
9.823045267489711740e-01
1.000000000000000000e+00
9.974429223744292194e-01
9.835996280328007657e-01
6.443567198995154843e-01
9.143353073310189760e-01
8.978335064549636257e-01
9.971840901091164611e-01
9.780907668231612062e-01
9.773285987435127442e-01
8.690708829276958536e-01
1.000000000000000000e+00
7.988405797101448824e-01
9.774196757186909279e-01
4.595809372727873710e-01
1.000000000000000000e+00
0.000000000000000000e+00
9.914144193725922261e-01
9.401104590956161910e-01
0.000000000000000000e+00
