7.945820922841406730e-01
9.820039397682882587e-01
5.680060652009097932e-01
8.109774139461485287e-01
9.876888288684401163e-01
9.799772612430520669e-01
9.245034489930327171e-01
8.978033420935190856e-01
5.630305144432816711e-01
1.000000000000000000e+00
9.632168533690018686e-01
9.220984352294505637e-01
9.986540370476302275e-01
9.480051142510572681e-01
9.812384487551835122e-01
9.318563764462542975e-01
7.650142754578999060e-01
8.450050517807526917e-01
1.000000000000000000e+00
9.714944773706896131e-01
9.932440322284684653e-01
9.543262257035103335e-01
7.495697489263828395e-01
7.288073455648319543e-01
9.619552836267777352e-01
9.987145428057245811e-01
9.327007690247541838e-01
9.823894054663285802e-01
1.000000000000000000e+00
6.340994310835272874e-01
9.527340605894542014e-01
9.315733215697585834e-01
9.541532953830772490e-01
9.997675458202950338e-01
1.000000000000000000e+00
9.977047470005216967e-01
9.906182813212587313e-01
1.000000000000000000e+00
9.534662383793062190e-01
9.991282334993042413e-01
8.039447124431216007e-01
8.577026056292039735e-01
8.483769931662870079e-01
9.610727492882155110e-01
9.928758711101911549e-01
9.962765256359562560e-01
9.199325747998314817e-01
9.468970250950060619e-01
5.988158359844467649e-01
8.683869923960524373e-01
8.869568615192247041e-01
9.614011641197882652e-01
9.971792572666816623e-01
9.766782631104239387e-01
1.000000000000000000e+00
9.886242766229785817e-01
1.000000000000000000e+00
6.778632132739781380e-01
9.996149773799211102e-01
9.871492893653158740e-01
8.669087496684958483e-01
9.716996871741396813e-01
9.892366626179576183e-01
9.762312263225707554e-01
9.832896771546690839e-01
9.153977013401933815e-01
9.999507575135827553e-01
8.386225067135063549e-01
9.940660015845553810e-01
9.383405948096230631e-01
9.631801201884034880e-01
9.983316181744472662e-01
9.797993423825984705e-01
1.000000000000000000e+00
9.137112223706875813e-01
1.000000000000000000e+00
9.376702626130544171e-01
9.916056787990416010e-01
9.644168263462330470e-01
9.916672134374384662e-01
9.879174445135864291e-01
9.812574268121421195e-01
9.954620533773798075e-01
8.921282259853582364e-01
9.451001343759612983e-01
9.769271764005140746e-01
9.904779803295119534e-01
9.971304159228548958e-01
8.116580991332408290e-01
9.930112427833485134e-01
9.366227407843075170e-01
9.914855334393625208e-01
9.775156467607429844e-01
9.934700738657485930e-01
9.550600130260832321e-01
9.250690338382814293e-01
9.680883991581032966e-01
9.869089247746402060e-01
9.963689861332832853e-01
9.826491214246316774e-01
6.745308476353487626e-01
9.985838746421205059e-01
1.000000000000000000e+00
9.916052057282125354e-01
9.925181278839815269e-01
9.931838099256711239e-01
9.824672247670194203e-01
9.716962394067796271e-01
9.981667412760333313e-01
9.754530333537599907e-01
9.953311177757964145e-01
9.928998740554155766e-01
9.881756221271199570e-01
9.987763362251541599e-01
9.670187498793133551e-01
9.676244961643479803e-01
9.928032629407410603e-01
1.000000000000000000e+00
9.935922428845077592e-01
6.155532424930607593e-01
9.916018770237744473e-01
8.348716469570233167e-01
9.896392624337060351e-01
9.961478358832721591e-01
9.918679108821817358e-01
9.584706990513355285e-01
9.706545333110703222e-01
9.938340982173519134e-01
9.122289642296431689e-01
8.846069813952707195e-01
9.940329485017511679e-01
9.826978215733447319e-01
9.878364307575805414e-01
9.834477190149374382e-01
8.712809210776304436e-01
6.312222872918932248e-01
9.142125480153648898e-01
9.635848706202797542e-01
9.885095517306601298e-01
8.981213133758395584e-01
4.893278310999830127e-01
9.934390557515413445e-01
9.970937912813738757e-01
9.622381423884132090e-01
9.993622448979592177e-01
7.873176313531038417e-01
9.994060804520209507e-01
9.508963110503876326e-01
9.981946816296657365e-01
9.407728023923821459e-01
1.000000000000000000e+00
4.241924910079909461e-01
9.171197648787655643e-01
9.060089453555454364e-01
9.913621262458471861e-01
9.560094519794127832e-01
1.000000000000000000e+00
9.005515339538090469e-01
7.888394870803531189e-01
5.713906632043821432e-01
9.987546699875466949e-01
7.732985219930967880e-01
9.725036179450072815e-01
9.880873920780333108e-01
9.980449507389163033e-01
9.938039598043686418e-01
9.076184873331617498e-01
8.675345957756737114e-01
9.839441960791135422e-01
9.862430458312833048e-01
9.964037737024006303e-01
9.915422723420898032e-01
8.482957273163705958e-01
1.000000000000000000e+00
9.856974108482584596e-01
8.849919209200646231e-01
9.595337018851080035e-01
9.763123437685989892e-01
6.364269226541604541e-01
8.933844750218780106e-01
9.896936444140553846e-01
8.125272046661443648e-01
9.863805755119290364e-01
9.963633463593587480e-01
9.511716768674128852e-01
8.439757575757576014e-01
9.791176323301116202e-01
9.796956814339412567e-01
9.975927325121680678e-01
9.933493142043509083e-01
8.360346777233320648e-01
5.910930436050750858e-01
1.000000000000000000e+00
9.368656002550884709e-01
7.917306973460148667e-01
1.000000000000000000e+00
