1.000000000000000000e+00
9.336661911554922089e-01
9.436687530091477649e-01
8.841361531484221992e-01
9.789412108803743351e-01
8.303094983991462508e-01
9.946029298380878458e-01
9.933094384707288338e-01
8.752428232246923789e-01
8.320319939059226400e-01
9.481930227700020586e-01
4.796346581091088801e-01
1.000000000000000000e+00
6.082513247539742540e-01
9.176651643398923142e-01
6.940107201118620450e-01
7.818704284221525969e-01
8.611328634821195926e-01
9.714666666666667005e-01
7.573204973926995764e-01
8.296382730455076349e-01
3.933526011560693481e-01
9.295609297957266870e-01
7.178009513355286808e-01
7.711406096361848039e-01
9.739770867430441736e-01
9.607762180016515829e-01
7.760416666666666297e-01
9.962406015037593709e-01
9.973025048169557039e-01
9.734697933227345334e-01
9.290574344606764567e-01
8.915347213564392970e-01
8.697133869276476581e-01
9.998899284534947807e-01
1.000000000000000000e+00
0.000000000000000000e+00
4.675099636111592627e-01
1.000000000000000000e+00
7.380434782608695787e-01
9.717973231357552866e-01
9.754289037510904814e-01
8.982035928143712322e-01
9.395065003979835572e-01
9.994246260069045151e-01
9.459619952494061623e-01
4.225477934607825836e-01
9.952552862300154679e-01
1.000000000000000000e+00
8.015356585111921284e-01
6.207291155795324755e-01
9.725931677018633259e-01
6.037304910544347702e-01
1.000000000000000000e+00
9.993264859403939715e-01
9.997272975184073873e-01
9.990476190476190732e-01
9.909533750869867763e-01
1.000000000000000000e+00
9.735713457748927935e-01
1.000000000000000000e+00
8.875540605478136058e-01
1.000000000000000000e+00
9.543859649122806710e-01
9.332238642583470245e-01
1.000000000000000000e+00
9.625205930807249066e-01
9.877488514548239396e-01
8.993710691823899595e-01
1.000000000000000000e+00
8.914899328859060557e-01
9.369433558959743280e-01
9.130096078940534987e-01
9.905753968253968589e-01
9.991823385118561163e-01
9.972113775794757551e-01
9.445050549130845630e-01
9.915169660678643249e-01
9.896805896805896952e-01
8.191735456692721407e-01
9.827349121466768533e-01
9.550952775476387879e-01
8.431677018633539911e-01
9.785567010309278446e-01
1.000000000000000000e+00
9.255913272010511950e-01
8.326616028522709767e-01
8.587091669492483703e-01
9.600591715976330986e-01
7.480708125283703769e-01
9.742198100407055694e-01
9.863601782414954666e-01
1.000000000000000000e+00
1.000000000000000000e+00
7.390848760041913712e-01
9.986151886113111553e-01
9.806525659944252959e-01
9.613686534216335788e-01
9.921671018276762011e-01
8.567907995618838646e-01
9.989367357788410118e-01
9.128649635036496512e-01
9.859776272254608953e-01
1.000000000000000000e+00
7.106816961889426132e-01
8.770223420647149659e-01
9.592625631876301462e-01
8.002533019721367324e-01
1.000000000000000000e+00
8.169934640522875657e-01
9.886140853566580677e-01
6.353312302839116965e-01
6.676732521240659191e-01
9.969978165938864212e-01
8.317233655326893293e-01
9.546763680460815804e-01
8.646808510638297474e-01
9.870981167412340440e-01
9.426273458445040276e-01
7.326189882880638216e-01
9.995169082125603399e-01
4.131028207461328594e-01
7.594445274003285284e-01
8.695430609818243228e-01
7.814354337383441207e-01
8.092903828197945959e-01
9.836206896551724643e-01
7.369968340117594163e-01
8.664727657324167165e-01
7.561983471074380514e-01
9.054485716893310165e-01
9.658797173875581787e-01
1.000000000000000000e+00
9.687966185977125999e-01
9.962374581939799079e-01
9.749682777713692960e-01
8.937020993002332547e-01
9.669908109554822273e-01
1.000000000000000000e+00
6.396396396396396566e-01
9.586439474618387857e-01
9.477430836434234118e-01
7.435133985538069368e-01
8.036677454153182687e-01
1.000000000000000000e+00
9.922174023985710356e-01
6.450844091360476984e-01
9.502334359789410545e-01
5.300074092368486367e-01
2.441686774675399241e-01
9.546023103524391429e-01
6.773265110329389493e-01
9.550765877580674745e-01
7.295576026384623658e-01
9.474253389901006184e-01
9.854451422238640346e-01
9.791859389454209417e-01
6.559363101419176667e-01
4.537177541729893737e-01
8.482693219535324403e-01
1.000000000000000000e+00
8.328887494115800871e-01
9.938448912597456220e-01
6.219855305466237549e-01
9.754080832561123904e-01
9.240019633507853269e-01
9.752690634302725314e-01
9.283508338480543909e-01
6.882383153569594514e-01
8.317178244480344373e-01
9.519593067068575776e-01
9.995030438563796693e-01
9.701339637509850400e-01
9.639016897081412738e-01
9.930488974113135248e-01
3.861199530909700250e-01
8.555516265912305185e-01
9.166089965397924422e-01
9.248962655601660199e-01
9.950617283950616843e-01
1.000000000000000000e+00
9.145205479452054309e-01
6.782483726435032390e-01
7.010586757581195316e-01
8.222381049622217164e-01
9.921353316515802989e-01
9.718409010911650547e-01
1.000000000000000000e+00
9.401802786124009437e-01
9.937821993249245089e-01
9.991328853240840635e-01
9.944347826086956665e-01
9.485725654033622112e-01
9.756758543195187539e-01
9.723782771535580682e-01
9.629812438302073341e-01
