9.300079345703125000e-01
9.949340820312500000e-01
9.820556640625000000e-01
9.489746093750000000e-01
9.925842285156250000e-01
9.915771484375000000e-01
9.876708984375000000e-01
9.903717041015625000e-01
9.876556396484375000e-01
9.730834960937500000e-01
9.391479492187500000e-01
9.639587402343750000e-01
9.810180664062500000e-01
9.842071533203125000e-01
9.672088623046875000e-01
9.797821044921875000e-01
9.703979492187500000e-01
9.905700683593750000e-01
9.904632568359375000e-01
9.858093261718750000e-01
9.626770019531250000e-01
9.573974609375000000e-01
9.542694091796875000e-01
9.309234619140625000e-01
9.177703857421875000e-01
9.847412109375000000e-01
9.934234619140625000e-01
9.975128173828125000e-01
8.898773193359375000e-01
9.927673339843750000e-01
9.833068847656250000e-01
9.801635742187500000e-01
9.510498046875000000e-01
9.721679687500000000e-01
9.593200683593750000e-01
8.907012939453125000e-01
7.708129882812500000e-01
9.531097412109375000e-01
9.763488769531250000e-01
9.938049316406250000e-01
9.896850585937500000e-01
9.510192871093750000e-01
8.822784423828125000e-01
9.924926757812500000e-01
9.923858642578125000e-01
9.978179931640625000e-01
9.506835937500000000e-01
9.844818115234375000e-01
9.902801513671875000e-01
9.708251953125000000e-01
9.204406738281250000e-01
9.923248291015625000e-01
9.832916259765625000e-01
9.928131103515625000e-01
9.843292236328125000e-01
9.959869384765625000e-01
9.985198974609375000e-01
9.989318847656250000e-01
9.532470703125000000e-01
9.948577880859375000e-01
9.956970214843750000e-01
9.939422607421875000e-01
9.620666503906250000e-01
9.988861083984375000e-01
9.972534179687500000e-01
9.871826171875000000e-01
9.934387207031250000e-01
9.960021972656250000e-01
9.957580566406250000e-01
9.840393066406250000e-01
9.661254882812500000e-01
9.881439208984375000e-01
9.938507080078125000e-01
9.954986572265625000e-01
9.907989501953125000e-01
9.782867431640625000e-01
9.746704101562500000e-01
9.939117431640625000e-01
9.968719482421875000e-01
8.411560058593750000e-01
9.934387207031250000e-01
9.899139404296875000e-01
9.897155761718750000e-01
9.952087402343750000e-01
9.928283691406250000e-01
9.859771728515625000e-01
9.589538574218750000e-01
9.559020996093750000e-01
9.686737060546875000e-01
9.145507812500000000e-01
9.841156005859375000e-01
9.788360595703125000e-01
9.420776367187500000e-01
9.442596435546875000e-01
9.757385253906250000e-01
9.452972412109375000e-01
9.658966064453125000e-01
9.855804443359375000e-01
9.925231933593750000e-01
9.599151611328125000e-01
9.752197265625000000e-01
9.962310791015625000e-01
9.802246093750000000e-01
9.593963623046875000e-01
9.712066650390625000e-01
8.707122802734375000e-01
9.547119140625000000e-01
9.815063476562500000e-01
9.527435302734375000e-01
9.783172607421875000e-01
9.798126220703125000e-01
9.020996093750000000e-01
9.009246826171875000e-01
9.796295166015625000e-01
9.494018554687500000e-01
9.556732177734375000e-01
9.774475097656250000e-01
9.668121337890625000e-01
9.940032958984375000e-01
9.588012695312500000e-01
9.034118652343750000e-01
9.212646484375000000e-01
9.695129394531250000e-01
9.826049804687500000e-01
9.759674072265625000e-01
9.350433349609375000e-01
9.462432861328125000e-01
9.654388427734375000e-01
9.803924560546875000e-01
9.794158935546875000e-01
9.617614746093750000e-01
9.693603515625000000e-01
9.016418457031250000e-01
9.624938964843750000e-01
9.670410156250000000e-01
9.690704345703125000e-01
9.469299316406250000e-01
9.756774902343750000e-01
9.603576660156250000e-01
8.550567626953125000e-01
9.898986816406250000e-01
9.835052490234375000e-01
9.678955078125000000e-01
9.833526611328125000e-01
9.841003417968750000e-01
9.754638671875000000e-01
9.711303710937500000e-01
9.804687500000000000e-01
9.128265380859375000e-01
8.996276855468750000e-01
9.658508300781250000e-01
9.846038818359375000e-01
9.613494873046875000e-01
9.263763427734375000e-01
9.846649169921875000e-01
9.844512939453125000e-01
9.884643554687500000e-01
9.043426513671875000e-01
9.615478515625000000e-01
9.778289794921875000e-01
7.620086669921875000e-01
9.506378173828125000e-01
9.812774658203125000e-01
9.699859619140625000e-01
9.704895019531250000e-01
9.825439453125000000e-01
9.819335937500000000e-01
9.961547851562500000e-01
9.906616210937500000e-01
9.558563232421875000e-01
8.821105957031250000e-01
9.897766113281250000e-01
9.903869628906250000e-01
9.909057617187500000e-01
9.916687011718750000e-01
7.758941650390625000e-01
9.394073486328125000e-01
9.942321777343750000e-01
9.907836914062500000e-01
9.695739746093750000e-01
9.804077148437500000e-01
9.669952392578125000e-01
9.231567382812500000e-01
9.679412841796875000e-01
9.261932373046875000e-01
9.623718261718750000e-01
9.974822998046875000e-01
9.874572753906250000e-01
9.859313964843750000e-01
9.672393798828125000e-01
9.851989746093750000e-01
9.855651855468750000e-01
9.914855957031250000e-01
9.771575927734375000e-01
9.907073974609375000e-01
9.959259033203125000e-01
