1.000000000000000000e+00
9.607703281027104580e-01
9.399775316963568939e-01
8.854728600754284695e-01
9.666569172272594379e-01
8.964781216648879392e-01
9.984579799537394162e-01
9.983273596176821529e-01
9.266134254262896608e-01
8.346029327747095383e-01
9.519532066012116323e-01
5.472722784497654480e-01
1.000000000000000000e+00
7.604087812263436996e-01
9.264592722875673036e-01
7.226753670473082813e-01
7.972831765935214365e-01
8.888018794048551108e-01
9.850666666666666460e-01
8.102687525070196850e-01
8.430571761960327093e-01
4.095375722543352359e-01
9.373874931517570674e-01
7.342663739480423946e-01
7.799410029498524688e-01
9.864157119476268942e-01
9.597440132122213585e-01
9.305555555555555802e-01
1.000000000000000000e+00
9.984585741811174975e-01
9.732710651828299087e-01
9.355613368020812004e-01
8.986410671986037046e-01
8.646452289409297665e-01
1.000000000000000000e+00
1.000000000000000000e+00
2.936085219707057145e-02
5.245191474614451232e-01
1.000000000000000000e+00
8.663043478260870067e-01
9.870936902485659692e-01
9.842977609770282577e-01
9.544910179640718750e-01
9.546298752984876401e-01
1.000000000000000000e+00
9.768408551068883394e-01
4.677505806682151213e-01
9.963898916967508512e-01
9.956255468066491643e-01
8.125976054138469573e-01
6.410822298512343087e-01
9.764751552795031264e-01
5.816520746098210459e-01
1.000000000000000000e+00
9.991581074254924921e-01
9.997272975184073873e-01
9.990476190476190732e-01
9.951287404314543839e-01
1.000000000000000000e+00
9.797148487307291154e-01
1.000000000000000000e+00
9.509851033157136202e-01
1.000000000000000000e+00
9.807017543859649633e-01
9.507389162561575846e-01
1.000000000000000000e+00
9.497528830313014536e-01
9.938744257274119143e-01
9.155435759209343827e-01
1.000000000000000000e+00
9.028187919463087630e-01
9.027431421446383553e-01
9.280706310049338104e-01
9.905753968253968589e-01
1.000000000000000000e+00
1.000000000000000000e+00
9.450141828496617658e-01
9.927644710578842346e-01
9.911547911547911038e-01
8.107726398324689443e-01
9.902215431627195974e-01
9.761391880695939882e-01
8.586956521739130821e-01
9.645360824742268413e-01
1.000000000000000000e+00
9.364323258869907685e-01
8.425050379786079846e-01
8.688821069289024424e-01
9.651545036160420477e-01
7.591352700862460390e-01
1.000000000000000000e+00
9.860884686447125569e-01
1.000000000000000000e+00
1.000000000000000000e+00
7.673768774013273175e-01
9.995014679000719937e-01
9.906542056074766345e-01
9.688741721854304823e-01
1.000000000000000000e+00
8.986856516976998721e-01
9.994683678894205059e-01
9.438868613138685637e-01
9.910193792342839592e-01
1.000000000000000000e+00
7.487922705314009608e-01
8.835708782742680567e-01
9.634255129348795466e-01
8.583318255834991861e-01
1.000000000000000000e+00
8.514810179390904787e-01
9.825064092896999002e-01
6.705362776025236560e-01
7.140444262462892766e-01
1.000000000000000000e+00
8.339633207335853671e-01
9.689252690616947383e-01
8.950354609929077609e-01
9.883466860888565630e-01
9.769436997319035365e-01
7.500622975330176745e-01
1.000000000000000000e+00
4.488171064604185578e-01
7.900552486187845114e-01
9.077628673348054900e-01
8.167561458038994360e-01
8.613445378151260989e-01
9.982758620689655693e-01
7.415196743554952619e-01
8.744050766790057994e-01
7.820247933884297842e-01
9.113808524231085118e-01
9.808719627778734740e-01
1.000000000000000000e+00
9.835902536051716050e-01
9.968645484949832936e-01
9.806206021455762256e-01
8.917860713095634440e-01
9.658310286377018716e-01
1.000000000000000000e+00
6.556352270637985091e-01
9.664536741214057036e-01
9.674809901310467142e-01
7.760527435133985907e-01
8.570658036677454295e-01
1.000000000000000000e+00
9.943863230415922461e-01
6.822244289970208486e-01
9.543061488030197825e-01
5.794023215608792299e-01
3.041479949442720820e-01
9.693915090868957529e-01
7.767828589702590047e-01
9.715444693346249050e-01
7.403616513135448107e-01
9.623159470925879422e-01
9.915035094200221888e-01
9.893617021276596146e-01
6.768778123918310907e-01
5.907218729676999569e-01
8.809862494073020800e-01
1.000000000000000000e+00
8.252000627647889663e-01
9.981534673779236533e-01
6.527331189710611214e-01
9.679235868557987121e-01
9.362729057591623327e-01
9.768719945042363406e-01
9.752933909820876712e-01
7.719568567026193762e-01
8.606174833961587334e-01
9.644875659382065036e-01
9.996272828922847520e-01
9.654058313632781774e-01
9.938556067588325549e-01
9.913710450623202108e-01
4.101608309599598101e-01
8.715523338048090096e-01
9.397923875432525609e-01
9.448132780082987292e-01
9.989026063100137076e-01
1.000000000000000000e+00
9.204566210045661556e-01
6.811226646377546157e-01
7.462766911896644428e-01
8.166224218909536869e-01
9.951031310283424691e-01
9.764167546638508055e-01
1.000000000000000000e+00
9.562960939633979862e-01
9.955587138035174588e-01
9.980489919791892817e-01
9.975652173913043264e-01
9.616035014423555127e-01
9.888954987110846195e-01
9.705056179775281011e-01
9.869200394866732839e-01
