9.783325195312500000e-01
9.921722412109375000e-01
9.692993164062500000e-01
8.232727050781250000e-01
8.925323486328125000e-01
9.489440917968750000e-01
9.385070800781250000e-01
9.834442138671875000e-01
9.720153808593750000e-01
9.729309082031250000e-01
9.213256835937500000e-01
9.052734375000000000e-01
9.580383300781250000e-01
9.629058837890625000e-01
2.527008056640625000e-01
9.277496337890625000e-01
9.415893554687500000e-01
9.821166992187500000e-01
8.821868896484375000e-01
9.738922119140625000e-01
8.989562988281250000e-01
9.096527099609375000e-01
7.466278076171875000e-01
8.633117675781250000e-01
7.037506103515625000e-01
9.462280273437500000e-01
9.693450927734375000e-01
9.918060302734375000e-01
7.333679199218750000e-01
9.935607910156250000e-01
8.269653320312500000e-01
9.712677001953125000e-01
9.240570068359375000e-01
8.704071044921875000e-01
9.410400390625000000e-01
7.094573974609375000e-01
5.197448730468750000e-01
6.090393066406250000e-01
4.819030761718750000e-01
9.836425781250000000e-01
9.846038818359375000e-01
9.531555175781250000e-01
2.967224121093750000e-01
9.890289306640625000e-01
9.907226562500000000e-01
9.947204589843750000e-01
9.447937011718750000e-01
9.758300781250000000e-01
9.306335449218750000e-01
9.726409912109375000e-01
9.042510986328125000e-01
9.917755126953125000e-01
9.882507324218750000e-01
9.928283691406250000e-01
9.864349365234375000e-01
9.974060058593750000e-01
9.952087402343750000e-01
9.987945556640625000e-01
9.535827636718750000e-01
9.929504394531250000e-01
9.960174560546875000e-01
9.925689697265625000e-01
6.830139160156250000e-01
9.984130859375000000e-01
9.918823242187500000e-01
9.938659667968750000e-01
9.681243896484375000e-01
9.938354492187500000e-01
9.936981201171875000e-01
9.820404052734375000e-01
9.072418212890625000e-01
9.748382568359375000e-01
9.924926757812500000e-01
9.944915771484375000e-01
9.824523925781250000e-01
9.920349121093750000e-01
9.774627685546875000e-01
9.934997558593750000e-01
9.950714111328125000e-01
9.189147949218750000e-01
9.941558837890625000e-01
1.477508544921875000e-01
9.872283935546875000e-01
9.877014160156250000e-01
9.896697998046875000e-01
9.698181152343750000e-01
8.657531738281250000e-01
9.767761230468750000e-01
9.536590576171875000e-01
8.911895751953125000e-01
9.775085449218750000e-01
9.653167724609375000e-01
6.357574462890625000e-01
9.600830078125000000e-01
9.651641845703125000e-01
9.350128173828125000e-01
9.662322998046875000e-01
8.153839111328125000e-01
9.940490722656250000e-01
7.522583007812500000e-02
8.611145019531250000e-01
9.800872802734375000e-01
9.435882568359375000e-01
9.856719970703125000e-01
9.731597900390625000e-01
9.150238037109375000e-01
7.701263427734375000e-01
9.234313964843750000e-01
7.836914062500000000e-01
9.625396728515625000e-01
9.585571289062500000e-01
8.269348144531250000e-01
8.254547119140625000e-01
8.844604492187500000e-01
8.957214355468750000e-01
9.511566162109375000e-01
9.734191894531250000e-01
9.467315673828125000e-01
9.944763183593750000e-01
9.744567871093750000e-01
9.819488525390625000e-01
8.658447265625000000e-01
9.557342529296875000e-01
9.758148193359375000e-01
8.473358154296875000e-01
7.541656494140625000e-01
7.730407714843750000e-01
9.135742187500000000e-01
9.745330810546875000e-01
9.796600341796875000e-01
9.795379638671875000e-01
9.216766357421875000e-01
7.354278564453125000e-01
8.307037353515625000e-01
9.609527587890625000e-01
9.645233154296875000e-01
9.473724365234375000e-01
8.847656250000000000e-01
9.971771240234375000e-01
8.089904785156250000e-01
9.802093505859375000e-01
5.008392333984375000e-01
5.031585693359375000e-01
9.806518554687500000e-01
9.834289550781250000e-01
9.282684326171875000e-01
9.554595947265625000e-01
9.629516601562500000e-01
8.415679931640625000e-01
4.842529296875000000e-01
9.211120605468750000e-01
9.758148193359375000e-01
8.928375244140625000e-01
9.015502929687500000e-01
9.559173583984375000e-01
9.801635742187500000e-01
9.690551757812500000e-01
9.384613037109375000e-01
2.751770019531250000e-01
5.913543701171875000e-01
9.764709472656250000e-01
9.532623291015625000e-01
9.739532470703125000e-01
9.663238525390625000e-01
9.598388671875000000e-01
9.598999023437500000e-01
9.201202392578125000e-01
9.925231933593750000e-01
9.905395507812500000e-01
8.657684326171875000e-01
8.402557373046875000e-01
9.891815185546875000e-01
7.461395263671875000e-01
9.953765869140625000e-01
9.944610595703125000e-01
9.640960693359375000e-01
7.767333984375000000e-01
9.952545166015625000e-01
8.181762695312500000e-01
9.741363525390625000e-01
9.829101562500000000e-01
7.264709472656250000e-01
9.053802490234375000e-01
9.696502685546875000e-01
8.854980468750000000e-01
9.513397216796875000e-01
9.981994628906250000e-01
9.591217041015625000e-01
9.856567382812500000e-01
9.624023437500000000e-01
9.891967773437500000e-01
9.708862304687500000e-01
9.926910400390625000e-01
5.040435791015625000e-01
6.131591796875000000e-01
9.920043945312500000e-01
