9.601613716591024250e-01
6.776034236804564515e-01
8.265125982988283937e-01
4.741967823554685824e-01
5.978356244515939943e-01
9.989327641408751735e-01
1.000000000000000000e+00
7.825567502986857660e-01
9.993524714008201748e-01
8.347933726909160246e-01
1.000000000000000000e+00
1.000000000000000000e+00
9.130434782608695121e-01
7.312641937925813407e-01
1.000000000000000000e+00
9.424376602190631669e-01
1.828631138975966635e-03
9.689376141999478387e-01
9.989333333333333398e-01
6.951464099478540382e-01
1.000000000000000000e+00
4.936416184971098020e-01
9.414573060968928209e-01
3.017746066593486876e-01
7.980825958702064682e-01
4.854337152209492467e-01
1.000000000000000000e+00
5.763888888888888395e-01
1.000000000000000000e+00
9.973025048169557039e-01
9.893680445151032954e-01
9.822893736241744556e-01
4.703902256576486529e-01
4.505417686123732723e-01
9.997798569069895613e-01
1.000000000000000000e+00
1.000000000000000000e+00
6.276208629353664525e-01
1.000000000000000000e+00
4.380434782608695898e-01
6.113766730401529736e-01
8.556266356498982706e-01
1.000000000000000000e+00
8.721146192624038562e-01
8.498273878020713434e-01
1.000000000000000000e+00
4.336251563337502057e-01
9.995874161939143354e-01
2.578740157480314821e-01
9.954450806871421031e-01
1.000000000000000000e+00
9.730590062111801331e-01
7.780738484963837243e-01
1.000000000000000000e+00
9.971375652466745176e-01
9.934551404417780729e-01
9.952380952380952550e-01
9.770354906054279365e-01
1.978260869565217350e-01
9.846992001854641963e-01
8.879415347137636916e-01
9.106198942815953989e-01
1.000000000000000000e+00
8.543859649122806932e-01
7.586206896551723755e-01
8.637187386734324068e-01
6.694810543657331303e-01
9.471669218989280381e-01
8.656783468104223278e-01
1.000000000000000000e+00
7.056107382550335094e-01
1.000000000000000000e+00
9.280706310049338104e-01
9.791666666666666297e-01
7.403924775143090331e-01
7.668711656441717928e-01
9.986908138773729071e-01
9.992514970059880319e-01
9.891891891891891886e-01
9.404387951396497858e-01
9.877769289533995245e-01
9.998342999171500045e-01
8.574016563146997782e-01
9.931958762886597958e-01
1.000000000000000000e+00
8.078186596583443180e-01
9.881413734304759222e-01
9.112693568441279091e-01
9.911242603550295405e-01
9.722537448933272763e-01
0.000000000000000000e+00
9.946201499836974103e-01
1.000000000000000000e+00
9.122068550811786025e-01
6.596227733147048689e-01
9.860411012020162680e-01
6.796196097720937912e-01
9.991169977924945211e-01
9.956483899042646302e-01
1.000000000000000000e+00
1.000000000000000000e+00
9.717153284671532498e-01
4.381597605167795728e-01
9.855143229166666297e-01
7.740203972088030016e-01
6.659283513097072893e-01
9.420160570918822973e-01
9.723177130450515460e-01
8.388045075943164619e-01
6.704213600333750467e-01
9.430704267832905607e-01
7.692113564668769943e-01
4.562903060702221403e-01
5.594978165938864212e-01
3.786924261514769685e-01
5.367591329392148447e-01
5.517730496453900901e-01
7.107481011341171273e-01
8.514745308310991412e-01
8.762770994268627156e-01
7.963768115942029269e-01
1.934713375796178469e-01
7.304763326862774298e-01
8.235094275522337748e-01
4.552133371008759699e-01
9.939309056956115995e-01
9.724137931034482207e-01
3.663500678426051538e-02
8.269434161819143592e-01
9.254132231404958997e-01
9.598430227251985025e-01
9.639841461313113369e-01
9.830281375614113859e-01
5.445673794132273038e-01
9.938684503901895617e-01
9.994232322067135854e-01
8.717094301899367403e-01
9.114104737264697720e-01
9.531635168447001316e-01
8.021695164552307133e-01
9.694710685126020078e-01
9.894839022811843243e-01
1.000000000000000000e+00
7.243797195253506294e-01
1.000000000000000000e+00
9.988517478948711892e-01
5.471698113207547065e-01
8.254693553193602762e-01
1.743640405038281160e-01
8.453406871193841488e-01
7.080420866750055664e-01
7.755036776463063442e-01
8.898710419567718022e-01
6.785511202092573413e-01
8.283836619249645983e-01
9.580347247875877770e-01
9.736355226641998373e-01
8.715818622360678170e-01
1.000000000000000000e+00
9.955745218903113702e-01
7.272973705611276429e-01
9.664208379099324953e-01
6.858842839556832383e-01
5.733520900321543712e-01
9.967210777674816446e-01
7.964659685863874072e-01
9.989313792840240902e-01
8.761581222977146144e-01
8.972778633795582826e-01
8.398851193681565741e-01
9.813489073097211302e-01
9.320412473599204439e-01
1.000000000000000000e+00
8.986175115207373221e-01
9.837008628954937439e-01
9.361283297034679318e-01
1.865275813295615148e-02
9.681660899653978802e-01
1.000000000000000000e+00
9.783264746227708919e-01
9.983652845890920169e-01
9.876712328767123239e-01
9.980556260038887517e-01
8.487349721873317376e-01
9.204104553808454270e-01
8.493099866449027591e-01
9.725448785638859395e-01
9.586854460093896524e-01
8.661567877629062773e-01
9.848996269319595376e-01
1.000000000000000000e+00
7.790144927536232222e-01
9.827912066049935280e-01
9.878379271597593769e-01
1.000000000000000000e+00
9.153504442250740558e-01
