8.928111785254642108e-01
9.726659566915157873e-01
9.432130723183951293e-01
7.588260314759677216e-01
7.206040992448758953e-01
9.778079710144927938e-01
9.886450625159479699e-01
7.203574975173783201e-01
9.970009372071227949e-01
9.621166566446182067e-01
8.805448829898707697e-01
9.906386750124632767e-01
9.390063944909001759e-01
8.344370860927152744e-01
9.651871192341165973e-01
1.848302300109528895e-01
9.975190501506291385e-01
9.028284671532846861e-01
9.306759098786828721e-01
1.000000000000000000e+00
9.005188763642869576e-01
8.986902927580893152e-01
1.000000000000000000e+00
7.579156866292744432e-01
9.879960803527682023e-01
8.015575024335975796e-01
9.896697330719348429e-01
6.318611987381703710e-01
7.785341386016992882e-01
9.923580786026200418e-01
9.756404871902562004e-01
9.687736850083371598e-01
9.478014184397163255e-01
9.896993028821142735e-01
9.994638069705094052e-01
8.457513082481933342e-01
9.980676328502415817e-01
9.808917197452229342e-01
4.464685680155293657e-01
9.855614064888738035e-01
7.890647075445040848e-01
9.729225023342670253e-01
1.000000000000000000e+00
7.019448213478064469e-01
9.009783183500793546e-01
8.954545454545455030e-01
8.750570411609016608e-01
9.595037049801826701e-01
1.000000000000000000e+00
9.868224763799104959e-01
9.719899665551839929e-01
9.991925250893990418e-01
9.605131622792402180e-01
9.892051030421982194e-01
8.685291700903862155e-01
9.603655508095758631e-01
6.310200049394912858e-01
2.618637251522463738e-01
8.235597086307114845e-01
6.018548129197314189e-01
9.476902585215233321e-01
7.757875582849994567e-01
8.441061475750769594e-01
9.261913557443665068e-01
9.939870490286771831e-01
8.426214376370139147e-01
6.882722740082375390e-01
6.314208945787893601e-01
1.000000000000000000e+00
9.926251372979758569e-01
1.000000000000000000e+00
9.793152639087018274e-01
5.366714813031615572e-01
9.538836110182842276e-01
9.988300672711318828e-01
6.229099964425471869e-01
9.614494988434849621e-01
9.882915173237754036e-01
9.927797833935018135e-01
9.980314960629921295e-01
9.276418532014575336e-01
9.570742445467280701e-01
7.509038773220296781e-01
8.850926249563090265e-01
9.164234544972140739e-01
9.833141542002301616e-01
9.780285035629453505e-01
8.240128640343040711e-01
2.945071113290828602e-01
9.574534161490683148e-01
7.110772744575561966e-01
1.000000000000000000e+00
1.000000000000000000e+00
9.997272975184073873e-01
1.000000000000000000e+00
9.937369519832985887e-01
9.206521739130434367e-01
9.530543642054016829e-01
1.000000000000000000e+00
8.616049975973090191e-01
1.000000000000000000e+00
9.245614035087719174e-01
9.792008757525998419e-01
1.000000000000000000e+00
9.651976935749587705e-01
9.969372128637059571e-01
8.885893980233602329e-01
1.000000000000000000e+00
8.359194630872482934e-01
9.966749792186201384e-01
9.215788106985198791e-01
9.925595238095238360e-01
9.611610793131643016e-01
9.698828778583379329e-01
9.191213906465924843e-01
9.970059880239521277e-01
9.862407862407862602e-01
9.274113034796795940e-01
9.821237585943468629e-01
9.812030075187969658e-01
9.930635838150289052e-01
9.579689984101749101e-01
8.448089790632419271e-01
8.758331746334031553e-01
8.296597716740138351e-01
9.378698224852071164e-01
7.666817975487970616e-01
9.124830393487110003e-01
5.169546788392566095e-01
9.362054681027340841e-01
8.698240165631470067e-01
9.795876288659793873e-01
1.000000000000000000e+00
8.069973718791064732e-01
7.651526895055029698e-01
4.380523306186103194e-01
9.214586255259467062e-01
8.249999999999999556e-01
9.474187380497132160e-01
7.906368130270426953e-01
9.305389221556886747e-01
9.989741485432909185e-01
5.930466237942122465e-01
9.957231449141065172e-01
8.099640052356020803e-01
9.750400732768490508e-01
9.302038295243977295e-01
8.439523710048046912e-01
9.222414218711428857e-01
9.935032483758120536e-01
1.000000000000000000e+00
9.610860723315378662e-01
6.446049871824749422e-01
7.484326018808777903e-01
8.136256851996868100e-01
9.578666666666666440e-01
8.949057360609706802e-01
8.529754959159859817e-01
3.670520231213872941e-01
7.500978320419503520e-01
6.361141602634468040e-01
7.609636184857423435e-01
9.528641571194762516e-01
9.748142031379025685e-01
9.427083333333333703e-01
7.041602465331279204e-01
8.062286842577633950e-01
9.155048982667671753e-01
9.992545657845695040e-01
9.839243498817966671e-01
9.869431643625191652e-01
9.966442953020133722e-01
5.444379293013905663e-01
8.310643564356435808e-01
8.723183391003460629e-01
9.829875518672198664e-01
9.967078189300411228e-01
9.985138950809927527e-01
8.838356164383561753e-01
8.441964663116070522e-01
7.326395119325318506e-01
9.804982642434143525e-01
9.148983528713459101e-01
9.954241464273143603e-01
9.996870109546165395e-01
9.265228079759628699e-01
9.939598507727838150e-01
9.965315412963364761e-01
9.784347826086956523e-01
9.467820551079280111e-01
9.293410007270804796e-01
9.778089887640449840e-01
9.721125370187562176e-01
9.953769950467804550e-01
9.971234610516626073e-01
9.090545938748335608e-01
