9.049203787210675642e-01
9.952255350405662115e-01
9.787549490354645609e-01
9.893480619390472297e-01
9.873119562827800122e-01
9.889464375947448760e-01
9.435335713542930547e-01
9.979008611427909736e-01
9.818607664324512374e-01
9.983404568440499283e-01
9.892827286406955523e-01
9.308384053240107425e-01
9.691606238538283957e-01
9.978362783988460327e-01
9.765169987730442092e-01
9.680854501971430937e-01
9.821515035146010097e-01
9.989738570346047286e-01
9.929885620638969623e-01
8.971578663793103869e-01
9.816671393063872708e-01
8.942921380910937579e-01
7.332765026619272319e-01
9.878184938925828051e-01
9.754613206626093769e-01
9.985945668009255094e-01
9.772162069097447556e-01
9.889304834359778917e-01
9.804121918344276265e-01
9.776150762865269961e-01
9.607144692000753050e-01
9.527647228490473408e-01
9.788747157762331952e-01
9.582297720160929400e-01
9.860061880604984452e-01
9.908189880020865647e-01
8.797804417225877360e-01
9.734773720569576128e-01
1.000000000000000000e+00
9.655149290013244068e-01
9.991446850730438811e-01
8.966401097107032925e-01
9.362661351556568201e-01
9.999509114114605302e-01
9.945145932519147136e-01
9.950408593647027677e-01
9.897579655178732061e-01
9.842967873704652204e-01
8.787203958996111508e-01
9.446287008574664190e-01
9.822014692091278754e-01
9.508502294828283796e-01
9.464992901442128570e-01
9.387965468367478472e-01
9.995335748379172713e-01
9.841172546827957612e-01
9.938751428196819226e-01
1.000000000000000000e+00
9.788430070266628258e-01
1.000000000000000000e+00
9.116057039107284821e-01
9.900938477580812913e-01
9.961319256283285295e-01
9.953847041403049989e-01
9.885126392526903949e-01
9.843367495124684119e-01
9.977840881112223226e-01
1.000000000000000000e+00
7.870874900965285637e-01
9.571130896003030575e-01
9.205457203183368131e-01
9.938566127171235554e-01
9.910968721018463823e-01
9.852429971517638885e-01
9.938986106862855996e-01
9.999681147867676145e-01
9.902240072230265033e-01
9.925510586624505249e-01
9.802295804158235315e-01
9.925529820877895260e-01
9.880038719491115451e-01
9.649814554751359186e-01
9.985916717378074958e-01
9.955076536271537657e-01
9.951430375443197640e-01
9.934950938900906081e-01
9.970087076364091416e-01
9.978478119421412273e-01
9.995872575137894067e-01
9.991453965360073131e-01
9.980447948624203702e-01
9.905858916895593502e-01
9.830192794939343059e-01
9.957005931888345263e-01
9.976273919920602973e-01
9.982995054525031220e-01
9.761049894762906520e-01
9.977507951290657262e-01
9.954768835884433287e-01
9.936017650303364812e-01
9.245963824767543526e-01
9.987070159775882638e-01
9.984303630570249277e-01
9.932937222231071894e-01
9.949077125906393704e-01
9.930539777337791252e-01
9.998262517769704871e-01
9.832991260593220151e-01
9.963974334377864173e-01
9.908430359800403098e-01
9.981356893896409233e-01
9.964420654911838593e-01
9.903946742748455101e-01
9.892537219773152035e-01
9.889933767161642741e-01
9.915485632557534679e-01
9.978425536605722845e-01
9.639952593076954734e-01
9.958468240918105785e-01
9.463947766843300302e-01
9.932468701840660996e-01
9.936003749639458205e-01
9.882764395842569272e-01
9.999454882436311642e-01
9.557586127820212329e-01
9.758965215636143942e-01
9.695483386208048060e-01
9.972058318503949081e-01
9.851699410192218398e-01
9.937816171156786949e-01
9.989460370994941441e-01
9.932439112810202975e-01
9.942258542895907603e-01
9.992262145067958290e-01
9.741231903332446818e-01
1.000000000000000000e+00
9.939527636795582044e-01
9.909774668812677545e-01
9.936637034234915289e-01
9.930273790446315640e-01
9.464614148158452256e-01
9.832184893343444143e-01
9.990257595772786825e-01
9.610732521793153849e-01
9.990808823529411242e-01
9.830456755983598693e-01
9.993097691739702970e-01
9.825182307527695613e-01
9.919329917866146484e-01
9.779334225230188471e-01
9.796323973669984753e-01
9.605769060401495585e-01
9.998040656380112745e-01
9.948142866403059115e-01
9.988979823353051346e-01
9.908555336160295157e-01
9.924020113256031284e-01
9.721726050578171074e-01
1.000000000000000000e+00
9.859739570499820305e-01
9.964654604058310605e-01
9.909062748915833385e-01
9.902063070036684067e-01
9.952712054306992462e-01
9.983220443349754003e-01
9.997955621255248948e-01
9.816891568923042932e-01
9.171704297159504193e-01
9.879798911058151889e-01
9.936797487037808407e-01
9.617647974592894444e-01
9.929763379179975535e-01
9.978636581853096432e-01
9.770028031867807883e-01
9.994732305334738109e-01
9.731489402148084666e-01
9.613364007828864022e-01
9.768054823405376563e-01
9.715128421206903342e-01
9.546800230882380722e-01
9.902439837900038899e-01
9.156220074867241765e-01
9.788697222328940351e-01
9.961878937714331306e-01
9.723396341257227737e-01
9.874747474747475051e-01
9.801191847363412979e-01
9.880176616384617194e-01
9.796348684788529493e-01
9.991709172178865339e-01
9.773444164500961762e-01
9.940571678576637371e-01
9.987964348448377105e-01
9.483091530708047667e-01
9.185322091622710738e-01
8.195819146409059064e-01
