5.919924300668283346e-01
9.334568733153638664e-01
8.576995237407994965e-01
8.209784234138004511e-01
6.916890080428954590e-01
8.351648351648351953e-01
8.117242098675289119e-01
8.339845930557105991e-01
8.718578563825432060e-01
8.505629477993859044e-01
8.765617191404297959e-01
9.045576136879825979e-01
8.213987183059348052e-01
9.011945964050462887e-01
5.238424326192121505e-01
2.823160371193307872e-01
8.975889233707328163e-01
9.380974055530268974e-01
9.210223347916186576e-01
6.357944844000621432e-01
8.380504419755089307e-01
7.181080876222238896e-01
2.871904355251921337e-01
8.044633368756641811e-01
7.843288622985622460e-01
9.095561892227828071e-01
9.534606636097772148e-01
7.648415414372861099e-01
8.662757082679442000e-01
8.014005908742750650e-01
8.339118668000234935e-01
7.927530909536051329e-01
7.814645308924484945e-01
8.590211175649511421e-01
6.773197748320319844e-01
8.837559628420788016e-01
5.088313126961658828e-01
8.932128083346100311e-01
6.699106256206553978e-01
8.236618133220792171e-01
8.975406676432040598e-01
5.365602471678682095e-01
5.221697051541751566e-01
8.564897129794259989e-01
9.271974352123965035e-01
9.081427998395507073e-01
8.976596039329732823e-01
8.928346951602765813e-01
7.144509592756571603e-01
9.026568682871678462e-01
9.493081290585795307e-01
8.370184416336776678e-01
8.573343261355175215e-01
8.450972911102632157e-01
8.965253913707521560e-01
9.309254646484000917e-01
7.802596410843833930e-01
5.381708238851096171e-01
8.487104097659011748e-01
8.294965375257346007e-01
8.536846615252784432e-01
8.690278546393653825e-01
9.187729626842547903e-01
9.541807673295562564e-01
8.037974683544303334e-01
8.880383351918266222e-01
8.127633955448525516e-01
8.302684810592129150e-01
3.482159713045119842e-01
9.000141222991102641e-01
5.952720450281425713e-01
8.083021043528394456e-01
7.004029612969731033e-01
9.533333333333333659e-01
8.894380853277835675e-01
8.534482758620689502e-01
7.121546961325966318e-01
9.069590706763651644e-01
9.360174630123696549e-01
9.384121726529345286e-01
9.086728828713757089e-01
8.530805687203791843e-01
8.694812362030904795e-01
9.201089423513391097e-01
8.563692307692307715e-01
8.455406078724464480e-01
9.091405184174624621e-01
8.922670191672174012e-01
4.850750842782715067e-01
9.759240956710812931e-01
7.900311526479750768e-01
9.095685840707964376e-01
9.145233328199600109e-01
9.553210889670443740e-01
9.067357512953367893e-01
9.289191820837390257e-01
4.991539763113367334e-01
9.638991281961266644e-01
9.089399391087739088e-01
8.094612352168200076e-01
2.057674977470712041e-01
8.660924040720437977e-01
9.310344827586206629e-01
9.119153858866303475e-01
9.533093894304771609e-01
9.295975305710554304e-01
9.587272308047036784e-01
9.037952338923213036e-01
9.179453351306392506e-01
9.672388711085249113e-01
9.495081967213114815e-01
9.359720605355064116e-01
8.500619578686493538e-01
7.280487804878048586e-01
9.227736031545271667e-01
9.245522819179664564e-01
9.445228020686412540e-01
9.366852651863420975e-01
9.681357951161405628e-01
4.804469273743016688e-01
9.582352212170033301e-01
9.467753891771683028e-01
8.182912154031287688e-01
9.411350017624251496e-01
7.678258177690641118e-01
8.492421441774491431e-01
8.187878603391068877e-01
8.095639943741209654e-01
7.156751715408700143e-01
9.195044027117587060e-01
9.097090019037258335e-01
9.431464955379524895e-01
9.137271568210795225e-01
8.931828442437923510e-01
8.184878088826861298e-01
6.748564867967853376e-01
5.658730158730158610e-01
6.646884272997032328e-01
8.269923908690428593e-01
8.580728181061236803e-01
2.644708951573455091e-01
8.534150612959719995e-01
7.502148029949674557e-01
9.224729480073897703e-01
8.994304022783908836e-01
9.499277269189430051e-01
9.446616541353383134e-01
8.053834237025561116e-01
8.887873943822790501e-01
7.084439723844928594e-01
7.799261992619925810e-01
8.581002331002330896e-01
7.897822445561138993e-01
8.182792816939158387e-01
9.012552301255229992e-01
9.026920227216597148e-01
8.153200419727176795e-01
5.718631178707224150e-01
5.912452528482909919e-01
8.396540814174224820e-01
7.866381614110101728e-01
8.591157205240174122e-01
9.158212653914659107e-01
9.476715321219342236e-01
7.603960396039604053e-01
8.823368823368823444e-01
8.494550098052628950e-01
7.669102050436011897e-01
9.383493729950422857e-01
9.748739821636293046e-01
2.895585455354164339e-01
9.239142508052871072e-01
7.009282927485537273e-01
8.525355773890822553e-01
9.328049000180147488e-01
6.905275262325715202e-01
8.481742472773863284e-01
9.066738646332410667e-01
8.456536618754277868e-01
7.823398858592264249e-01
8.312627480066753227e-01
8.943199607467464674e-01
9.115873592444605489e-01
9.202593192868719907e-01
8.811101905550953184e-01
8.215053763440860468e-01
8.782696962598578461e-01
9.118728266269250371e-01
9.120873297652483114e-01
9.743460511062950191e-01
9.245601506200090691e-01
9.718191964285713969e-01
9.507811582285915497e-01
8.406537282941777267e-01
8.986251621271076351e-01
7.325048005120545769e-01
