8.748052799868820673e-01
6.344906524227393874e-01
8.528130987632817073e-01
9.226366940785233339e-01
9.034456058846302984e-01
7.642562165011861364e-01
4.884165781083953384e-01
5.997604152801809807e-01
9.291259704482844883e-01
9.333017975402081445e-01
8.776261641758718035e-01
7.242822613924423392e-01
8.759710688454326322e-01
6.595992997471309405e-01
2.930846659985184566e-01
9.172722191168249939e-01
8.117728945013423791e-01
8.046206266101554316e-01
9.380143016277983081e-01
6.057634408602150522e-01
9.298686640673096138e-01
8.156028368794325800e-01
8.578672848449724331e-01
8.000502702023375434e-01
8.135260965449644388e-01
9.165023711834603404e-01
8.570052961001444203e-01
9.040180006428800707e-01
6.218101255436120356e-01
9.260307419122135730e-01
7.762448606669711815e-01
8.613954953535989389e-01
8.479442056605304145e-01
4.357198704344912299e-01
7.814827953174884323e-01
8.650167513238949946e-01
9.080291970802919499e-01
8.601981089599279873e-01
8.523224864772044329e-01
8.731179422835633197e-01
6.569112847031209901e-01
9.061833081979341342e-01
9.583146571044374173e-01
9.107485604606525564e-01
9.245906927978062573e-01
9.405148172182565824e-01
9.194395796847635305e-01
9.274921407565155373e-01
7.645061129439161274e-01
4.325979288608735041e-01
8.619582664526485027e-01
7.777994918897791488e-01
8.580960242124088255e-01
8.848579946649929306e-01
9.457945536022061006e-01
9.583644789953654763e-01
5.466734125980268200e-01
7.274118890549258198e-01
5.777709264683212886e-01
8.694899107993417919e-01
5.005087850213689737e-01
8.343619022474505487e-01
9.456094364351245174e-01
9.233120311197554608e-01
9.568405614917242508e-01
9.164535379369138646e-01
8.944865245728377268e-01
7.252906022197412872e-01
7.032882011605415817e-01
8.709677419354838745e-01
7.947560713518160291e-01
6.002649006622516881e-01
7.153648408147122995e-01
7.453216374269006073e-01
8.440834141610087382e-01
9.027604383409626454e-01
8.221973094170403895e-01
8.096748612212529839e-01
6.567020250723240027e-01
2.247306310928681439e-01
9.069915651358950726e-01
7.326097417526600264e-01
8.498893230945809840e-01
8.951711491442543300e-01
9.679032930387660993e-01
8.881469115191986674e-01
8.176595101300272450e-01
8.534610095247796568e-01
8.147740235220076732e-01
9.771066731612274570e-01
9.740994108110245797e-01
8.211531399192067981e-01
9.652923363615187879e-01
7.983110277050718961e-01
8.155635440896595867e-01
9.063205417607222980e-01
6.629986244841815646e-01
9.136409480584972709e-01
9.176679410158383732e-01
8.792724196277496018e-01
8.706311338686527623e-01
8.343558282208588528e-01
9.284915910685971330e-01
9.215769997153430149e-01
9.559076817085773170e-01
9.359800761793143353e-01
8.058962529537526676e-01
8.696734059097978031e-01
9.244961395768575008e-01
9.394581591156423439e-01
9.648184343174570632e-01
8.333096973650622186e-01
9.600154343317416350e-01
9.422476586888657302e-01
5.588712698214508556e-01
5.122676579925650175e-01
7.175572519083969203e-01
8.677632984405041494e-01
9.148436352958450035e-01
2.113712374581939724e-01
8.919686091167139397e-01
8.233397807865893148e-01
9.565518036187622419e-01
9.290034183539310764e-01
8.517520215633422875e-01
9.564439140811455964e-01
5.999999999999999778e-01
8.226371542805325232e-01
8.049756758421084957e-01
9.018544935805991036e-01
8.783993783993784277e-01
9.306499036804217750e-01
9.295308545843877779e-01
7.418037857231225551e-01
9.583144697893086761e-01
9.614523750310868255e-01
9.162803764573675958e-01
9.386222657525301605e-01
4.310181779972680483e-01
9.822417414550315140e-01
9.430453312669507815e-01
8.753645732062997897e-01
8.301057809403280530e-01
6.464104605842169171e-01
9.734163755126842288e-01
9.657665320008504972e-01
8.753953194180897901e-01
8.395657418576598641e-01
8.715301159745604265e-01
8.590823686284017047e-01
6.197802197802197988e-01
8.957435548499281808e-01
7.727537356879488062e-01
9.812370245603039276e-01
8.439671509791535353e-01
9.608530528775927060e-01
9.300282397238782695e-01
9.787120096398447266e-01
9.506116900770276157e-01
9.527004360952699979e-01
4.269141531322505623e-01
9.698587872315177494e-01
9.502026635784597275e-01
8.655207280080889909e-01
6.618217054263565435e-01
9.189189189189189699e-01
9.597315436241610209e-01
9.476215009445303483e-01
9.225757411228145966e-01
9.713709168873754241e-01
9.075300466028942692e-01
9.146940598481464457e-01
8.985641500694766526e-01
9.744435284418796472e-01
9.487144972405437970e-01
9.542295710520010132e-01
8.578947368421052655e-01
6.728547073309338877e-01
9.369659721181232692e-01
9.540995518953615528e-01
9.610837438423645018e-01
7.542682742573958432e-01
9.726100556954299092e-01
8.435272843314540747e-01
8.916363636363636713e-01
7.095270467126347791e-01
9.054601871778189537e-01
9.627434377646062469e-01
6.122890799108564597e-01
8.765703517587939420e-01
8.933627956461248631e-01
8.256041802743304681e-01
6.931095855580980958e-01
8.609741668309998097e-01
8.963640574339972744e-01
7.904896421845574173e-01
