7.431397130519571403e-01
4.079980372914622233e-01
6.836943195749898283e-01
8.483358547655067694e-01
7.843214238973956753e-01
5.349406437400563430e-01
2.692127460168697306e-01
4.061264822134387220e-01
8.578680203045685460e-01
8.565941101152368953e-01
7.390617403986388112e-01
5.106807414180034588e-01
7.601025331724969858e-01
4.829835507657402327e-01
1.636814951815438457e-01
8.425131926121371961e-01
6.169891172914147015e-01
6.998887962190714074e-01
8.818929486315222332e-01
4.533081054687500000e-01
8.597056762438682886e-01
6.457883369330453815e-01
7.735301539237950941e-01
5.970149253731342753e-01
6.093864134404675115e-01
8.298644261982051074e-01
6.455830388692579414e-01
8.194712356745716964e-01
4.227870880665841602e-01
8.365974282888229974e-01
6.669150521609538140e-01
7.375821287779238400e-01
7.670829240914830427e-01
2.744916820702402727e-01
5.967530767216548959e-01
6.884794213879800173e-01
8.356718493237265122e-01
7.473564954682779815e-01
7.142653046646189052e-01
7.148908857509628234e-01
4.471804605164577118e-01
8.078147904766719289e-01
9.107728644534838214e-01
8.339490569706397016e-01
8.441064638783269958e-01
8.640409610082709913e-01
8.273638968481374922e-01
8.686281859070464906e-01
6.353377647240686654e-01
3.321843042628978560e-01
7.318781560514742157e-01
7.265749920051167710e-01
7.622960652591170838e-01
8.150913954525189631e-01
9.164752215293731075e-01
9.225594045233324048e-01
3.444869343530911343e-01
5.806341240875911858e-01
4.736613917190548584e-01
7.749220026741939771e-01
3.185940063908800357e-01
6.968650663159048353e-01
8.503430531732418807e-01
8.881425988116765646e-01
8.871877518130539819e-01
8.365758754863813484e-01
8.182689236665602328e-01
5.620707070707070541e-01
5.205198358413132276e-01
7.186936124142908611e-01
6.738831615120275398e-01
6.568293605751039932e-01
5.323660714285713969e-01
6.283124128312412848e-01
7.080062794348508382e-01
8.277310924369747358e-01
6.700526029385089899e-01
6.537780401416765086e-01
4.564593301435406758e-01
2.833425567238516685e-01
8.384152525184234150e-01
5.743944636678200988e-01
7.368544490829775917e-01
7.856290600556807835e-01
9.285150078988941846e-01
6.563573883161512024e-01
7.713429855217174280e-01
7.582176129372473206e-01
6.475716064757160995e-01
9.453364817001180809e-01
9.366953607069399279e-01
5.479573712255773055e-01
9.130434782608695121e-01
6.703108427837154437e-01
6.750692520775622985e-01
8.281461434370771535e-01
4.402630617464377005e-01
8.146609788953749209e-01
8.472012102874432182e-01
7.455763130066972444e-01
7.487514150629286380e-01
7.512163477132662859e-01
8.447072508724311479e-01
8.443972726103177173e-01
8.859231013663806387e-01
8.669108669108669396e-01
6.069576852316440618e-01
7.353983462396640469e-01
8.423456339057362463e-01
8.804911612152005462e-01
9.379775726902848110e-01
6.897278561056724433e-01
9.173607255228576340e-01
9.240261311396080757e-01
4.427308958586033683e-01
2.275774018512607688e-01
5.270191748983149571e-01
6.728576083414793407e-01
7.634149282527432634e-01
1.150159744408945639e-01
6.863647991813762728e-01
5.650655021834061209e-01
8.664731494920173693e-01
8.124144226380648481e-01
6.891356066613798514e-01
9.080902586681343092e-01
4.843472073995019334e-01
6.636997675190966506e-01
6.579966246401270924e-01
8.044001375042970636e-01
7.461887771650989043e-01
8.705103969754253157e-01
8.046848668688911799e-01
6.058323677095404092e-01
9.169115682607533735e-01
9.097049689440993570e-01
8.017141108050198639e-01
9.056145675265553363e-01
2.634799235181644605e-01
9.623274897426333796e-01
8.460332665679700659e-01
7.566182032103537791e-01
7.069589620531174790e-01
4.926448147469938421e-01
9.349680170575692673e-01
9.163628999594978231e-01
7.976264062306835934e-01
6.991203518592562505e-01
7.566658037794460334e-01
7.413151689808750167e-01
4.155367231638418257e-01
7.915606162089752207e-01
6.338169470597314614e-01
9.654273668072058667e-01
7.550805886475122630e-01
9.043167445697003481e-01
8.629678170962574724e-01
9.481058640373637436e-01
8.784576697401508261e-01
8.687921520539546583e-01
2.383419689119170848e-01
9.396442914515203970e-01
8.846982758620689502e-01
7.873739587900043801e-01
3.837535014005602485e-01
8.452012383900928683e-01
9.150599270453361189e-01
8.848620910840282461e-01
8.489837398373983879e-01
9.354916646532979163e-01
8.716337522441651720e-01
8.427983539094650034e-01
8.149035956227201893e-01
9.366705471478463663e-01
9.122088558996672703e-01
9.088021778584391974e-01
6.980593607305936033e-01
4.228584950307619494e-01
8.679218870301672606e-01
8.966302367941711982e-01
9.345040341718082733e-01
6.108599472958924359e-01
9.439128514647431301e-01
6.714068054850177436e-01
7.517772511848340722e-01
5.885829609341213242e-01
8.124159569699686001e-01
8.506719761075162145e-01
4.296028880866425981e-01
7.301999480654375319e-01
7.920123751933624279e-01
7.196464008659571032e-01
5.732087227414329744e-01
7.424601829888173299e-01
8.121668234556287391e-01
6.702107094529287101e-01
