7.521362304687500000e-01
9.833679199218750000e-01
9.869995117187500000e-01
7.720489501953125000e-01
6.875305175781250000e-01
5.892791748046875000e-01
9.620056152343750000e-01
9.909820556640625000e-01
9.813232421875000000e-01
9.759368896484375000e-01
5.036315917968750000e-01
8.066101074218750000e-01
8.828277587890625000e-01
8.293914794921875000e-01
7.973632812500000000e-01
7.392425537109375000e-01
7.120666503906250000e-01
7.661590576171875000e-01
9.616394042968750000e-01
9.871978759765625000e-01
6.485900878906250000e-01
6.715698242187500000e-01
7.450408935546875000e-01
9.707641601562500000e-01
7.411041259765625000e-01
9.929351806640625000e-01
9.854431152343750000e-01
8.918304443359375000e-01
9.301452636718750000e-01
9.838256835937500000e-01
5.610809326171875000e-01
9.522705078125000000e-01
7.695922851562500000e-01
9.920806884765625000e-01
8.321075439453125000e-01
9.987487792968750000e-01
6.334533691406250000e-01
7.450561523437500000e-01
7.384796142578125000e-01
9.207916259765625000e-01
8.604583740234375000e-01
9.659118652343750000e-01
7.669067382812500000e-01
9.331665039062500000e-01
9.943695068359375000e-01
7.686920166015625000e-01
9.979858398437500000e-01
9.949951171875000000e-01
9.968566894531250000e-01
9.893493652343750000e-01
9.925384521484375000e-01
9.969177246093750000e-01
9.914093017578125000e-01
9.917297363281250000e-01
7.160949707031250000e-01
9.792480468750000000e-01
9.978485107421875000e-01
2.901611328125000000e-01
8.599090576171875000e-01
9.779968261718750000e-01
9.947357177734375000e-01
9.639892578125000000e-01
9.864349365234375000e-01
9.206848144531250000e-01
9.104309082031250000e-01
8.211669921875000000e-01
9.246673583984375000e-01
9.850769042968750000e-01
9.814300537109375000e-01
8.703918457031250000e-01
9.951019287109375000e-01
9.937286376953125000e-01
8.302001953125000000e-01
6.358337402343750000e-01
9.832611083984375000e-01
9.986724853515625000e-01
4.341888427734375000e-01
9.989166259765625000e-01
8.891143798828125000e-01
8.984069824218750000e-01
9.911956787109375000e-01
9.099884033203125000e-01
9.102325439453125000e-01
9.969177246093750000e-01
9.928741455078125000e-01
9.985656738281250000e-01
9.502105712890625000e-01
9.929809570312500000e-01
9.633331298828125000e-01
9.953460693359375000e-01
9.620056152343750000e-01
8.626556396484375000e-01
9.872131347656250000e-01
9.927673339843750000e-01
4.692230224609375000e-01
9.877624511718750000e-01
9.135131835937500000e-01
9.664001464843750000e-01
9.832458496093750000e-01
6.746063232421875000e-01
9.980163574218750000e-01
9.952697753906250000e-01
9.582366943359375000e-01
9.604797363281250000e-01
9.583129882812500000e-01
9.986572265625000000e-01
9.947662353515625000e-01
6.802978515625000000e-01
9.282379150390625000e-01
9.982452392578125000e-01
9.981994628906250000e-01
8.052673339843750000e-01
9.772949218750000000e-01
9.461212158203125000e-01
8.928527832031250000e-01
9.710693359375000000e-01
9.622344970703125000e-01
9.580230712890625000e-01
9.203948974609375000e-01
9.858398437500000000e-01
9.976043701171875000e-01
9.948120117187500000e-01
7.820281982421875000e-01
9.969329833984375000e-01
9.987182617187500000e-01
9.850006103515625000e-01
9.261169433593750000e-01
9.973449707031250000e-01
9.165039062500000000e-01
9.971923828125000000e-01
8.637084960937500000e-01
9.040222167968750000e-01
8.885040283203125000e-01
8.020172119140625000e-01
9.979400634765625000e-01
8.481903076171875000e-01
9.958953857421875000e-01
9.942169189453125000e-01
9.274597167968750000e-01
9.971923828125000000e-01
9.972839355468750000e-01
4.967498779296875000e-01
9.078216552734375000e-01
8.823394775390625000e-01
5.779876708984375000e-01
9.337463378906250000e-01
9.584350585937500000e-01
8.581542968750000000e-01
9.718627929687500000e-01
7.902069091796875000e-01
8.412628173828125000e-01
9.978179931640625000e-01
8.088684082031250000e-01
9.961242675781250000e-01
8.741607666015625000e-01
9.921112060546875000e-01
9.967498779296875000e-01
8.618621826171875000e-01
8.064727783203125000e-01
9.895782470703125000e-01
9.809112548828125000e-01
8.900909423828125000e-01
8.834991455078125000e-01
8.666381835937500000e-01
9.133453369140625000e-01
8.086700439453125000e-01
9.701080322265625000e-01
8.620300292968750000e-01
9.708099365234375000e-01
9.972381591796875000e-01
9.925689697265625000e-01
8.715972900390625000e-01
9.933166503906250000e-01
9.059906005859375000e-01
9.460754394531250000e-01
9.472503662109375000e-01
9.397735595703125000e-01
9.613494873046875000e-01
9.962005615234375000e-01
7.912292480468750000e-01
9.092102050781250000e-01
9.788208007812500000e-01
9.196624755859375000e-01
5.569458007812500000e-01
9.940490722656250000e-01
9.846496582031250000e-01
9.963684082031250000e-01
4.803771972656250000e-01
9.456329345703125000e-01
9.824981689453125000e-01
8.603820800781250000e-01
9.583435058593750000e-01
9.089355468750000000e-01
8.444671630859375000e-01
9.113311767578125000e-01
8.779144287109375000e-01
8.683166503906250000e-01
9.955902099609375000e-01
9.942932128906250000e-01
9.925842285156250000e-01
9.706115722656250000e-01
9.911651611328125000e-01
9.968566894531250000e-01
9.961395263671875000e-01
9.959106445312500000e-01
9.794921875000000000e-01
9.296417236328125000e-01
9.866790771484375000e-01
9.862670898437500000e-01
9.963073730468750000e-01
7.882080078125000000e-01
9.747467041015625000e-01
9.945220947265625000e-01
8.417510986328125000e-01
9.911041259765625000e-01
9.694824218750000000e-01
9.930572509765625000e-01
9.673156738281250000e-01
9.616546630859375000e-01
8.804931640625000000e-01
8.893127441406250000e-01
9.860229492187500000e-01
9.601745605468750000e-01
9.640045166015625000e-01
9.311065673828125000e-01
9.421844482421875000e-01
9.068756103515625000e-01
9.878082275390625000e-01
4.082946777343750000e-01
8.870086669921875000e-01
9.598541259765625000e-01
7.304992675781250000e-01
9.447174072265625000e-01
8.621673583984375000e-01
9.646759033203125000e-01
9.364624023437500000e-01
9.743194580078125000e-01
9.348449707031250000e-01
9.627838134765625000e-01
9.910125732421875000e-01
8.660125732421875000e-01
7.670288085937500000e-01
9.848175048828125000e-01
9.129791259765625000e-01
9.911346435546875000e-01
9.700775146484375000e-01
8.296356201171875000e-01
7.440185546875000000e-01
9.649810791015625000e-01
5.014038085937500000e-01
9.948425292968750000e-01
9.923248291015625000e-01
9.561462402343750000e-01
9.842987060546875000e-01
9.601745605468750000e-01
9.900207519531250000e-01
9.633178710937500000e-01
9.987030029296875000e-01
9.247741699218750000e-01
9.382171630859375000e-01
6.503448486328125000e-01
9.227142333984375000e-01
9.857482910156250000e-01
9.917297363281250000e-01
9.405059814453125000e-01
9.254150390625000000e-01
9.565277099609375000e-01
9.837341308593750000e-01
9.636383056640625000e-01
7.738800048828125000e-01
8.910064697265625000e-01
9.933776855468750000e-01
9.651489257812500000e-01
9.767608642578125000e-01
9.704589843750000000e-01
9.657440185546875000e-01
9.019012451171875000e-01
9.833221435546875000e-01
9.318695068359375000e-01
9.919433593750000000e-01
7.097778320312500000e-01
9.670867919921875000e-01
9.679107666015625000e-01
9.900970458984375000e-01
9.706268310546875000e-01
9.833984375000000000e-01
9.937744140625000000e-01
9.942932128906250000e-01
9.876861572265625000e-01
9.036560058593750000e-01
9.716949462890625000e-01
9.206848144531250000e-01
9.871368408203125000e-01
9.372863769531250000e-01
9.804382324218750000e-01
8.948516845703125000e-01
9.900970458984375000e-01
9.294738769531250000e-01
8.597564697265625000e-01
8.908843994140625000e-01
9.650421142578125000e-01
9.352874755859375000e-01
9.680786132812500000e-01
9.214019775390625000e-01
9.500579833984375000e-01
9.921722412109375000e-01
9.945983886718750000e-01
9.102783203125000000e-01
9.896545410156250000e-01
9.953765869140625000e-01
8.749389648437500000e-01
9.190673828125000000e-01
8.973236083984375000e-01
7.146453857421875000e-01
9.802246093750000000e-01
9.437713623046875000e-01
9.850463867187500000e-01
9.142913818359375000e-01
8.555908203125000000e-01
7.704315185546875000e-01
9.649047851562500000e-01
9.683837890625000000e-01
9.401702880859375000e-01
7.986907958984375000e-01
9.676513671875000000e-01
9.473419189453125000e-01
9.645385742187500000e-01
9.748687744140625000e-01
9.768371582031250000e-01
9.948883056640625000e-01
9.950561523437500000e-01
9.744415283203125000e-01
9.640350341796875000e-01
9.842987060546875000e-01
9.530792236328125000e-01
8.558349609375000000e-01
9.623870849609375000e-01
9.497222900390625000e-01
9.074859619140625000e-01
8.852691650390625000e-01
9.702148437500000000e-01
8.877868652343750000e-01
9.230194091796875000e-01
9.270477294921875000e-01
9.686889648437500000e-01
8.675384521484375000e-01
9.567260742187500000e-01
9.194030761718750000e-01
9.896240234375000000e-01
9.689483642578125000e-01
9.856719970703125000e-01
9.594268798828125000e-01
8.757171630859375000e-01
9.531250000000000000e-01
9.896087646484375000e-01
9.922332763671875000e-01
9.517517089843750000e-01
9.039154052734375000e-01
9.941864013671875000e-01
9.539947509765625000e-01
9.349670410156250000e-01
8.903656005859375000e-01
9.821472167968750000e-01
9.132537841796875000e-01
9.279785156250000000e-01
9.279937744140625000e-01
9.855346679687500000e-01
9.106292724609375000e-01
9.111633300781250000e-01
8.681488037109375000e-01
9.684600830078125000e-01
9.650421142578125000e-01
9.826507568359375000e-01
9.298858642578125000e-01
9.808044433593750000e-01
9.731750488281250000e-01
9.913482666015625000e-01
7.965393066406250000e-01
9.743347167968750000e-01
9.691162109375000000e-01
9.689331054687500000e-01
9.028778076171875000e-01
9.850769042968750000e-01
9.039001464843750000e-01
9.843597412109375000e-01
9.902191162109375000e-01
9.778289794921875000e-01
9.562835693359375000e-01
9.796752929687500000e-01
9.615936279296875000e-01
9.946289062500000000e-01
7.382659912109375000e-01
9.951782226562500000e-01
8.748168945312500000e-01
8.890228271484375000e-01
7.740631103515625000e-01
9.914703369140625000e-01
9.562530517578125000e-01
8.305053710937500000e-01
9.921264648437500000e-01
7.192382812500000000e-01
9.269256591796875000e-01
9.754791259765625000e-01
9.324340820312500000e-01
9.950103759765625000e-01
9.520874023437500000e-01
9.975738525390625000e-01
9.394531250000000000e-01
9.941253662109375000e-01
9.426574707031250000e-01
9.496154785156250000e-01
9.532928466796875000e-01
9.790039062500000000e-01
9.899139404296875000e-01
9.939727783203125000e-01
9.680938720703125000e-01
9.507446289062500000e-01
9.716949462890625000e-01
9.092712402343750000e-01
9.002380371093750000e-01
9.879455566406250000e-01
4.364166259765625000e-01
9.839019775390625000e-01
9.342803955078125000e-01
9.097747802734375000e-01
4.544982910156250000e-01
9.493865966796875000e-01
9.812774658203125000e-01
9.726867675781250000e-01
9.787139892578125000e-01
9.578094482421875000e-01
6.823577880859375000e-01
9.853057861328125000e-01
9.344482421875000000e-01
8.459320068359375000e-01
9.873962402343750000e-01
9.329376220703125000e-01
9.481658935546875000e-01
9.155426025390625000e-01
9.150848388671875000e-01
8.771820068359375000e-01
9.103088378906250000e-01
9.714508056640625000e-01
5.822601318359375000e-01
8.999938964843750000e-01
9.262084960937500000e-01
9.183807373046875000e-01
9.900970458984375000e-01
9.774169921875000000e-01
9.912414550781250000e-01
9.758605957031250000e-01
9.821014404296875000e-01
9.888458251953125000e-01
9.924774169921875000e-01
9.547424316406250000e-01
9.813690185546875000e-01
9.597930908203125000e-01
9.934082031250000000e-01
9.557037353515625000e-01
9.743652343750000000e-01
9.911346435546875000e-01
9.543457031250000000e-01
9.864654541015625000e-01
6.278533935546875000e-01
6.805267333984375000e-01
9.278411865234375000e-01
9.868316650390625000e-01
9.878082275390625000e-01
9.098510742187500000e-01
9.820709228515625000e-01
9.892578125000000000e-01
9.814758300781250000e-01
9.928588867187500000e-01
9.965057373046875000e-01
9.834594726562500000e-01
9.962005615234375000e-01
9.925842285156250000e-01
9.985351562500000000e-01
9.982757568359375000e-01
9.951477050781250000e-01
9.940338134765625000e-01
9.984893798828125000e-01
9.982910156250000000e-01
9.366760253906250000e-01
9.741821289062500000e-01
9.994659423828125000e-01
9.972381591796875000e-01
9.995117187500000000e-01
9.975433349609375000e-01
9.665985107421875000e-01
9.935455322265625000e-01
9.342956542968750000e-01
9.668884277343750000e-01
9.924011230468750000e-01
9.796905517578125000e-01
9.890594482421875000e-01
9.848937988281250000e-01
9.978332519531250000e-01
9.976043701171875000e-01
9.959259033203125000e-01
9.928131103515625000e-01
9.964447021484375000e-01
9.454193115234375000e-01
9.490661621093750000e-01
9.677429199218750000e-01
8.652648925781250000e-01
9.989013671875000000e-01
9.907684326171875000e-01
9.857177734375000000e-01
9.677124023437500000e-01
9.907379150390625000e-01
9.926757812500000000e-01
9.805450439453125000e-01
9.950866699218750000e-01
9.958190917968750000e-01
9.985961914062500000e-01
9.914245605468750000e-01
9.648590087890625000e-01
9.043273925781250000e-01
9.979095458984375000e-01
9.889373779296875000e-01
9.959869384765625000e-01
9.807739257812500000e-01
9.937286376953125000e-01
9.949188232421875000e-01
9.924774169921875000e-01
9.972839355468750000e-01
9.984283447265625000e-01
9.979705810546875000e-01
9.741821289062500000e-01
9.933166503906250000e-01
9.983367919921875000e-01
9.937744140625000000e-01
9.977569580078125000e-01
9.975738525390625000e-01
8.872833251953125000e-01
9.971313476562500000e-01
9.932098388671875000e-01
9.902038574218750000e-01
9.611206054687500000e-01
9.887237548828125000e-01
9.934844970703125000e-01
8.875885009765625000e-01
9.916229248046875000e-01
9.961242675781250000e-01
9.972839355468750000e-01
9.922485351562500000e-01
9.977111816406250000e-01
9.840850830078125000e-01
9.689025878906250000e-01
9.973907470703125000e-01
9.978027343750000000e-01
9.813079833984375000e-01
9.977416992187500000e-01
9.875488281250000000e-01
9.482116699218750000e-01
9.295501708984375000e-01
9.972991943359375000e-01
9.964447021484375000e-01
9.975738525390625000e-01
9.589996337890625000e-01
9.755401611328125000e-01
9.753112792968750000e-01
9.908142089843750000e-01
8.291625976562500000e-01
7.401885986328125000e-01
7.375030517578125000e-01
9.821014404296875000e-01
9.980621337890625000e-01
9.933013916015625000e-01
9.960021972656250000e-01
9.953918457031250000e-01
9.913482666015625000e-01
9.823608398437500000e-01
9.976959228515625000e-01
9.958496093750000000e-01
9.990081787109375000e-01
9.957275390625000000e-01
9.980621337890625000e-01
9.986114501953125000e-01
9.277191162109375000e-01
9.980468750000000000e-01
9.857788085937500000e-01
9.741973876953125000e-01
9.980316162109375000e-01
9.976806640625000000e-01
8.506011962890625000e-01
9.978027343750000000e-01
9.921112060546875000e-01
9.962005615234375000e-01
9.901885986328125000e-01
9.986267089843750000e-01
9.961242675781250000e-01
9.984588623046875000e-01
9.667358398437500000e-01
9.384613037109375000e-01
9.983825683593750000e-01
9.881591796875000000e-01
9.946746826171875000e-01
9.643096923828125000e-01
