6.469923504867871600e-01
9.154645571583682750e-01
8.390630902908953193e-01
8.351558620689655266e-01
6.887085005472455279e-01
1.425795559519638100e-01
4.182242990654205794e-01
9.160392101150731659e-01
8.585298196948681904e-01
9.085107617334803320e-01
3.370694925616466442e-01
8.340925751387580078e-01
7.745383011832408515e-01
8.386091023253799959e-01
6.654743312005642064e-01
6.964923186217920614e-01
2.698498684414177284e-01
8.337365605980059380e-01
8.687069145602673848e-01
9.753198999852920048e-01
6.751488137218946139e-01
6.213230119634060022e-01
7.070600816984869974e-01
8.032450195111933144e-01
7.469915450112584177e-01
9.510104750820018715e-01
9.061762391817466122e-01
7.544935064935064384e-01
7.153339136923267949e-01
8.619791666666666297e-01
4.611782335862133486e-01
8.475930617813292045e-01
5.966880341880341776e-01
9.621913018139433005e-01
7.468654381484804983e-01
9.639718804920913708e-01
6.545684622242673445e-01
4.877046667075489172e-01
4.220146359558897831e-01
3.051800294471957997e-01
6.249128419671055035e-01
6.923712475901955266e-01
8.570867246702217335e-01
6.046931407942238712e-01
9.088213491475166661e-01
6.813528682235722167e-01
9.689995302959135692e-01
8.910299003322259548e-01
9.814981138853960951e-01
3.877192982456140191e-01
9.424231720240198173e-01
8.932346723044397585e-01
9.634296849626502457e-01
9.300103305785123453e-01
5.792782199710564406e-01
7.342711996873778624e-01
9.397178281316802551e-01
2.669679471085446495e-02
7.217457190483406171e-01
8.726598375132461616e-01
9.200092742870391582e-01
8.553034947884733397e-01
8.399063569241851379e-01
3.005920344456404769e-01
8.878701050620821933e-01
6.366116829964033608e-01
7.941630185532624342e-01
7.380824852704873651e-01
9.265761689291101000e-01
2.095663502698678626e-01
9.286825149966674298e-01
9.163443924282516084e-01
4.924283889801130965e-01
5.107019845825816473e-01
9.424358503437056944e-01
9.660554038236441876e-01
2.718507609229258715e-01
9.470544369873229451e-01
9.050425328960263194e-01
8.730503756244518687e-01
8.944576550210352472e-01
3.665843444647267080e-01
7.920098992398797444e-01
9.676799999999999846e-01
8.346902654867256466e-01
9.791203909373611403e-01
6.739934059346588402e-01
8.537825810553083539e-01
8.028550332266798373e-01
9.311667795080117438e-01
9.296212549462973262e-01
7.577836979629181124e-01
8.658341338456612135e-01
9.420254403131115284e-01
7.645565286851339556e-03
8.038160469667319230e-01
9.156120656284429948e-01
9.397636502899661126e-01
8.007259528130671322e-01
1.423687914739593940e-01
9.574049803407601589e-01
7.823033707865169051e-01
9.047038752132585682e-01
9.338374291115312253e-01
8.833376035528226478e-01
9.668924003009782275e-01
9.506545820745216924e-01
7.603184771666514630e-01
0.000000000000000000e+00
9.450549450549450281e-01
9.776176024279210619e-01
2.008766437069505195e-01
8.873751135331516826e-01
8.012607643383801159e-01
2.729343549389107726e-01
6.599713055954088414e-01
8.253228879949184860e-01
9.242127882310807729e-01
8.608317550084029213e-01
6.282051282051281937e-01
9.698945349952061701e-01
8.569023569023569431e-01
8.400712038602344833e-01
9.584281282316442496e-01
9.139344262295081567e-01
8.803699647073141010e-01
7.880035026269702758e-01
9.634913973982375257e-01
8.850178608951460024e-01
9.652830188679245582e-01
6.433761878144215185e-01
9.050995775497887585e-01
9.136584385966984856e-01
8.780441954676617700e-01
9.755124251768546584e-01
7.751079364361762591e-01
7.745180217937971401e-01
8.958505083814234382e-01
6.582806210465784735e-01
9.519331243469174586e-01
9.710851202079272548e-01
2.765579416087213804e-01
7.639404478136845311e-01
7.101236795609187080e-01
1.113074772661546835e-01
5.934456928838951484e-01
7.747270922924247571e-01
7.608561432393496915e-01
6.239804241435562560e-01
4.098888364307480825e-01
4.654437079286778411e-01
9.719772682735645652e-01
6.235046588518184940e-01
7.897350993377483253e-01
5.573506521389082202e-01
9.741745341925170942e-01
9.561638197159909591e-01
7.491479398154562430e-01
6.216175900235687557e-01
9.032440855645275102e-01
7.854570399588406415e-01
8.642249910463516427e-01
6.664919407679202878e-01
7.067310918730286273e-01
8.152509840918702455e-01
5.805091833662305856e-01
8.177165720666232929e-01
6.837134462012033342e-01
8.140371342471079963e-01
9.581309275965764760e-01
8.327035383029887106e-01
3.942992874109263468e-01
9.056034482758620330e-01
8.243277921929799135e-01
7.213812677388836692e-01
8.535479771234907309e-01
8.795948872822672016e-01
9.159337559324284284e-01
9.542867633559757312e-01
4.615081863979849097e-01
2.150395778364116162e-01
8.214561358374067312e-01
9.072263043823016737e-01
1.531237239689669238e-01
9.504573170731707155e-01
9.497653051033656535e-01
9.457611668185961218e-01
1.551133826229345591e-01
8.908227363260303733e-01
9.210653086504714260e-01
8.391180504272602869e-01
6.714010592200289063e-01
7.732005776392795182e-01
7.649486913409431210e-01
9.194561104411825836e-01
5.236649401678871163e-01
7.723555790029016377e-01
9.778357235984355134e-01
9.100961538461538325e-01
9.133380884450784665e-01
9.305345163384548535e-01
8.804460045426388826e-01
7.695749440715883294e-01
8.935633151030710764e-01
9.556438265475007965e-01
8.606387391124015185e-01
9.286322338993019399e-01
9.312436008505946550e-01
9.411302982731554190e-01
9.211212516297262454e-01
7.322737443098525922e-01
9.044843308131816917e-01
9.417491481421386146e-01
7.013906884339639047e-01
8.742179072276159424e-01
9.377179870453412613e-01
9.678921741584927130e-01
9.713114754098360892e-01
9.532856213402732815e-01
8.831811944394726277e-01
8.850432632880098627e-01
9.353290031064670496e-01
8.889928547124872349e-01
9.474645346636082488e-01
9.449262634024957475e-01
8.858081432144901957e-01
6.323272486294354566e-01
9.396480096684040051e-01
3.796909492273730646e-01
8.721755191520946804e-01
9.381741275995769680e-01
5.373290721433436889e-01
9.448327318685000309e-01
8.766404916353703891e-01
9.687478906513669052e-01
9.180637544273907436e-01
9.781895937277262920e-01
9.173537723067394234e-01
9.641128260965525776e-01
9.830254474192340330e-01
8.007894915946368597e-01
7.009089484406832993e-01
9.311084954649311296e-01
8.984924265347169481e-01
9.778843591793232592e-01
9.343290579685877839e-01
8.681117476817671319e-01
7.240063174519610900e-01
9.716789041772073698e-01
6.206199930337861215e-01
9.405348346235046231e-01
9.721005047423595391e-01
9.329037680347387340e-01
9.720159908623643430e-01
9.689780588109444537e-01
9.648840206185567148e-01
9.073317400354636852e-01
9.861676159479251247e-01
8.680901161235082819e-01
9.302389690046690696e-01
7.611901412120264387e-01
9.011880840437777040e-01
9.458110930610350575e-01
9.520778072502210643e-01
9.396971712266266596e-01
9.006544449412625664e-01
8.620806506269060865e-01
9.383886255924170916e-01
9.634077054189763567e-01
8.052207515674084659e-01
8.475184117835414810e-01
8.794444444444444731e-01
9.510081510081510592e-01
9.416497452204896090e-01
8.893967093235831678e-01
9.649476165940636951e-01
8.677568651650725551e-01
9.665165579144073815e-01
9.407125121164239268e-01
9.581284694686756920e-01
6.715252832274108963e-01
9.193494111048794437e-01
9.157012867278631063e-01
9.799536679536680062e-01
9.534067529952802156e-01
9.090148854323465422e-01
9.796691249750847375e-01
9.767730716681157777e-01
9.741453881395572001e-01
9.323504832108342466e-01
9.585057599821048546e-01
8.708186291565187531e-01
9.441462929835022777e-01
9.004746222394420796e-01
9.715275618531514779e-01
8.258133009782361311e-01
9.692868297761582097e-01
9.405102067083687123e-01
8.242268928455315224e-01
9.309795670176725935e-01
9.587526781052517766e-01
9.036771218969316122e-01
9.623822196648205152e-01
8.537271049268777556e-01
9.627293120921917025e-01
9.752592235350856509e-01
9.753619153674832898e-01
8.668839989133387824e-01
9.817937701396347583e-01
9.714070019816929413e-01
8.347247428917120571e-01
9.229540106330438309e-01
8.571003843785173215e-01
6.801662362538694051e-01
9.547106513838412578e-01
9.694452045139838603e-01
9.906714641993641379e-01
9.425023799531174751e-01
8.775394011542144712e-01
6.772775048799845043e-01
9.666008364312267398e-01
8.992021794123370437e-01
9.408481301009247177e-01
8.261585695273484520e-01
9.255617977528090012e-01
8.524393894043699182e-01
1.964038727524204664e-01
9.328276030833231314e-01
9.689176460952536596e-01
9.828090521886385655e-01
9.108420473307650145e-01
9.780036507373701671e-01
6.835816888172908667e-01
9.499050679129545927e-01
9.280381924130022275e-01
8.991417225329860763e-01
9.180927064296394713e-01
9.538146699746296031e-01
8.400221641731971944e-01
7.775904398497353043e-01
9.762576627420453956e-01
8.136246135131025570e-01
9.242094193645309375e-01
9.321218144388443427e-01
9.764695089787399640e-01
8.033258569519019510e-01
9.657694628847314222e-01
9.417280790785931277e-01
9.742677665935064457e-01
9.309818551806002818e-01
9.622906710573873035e-01
9.408045593178833155e-01
8.572229915683559076e-01
9.035539369584327796e-01
9.818849253850451264e-01
9.667124452292198411e-01
9.645173597863411219e-01
8.970321314692175640e-01
9.884408846818968364e-01
9.394420230180569042e-01
9.005088939726411112e-01
7.762867017467385278e-01
9.667972075600204107e-01
8.564285173119176031e-01
8.770513154467308725e-01
9.089786864692834811e-01
9.805920648568972053e-01
8.540311526479750226e-01
9.310385672320666828e-01
9.221917068119400707e-01
9.613637638086692805e-01
9.154830855498580222e-01
9.546668793110322238e-01
9.351034531459642141e-01
9.591293047433397945e-01
9.363504706734250282e-01
9.721225232312306064e-01
7.533846267662942520e-01
9.692650659649891809e-01
9.423296102119900208e-01
8.837501427429484968e-01
9.321855123110197594e-01
9.576879813100285244e-01
8.152429007275286965e-01
9.788061121104977280e-01
9.309341665768774421e-01
9.341550731862056089e-01
9.745841650033266745e-01
8.686649576020508690e-01
9.276245794634384589e-01
9.486131386861313963e-01
8.111880414322982791e-01
9.177511712649661924e-01
9.303435276537214138e-01
8.094327263199266875e-01
7.037711313394018342e-01
9.727489884463510483e-01
9.394035465939594154e-01
7.888614331876069308e-01
9.785250541035458438e-01
4.929213599255967415e-02
8.509446294624793961e-01
9.855717864229343039e-01
9.515101075363017191e-01
9.624181128605907576e-01
8.828533054767945254e-01
9.718234981392875893e-01
9.643114117139156560e-01
9.336778639104220678e-01
8.407222175129269726e-01
9.383541184377567346e-01
8.645994603441411464e-01
8.999127145766656621e-01
9.553408553476115950e-01
9.790239498698953824e-01
9.600305839625346005e-01
9.453881031332476148e-01
9.623250807319698730e-01
7.816378993756886162e-01
7.758348762257423203e-01
9.549241127467762436e-01
2.183895884033435486e-01
9.190516381493132325e-01
6.411132405632864462e-01
8.615125184439187400e-01
1.095446846667330887e-01
9.420459509041669843e-01
9.847226545477183457e-01
8.369466205137547909e-01
9.309371751076785939e-01
9.423658155289212912e-01
7.303392618884153586e-01
9.721829053409977162e-01
7.925840092699883987e-01
8.791863595572838586e-01
9.383674078495747306e-01
8.986089002699149120e-01
9.536277387209064482e-01
7.864006483232354183e-01
8.146297591685820461e-01
9.022859432095468035e-01
8.408081464630050572e-01
8.079646925998152929e-01
6.915997341474130478e-01
8.270438591861508648e-01
9.131059762101556565e-01
9.342430389083533626e-01
9.342385246732192172e-01
9.440665154950869109e-01
9.476945507563331317e-01
9.650077416500774108e-01
9.855251304959462555e-01
9.433025672845730680e-01
9.645909645909646057e-01
9.534409142283059024e-01
9.575082651818339619e-01
8.993929212324844880e-01
9.349005424954791588e-01
9.232152775940963840e-01
9.187149216179600897e-01
9.662777874513901466e-01
9.209093312186095170e-01
8.921842713018111048e-01
5.814843414843414715e-01
3.598618032837007097e-01
9.401869395292361542e-01
9.837595739475714085e-01
9.740001952425889620e-01
9.259314979188606465e-01
9.582311329138673006e-01
9.835567804923622814e-01
9.375514403292181109e-01
9.089494163424124418e-01
9.335654192051059397e-01
6.450556647020301293e-01
9.233138281490607113e-01
6.958698372966207746e-01
9.668279198341396263e-01
9.128758673862760187e-01
7.367549668874172619e-01
9.046108807026104204e-01
9.671205579541680697e-01
9.619306594153637091e-01
2.037605525709900167e-01
7.699836867862969170e-01
9.820788530465950350e-01
9.516688918558077193e-01
9.139784946236558794e-01
9.295404814004376570e-01
7.661074901164653950e-01
9.222569380628561353e-01
8.561213579256883310e-01
8.346288675506782218e-01
9.689487467265245346e-01
5.705066150371087552e-01
9.667331693963717720e-01
8.750315576874526657e-01
9.807483731019522866e-01
9.404174573055028574e-01
9.358943577430972605e-01
8.579185520361990447e-01
9.402717251986669744e-01
3.923900118906064050e-01
8.695380286093957745e-01
7.621512151215121822e-01
5.304190597745160884e-01
9.677996422182468805e-01
9.419886853964906104e-01
9.704470825966152736e-01
9.227173119065010809e-01
8.893748860944049595e-01
8.817733990147783585e-01
7.337648778450616138e-01
9.521545319465081203e-01
9.534962661235573123e-01
9.812703583061889168e-01
9.335068622811169003e-01
9.309838472834067735e-01
1.272271714922048880e-01
9.538565173459077062e-01
8.379163872121618839e-01
9.316350402911359740e-01
7.523584905660377631e-01
8.716026241799437191e-01
9.659891737309774795e-01
8.713801200104357436e-01
9.532317393589070376e-01
9.739833291235160395e-01
9.288389513108614715e-01
8.162068216380621299e-01
9.270729270729270999e-01
9.772014222965906827e-01
8.738404452690167190e-01
9.205834683954619013e-01
9.620253164556962222e-01
7.951412962089907666e-01
9.529999999999999583e-01
9.025191675794085322e-01
9.032549728752260476e-01
7.706983441324694040e-01
8.507372248030701245e-01
9.289635667942106600e-01
4.471294559099437405e-01
9.192290716492570457e-01
8.396464646464646409e-01
9.509911894273127553e-01
8.819702602230483635e-01
9.750499001996008053e-01
8.715359034363837631e-01
8.990789343369317566e-01
9.367369589345172498e-01
9.594594594594594295e-01
7.323574393707669161e-01
9.671257219013771333e-01
8.417377812257563763e-01
6.207821229050278777e-01
8.145559705988673072e-01
9.357997823721436736e-01
7.331042382588773831e-01
9.362725450901803192e-01
7.909112131351645480e-01
8.474931024640852684e-01
9.005776084552046257e-01
9.514124293785310993e-01
2.370178547090091292e-01
6.845975734000184776e-01
1.662385498957980046e-01
9.268931131193518524e-01
9.414476717381281556e-01
8.893370305016384814e-01
9.562896229562896089e-01
9.013071895424836777e-01
8.434998619928236741e-01
8.192055051610884764e-01
9.394304051343762563e-01
9.505993461678169387e-01
9.611476389719068036e-01
9.723429474516001036e-01
9.366583541147132097e-01
9.749931299807639284e-01
7.523655183229651655e-01
8.674948240165631930e-01
9.259023692160915919e-01
9.506695061116134937e-01
9.233511586452762820e-01
9.730782855118668140e-01
2.061136787480742638e-01
9.345454545454545681e-01
8.558684137161973737e-01
8.199566160520607161e-01
8.141081237351835975e-01
9.510869565217391353e-01
8.777670837343599652e-01
9.252405625462620797e-01
7.749328928350196488e-01
6.833634293789746517e-01
9.623044096728307073e-01
6.842961757526444533e-01
9.067592839967940632e-01
7.914772220736382424e-01
