9.935316199826740302e-01
9.993001621575489102e-01
1.000000000000000000e+00
9.933021806853582492e-01
6.133315083493019459e-01
5.747574962874024695e-01
1.000000000000000000e+00
9.999027978032303254e-01
9.963662671204722709e-01
9.726718192215714209e-01
4.319491495826494054e-01
9.746171693735499186e-01
8.598571621075327132e-01
9.072527157351306659e-01
9.829079192468408444e-01
7.022255770916528972e-01
6.958855098389982174e-01
9.591504597607616311e-01
9.810444388651770042e-01
9.903881776643477242e-01
4.676351368362748340e-01
5.914538354504241813e-01
8.678616847332404349e-01
9.860780816488307066e-01
7.004347567149068476e-01
9.965782157369174055e-01
9.845686612492817735e-01
8.980247006836121759e-01
9.761298535964353373e-01
9.829653199627165217e-01
9.977158706203858030e-01
9.449663957211724696e-01
1.000000000000000000e+00
9.913446362201516759e-01
9.518141153081510764e-01
9.987739772797814553e-01
7.514524982970709477e-01
7.552242115182085103e-01
7.593203236210965823e-01
9.193894030685135776e-01
8.445541125541125016e-01
1.000000000000000000e+00
9.277083333333333570e-01
1.000000000000000000e+00
9.991322594386506939e-01
7.098784668120909913e-01
9.983293142307753110e-01
9.948905678012306408e-01
9.996493395895603706e-01
1.000000000000000000e+00
9.961488879097926130e-01
9.968928737053640576e-01
9.988199566160520515e-01
1.000000000000000000e+00
6.661915732750205432e-01
1.000000000000000000e+00
9.979976717112921669e-01
1.000000000000000000e+00
9.990335123957654329e-01
9.962442737806521675e-01
9.999841792178205679e-01
9.603232916972813671e-01
9.861372663828710250e-01
1.000000000000000000e+00
8.839974760957142186e-01
7.883637153563476385e-01
9.986703947754336230e-01
1.000000000000000000e+00
9.996999488147978452e-01
9.122440655844685775e-01
9.999207983526057220e-01
9.999840954274353821e-01
1.000000000000000000e+00
9.962149628316170347e-01
9.810890178318709687e-01
9.989110312534030811e-01
3.673695704097997283e-01
9.997840972179384833e-01
9.921511017838404722e-01
9.612651600149596520e-01
9.998400614164161260e-01
1.000000000000000000e+00
9.999174508832755492e-01
9.990219813695467854e-01
1.000000000000000000e+00
9.995416251758421078e-01
1.000000000000000000e+00
1.000000000000000000e+00
1.000000000000000000e+00
1.000000000000000000e+00
9.967062346273125595e-01
9.993173900762639672e-01
1.000000000000000000e+00
1.000000000000000000e+00
1.000000000000000000e+00
1.000000000000000000e+00
9.995537553206096382e-01
9.780890424021529972e-01
1.000000000000000000e+00
1.000000000000000000e+00
9.983138963046227499e-01
1.000000000000000000e+00
1.000000000000000000e+00
9.998880755713741575e-01
9.894194862509901878e-01
9.997351199750701412e-01
9.991927541613523367e-01
9.525887387765377134e-01
1.000000000000000000e+00
9.999224048295234368e-01
9.987444373808009868e-01
8.003816555089783291e-01
9.896756416580204663e-01
9.626089549097669451e-01
1.000000000000000000e+00
9.851745576279292704e-01
9.793563847997260874e-01
1.000000000000000000e+00
1.000000000000000000e+00
9.993893177583264009e-01
9.981101812002731721e-01
1.000000000000000000e+00
6.806601903251388030e-01
9.991279945460022072e-01
1.000000000000000000e+00
1.000000000000000000e+00
1.000000000000000000e+00
9.998256099687683474e-01
1.000000000000000000e+00
9.988070432168477675e-01
1.000000000000000000e+00
9.887773383362066237e-01
9.180389397138165597e-01
8.933150183150183610e-01
9.995218513914124747e-01
1.000000000000000000e+00
1.000000000000000000e+00
9.999842589094573020e-01
1.000000000000000000e+00
9.987266353303674293e-01
9.992469879518072196e-01
1.000000000000000000e+00
9.999798877737776648e-01
8.732851985559566543e-01
5.665318788790671967e-01
9.348467028629428022e-01
1.000000000000000000e+00
9.987952387836730450e-01
9.926543387307974475e-01
7.750593510946979237e-01
8.895686109060225721e-01
9.981279053164315851e-01
1.000000000000000000e+00
1.000000000000000000e+00
9.999808054051978479e-01
9.968615850799033007e-01
9.991752838926600822e-01
9.997905710429562109e-01
1.000000000000000000e+00
9.987690513597123898e-01
9.999193548387096397e-01
9.995483415666901461e-01
8.870851052566568473e-01
8.658506915202215382e-01
9.998309918664836093e-01
8.555186657916071802e-01
9.803703949112112515e-01
1.000000000000000000e+00
9.998485995457986331e-01
9.991632063406855613e-01
1.000000000000000000e+00
1.000000000000000000e+00
9.998412874759947666e-01
9.998219373219373596e-01
1.000000000000000000e+00
9.999615436383563205e-01
1.000000000000000000e+00
9.999796768621075360e-01
9.965186704182364963e-01
9.997391474469056183e-01
1.000000000000000000e+00
9.994425224220760962e-01
9.285214865809713336e-01
1.000000000000000000e+00
9.937370533402382078e-01
9.970100570807284290e-01
9.977117788158060829e-01
1.000000000000000000e+00
9.999578405952908033e-01
9.993072033531357201e-01
9.973933576619951058e-01
1.000000000000000000e+00
1.000000000000000000e+00
8.180033769523005205e-01
9.691274677954968553e-01
1.000000000000000000e+00
9.350264362984758160e-01
9.987107280993418046e-01
9.999051758198340689e-01
1.000000000000000000e+00
9.955435145375660655e-01
9.989187985944382175e-01
1.000000000000000000e+00
1.000000000000000000e+00
9.967563594528953130e-01
9.965477178423236548e-01
9.861292688370906223e-01
9.994726276751386695e-01
9.992867456465389653e-01
9.989991398858394378e-01
7.143575504492883921e-01
9.906319045514803134e-01
9.987810941284021027e-01
9.981423429699292083e-01
9.964056116793869045e-01
9.615232050773502293e-01
9.994678477014453666e-01
9.857225895516965597e-01
9.964813136429065965e-01
7.832850133809099447e-01
9.960954162155067904e-01
9.853043611219652886e-01
9.972822988330989347e-01
9.997852746099155086e-01
9.823695345557122982e-01
9.257634188572327893e-01
9.967073798837465803e-01
9.869124517228002880e-01
9.949218227983429585e-01
9.924212687581146497e-01
9.424558323274443428e-01
1.000000000000000000e+00
8.950967891503419649e-01
8.679587482219061068e-01
9.266879067245119561e-01
9.880788509986234702e-01
9.488372093023256237e-01
8.979396720684544864e-01
9.388734138037758692e-01
9.940430478009091297e-01
8.166308183849478874e-01
1.000000000000000000e+00
9.999135277230120078e-01
9.996821176742572979e-01
9.967864111098359015e-01
9.679527190450183394e-01
7.705692052111567936e-01
9.103467047735701589e-01
9.253401558320735187e-01
8.388729311995622995e-01
9.962397030002708709e-01
9.970409483140493245e-01
9.491216366466532772e-01
9.789663713841890713e-01
8.992940030836646947e-01
9.972880872094060933e-01
1.000000000000000000e+00
9.998398231647739332e-01
9.948223691583548689e-01
9.987548502924653571e-01
6.770613694373543989e-01
1.000000000000000000e+00
9.986201772541527522e-01
9.909894932836813553e-01
8.892239417387346467e-01
9.885709882884733402e-01
9.999814071099211166e-01
1.000000000000000000e+00
9.819872705925971612e-01
9.834026927784578209e-01
1.000000000000000000e+00
1.000000000000000000e+00
9.473344401401955217e-01
9.715069213576003060e-01
9.988546886184681561e-01
9.853670408566821415e-01
9.628428864517108998e-01
9.787037223238884698e-01
8.522345904635321157e-01
9.933459115258920225e-01
9.902706656912948491e-01
9.801419800460475784e-01
9.788094924440596811e-01
9.967266443021246536e-01
9.588018252079557602e-01
9.988828517747423419e-01
9.994216519067413707e-01
9.975452218875676680e-01
9.841427549479373482e-01
8.752228163992870069e-01
9.997870578492842331e-01
9.923059096176130023e-01
9.993056519927787651e-01
9.980194790064774724e-01
9.920415710874959103e-01
1.000000000000000000e+00
9.997255813102577937e-01
8.646520536284315606e-01
9.995691017207204432e-01
5.868384562052230136e-01
9.420890146642655338e-01
9.973981546170710422e-01
9.814854452054794232e-01
1.000000000000000000e+00
9.395149920105273500e-01
9.913702834446651568e-01
9.943424606023313350e-01
9.990135635018495552e-01
9.936426666666666740e-01
9.991685512837568117e-01
1.000000000000000000e+00
8.429235644268072702e-01
9.974435779579610140e-01
9.956773931355524798e-01
9.998813901079349753e-01
6.000353794445427713e-01
9.395827078955268918e-01
9.788464250458327465e-01
7.065255507029232218e-01
9.977000919963201486e-01
9.376741274064799292e-01
9.986922807728436657e-01
8.876961670847675068e-01
9.870703841271334378e-01
9.595263107630598309e-01
1.000000000000000000e+00
1.000000000000000000e+00
9.984391358142190587e-01
9.975283009540758528e-01
9.972748623984796223e-01
1.000000000000000000e+00
9.570093457943925630e-01
1.000000000000000000e+00
9.830152431908361077e-01
9.329496465851150333e-01
5.968988936824569658e-01
9.808239909197713491e-01
8.981729055258467209e-01
1.000000000000000000e+00
1.000000000000000000e+00
9.486287517191165364e-01
8.872649158646251921e-01
9.323862389061372546e-01
9.904951056887502103e-01
9.116159413970523762e-01
1.000000000000000000e+00
9.923039923039923549e-01
9.781797940439743710e-01
9.892102759276879542e-01
9.991368754892712145e-01
9.824849684430667640e-01
9.401207044093140563e-01
9.947454248958144118e-01
9.999583992012646139e-01
9.880957451339494879e-01
9.912630709961475217e-01
8.661754855994641122e-01
9.982426410594363864e-01
9.937364000569418598e-01
9.752784907917362300e-01
9.604263885076401719e-01
1.000000000000000000e+00
9.760986574828318663e-01
8.919919316267753695e-01
9.996136188008545309e-01
8.878244083792092844e-01
9.914853127744706063e-01
9.988261533043784057e-01
8.760944206008584034e-01
7.337461300309597867e-01
9.643167305236270970e-01
9.640452847363131239e-01
9.826991565135895224e-01
9.978849256139092905e-01
9.879294521367862902e-01
9.720321162301662765e-01
9.923613237969985956e-01
9.601580407769332304e-01
9.575008335684423999e-01
9.586938775510204236e-01
1.000000000000000000e+00
9.078281341965862561e-01
9.859544348595443708e-01
9.948221768797034237e-01
9.894854152534160452e-01
1.000000000000000000e+00
9.984589390816762666e-01
9.428745432399512350e-01
1.000000000000000000e+00
9.985731322940625265e-01
9.997578692493946928e-01
9.886870071991772368e-01
1.000000000000000000e+00
8.043615676359039401e-01
9.987171114013808637e-01
1.000000000000000000e+00
9.905804801613745658e-01
9.365535127124531289e-01
9.370339454646633426e-01
9.933051116125543034e-01
7.171797906515624543e-01
1.000000000000000000e+00
9.536011810608456818e-01
9.869803308001787734e-01
9.981189786872106673e-01
9.995848571710981290e-01
9.999840347404048702e-01
9.199121691898763942e-01
1.000000000000000000e+00
9.840793942959069618e-01
9.187777034890919348e-01
1.000000000000000000e+00
9.997930534956713799e-01
9.995331304468114686e-01
9.988747186796699262e-01
9.896728887511940798e-01
9.733495709309241128e-01
9.563553748654789466e-01
8.916821510547601193e-01
9.998741874606835722e-01
9.996276529725703908e-01
4.071385149804602754e-01
9.823488907176326501e-01
9.610437462316607782e-01
9.215690657130084507e-01
1.000000000000000000e+00
9.320398614892548839e-01
9.728933411903358808e-01
1.000000000000000000e+00
9.999634643137684797e-01
9.360958329449053927e-01
9.632845736931056058e-01
9.864261807363332579e-01
9.999811438161144705e-01
6.735825949139111479e-01
1.000000000000000000e+00
9.998560149744426528e-01
9.394745019507647621e-01
1.000000000000000000e+00
1.000000000000000000e+00
9.821212853346218408e-01
9.999546865441693022e-01
1.000000000000000000e+00
9.768294279355936860e-01
1.000000000000000000e+00
9.999149997166657533e-01
9.392964483765821049e-01
9.961329345077754027e-01
9.986443566503989677e-01
9.988968376011232442e-01
9.893876784372651612e-01
9.757958221831689594e-01
9.999318893883667458e-01
9.971621020959414716e-01
9.502183663833805305e-01
9.855936994366142345e-01
9.998435391445502640e-01
9.970251017093604284e-01
9.977695331478291241e-01
9.998344705817439060e-01
9.916821349770602589e-01
9.849179325999650736e-01
9.999016151512667427e-01
9.974449847523283452e-01
6.490083988533301707e-01
9.218530650444548558e-01
9.813583925433569943e-01
9.876178192280979928e-01
9.922629715434716502e-01
9.888258385479420376e-01
9.852361983210676799e-01
9.972904134829024825e-01
9.999840594264581828e-01
9.964645516550904025e-01
1.000000000000000000e+00
1.000000000000000000e+00
1.000000000000000000e+00
9.985343416231386993e-01
1.000000000000000000e+00
1.000000000000000000e+00
9.991317525968490543e-01
9.998124794899442280e-01
9.996564164232949468e-01
1.000000000000000000e+00
1.000000000000000000e+00
9.997831340231736474e-01
9.977556657668403828e-01
9.999387798830695617e-01
9.988196741679479240e-01
9.991640473483581752e-01
1.000000000000000000e+00
9.999793473771169117e-01
1.000000000000000000e+00
9.997905027932960653e-01
1.000000000000000000e+00
9.983117097608866786e-01
1.000000000000000000e+00
9.994337669061024165e-01
9.999376403093040988e-01
9.998105223267857999e-01
1.000000000000000000e+00
9.998582185954189017e-01
1.000000000000000000e+00
9.997455321314620003e-01
9.974082504028841667e-01
9.300974714958817335e-01
9.998291739785379884e-01
9.900694478810972976e-01
9.915411262386207847e-01
9.600211708220706130e-01
1.000000000000000000e+00
1.000000000000000000e+00
9.855255274195073856e-01
9.995808885163453006e-01
9.999519661841936857e-01
9.995242927819357748e-01
9.999836146157627947e-01
9.654306994818653287e-01
9.999319878258208227e-01
9.978789438387997146e-01
9.999046756589294871e-01
9.979877061422125495e-01
9.998557021692774383e-01
1.000000000000000000e+00
9.999503943647998216e-01
1.000000000000000000e+00
9.999527908477190419e-01
9.992761718934398685e-01
9.999845047725300917e-01
1.000000000000000000e+00
9.933367340432315284e-01
9.987177863610460227e-01
1.000000000000000000e+00
1.000000000000000000e+00
9.993533531007507964e-01
8.771898212104831671e-01
9.971394442348798792e-01
9.999841350425180408e-01
9.985803016858917358e-01
1.000000000000000000e+00
1.000000000000000000e+00
9.999839532719279056e-01
1.000000000000000000e+00
9.999353451759419587e-01
1.000000000000000000e+00
9.981333333333333169e-01
9.998732934207609224e-01
9.998399103497959128e-01
1.000000000000000000e+00
9.871929760911366536e-01
1.000000000000000000e+00
9.990117802073692488e-01
1.000000000000000000e+00
9.995256241994908697e-01
9.950842361475683573e-01
1.000000000000000000e+00
1.000000000000000000e+00
9.980061373584435680e-01
1.000000000000000000e+00
9.997197440328833284e-01
9.866773703178642885e-01
9.999495645741568461e-01
9.824993923400118234e-01
9.905375478155828972e-01
8.247126887317539623e-01
1.000000000000000000e+00
1.000000000000000000e+00
9.998243672831375051e-01
1.000000000000000000e+00
9.998579141801647863e-01
9.981606768709114785e-01
9.995616987304917211e-01
9.996375898146980798e-01
1.000000000000000000e+00
9.999532833984769997e-01
9.999680761065619095e-01
9.995671999381714468e-01
9.963668791491891996e-01
9.999689787814864950e-01
9.999528850080094955e-01
1.000000000000000000e+00
1.000000000000000000e+00
9.986408657685054147e-01
1.000000000000000000e+00
9.980542343566619623e-01
9.995691306013021471e-01
8.483196810664340726e-01
9.999067888768059520e-01
9.919220012187309754e-01
1.000000000000000000e+00
1.000000000000000000e+00
9.996439297767594212e-01
1.000000000000000000e+00
9.999074302641323131e-01
1.000000000000000000e+00
1.000000000000000000e+00
9.999531835205992536e-01
1.000000000000000000e+00
1.000000000000000000e+00
1.000000000000000000e+00
