8.718514432800147373e-01
9.309549165779197333e-01
8.194466914738715024e-01
5.340280731603572750e-01
6.887810140237324852e-01
9.918478260869565410e-01
9.823934677213574940e-01
5.735849056603773422e-01
1.000000000000000000e+00
8.803367408298256036e-01
6.627663290254977024e-01
9.899739655458926757e-01
9.540908345630431109e-01
8.673289183222958609e-01
8.746736292428198833e-01
0.000000000000000000e+00
9.879496721601984666e-01
8.385036496350365409e-01
7.836773278714352919e-01
9.944661458333333703e-01
7.623904097334048835e-01
9.113058551617874148e-01
9.937555753791257329e-01
7.865026234847114495e-01
8.081822635962763179e-01
6.764010568766514186e-01
9.610164379429950721e-01
6.250473186119873681e-01
6.256013921588698956e-01
9.489628820960698263e-01
8.390032199356013409e-01
8.217371532514778920e-01
7.954609929078013675e-01
9.796067006554989298e-01
8.166219839142091486e-01
7.128083727884375609e-01
1.000000000000000000e+00
8.606687898089171451e-01
3.519486337165895207e-01
9.551554272125021283e-01
8.742582650466232952e-01
9.890289449112978915e-01
9.961206896551724199e-01
3.446404341926729842e-01
8.449233209941829914e-01
8.423553719008264329e-01
8.544309573788445578e-01
9.503704980182664519e-01
1.000000000000000000e+00
9.665589259075086925e-01
9.678790412486064643e-01
9.975775752681970143e-01
8.977007664111962271e-01
8.674279596752609844e-01
9.285127362366475401e-01
9.539088109665242454e-01
2.668971762575121365e-01
1.677582442835803822e-01
7.271723934956957347e-01
5.161496642149024927e-01
9.335230368711024962e-01
7.695894461503468564e-01
9.413526328924382014e-01
9.841152567417805752e-01
9.875115633672525428e-01
5.178839275412484566e-01
3.986559722523303484e-01
3.255887466413782128e-01
1.000000000000000000e+00
9.887807939745802965e-01
8.837619768028239786e-01
7.803138373751783430e-01
9.186326432354356974e-01
8.936840597698954003e-01
9.847908745247148099e-01
7.061543934542867662e-01
9.483423284502698891e-01
9.749103942652329602e-01
9.483238782877772000e-01
9.236657917760280334e-01
9.802186361270172066e-01
9.117470482289373734e-01
7.876823338735818858e-01
8.486543166724921372e-01
8.896258954629875371e-01
9.430379746835443333e-01
8.456057007125891145e-01
2.922994461318563775e-01
6.319274153997057608e-01
9.262422360248446784e-01
6.109630757518081934e-01
9.993919124353907169e-01
9.951170230678565432e-01
9.880010908099263744e-01
9.857142857142857650e-01
9.679888656924147128e-01
8.847826086956521729e-01
9.451721339979135550e-01
9.939098660170523347e-01
7.006246996636232849e-01
9.839416058394160336e-01
9.368421052631579204e-01
9.080459770114942541e-01
9.945632475534613715e-01
8.974464579901153538e-01
9.568657478305258035e-01
7.960467205750224595e-01
1.000000000000000000e+00
6.570201342281879464e-01
5.885286783042393832e-01
8.678265385614126748e-01
9.533730158730159276e-01
9.063777596075225373e-01
8.204127161182376282e-01
8.082042330351297821e-01
9.698103792415169178e-01
8.545454545454544970e-01
6.322351279616237330e-01
9.495798319327730663e-01
7.598684210526315264e-01
9.704560051380860530e-01
9.857909379968203822e-01
9.354629829484135684e-01
8.049895258046086965e-01
7.899853057533626766e-01
9.156804733727810230e-01
6.113822060826146210e-01
8.629579375848032141e-01
7.674709270731442379e-01
8.117647058823529438e-01
4.974120082815735033e-01
9.371134020618556715e-01
9.990697674418604901e-01
6.202365308804205224e-01
8.821888079367540270e-01
4.236700745104834409e-01
7.896213183730714791e-01
6.760869565217391131e-01
8.613766730401529736e-01
5.748764175632451456e-01
5.413173652694610594e-01
8.699220352892901298e-01
5.269292604501607524e-01
9.715589136788082003e-01
9.282558900523559808e-01
9.863369208457369863e-01
8.267449042618900679e-01
6.964696051806976707e-01
3.379412490743026187e-01
9.615192403798100695e-01
6.392884178652535887e-01
9.606463669341541722e-01
3.728734560708459322e-01
4.613375130616509945e-01
5.445053510832680299e-01
9.647999999999999909e-01
6.277577216205375565e-01
4.177362893815635969e-01
0.000000000000000000e+00
7.331924551929247524e-01
5.898280278082692618e-01
7.153883972468043639e-01
9.230769230769231282e-01
9.155656482246077310e-01
5.694444444444444198e-01
6.158192090395480101e-01
8.956201759109675420e-01
9.461190655614167833e-01
9.986333706050440906e-01
9.743104806934593798e-01
6.758832565284178528e-01
9.786673058485139132e-01
7.588792092477801843e-01
8.840169731258840091e-03
5.186851211072663892e-01
8.601659751037344925e-01
9.755829903978051609e-01
9.976222321295883377e-01
8.738812785388128113e-01
9.647476540705046677e-01
5.375919612417010551e-01
9.802940575862773009e-01
9.738833654844932797e-01
9.496656107004576297e-01
9.884194053208137376e-01
9.287080032777929040e-01
9.891632616805826617e-01
9.900281812269672299e-01
9.335652173913043805e-01
9.281806425942504823e-01
9.391235375768391958e-01
9.530898876404494402e-01
7.759131293188549217e-01
9.910842047330764570e-01
9.536877229317685112e-01
5.981358189081225074e-01
