9.256701665640547638e-01
9.925545056926312615e-01
9.962766405526072289e-01
9.902357234441266920e-01
9.900442825288150450e-01
9.892938352703385396e-01
9.715934694443482122e-01
9.997355415612965146e-01
9.604491619740536112e-01
9.843909006935638306e-01
9.966727971911051309e-01
9.442747930838405468e-01
9.594865151336708919e-01
9.922958397534669128e-01
9.925606100610371296e-01
9.960248206321504760e-01
9.772761424540430397e-01
9.997789845920687091e-01
9.990876683167480010e-01
9.119073275862068506e-01
9.951790748494503402e-01
8.660973310124746583e-01
8.792241004937835225e-01
9.689713209685213435e-01
9.943860448465519086e-01
9.999143028537149647e-01
9.860159926540918995e-01
9.891317473735056209e-01
9.823035784164528827e-01
9.748513059219032773e-01
9.602349596698234180e-01
9.748044588472827288e-01
9.823740949186434701e-01
9.629503799731783387e-01
9.976755508787360505e-01
9.950617283950616843e-01
8.469444263469932954e-01
9.827823205977724852e-01
1.000000000000000000e+00
9.435531190799510970e-01
9.864860241540935881e-01
8.926892183112388190e-01
9.593773728170083004e-01
1.000000000000000000e+00
9.978782860691368661e-01
9.940193752471332411e-01
9.723520035178365717e-01
9.839117405789095105e-01
8.113997879109225986e-01
9.579558323895809302e-01
9.489879649890591296e-01
9.729896073293825554e-01
9.630127774041694622e-01
9.727943748044250993e-01
9.938898303767160769e-01
9.829454289783482457e-01
1.000000000000000000e+00
1.000000000000000000e+00
9.959380113581672855e-01
1.000000000000000000e+00
9.370856198616862587e-01
9.873409801876955605e-01
9.480332617023264907e-01
9.719043864541067057e-01
8.404866348975921220e-01
9.997095556200987776e-01
9.979482297326133233e-01
1.000000000000000000e+00
8.491115171309845389e-01
9.512218223148323215e-01
9.687834984570408148e-01
9.983628028814669486e-01
9.930697243065508273e-01
9.967480768799479307e-01
9.896646650675338108e-01
9.958070944599441976e-01
9.854138451719360869e-01
9.959576861012859883e-01
9.953797389015239805e-01
9.999343875073813948e-01
9.875025928230657390e-01
9.816715278527960997e-01
9.953055724593584674e-01
9.989092656954817739e-01
9.983486327650686887e-01
9.964262202576883443e-01
9.986687965921192678e-01
1.000000000000000000e+00
9.904318787287531567e-01
9.990314494074749030e-01
9.987760097919217150e-01
9.948591900011245492e-01
9.884390153866805528e-01
9.979957652459228168e-01
9.985888409887417883e-01
9.990015444858734162e-01
9.980964467005075669e-01
9.987348222600994641e-01
9.975897580367483197e-01
9.985343944527618198e-01
9.930764367550231064e-01
9.979527752978480937e-01
9.992936633756611675e-01
9.960495085779823565e-01
9.975774555042847824e-01
9.983770976013502940e-01
9.996682988469436371e-01
9.863943326271186196e-01
1.000000000000000000e+00
1.000000000000000000e+00
9.992866985490800324e-01
9.981738035264483555e-01
9.948803296877476443e-01
9.955759848140187662e-01
9.980303937281557181e-01
9.965381614874528893e-01
9.994330797940189637e-01
9.878621929788712341e-01
9.977284670542964085e-01
9.981705778450669087e-01
9.972987480736263954e-01
8.761897894433227085e-01
9.604945569183783727e-01
9.999273176581749967e-01
9.903508617192048336e-01
9.778476754356455469e-01
9.700283853731841432e-01
9.970809528269488631e-01
9.967327194806296919e-01
9.975294532864993347e-01
1.000000000000000000e+00
9.956332597304156096e-01
9.953144227431924840e-01
9.993944287444489483e-01
9.126610175931907376e-01
1.000000000000000000e+00
9.874890085309226961e-01
9.945679088770582599e-01
9.918037954731732109e-01
9.927205155307033957e-01
9.953014636558940031e-01
9.938182057960502913e-01
9.999504623513870705e-01
9.851864795076397119e-01
9.974114645858342953e-01
9.559073138171069184e-01
1.000000000000000000e+00
9.919011012526954829e-01
9.945352525006099231e-01
9.852837018965924232e-01
9.949438738194422704e-01
9.633232339339817818e-01
1.000000000000000000e+00
9.977960718221300374e-01
1.000000000000000000e+00
9.781018353672352728e-01
9.957013466998715367e-01
9.934975400332174411e-01
1.000000000000000000e+00
9.925131257226255110e-01
9.958427953996044080e-01
9.896008496327108883e-01
9.982330966243732062e-01
9.955677848810386976e-01
9.979217980295566059e-01
9.990721665696897791e-01
9.556936426811780683e-01
9.056263656227239167e-01
9.904152243115834642e-01
9.908980812171214181e-01
9.992527321979014499e-01
9.874356300110813667e-01
9.975516082573211429e-01
9.984139864266745601e-01
1.000000000000000000e+00
9.926179387257231257e-01
9.719294028774507765e-01
9.839985035795058010e-01
9.621697871249038636e-01
9.110358053884968221e-01
9.961976552207194580e-01
9.270262035344302154e-01
9.461370010373045814e-01
9.995852938830848133e-01
9.828052615561492233e-01
9.719919191919191848e-01
9.730415477323184348e-01
9.905454426078821317e-01
9.843966895679218121e-01
9.962691274804895691e-01
9.695280417402344364e-01
9.973567157649118053e-01
9.998698848480905843e-01
9.554658022001382145e-01
9.127175312538937657e-01
9.782445165888035143e-01
