7.489839365202245469e-01
8.731739707835325381e-01
8.654605018241381398e-01
9.328530118119884307e-01
8.444060261793034927e-01
8.796341662583700982e-01
5.801834041601431347e-01
9.188654353562005772e-01
9.054134443783462549e-01
8.949334455726837279e-01
8.661205019184901044e-01
7.103095079046982674e-01
7.921615201900237269e-01
9.066560063961622840e-01
8.867784380305602232e-01
8.923115452041071594e-01
7.858797573083287080e-01
9.167355941549489851e-01
8.406028773692624245e-01
6.976264189886480782e-01
5.191802417235943379e-01
6.133232685412342011e-01
9.007690584633764042e-01
7.937888198757764302e-01
8.347083322280287598e-01
8.628787878787879118e-01
9.267957158298123499e-01
8.210678210678210576e-01
6.239975790588591087e-01
9.813191002668699703e-01
8.273058195055075226e-01
8.253505888227705700e-01
8.453729779291374591e-01
9.063948100092678040e-01
8.570079780956427751e-01
7.778747398805128110e-01
7.308763308763308597e-01
7.136966454920316005e-01
4.021432600112803124e-01
6.588330632090761974e-01
8.674698795180723065e-01
9.321487425664540805e-01
5.689059500959693372e-01
8.966101694915253884e-01
8.005527406725011508e-01
9.256289742880839944e-01
8.904907125034654536e-01
9.555332999499248636e-01
9.375979931012856650e-01
8.636268123555368437e-01
4.041322851016828088e-01
9.768007850834150574e-01
8.322632423756018971e-01
9.279164903371420747e-01
9.289181149209331245e-01
9.704865727200212566e-01
9.480343425214641240e-01
9.657045840407469939e-01
3.948497854077253066e-01
9.726027397260273988e-01
8.708565367276583924e-01
8.970814132104454330e-01
8.262032085561497041e-01
9.104477611940298143e-01
9.427777777777778256e-01
9.430282292557741197e-01
8.598676091102883667e-01
9.747793190416140785e-01
9.198454852728150666e-01
9.058740268931351203e-01
9.019316493313521699e-01
9.720616570327552663e-01
9.415760869565217295e-01
9.407879216796414257e-01
8.825095057034220147e-01
6.539741219963031149e-01
9.256533493541604374e-01
9.592010717330410330e-01
9.641453831041257860e-01
9.617677584417465564e-01
9.656534954407295368e-01
8.945128779395297158e-01
8.176829268292682418e-01
9.583247369506912028e-01
9.012785579543072245e-01
9.270048551816507665e-01
8.997959824231011039e-01
8.192758744302760521e-01
9.002344754557144446e-01
7.201270613679372490e-01
8.709774436090225169e-01
7.389958521636847966e-01
7.842789598108746985e-01
5.328562134027325925e-01
8.469618140767645187e-01
9.099025974025973795e-01
8.164383561643835385e-01
6.569343065693430406e-01
6.185733512786002475e-01
5.637522768670309992e-01
8.858803854423827895e-01
9.227957971676564730e-01
8.418429206520274821e-01
8.863215581722579950e-01
8.164561988722103258e-01
6.204731401027462345e-01
7.081115605705770033e-01
8.969953449005501067e-01
6.732640606960250684e-01
8.023982013489882048e-01
9.197897108524221155e-01
2.457334138177028893e-01
8.992177209064760035e-01
8.028535839655758233e-01
7.935390118488709899e-01
8.823575886861025896e-01
3.937187073281747662e-01
8.915367588188197745e-01
8.814735718099305783e-01
8.483087777547209107e-01
4.012211077191452091e-01
9.303380494653850086e-01
7.977792732166890666e-01
8.829876917889057930e-01
8.617012747534674721e-01
8.810617662072486311e-01
5.615691972393752618e-01
7.084032528720795030e-01
9.071038251366120297e-01
7.894799476377484249e-01
8.429531480863639015e-01
8.019904623678208999e-01
6.732822132010224392e-01
9.029057805586088170e-01
9.472087169407951146e-01
8.941584731058415114e-01
8.875514483187078030e-01
7.845521187198283286e-01
7.717184527584020071e-01
5.252819765211386160e-01
9.175120572093796723e-01
8.653874538745387479e-01
8.160350190070267962e-01
7.209533267130089351e-01
8.416237850200114501e-01
8.994239631336405916e-01
8.195488721804511378e-01
9.432930339666091291e-01
8.022492970946578650e-01
3.993010851572558195e-01
8.713687600644122178e-01
8.457564575645756255e-01
8.531504992309497659e-01
8.395029685624371130e-01
9.370942270573784372e-01
9.555950266429840134e-01
8.688293370944992766e-01
8.838127467569092399e-01
7.553770406841150420e-01
6.402321083172146654e-01
4.202791227570492616e-01
9.159581671807990322e-01
9.074610141002894537e-01
7.419794376316115603e-01
9.351291918636613909e-01
9.425052209862336827e-01
9.459845460870839329e-01
9.564238623572921538e-01
8.864406779661017088e-01
8.614773710736649548e-01
8.347766145362113255e-01
9.396717864860130165e-01
9.756097560975609539e-01
9.074693422519509722e-01
9.372616984402080131e-01
6.336724197051091245e-01
7.971435606993351186e-01
8.613627412367074188e-01
6.538252848616386004e-01
8.782781696509314173e-01
9.330744157015049556e-01
8.652796585826254550e-01
4.876903629687593944e-01
7.904011998500187763e-01
8.848635003739715454e-01
9.083985039102345782e-01
9.625390218522372754e-01
9.337236358177587459e-01
8.142083718473523968e-01
8.838766238941579978e-01
9.299465779659308318e-01
8.756729043834914350e-01
9.683762416379485538e-01
8.891941723003506937e-01
9.725780434576335454e-01
9.234979799296233471e-01
