9.700317382812500000e-01
9.534301757812500000e-01
9.811248779296875000e-01
9.302825927734375000e-01
9.796447753906250000e-01
9.448852539062500000e-01
9.760284423828125000e-01
8.999176025390625000e-01
9.789428710937500000e-01
9.947509765625000000e-01
9.849548339843750000e-01
9.424285888671875000e-01
9.786529541015625000e-01
8.674011230468750000e-01
8.138885498046875000e-01
9.819183349609375000e-01
9.530487060546875000e-01
9.618072509765625000e-01
9.753723144531250000e-01
9.367980957031250000e-01
8.762054443359375000e-01
9.824829101562500000e-01
9.536132812500000000e-01
9.570159912109375000e-01
9.719085693359375000e-01
9.537506103515625000e-01
9.896392822265625000e-01
9.717407226562500000e-01
9.084930419921875000e-01
9.276275634765625000e-01
9.688262939453125000e-01
9.572906494140625000e-01
9.736938476562500000e-01
9.814910888671875000e-01
9.324188232421875000e-01
9.730072021484375000e-01
9.826049804687500000e-01
9.841003417968750000e-01
9.529418945312500000e-01
9.775238037109375000e-01
9.447479248046875000e-01
9.613037109375000000e-01
9.833526611328125000e-01
9.732208251953125000e-01
9.612884521484375000e-01
9.663848876953125000e-01
9.885864257812500000e-01
9.767761230468750000e-01
9.446716308593750000e-01
9.158782958984375000e-01
9.391174316406250000e-01
9.902038574218750000e-01
8.718872070312500000e-01
9.476165771484375000e-01
9.802093505859375000e-01
9.821929931640625000e-01
9.811859130859375000e-01
8.955535888671875000e-01
9.816741943359375000e-01
9.555816650390625000e-01
8.383178710937500000e-01
9.355316162109375000e-01
9.879302978515625000e-01
9.914245605468750000e-01
9.916534423828125000e-01
9.923400878906250000e-01
9.801483154296875000e-01
9.357452392578125000e-01
9.747009277343750000e-01
9.426422119140625000e-01
9.855651855468750000e-01
9.899444580078125000e-01
9.604034423828125000e-01
9.855499267578125000e-01
9.614868164062500000e-01
9.906311035156250000e-01
9.880676269531250000e-01
9.826202392578125000e-01
9.586029052734375000e-01
9.598388671875000000e-01
9.626617431640625000e-01
9.273223876953125000e-01
9.161071777343750000e-01
9.840240478515625000e-01
9.929962158203125000e-01
9.965209960937500000e-01
9.948120117187500000e-01
9.587554931640625000e-01
9.070892333984375000e-01
9.926757812500000000e-01
9.870758056640625000e-01
9.786834716796875000e-01
9.918060302734375000e-01
9.046325683593750000e-01
9.458923339843750000e-01
9.923706054687500000e-01
9.855041503906250000e-01
9.676818847656250000e-01
9.843139648437500000e-01
9.514007568359375000e-01
9.315490722656250000e-01
9.784698486328125000e-01
9.253540039062500000e-01
9.563293457031250000e-01
9.956665039062500000e-01
9.825897216796875000e-01
9.736480712890625000e-01
9.664916992187500000e-01
9.875183105468750000e-01
9.857330322265625000e-01
9.903259277343750000e-01
9.469146728515625000e-01
9.893341064453125000e-01
9.947204589843750000e-01
9.573974609375000000e-01
9.772949218750000000e-01
9.786376953125000000e-01
9.854736328125000000e-01
9.262542724609375000e-01
8.712005615234375000e-01
9.760589599609375000e-01
9.629364013671875000e-01
9.868164062500000000e-01
9.756622314453125000e-01
9.904022216796875000e-01
9.964904785156250000e-01
9.768676757812500000e-01
9.701690673828125000e-01
9.483489990234375000e-01
9.693756103515625000e-01
9.874877929687500000e-01
9.794921875000000000e-01
9.861907958984375000e-01
9.691772460937500000e-01
9.725036621093750000e-01
9.875793457031250000e-01
9.604797363281250000e-01
9.957580566406250000e-01
9.436340332031250000e-01
9.939575195312500000e-01
9.189453125000000000e-01
9.697570800781250000e-01
9.209747314453125000e-01
7.920074462890625000e-01
9.890747070312500000e-01
9.944610595703125000e-01
9.788055419921875000e-01
9.605560302734375000e-01
9.727172851562500000e-01
9.374847412109375000e-01
9.801788330078125000e-01
9.253082275390625000e-01
8.774414062500000000e-01
9.895935058593750000e-01
9.832611083984375000e-01
9.922485351562500000e-01
9.848937988281250000e-01
9.964447021484375000e-01
9.963226318359375000e-01
9.966430664062500000e-01
9.571533203125000000e-01
9.915466308593750000e-01
9.949035644531250000e-01
9.932403564453125000e-01
9.458770751953125000e-01
9.980163574218750000e-01
9.948730468750000000e-01
9.932403564453125000e-01
9.873657226562500000e-01
9.931335449218750000e-01
9.957733154296875000e-01
9.821472167968750000e-01
9.306335449218750000e-01
9.926605224609375000e-01
9.945678710937500000e-01
9.951934814453125000e-01
9.897155761718750000e-01
9.756317138671875000e-01
9.668121337890625000e-01
9.936065673828125000e-01
9.959869384765625000e-01
9.668884277343750000e-01
9.937438964843750000e-01
9.712371826171875000e-01
9.863586425781250000e-01
9.716644287109375000e-01
9.144134521484375000e-01
9.885101318359375000e-01
9.131469726562500000e-01
9.881896972656250000e-01
9.769439697265625000e-01
8.988800048828125000e-01
9.834289550781250000e-01
9.800262451171875000e-01
9.730529785156250000e-01
9.720916748046875000e-01
