8.631439208984375000e-01
9.834289550781250000e-01
9.889678955078125000e-01
7.886505126953125000e-01
7.282257080078125000e-01
4.000854492187500000e-01
9.637145996093750000e-01
9.930572509765625000e-01
9.651641845703125000e-01
9.692382812500000000e-01
9.498291015625000000e-01
6.127624511718750000e-01
8.709411621093750000e-01
7.625122070312500000e-01
7.987060546875000000e-01
7.014923095703125000e-01
5.709533691406250000e-01
7.744293212890625000e-01
9.649047851562500000e-01
9.854278564453125000e-01
5.017089843750000000e-01
6.082916259765625000e-01
7.755584716796875000e-01
8.289031982421875000e-01
8.266296386718750000e-01
9.906616210937500000e-01
9.802551269531250000e-01
8.492736816406250000e-01
9.310302734375000000e-01
9.745330810546875000e-01
6.716613769531250000e-01
9.423217773437500000e-01
8.481597900390625000e-01
9.911956787109375000e-01
6.770629882812500000e-01
9.985809326171875000e-01
6.082153320312500000e-01
8.055877685546875000e-01
8.114318847656250000e-01
8.535003662109375000e-01
5.952453613281250000e-01
9.641113281250000000e-01
8.018493652343750000e-01
9.320373535156250000e-01
9.950866699218750000e-01
9.444274902343750000e-01
9.977569580078125000e-01
9.956207275390625000e-01
9.979400634765625000e-01
9.897155761718750000e-01
9.926910400390625000e-01
9.989318847656250000e-01
9.914245605468750000e-01
9.941406250000000000e-01
9.280548095703125000e-01
9.842834472656250000e-01
9.975128173828125000e-01
2.909698486328125000e-01
8.686523437500000000e-01
9.598236083984375000e-01
9.948577880859375000e-01
9.600677490234375000e-01
9.374847412109375000e-01
7.881011962890625000e-01
9.017791748046875000e-01
7.362670898437500000e-01
9.258270263671875000e-01
9.865875244140625000e-01
9.896087646484375000e-01
9.668884277343750000e-01
9.967346191406250000e-01
9.911041259765625000e-01
8.351287841796875000e-01
5.879364013671875000e-01
9.738922119140625000e-01
9.983062744140625000e-01
6.839447021484375000e-01
9.987487792968750000e-01
8.542327880859375000e-01
8.800354003906250000e-01
9.932861328125000000e-01
9.129791259765625000e-01
9.134063720703125000e-01
9.972076416015625000e-01
9.923095703125000000e-01
9.977416992187500000e-01
9.510650634765625000e-01
9.923858642578125000e-01
9.650573730468750000e-01
9.963226318359375000e-01
9.594879150390625000e-01
8.903808593750000000e-01
9.872741699218750000e-01
9.934997558593750000e-01
5.341644287109375000e-01
9.881134033203125000e-01
9.134826660156250000e-01
8.395385742187500000e-01
9.857482910156250000e-01
9.026947021484375000e-01
9.978942871093750000e-01
9.960632324218750000e-01
9.614868164062500000e-01
9.691619873046875000e-01
9.579010009765625000e-01
9.985351562500000000e-01
9.948577880859375000e-01
6.858215332031250000e-01
8.281097412109375000e-01
9.725646972656250000e-01
9.981231689453125000e-01
8.691253662109375000e-01
9.586029052734375000e-01
9.245910644531250000e-01
8.961486816406250000e-01
9.630737304687500000e-01
9.771270751953125000e-01
9.679260253906250000e-01
9.304809570312500000e-01
9.893951416015625000e-01
9.971313476562500000e-01
9.946136474609375000e-01
6.750030517578125000e-01
9.972534179687500000e-01
9.989318847656250000e-01
9.591217041015625000e-01
9.502868652343750000e-01
9.972076416015625000e-01
9.274444580078125000e-01
9.975433349609375000e-01
8.530731201171875000e-01
9.054565429687500000e-01
9.133300781250000000e-01
8.708038330078125000e-01
9.982452392578125000e-01
9.032135009765625000e-01
9.969635009765625000e-01
9.949798583984375000e-01
9.279022216796875000e-01
9.970245361328125000e-01
9.971923828125000000e-01
4.970092773437500000e-01
9.073486328125000000e-01
9.089050292968750000e-01
5.362396240234375000e-01
9.762878417968750000e-01
9.618835449218750000e-01
8.377532958984375000e-01
9.788055419921875000e-01
8.684539794921875000e-01
8.807373046875000000e-01
9.968261718750000000e-01
8.463592529296875000e-01
9.969787597656250000e-01
9.049224853515625000e-01
9.903869628906250000e-01
9.966430664062500000e-01
8.620758056640625000e-01
8.127136230468750000e-01
9.856872558593750000e-01
9.480895996093750000e-01
8.905639648437500000e-01
9.646759033203125000e-01
9.072723388671875000e-01
9.161376953125000000e-01
7.709197998046875000e-01
9.695434570312500000e-01
8.810424804687500000e-01
9.707183837890625000e-01
9.968872070312500000e-01
9.924468994140625000e-01
9.344635009765625000e-01
9.946746826171875000e-01
9.174652099609375000e-01
9.505615234375000000e-01
9.511413574218750000e-01
9.415893554687500000e-01
9.662628173828125000e-01
9.966888427734375000e-01
8.550262451171875000e-01
9.134368896484375000e-01
9.829864501953125000e-01
9.162445068359375000e-01
5.720367431640625000e-01
9.925537109375000000e-01
9.806976318359375000e-01
9.965820312500000000e-01
4.891052246093750000e-01
9.511871337890625000e-01
9.786987304687500000e-01
8.875579833984375000e-01
9.587097167968750000e-01
9.155731201171875000e-01
8.816070556640625000e-01
9.147033691406250000e-01
8.827819824218750000e-01
8.570709228515625000e-01
9.958953857421875000e-01
9.951477050781250000e-01
9.937896728515625000e-01
9.712219238281250000e-01
9.954223632812500000e-01
9.992675781250000000e-01
9.968109130859375000e-01
9.956665039062500000e-01
9.821929931640625000e-01
8.597106933593750000e-01
9.900512695312500000e-01
9.889984130859375000e-01
9.966278076171875000e-01
8.526916503906250000e-01
9.686584472656250000e-01
9.961395263671875000e-01
8.398284912109375000e-01
9.919281005859375000e-01
9.637451171875000000e-01
9.956359863281250000e-01
9.716644287109375000e-01
9.739990234375000000e-01
9.203338623046875000e-01
9.301910400390625000e-01
9.881744384765625000e-01
8.286285400390625000e-01
9.661407470703125000e-01
9.542694091796875000e-01
9.395751953125000000e-01
9.652709960937500000e-01
9.788055419921875000e-01
5.543365478515625000e-01
8.703308105468750000e-01
9.509582519531250000e-01
7.619628906250000000e-01
9.352111816406250000e-01
8.552093505859375000e-01
9.594116210937500000e-01
9.443817138671875000e-01
9.773406982421875000e-01
9.257049560546875000e-01
9.633178710937500000e-01
9.918975830078125000e-01
8.628845214843750000e-01
8.060150146484375000e-01
9.847564697265625000e-01
9.161529541015625000e-01
9.859466552734375000e-01
9.705505371093750000e-01
8.403015136718750000e-01
7.630767822265625000e-01
9.102783203125000000e-01
4.698638916015625000e-01
9.919281005859375000e-01
9.939117431640625000e-01
9.641113281250000000e-01
9.839477539062500000e-01
9.480895996093750000e-01
9.911041259765625000e-01
9.678802490234375000e-01
9.977416992187500000e-01
9.216766357421875000e-01
9.496307373046875000e-01
6.260375976562500000e-01
9.270172119140625000e-01
9.829254150390625000e-01
9.865112304687500000e-01
9.290924072265625000e-01
9.334869384765625000e-01
9.608459472656250000e-01
9.871215820312500000e-01
9.608459472656250000e-01
6.213073730468750000e-01
8.941650390625000000e-01
9.980163574218750000e-01
9.506072998046875000e-01
9.711303710937500000e-01
9.733123779296875000e-01
9.732360839843750000e-01
8.922424316406250000e-01
9.798736572265625000e-01
9.131317138671875000e-01
9.908447265625000000e-01
7.470245361328125000e-01
9.647674560546875000e-01
8.819122314453125000e-01
9.895324707031250000e-01
9.584197998046875000e-01
9.875030517578125000e-01
9.939270019531250000e-01
9.939270019531250000e-01
9.845733642578125000e-01
9.088897705078125000e-01
9.683074951171875000e-01
9.328613281250000000e-01
9.866180419921875000e-01
9.397735595703125000e-01
9.684600830078125000e-01
9.082489013671875000e-01
9.918823242187500000e-01
9.482269287109375000e-01
8.721771240234375000e-01
8.898315429687500000e-01
9.651947021484375000e-01
9.375610351562500000e-01
9.721527099609375000e-01
9.339752197265625000e-01
9.565887451171875000e-01
9.861602783203125000e-01
9.953918457031250000e-01
9.252624511718750000e-01
9.892578125000000000e-01
9.972076416015625000e-01
8.962707519531250000e-01
9.023437500000000000e-01
9.021759033203125000e-01
7.678222656250000000e-01
9.791107177734375000e-01
8.668670654296875000e-01
9.759521484375000000e-01
8.373870849609375000e-01
8.484802246093750000e-01
6.978759765625000000e-01
9.692382812500000000e-01
9.631652832031250000e-01
9.232177734375000000e-01
8.166046142578125000e-01
9.793090820312500000e-01
9.545898437500000000e-01
8.263854980468750000e-01
9.765167236328125000e-01
9.757537841796875000e-01
9.925384521484375000e-01
9.981842041015625000e-01
9.674682617187500000e-01
9.615478515625000000e-01
9.828033447265625000e-01
9.470520019531250000e-01
8.660736083984375000e-01
9.638519287109375000e-01
9.381408691406250000e-01
8.945312500000000000e-01
8.964385986328125000e-01
9.672241210937500000e-01
8.009338378906250000e-01
9.197235107421875000e-01
9.388427734375000000e-01
9.659576416015625000e-01
8.205108642578125000e-01
9.582977294921875000e-01
8.953094482421875000e-01
9.861450195312500000e-01
9.765777587890625000e-01
9.811706542968750000e-01
9.413452148437500000e-01
8.698730468750000000e-01
9.605560302734375000e-01
9.881744384765625000e-01
9.862670898437500000e-01
9.322204589843750000e-01
9.095458984375000000e-01
9.900970458984375000e-01
9.586639404296875000e-01
9.482879638671875000e-01
9.004364013671875000e-01
9.767761230468750000e-01
9.043273925781250000e-01
9.420166015625000000e-01
8.999786376953125000e-01
9.849700927734375000e-01
9.127197265625000000e-01
9.301757812500000000e-01
8.995666503906250000e-01
9.804077148437500000e-01
9.638366699218750000e-01
9.830017089843750000e-01
9.282073974609375000e-01
9.831390380859375000e-01
9.606018066406250000e-01
9.889831542968750000e-01
8.716888427734375000e-01
9.735260009765625000e-01
9.627532958984375000e-01
9.741363525390625000e-01
8.989868164062500000e-01
9.747619628906250000e-01
9.015045166015625000e-01
9.804840087890625000e-01
9.913024902343750000e-01
9.798431396484375000e-01
9.512939453125000000e-01
9.841308593750000000e-01
9.599304199218750000e-01
9.978485107421875000e-01
6.651000976562500000e-01
9.974975585937500000e-01
7.660522460937500000e-01
9.168395996093750000e-01
7.793426513671875000e-01
9.822235107421875000e-01
9.594421386718750000e-01
6.608581542968750000e-01
9.895782470703125000e-01
6.713256835937500000e-01
9.293365478515625000e-01
9.771728515625000000e-01
9.371185302734375000e-01
9.955902099609375000e-01
9.566955566406250000e-01
9.984283447265625000e-01
9.376831054687500000e-01
9.954833984375000000e-01
9.363555908203125000e-01
9.339904785156250000e-01
9.584960937500000000e-01
9.805908203125000000e-01
9.936218261718750000e-01
9.947814941406250000e-01
9.683074951171875000e-01
9.415740966796875000e-01
9.687500000000000000e-01
9.019165039062500000e-01
9.025573730468750000e-01
9.908142089843750000e-01
4.358978271484375000e-01
9.783477783203125000e-01
9.591674804687500000e-01
9.533691406250000000e-01
6.504058837890625000e-01
9.499664306640625000e-01
9.767608642578125000e-01
9.727478027343750000e-01
9.845275878906250000e-01
9.569854736328125000e-01
5.090637207031250000e-01
9.863739013671875000e-01
9.346008300781250000e-01
7.979431152343750000e-01
9.930267333984375000e-01
9.320526123046875000e-01
9.534149169921875000e-01
9.260406494140625000e-01
9.274444580078125000e-01
7.269744873046875000e-01
9.370117187500000000e-01
9.717254638671875000e-01
3.624572753906250000e-01
9.091796875000000000e-01
9.348449707031250000e-01
9.347381591796875000e-01
9.911499023437500000e-01
9.800415039062500000e-01
9.891967773437500000e-01
9.757690429687500000e-01
9.795989990234375000e-01
9.887390136718750000e-01
9.931793212890625000e-01
9.620513916015625000e-01
9.802093505859375000e-01
9.654235839843750000e-01
9.944763183593750000e-01
9.652862548828125000e-01
9.792633056640625000e-01
9.893341064453125000e-01
9.490356445312500000e-01
9.846649169921875000e-01
3.702697753906250000e-01
6.772460937500000000e-01
9.404907226562500000e-01
9.769897460937500000e-01
9.842376708984375000e-01
9.019927978515625000e-01
9.800415039062500000e-01
9.837036132812500000e-01
9.889068603515625000e-01
9.934234619140625000e-01
9.934539794921875000e-01
9.848022460937500000e-01
9.963836669921875000e-01
9.925842285156250000e-01
9.981079101562500000e-01
9.981536865234375000e-01
9.946289062500000000e-01
9.946441650390625000e-01
9.968109130859375000e-01
9.967193603515625000e-01
9.450378417968750000e-01
9.775543212890625000e-01
9.993438720703125000e-01
9.971771240234375000e-01
9.969787597656250000e-01
9.972381591796875000e-01
9.636993408203125000e-01
9.953460693359375000e-01
9.349822998046875000e-01
9.696502685546875000e-01
9.945678710937500000e-01
9.793853759765625000e-01
9.917602539062500000e-01
9.863128662109375000e-01
9.980773925781250000e-01
9.984436035156250000e-01
9.966735839843750000e-01
9.925537109375000000e-01
9.978179931640625000e-01
9.491729736328125000e-01
9.527130126953125000e-01
9.673004150390625000e-01
8.444824218750000000e-01
9.986724853515625000e-01
9.874877929687500000e-01
9.844512939453125000e-01
9.626312255859375000e-01
9.921112060546875000e-01
9.942474365234375000e-01
9.876251220703125000e-01
9.962158203125000000e-01
9.972229003906250000e-01
9.984436035156250000e-01
9.932861328125000000e-01
9.131011962890625000e-01
9.259948730468750000e-01
9.953613281250000000e-01
9.895782470703125000e-01
9.962310791015625000e-01
9.830322265625000000e-01
9.943847656250000000e-01
9.963836669921875000e-01
9.951629638671875000e-01
9.986877441406250000e-01
9.969177246093750000e-01
9.986572265625000000e-01
9.750366210937500000e-01
9.921112060546875000e-01
9.983673095703125000e-01
9.944458007812500000e-01
9.977569580078125000e-01
9.865417480468750000e-01
8.786010742187500000e-01
9.972076416015625000e-01
9.947967529296875000e-01
9.901733398437500000e-01
9.683990478515625000e-01
9.904632568359375000e-01
9.935455322265625000e-01
9.126586914062500000e-01
9.925689697265625000e-01
9.967193603515625000e-01
9.958038330078125000e-01
9.156494140625000000e-01
9.987030029296875000e-01
9.844818115234375000e-01
9.732360839843750000e-01
9.984893798828125000e-01
9.981842041015625000e-01
9.854583740234375000e-01
9.966125488281250000e-01
9.892272949218750000e-01
9.513244628906250000e-01
9.354248046875000000e-01
9.969940185546875000e-01
9.962463378906250000e-01
9.986114501953125000e-01
9.416046142578125000e-01
9.788665771484375000e-01
9.692993164062500000e-01
9.885101318359375000e-01
7.175750732421875000e-01
7.769470214843750000e-01
7.890167236328125000e-01
9.862060546875000000e-01
9.980926513671875000e-01
9.940643310546875000e-01
9.922332763671875000e-01
9.966430664062500000e-01
9.908142089843750000e-01
9.822540283203125000e-01
9.985198974609375000e-01
9.957885742187500000e-01
9.990234375000000000e-01
9.946594238281250000e-01
9.981689453125000000e-01
9.990844726562500000e-01
9.654693603515625000e-01
9.981384277343750000e-01
9.883270263671875000e-01
9.777221679687500000e-01
9.990386962890625000e-01
9.977874755859375000e-01
9.446868896484375000e-01
9.982452392578125000e-01
9.816894531250000000e-01
9.972991943359375000e-01
9.912109375000000000e-01
9.987182617187500000e-01
9.962921142578125000e-01
9.984588623046875000e-01
9.670715332031250000e-01
9.389648437500000000e-01
9.985504150390625000e-01
9.892120361328125000e-01
9.957427978515625000e-01
9.605255126953125000e-01
