7.561397749992539996e-01
8.574285714285714288e-01
7.964889466840051613e-01
7.406312758137243435e-01
4.769984360707014148e-01
5.476167172359792251e-02
3.565731166912851080e-01
9.179220779220779169e-01
5.048699438524120175e-01
7.482303424526497437e-01
5.421979356405586259e-01
4.451284614161423181e-01
5.891786298382700737e-01
5.956070329211665682e-01
5.057506168153349524e-01
5.055730809674027215e-01
1.153642559385959082e-01
7.291973387502562742e-01
7.545958795562599519e-01
9.414394025121647358e-01
4.540907970274363215e-01
4.534546869595295626e-01
5.557272727272727364e-01
2.987895090786819030e-01
6.998731457270821465e-01
8.280632411067193610e-01
7.176415681393901735e-01
4.485294117647058987e-01
5.962373371924746257e-01
5.967189471786551458e-01
5.085376532399299432e-01
6.724391186702743939e-01
6.477251130791744638e-01
8.985310119695321118e-01
4.237322826587525126e-01
8.976052848885218705e-01
4.149682371625198485e-01
3.739121979678156626e-01
3.679409209383144863e-01
8.806488991888759832e-02
2.318227833025665319e-01
5.692923336141533230e-01
7.653225541424298894e-01
4.708926261319534290e-01
8.048202291584354295e-01
8.487960936184543170e-01
9.146017699115044364e-01
7.905604719764012245e-01
9.656488549618320594e-01
5.014354066985645675e-01
8.925876608965823689e-01
8.517766497461929376e-01
9.045202407647822129e-01
9.156219864995178703e-01
6.728745997516826227e-01
7.616722612145254701e-01
8.144863266814486025e-01
1.823617973239466394e-02
6.161209306733639313e-01
6.592051905920519594e-01
8.413087934560327108e-01
6.960103215561730394e-01
3.154001344989912359e-01
3.092707772172976211e-01
7.647671744754239720e-01
3.720367158138190300e-01
6.997192357734711710e-01
6.502546689303905225e-01
9.178816466552315312e-01
6.190368014538846220e-01
8.901055924912005812e-01
8.260381593714927195e-01
3.722618903545927838e-01
3.766898666981243204e-01
8.008191612501113221e-01
8.622837370242214527e-01
2.660363580460432531e-01
8.501920614596670811e-01
7.801669496998253628e-01
7.339172990992268719e-01
8.768836165437640107e-01
3.284249276886668234e-01
7.187006145741878793e-01
9.259369422962522300e-01
7.530266343825665620e-01
9.148506860371267146e-01
5.806208559373116085e-01
7.876940133037694247e-01
7.108004385964912242e-01
9.101217975640487623e-01
8.712655876890421647e-01
7.184490516842592100e-01
7.699040090344437814e-01
9.125057260650480950e-01
1.548727054039348294e-01
7.083844580777096667e-01
8.614505808365143791e-01
6.407376843313838943e-01
7.757263922518159438e-01
7.259579995670057961e-01
8.528563185227928667e-01
7.301038062283736751e-01
8.507215970500349167e-01
9.154728475560420797e-01
8.395324962489141285e-01
8.148148148148147696e-01
8.860954335556695538e-01
6.302545776074862660e-01
2.018119190298683641e-01
2.117238719629772337e-01
9.310469314079422576e-01
1.373405257299426252e-01
6.119075883480961098e-01
4.767305893358279034e-01
2.702637889688249140e-01
4.301665034280117705e-01
8.207187585080315539e-01
9.094711072576120436e-01
8.309424793233961548e-01
6.292490118577075409e-01
8.519627411842980447e-01
8.234432234432234043e-01
5.813373060403204118e-01
8.961708394698085778e-01
8.717948717948718063e-01
6.088801333535384108e-01
8.219256298622510393e-01
9.267605633802816767e-01
8.537536074360031479e-01
9.353802213495180373e-01
4.620636882688798908e-01
8.290574988412988677e-01
8.782441886707289536e-01
8.448446467445082098e-01
9.246415471823941079e-01
7.557344784397924675e-01
7.878787878787878451e-01
8.342516069788796784e-01
5.211614700525019073e-01
9.025815879201168901e-01
9.379246448424953808e-01
1.645920834924271270e-01
6.574780798587017694e-01
5.521658644946315642e-01
5.216867469879517966e-02
6.054789414834140793e-01
7.072084233261338726e-01
5.885725205427096984e-01
6.574619919329817153e-01
2.946916187286099387e-01
3.023585742152863909e-01
9.075081610446137370e-01
6.015090060621919310e-01
7.453416149068322616e-01
6.250535637766033714e-01
9.124668435013262302e-01
8.961389961389961689e-01
6.353285188959284513e-01
4.909744166919181030e-01
7.691908713692946487e-01
3.992443324937027804e-01
7.810154669451151443e-01
7.536039259789387712e-01
5.842746156813047875e-01
7.324739440482720410e-01
1.484276729559748376e-01
6.076882569773565113e-01
6.154132341217114499e-01
8.115217040503469592e-01
8.750505458956733262e-01
7.500000000000000000e-01
6.829705276359401278e-01
4.713240954580446562e-01
7.644455021418372631e-01
6.386007237635705769e-01
7.820238007243698330e-01
8.170333260727510316e-01
8.778280542986425239e-01
8.839194264254011113e-01
5.687849517031011715e-01
1.884700665188470126e-01
8.158170757289699981e-01
8.290241596296175075e-01
1.424465430656011999e-01
8.206926786497150683e-01
8.586671182996019613e-01
6.386960458798671691e-01
1.483593329747175948e-01
8.596472065971274557e-01
8.364631264768063179e-01
7.973549617165511805e-01
5.864153627311522454e-01
7.042314602564896386e-01
6.732731911791507429e-01
8.595654088973718743e-01
4.247923219614485046e-01
6.204254300195554128e-01
9.327380095059772946e-01
9.107299912049252599e-01
9.118120373350498964e-01
8.900276447980580707e-01
8.497267759562842082e-01
5.571428571428571619e-01
8.573446327683615920e-01
8.592505163765122855e-01
8.050500081980652700e-01
7.177709370235046960e-01
9.207067757009346209e-01
9.214691313277757478e-01
8.480043739748496234e-01
6.893657053949415747e-01
7.765841223597960141e-01
8.838197789742137100e-01
5.601418754156506363e-01
7.451315339938503479e-01
8.128598331988162728e-01
9.478848959024002152e-01
9.540256588967190865e-01
9.540776767463170493e-01
8.342613636363636065e-01
8.775915369125613097e-01
8.814012568525203539e-01
2.025081281932187560e-01
9.181845074589021216e-01
9.308224792786228274e-01
7.583376355188435891e-01
7.876996805111821098e-01
7.802267002518891159e-01
4.488824830200600080e-01
7.406653716893287775e-01
8.393804192272076303e-01
4.509993552546743834e-01
8.740066505100603234e-01
7.941756076198817071e-01
9.294422156076096453e-01
8.734515868943780736e-01
9.573672971323977654e-01
8.175671013592769043e-01
9.308515166132281804e-01
9.629505260801433097e-01
6.491466823598646130e-01
6.236397069906248758e-01
8.760844231516250469e-01
8.310009372677030770e-01
9.244419004006868557e-01
8.476096233533304547e-01
7.497526548380714084e-01
5.681411198717092326e-01
8.455217946555504405e-01
4.163002875937985570e-01
7.902578796561604557e-01
9.421328484329875019e-01
8.723712217965091664e-01
9.340237619598359409e-01
9.181147024399027856e-01
9.221707611759967227e-01
8.547411367473269905e-01
9.369505910882085509e-01
7.844729344729344245e-01
9.045601874137543241e-01
6.057061634099977221e-01
8.367505931513155026e-01
8.803758982863459925e-01
8.478740157480314510e-01
8.557787104588603366e-01
8.168456755228943322e-01
8.011899702507436771e-01
9.136768862796259549e-01
9.185215201597730639e-01
4.555306841603687928e-01
7.553159961472919459e-01
9.178674351585014435e-01
8.731555274994081683e-01
8.559363439659384287e-01
8.317547611773092875e-01
9.465575637682462906e-01
7.368363556915009660e-01
9.161147902869757331e-01
8.562359155782790499e-01
8.738829633900259131e-01
5.842985508751882273e-01
8.040013119055428037e-01
6.125457503050020236e-01
9.467648981046877799e-01
8.594594594594594517e-01
8.692261547690461887e-01
9.548901046165658713e-01
9.365308330328164788e-01
9.313154831199068617e-01
8.792192694417817478e-01
9.073543865646767070e-01
8.180005317734645454e-01
8.800832925036746746e-01
8.328710430150134680e-01
9.033814398388991806e-01
7.240414678295211681e-01
9.457945613876592716e-01
9.011799410029498469e-01
7.424010922921882027e-01
8.736956521739130954e-01
9.119531330295659322e-01
8.323445214288677230e-01
9.364831581503451075e-01
7.968587425060694729e-01
9.394638417952565490e-01
9.077047268813346337e-01
9.402292576419214454e-01
8.129877259715305726e-01
9.544882550335570537e-01
9.586307889438038243e-01
7.727477243623023240e-01
8.277174054673859249e-01
7.801362976203776167e-01
6.156341646985543647e-01
9.141222643517594726e-01
8.338674143801322325e-01
9.603799338107436023e-01
7.681410145512561627e-01
7.596616166197949216e-01
3.617450100773682009e-01
9.354056188649441106e-01
8.028995819621097541e-01
8.532400830510327161e-01
7.466495194260186485e-01
8.811489161801221437e-01
7.832923466726283701e-01
1.495332918481642737e-01
8.855107979782508298e-01
9.381862706374911598e-01
9.513360639750341186e-01
9.152709359605911699e-01
9.414053616999772389e-01
5.009178054252498846e-01
8.754118799536912965e-01
8.348623853211009083e-01
8.210652893865321156e-01
8.405545927209705503e-01
8.793874964434442720e-01
7.035301610408516426e-01
6.873154914581619535e-01
9.431434972291002916e-01
5.143869098147118013e-01
8.615521710952689372e-01
8.974167776298268562e-01
9.469255087047508956e-01
5.812570995834911436e-01
9.377431906614785984e-01
8.545500010419054826e-01
9.125467240284927950e-01
8.999138249415240542e-01
8.980571600030005097e-01
8.400588398998131145e-01
7.459749552772808601e-01
8.729395604395604469e-01
9.520028870443882907e-01
8.716981132075471983e-01
9.028906102399395506e-01
8.349698331953152586e-01
9.536323288951179533e-01
8.860059391239791804e-01
8.511381327050111523e-01
6.913743209625831110e-01
9.154686911107521308e-01
7.217993962328330682e-01
8.289577256100384428e-01
7.601058166919378856e-01
9.539401103230890078e-01
7.626381275559035444e-01
8.868644803053964409e-01
8.535662493957628660e-01
9.379653506701050025e-01
8.185985592665356858e-01
8.950059276822762699e-01
8.810433582762829952e-01
8.939695162359178049e-01
7.660512699905926981e-01
9.174471992653810970e-01
7.394286010040888035e-01
9.332816683105537026e-01
8.595934917086863747e-01
8.493890020366599014e-01
8.704562185392252793e-01
8.397231096911608184e-01
6.944715220721348059e-01
9.382154680706792371e-01
8.955314009661835550e-01
8.857238605898123396e-01
9.381523872379595730e-01
8.343663911845730086e-01
8.610342626090657925e-01
9.416553595658073705e-01
6.032702397063458566e-01
9.125059438896814257e-01
7.489524357867127780e-01
7.758777364725319980e-01
5.616125447586122199e-01
8.848946343191075314e-01
8.831189646191449638e-01
2.822678740370320183e-01
9.338432423907900848e-01
2.099933964340744072e-02
7.595752749336367460e-01
9.722556444192794745e-01
9.170239016331737103e-01
9.094754653130288080e-01
8.152000000000000357e-01
9.472454090150250750e-01
9.216090588194177924e-01
9.051751848280296109e-01
6.936979044948197171e-01
8.364482873295643328e-01
7.904004986753935258e-01
8.332465503775058346e-01
9.381744318903135760e-01
9.495585100984471616e-01
9.174147872418071392e-01
8.734975125915397376e-01
9.083708232398969296e-01
5.849502555928104419e-01
6.397342118487910900e-01
9.094696199959357852e-01
1.245701818871682992e-01
7.815597287428273088e-01
5.797872340425531679e-01
8.688973725578261753e-01
3.857282141821918864e-01
8.812453332467616862e-01
9.528313505258749760e-01
7.204959436705954401e-01
9.065093121888253558e-01
8.761288322158056197e-01
3.811981983834810683e-01
9.423983831125084532e-01
6.692793729504918909e-01
7.473414008067473802e-01
9.296069138555895783e-01
8.278403618241969575e-01
9.133317852258946434e-01
6.963627114332952006e-01
7.514190973978530641e-01
6.074506842011728747e-01
8.196930363893063509e-01
6.927845703461339433e-01
2.958401515803978921e-01
7.401723209477651944e-01
8.700122318093159723e-01
9.013835803214197417e-01
8.644223693892567617e-01
9.219505260164913008e-01
8.680615597440775044e-01
9.236576469590296323e-01
9.561209702325802473e-01
8.890181818181818185e-01
9.136104319478403069e-01
9.228985870484663900e-01
8.741462180622312506e-01
8.577978512283582768e-01
8.083877448518332898e-01
8.879618593563766149e-01
8.935619251718903699e-01
9.108321610215344144e-01
8.140153077592923170e-01
7.491231689704972441e-01
5.478987525735739411e-02
2.148202226683701421e-01
9.077480086893555677e-01
9.326023287377669391e-01
9.207908708122292119e-01
8.181966449207828118e-01
9.028647568287808678e-01
9.469805895039540289e-01
9.187470336971997886e-01
8.797311637778564286e-01
7.764932562620423528e-01
5.809569840502658566e-01
8.808437856328392712e-01
5.815738963531670302e-01
9.032258064516128782e-01
8.429172510518934125e-01
6.304062909567497153e-01
8.003960396039604408e-01
8.638378720709309899e-01
8.607512953367875141e-01
3.105031948881789017e-01
7.080017683465958944e-01
9.408866995073891237e-01
8.765978367748279432e-01
2.303921568627450844e-01
7.875486381322956975e-01
6.075445578819864689e-01
9.004092769440654731e-01
7.789842381786339365e-01
7.555584619408841629e-01
9.522067500590040146e-01
6.402521386762719535e-01
9.570340184266478145e-01
8.202423698384201378e-01
9.466529879456271335e-01
9.199164345403899601e-01
8.859233749461902230e-01
7.754886423666138562e-01
9.241773962804005205e-01
4.503381234150464763e-01
8.193062465450524634e-01
6.780279975654290858e-01
3.890946010511228126e-01
8.993610223642172219e-01
8.133377461525732599e-01
9.141566265060241392e-01
8.125965002573339868e-01
8.411552346570396743e-01
8.453744493392070236e-01
6.122994652406417160e-01
9.277929155313351384e-01
9.529983792544570731e-01
9.451101662156938810e-01
9.138828633405640112e-01
7.383048981838195024e-01
4.443147116939105690e-01
7.855555555555555625e-01
7.991772625280478826e-01
7.810249894112664126e-01
7.106159083874961091e-01
8.217054263565891636e-01
9.562487737885030370e-01
8.679073990013618234e-01
9.533856722276742302e-01
8.772787905735882630e-01
9.126594700686947448e-01
7.434391631492016650e-01
7.336130047194546755e-01
9.326923076923077094e-01
8.194291986827662022e-01
8.640873015873016261e-01
3.298904538341158044e-01
6.315626930203829259e-01
9.008538899430740265e-01
8.792899408284023943e-01
8.251192368839427305e-01
7.469985358711566104e-01
7.989455184534270948e-01
8.851288419745421132e-01
5.338122605363985196e-01
8.788770053475936095e-01
8.396624472573839260e-01
7.900577008433200543e-01
2.366162648140580360e-01
9.656941327348509407e-01
8.030997598777559476e-01
8.472825143254036906e-01
9.484890109890109500e-01
9.137296159915834215e-01
7.570446735395188753e-01
4.697001467812958464e-01
6.995127233351380314e-01
6.000971817298348387e-01
7.371416954665582777e-01
8.117206982543641036e-01
6.781193490054249207e-01
8.524374176548089599e-01
5.772004437869822091e-01
7.987912735849056478e-01
7.550863723608445266e-01
8.487503590922148566e-01
8.488923285285866760e-02
6.047428603616290532e-01
3.237128660534940305e-01
8.979636763896532425e-01
9.026086956521739424e-01
8.386524822695035075e-01
7.881889763779527103e-01
8.618568232662192630e-01
7.762237762237762517e-01
7.284768211920529257e-01
9.090262970859985803e-01
9.143646408839779527e-01
8.869936034115138979e-01
9.170677526841910510e-01
8.879629629629629539e-01
9.554273728369165886e-01
8.241948864921939677e-01
8.345323741007194540e-01
9.097678493210688000e-01
9.281387206135719437e-01
8.514851485148514643e-01
9.313432835820895095e-01
2.124377309979109674e-01
9.043693322341302965e-01
1.803124632914366310e-01
8.302808302808303287e-01
7.521444695259593693e-01
8.935140367860600064e-01
8.400673400673400737e-01
8.582887700534759245e-01
6.291259168704156357e-01
5.549194991055456105e-01
9.377564979480164098e-01
6.419294990723561911e-01
8.849341784495368124e-01
6.727648273827088188e-01
