9.247762056020790711e-01
9.991636084321925404e-01
9.999519715671677522e-01
9.933021806853582492e-01
8.663290446208595785e-01
3.897121552023760649e-01
1.000000000000000000e+00
9.993357849887407607e-01
9.340666568013284987e-01
9.545281253249229270e-01
9.430901407466908415e-01
9.983758700696055977e-01
8.378539665428225147e-01
9.752267594020005426e-01
9.865327493329305586e-01
6.695237167624428221e-01
5.690663830198714468e-01
9.664740825128163015e-01
9.489616584770991237e-01
9.850985880706376596e-01
2.202975905737808160e-01
4.326944656402890721e-01
9.851632047477745235e-01
8.367353679482097961e-01
8.012923590018462550e-01
9.865596262358727886e-01
9.703357136994171794e-01
8.831816293386712813e-01
9.755109979489355876e-01
9.640503969401857942e-01
9.962067137088550517e-01
9.254548013652837968e-01
9.990067743085621066e-01
9.874582081699845304e-01
6.573061630218688389e-01
9.982773604817183344e-01
8.093921545057498612e-01
8.308297766199213008e-01
8.490549038686775463e-01
8.166811603205168524e-01
5.532467532467532090e-01
1.000000000000000000e+00
9.745833333333333570e-01
1.000000000000000000e+00
9.940362557783632980e-01
9.913576399709150833e-01
9.973048371081375540e-01
9.944855518342550216e-01
9.980797167999733155e-01
9.980500487487812267e-01
9.959041138362624279e-01
9.978512907713711355e-01
9.902472885032538308e-01
9.999185574902675899e-01
9.807684798313093255e-01
9.993900187810006441e-01
9.962436942180830091e-01
9.999455871150287889e-01
9.986963655570789689e-01
9.999157908919428239e-01
9.981489684850018973e-01
9.476616031303931598e-01
9.194505546675950658e-01
7.618412387497678351e-01
9.150123768383244816e-01
6.854329211998334559e-01
9.958938662182508228e-01
1.000000000000000000e+00
9.920751186967188273e-01
9.973733583489681198e-01
9.976081102486932251e-01
9.998091451292246967e-01
1.000000000000000000e+00
7.894359953624769943e-01
9.606743560713274510e-01
9.970442276878082044e-01
6.741904664414645199e-01
9.986274751711801123e-01
9.958866736621195814e-01
9.974354864561628675e-01
9.982886571556521815e-01
1.000000000000000000e+00
9.998968136040944366e-01
9.968414808164051122e-01
9.999060885897637085e-01
9.966965400603789993e-01
1.000000000000000000e+00
9.999843095413678551e-01
1.000000000000000000e+00
9.997941995947314808e-01
9.986311624425194822e-01
9.828876753601355487e-01
1.000000000000000000e+00
9.993301857509271358e-01
1.000000000000000000e+00
1.000000000000000000e+00
9.996910613758066555e-01
7.981394757474942203e-01
1.000000000000000000e+00
1.000000000000000000e+00
9.960969821866266782e-01
1.000000000000000000e+00
1.000000000000000000e+00
9.966870369126765716e-01
9.971898457244162683e-01
9.954658772203178740e-01
9.951403800513408671e-01
9.440295376353109447e-01
7.289300215343645917e-01
9.365737076524357496e-01
9.975524475524475410e-01
8.424106863542514256e-01
9.284268535369857300e-01
9.993861695224398600e-01
1.000000000000000000e+00
9.633508688028056266e-01
9.960629921259842590e-01
9.982178174784290814e-01
9.988910012674271366e-01
9.865806492021984564e-01
9.930283155203354362e-01
9.998909283555111882e-01
6.864591593973037309e-01
9.959887749116103084e-01
9.997538688736424817e-01
9.671950899304188054e-01
9.967114808008511462e-01
9.995878053807251140e-01
9.961543391872836883e-01
9.978685838807679342e-01
1.000000000000000000e+00
9.754588784098975340e-01
9.958245367112361635e-01
7.478632478632478708e-01
9.967326511746517070e-01
9.778627542791737959e-01
9.990587146053545586e-01
9.973240146077320123e-01
1.000000000000000000e+00
9.979877694109509090e-01
9.981094591130479365e-01
1.000000000000000000e+00
9.992357354035518169e-01
9.391877256317689993e-01
5.068020813742085684e-01
9.694050169972128206e-01
1.000000000000000000e+00
9.486530769601464463e-01
9.950656318865573891e-01
8.540457662885782009e-01
9.538023415251555281e-01
9.960019672859387052e-01
9.992729490126178726e-01
9.988581127999383025e-01
9.891742485316135092e-01
9.848670682875798610e-01
9.983188479350377786e-01
9.997905710429562109e-01
1.000000000000000000e+00
9.990120017492427618e-01
9.161612903225806459e-01
9.848976711362033010e-01
9.838365301476945657e-01
8.868489510227761663e-01
9.993873455160029451e-01
8.813843956298498261e-01
9.597800159024648670e-01
1.000000000000000000e+00
9.982168390949617276e-01
9.956739346669403190e-01
9.997336967589328660e-01
9.998345040638446646e-01
9.576713698477946624e-01
9.910523504273504036e-01
9.968481724624305151e-01
1.000000000000000000e+00
1.000000000000000000e+00
9.995325678284726623e-01
9.952310553674471594e-01
9.970219333521727068e-01
1.000000000000000000e+00
9.963927921428454848e-01
9.375840370031732762e-01
1.000000000000000000e+00
9.867620403935785101e-01
9.735797771133459788e-01
9.819309430627446433e-01
1.000000000000000000e+00
9.954889436961149585e-01
9.958085802864714564e-01
9.964426998681346070e-01
9.982504956928870410e-01
1.000000000000000000e+00
9.199662304769945509e-01
9.002663941904170963e-01
1.000000000000000000e+00
8.954936619250934982e-01
9.939777430956097115e-01
9.997945476096404827e-01
9.990398310102578394e-01
9.954453540648251497e-01
9.954684941090423678e-01
9.933831902255870760e-01
9.984273057099702919e-01
9.930173846350505151e-01
9.865062240663899917e-01
9.813781448295654242e-01
9.984008710149365751e-01
9.961031957274324444e-01
9.962780514504652185e-01
8.285926670893548618e-01
9.642421564295183822e-01
9.944828471075043419e-01
9.980494601184256576e-01
9.913703011685720545e-01
9.311979373264577253e-01
9.955539533765921378e-01
9.735159485577272731e-01
9.906168363810844424e-01
8.456735057983942871e-01
9.934376743117760977e-01
9.863407009734799225e-01
1.000000000000000000e+00
9.990218065562819216e-01
9.529266572637518085e-01
9.083503856445773739e-01
9.752041792362592387e-01
9.713794208422579235e-01
9.947881865561940540e-01
9.995168936260152570e-01
9.168879622517283057e-01
1.000000000000000000e+00
8.708125652022719043e-01
8.688833570412517471e-01
9.117746746203904129e-01
9.934290834480430377e-01
9.520348837209302584e-01
8.736077250346574452e-01
9.375735066542866258e-01
9.893937192552771931e-01
8.008018877774761846e-01
9.995367224658718852e-01
9.998443499014215696e-01
9.997399144607559407e-01
9.862657331956080631e-01
9.629203401732074896e-01
8.766722042493660938e-01
9.567894933823278825e-01
9.316974842035895543e-01
6.885514977431268502e-01
9.886075747677698367e-01
9.955702819072593801e-01
9.349788748054258525e-01
9.764053906545194783e-01
8.564472936784873758e-01
9.920605184749058392e-01
9.991628214862838808e-01
9.968925693966138590e-01
9.968844559004819139e-01
9.953958417791162194e-01
7.926978137831539595e-01
9.979397442072028834e-01
9.993277786622795089e-01
9.839406836015427427e-01
8.544321802457897075e-01
9.562358742551879676e-01
9.997582924289751816e-01
9.997515616127200522e-01
9.573935611444107652e-01
9.995104039167687082e-01
1.000000000000000000e+00
9.989766841417528909e-01
9.267201623316730918e-01
9.618339249826262094e-01
9.970830350751610505e-01
9.787654771683246269e-01
9.643626047972442272e-01
9.717457316950549595e-01
8.063465691975411076e-01
9.871298136855227723e-01
9.886613021214337715e-01
9.649079048349961107e-01
8.631273876959557612e-01
9.902409271119243517e-01
9.299827522214701991e-01
9.964285109768276083e-01
9.961503705042472623e-01
9.961350302059576167e-01
9.779628010492011914e-01
9.193961675579322979e-01
9.969241689341061807e-01
9.958285052143684979e-01
9.959033467573947807e-01
9.977864765366513122e-01
9.760778989747670442e-01
9.744268494445758044e-01
9.964508516126672211e-01
8.816060154642831881e-01
9.989658441297291080e-01
5.971804945689854760e-01
9.350913300746076517e-01
9.981690717675685276e-01
9.821543236301369939e-01
1.000000000000000000e+00
9.815302190055456011e-01
9.818920382740566888e-01
9.949065053156941341e-01
9.872996300863131625e-01
9.912320000000000020e-01
9.989523746175336116e-01
1.000000000000000000e+00
8.044244380608286393e-01
9.988896348706295392e-01
9.977093878154209561e-01
9.983592298264342135e-01
9.941623916504510605e-01
9.046082257580305708e-01
9.528275278522070346e-01
6.836048327967101379e-01
9.997125114995399908e-01
9.417436218500547795e-01
1.000000000000000000e+00
8.439414269879237374e-01
9.974140768254267098e-01
9.671473593735078200e-01
1.000000000000000000e+00
7.860729722857869861e-01
9.989150090415913619e-01
9.940679222897820244e-01
9.911253742582067927e-01
9.991975706845823701e-01
9.331056793673616623e-01
1.000000000000000000e+00
9.750435391493258441e-01
9.141519136923649258e-01
6.325231728674555187e-01
9.718035006670782128e-01
8.554558186911127571e-01
9.999770405234760240e-01
1.000000000000000000e+00
9.356443653426098628e-01
6.607206789798454327e-01
8.939066077084705242e-01
9.925521350546177013e-01
8.990145635301299842e-01
1.000000000000000000e+00
9.889807162534435259e-01
9.767325354856665198e-01
9.772978116079923394e-01
9.893815612517312674e-01
9.748104716734511399e-01
9.094041345764085627e-01
1.000000000000000000e+00
9.997503952075880163e-01
9.825588824055538906e-01
9.812878370941111594e-01
7.992409019870506670e-01
9.955438398292851820e-01
9.845240274134179348e-01
9.618461385102300421e-01
9.554625308811419693e-01
9.989974937343358841e-01
9.684889979583840569e-01
8.737341179895610210e-01
9.986590299559070516e-01
8.231214699363694765e-01
9.797013760124914095e-01
9.989435379739406429e-01
8.339914163090128563e-01
7.150412796697626083e-01
9.707024265644955685e-01
9.532171505508884035e-01
9.754451733833177096e-01
9.983868076716256867e-01
9.763576872431267706e-01
9.277002485184476788e-01
9.844884428990937630e-01
8.111352394740016791e-01
9.527815537715765837e-01
9.448775510204081574e-01
9.991929843438962511e-01
8.990582695703355220e-01
9.656786846567868565e-01
9.652032734373285905e-01
9.803517782730885033e-01
9.998844407758976649e-01
9.951911472548692350e-01
9.694275274056028957e-01
9.988126891754042225e-01
9.953999488883209512e-01
9.984019370460048837e-01
9.937435721631813212e-01
9.996217911341538365e-01
9.513274336283186194e-01
9.639391677551781834e-01
1.000000000000000000e+00
9.769284800893323073e-01
9.396332144676515785e-01
1.000000000000000000e+00
9.856591388023795419e-01
6.581871839407307245e-01
1.000000000000000000e+00
9.511757882526626906e-01
9.898860080464908506e-01
9.946186433747158384e-01
9.990313333992290046e-01
9.984833003384635530e-01
9.603605685889287091e-01
9.997437581076535906e-01
1.000000000000000000e+00
8.782408439194711036e-01
1.000000000000000000e+00
9.977235884523850684e-01
9.970085765666066857e-01
9.945879326974600421e-01
9.845351509049131700e-01
9.395055085105780135e-01
9.453306229821833995e-01
8.624439829489561893e-01
9.986789683371776194e-01
9.874997783648645777e-01
4.058532349109856829e-01
9.718690694120215579e-01
1.000000000000000000e+00
9.671658471166740823e-01
1.000000000000000000e+00
9.181094869287093063e-01
9.796503633863681282e-01
9.974810657289694404e-01
9.990683400010961224e-01
9.260510860445604342e-01
9.856635002039746407e-01
9.859923143671749379e-01
1.000000000000000000e+00
5.925365607665153966e-01
9.989729896271952736e-01
9.996640349403661530e-01
9.245934468114490601e-01
9.999598490323616806e-01
1.000000000000000000e+00
9.915438511717806769e-01
9.873575458232322077e-01
1.000000000000000000e+00
9.793166644848801949e-01
9.986147026228296975e-01
9.998016660055533134e-01
8.803708250433899263e-01
9.932078465072465834e-01
9.967464559609574559e-01
9.987464063649127421e-01
9.851145755071374355e-01
9.363342253464872478e-01
9.988591472551423545e-01
9.945293534379594513e-01
9.920030689329556450e-01
9.693354387196132516e-01
9.959320177583070866e-01
9.898210236866226142e-01
9.840775584117309460e-01
9.993746666421438052e-01
9.857983399292543636e-01
9.541863104592281930e-01
9.951463474624907546e-01
9.993818511497568613e-01
6.394025246852526045e-01
9.400249571049758002e-01
9.559681157205796032e-01
9.752753249330290419e-01
9.885911614285090021e-01
9.818881417855338523e-01
9.740508180856570775e-01
9.935331201791940403e-01
9.996174262349959427e-01
9.927413803892122246e-01
1.000000000000000000e+00
9.999059384210196022e-01
1.000000000000000000e+00
9.976767755515708602e-01
9.998766022427542088e-01
1.000000000000000000e+00
9.947115839989896235e-01
9.994374384698326841e-01
9.993909200231138046e-01
9.946265713581463608e-01
1.000000000000000000e+00
9.994578350579341741e-01
9.966413459727541113e-01
9.999081698246043981e-01
9.978567767786422626e-01
9.990804520831939595e-01
1.000000000000000000e+00
9.997108632796365413e-01
1.000000000000000000e+00
9.961941340782123344e-01
9.999052447055478687e-01
9.955040096893178481e-01
1.000000000000000000e+00
9.971688345305118606e-01
9.993140434023447538e-01
9.981210130739595066e-01
1.000000000000000000e+00
9.993856139134817962e-01
1.000000000000000000e+00
9.995497876172020346e-01
9.796148925919156980e-01
8.774592669855770799e-01
9.983072694236950761e-01
9.813925867273717296e-01
9.722065576411825782e-01
9.449747651361926071e-01
1.000000000000000000e+00
1.000000000000000000e+00
9.802592160449055125e-01
9.972596556837964865e-01
9.999199436403227725e-01
9.981764556640873032e-01
9.982959200393248800e-01
8.851198186528497214e-01
9.249995749239113829e-01
9.940267315460316055e-01
9.987131213955483533e-01
9.931770661384394794e-01
9.989418159080342141e-01
1.000000000000000000e+00
9.993716619541312962e-01
9.993688163729033125e-01
9.992289171794105362e-01
9.958458560840899310e-01
9.997055906780711876e-01
1.000000000000000000e+00
9.838997640757508600e-01
9.979104666624454278e-01
9.999843051086870771e-01
9.998605451136557409e-01
9.328433537316257462e-01
8.583098083969007419e-01
9.969194014837168272e-01
9.995081863180607096e-01
9.964023554085665868e-01
1.000000000000000000e+00
1.000000000000000000e+00
9.999518598157836058e-01
9.982967928972640292e-01
9.988523768729694607e-01
9.995512016961480839e-01
9.926745098039215787e-01
8.829547974278564304e-01
9.992315696790202706e-01
1.000000000000000000e+00
9.799005913724920802e-01
9.997035835192437103e-01
9.981804206992831441e-01
9.998563103696016530e-01
9.608798089846776191e-01
9.838209325633561209e-01
9.999663095478741326e-01
1.000000000000000000e+00
9.958720812499026742e-01
1.000000000000000000e+00
9.967459168262569058e-01
9.346337130852135910e-01
9.877273797115093679e-01
9.569082259800687495e-01
9.827192805851956425e-01
7.033756134271962335e-01
1.000000000000000000e+00
1.000000000000000000e+00
9.914642499604826575e-01
9.999689383114865882e-01
9.990211865744688113e-01
9.872526910097084718e-01
9.978867617362991993e-01
9.988497415857808814e-01
1.000000000000000000e+00
9.986296463553264724e-01
9.998563424795288146e-01
9.985006569286652978e-01
9.930640420120884215e-01
9.997518302518922928e-01
9.992932751201432096e-01
9.752625785870193686e-01
9.998615150256197071e-01
9.970438830464993796e-01
9.998317595844461447e-01
9.980079066032491175e-01
9.977179879994892975e-01
9.236770797645372788e-01
9.992698462016467165e-01
8.909704535866627140e-01
9.999536464771322519e-01
9.974167126092777780e-01
9.985912004210917292e-01
9.996582258816218980e-01
9.995680078992841278e-01
9.897488381457308915e-01
1.000000000000000000e+00
9.999063670411985072e-01
1.000000000000000000e+00
9.999212474405417828e-01
1.000000000000000000e+00
