3.796579599987117137e-01
8.582621082621082476e-01
7.357630979498861468e-01
6.837129106824813007e-01
7.164355902544083943e-01
7.403017241379310498e-01
1.420896304708657298e-01
8.017852454712522947e-01
7.202404809619238346e-01
8.092186854071931057e-01
3.600044888340253602e-01
3.700960905022602776e-01
7.525976588188872940e-01
5.951173610748078380e-01
5.802259012842333474e-01
5.615685472532528921e-01
5.395327247408324700e-01
7.228144592658741763e-01
7.330788567172517034e-01
9.454125077539051736e-01
4.761317527249582238e-01
5.345808212945057925e-01
5.891822672114153114e-01
6.965645625317312684e-01
4.710531406306132096e-01
9.053863223724026854e-01
8.010088711080187718e-01
0.000000000000000000e+00
5.757986447241045802e-01
6.077855306647080846e-01
2.195080328628196686e-01
7.641219362206799204e-01
3.223829463266082995e-01
9.223355217209107115e-01
4.237824161922833927e-02
8.606108065779169980e-01
4.902138375894671829e-01
4.918075878384298716e-01
5.763577907911355824e-01
1.884920634920634885e-01
2.444814268219926423e-01
5.273799494524009646e-01
7.754052470542281972e-01
4.615782664941785463e-01
8.550976138828633166e-01
4.927397133038174393e-01
9.111597374179430942e-01
8.220858895705521752e-01
9.682034976152623651e-01
5.602605863192182678e-01
9.023141967067200842e-01
8.219844357976653360e-01
9.283935242839352897e-01
8.641081342022688405e-01
4.627095186836844287e-01
5.683853041062055800e-01
8.582554517133956784e-01
1.401670978412994546e-02
5.772057080548048669e-01
7.991524141062509301e-01
8.648648648648649129e-01
7.596226824243738074e-01
5.869346733668341365e-01
0.000000000000000000e+00
7.890240745534559119e-01
7.784603570742944234e-02
5.815734989648032593e-01
6.082342954159593029e-01
7.383472190947985014e-01
3.417215428033866242e-01
9.210850801479655292e-01
7.585429966203529606e-01
3.235507684860220445e-01
3.831435327372054722e-01
8.245308924485126312e-01
8.362299465240641272e-01
0.000000000000000000e+00
8.553615960099750781e-01
8.338054987924948813e-01
7.598899568184983577e-01
8.463041354607619970e-01
2.060215619247962038e-01
7.538479477611940149e-01
9.420423183072677009e-01
7.611850060459491862e-01
9.340478153338829248e-01
5.143158529234478360e-01
7.326677759290072256e-01
6.792763157894736725e-01
9.301934398654331249e-01
8.451176686409140881e-01
2.490890161374284262e-01
7.927724449463580125e-01
9.128429790177542413e-01
0.000000000000000000e+00
7.292433537832311297e-01
8.479729729729730270e-01
7.831377193926994940e-01
6.743341404358353941e-01
6.471097640181857624e-01
6.649926012286444532e-02
7.739331026528258883e-01
8.432195308029754033e-01
8.617734367518912197e-01
7.040848891016435740e-01
9.124726477024069915e-01
9.125578861345682302e-01
6.069057104913678780e-01
1.283114615447575879e-01
8.667736757624397992e-01
9.525909592061742037e-01
1.824593334091684782e-01
8.043947155567537921e-01
5.476435480551553603e-01
1.330935251798561203e-01
4.149314372778060145e-01
7.637640449438202195e-01
8.807733619763694621e-01
7.539808917197452498e-01
3.192700156985871507e-01
9.372447085035277015e-01
5.731375747688961519e-01
2.538842167423486784e-01
9.205734211545912871e-01
8.377358490566038096e-01
5.708937763219465999e-01
4.651398020374250541e-01
9.489754921655283448e-01
7.851946779239380447e-01
9.353197674418605168e-01
4.833715933839543011e-01
5.616749861342207328e-01
8.278847892928197227e-01
7.259282992141917745e-01
9.575289575289575028e-01
2.014099062523067862e-01
7.115646258503400823e-01
6.156079854809437535e-01
4.845173041894353383e-01
8.701923076923077094e-01
9.372513008876645069e-01
1.579992363497518260e-01
5.954473601011697204e-01
6.988301357042583373e-01
7.624246159263987910e-02
6.633280218529479244e-01
6.409287257019438133e-01
5.440019869194470115e-01
2.280766396462785561e-01
4.413892908827785622e-01
1.870347295440748792e-01
9.091569767441860517e-01
6.412041064903427623e-01
7.523939808481532321e-01
3.720895633415160497e-01
9.484496124031007724e-01
9.205607476635514486e-01
6.382412906657211060e-01
4.343311991694064900e-01
8.516145566376217557e-01
6.648471615720523697e-01
6.857958885457141607e-01
5.119126650438887705e-01
7.635759442373155625e-01
6.732036914963743790e-01
2.464686707714596192e-01
6.808349146110056482e-01
5.102311985118256343e-01
6.689487296516050119e-01
9.179600886917960167e-01
7.964037122969838123e-01
2.924511386049847839e-01
8.936170212765957022e-01
6.639169254658384700e-01
5.788629917375754941e-01
7.690773435768634148e-01
7.854070242308739402e-01
8.442532942898974824e-01
8.692052980132450868e-01
3.565634406407836576e-01
1.645232815964523254e-01
6.599956014954915240e-01
2.377693908504109332e-01
9.848078077129591990e-02
9.071965107826508445e-01
9.032074397418865530e-01
9.086993970714900559e-01
8.340505648197955868e-02
8.366705278835016024e-01
4.553408447158053818e-01
7.789335246293639381e-01
5.185870479394448784e-01
6.209652437891084453e-01
7.560857336824750030e-01
7.971321109543958450e-01
3.572062263085732936e-01
5.724376666510735401e-01
9.473763798578557216e-01
8.633567662565905243e-01
8.909565785177929742e-01
8.585464333781964719e-01
8.951965065502183183e-01
1.657179000632511001e-01
8.365019011406844562e-01
8.828362751065125247e-01
7.513503781058696873e-01
6.095976591075347173e-01
8.880850435552930522e-01
9.064112011790714796e-01
8.736964078794901001e-01
6.726505592484973706e-01
7.839423571796191315e-01
8.996092575894198973e-01
5.192025277023719632e-01
8.032904148783976961e-01
8.808265821298579823e-01
9.463234287279200796e-01
9.567353694173627021e-01
9.090586397841828870e-01
8.650261872019193721e-01
7.934112162815155633e-01
8.811920529801324786e-01
4.443154554601037032e-01
8.843646829763819328e-01
9.108956602031393901e-01
8.487020870671214690e-01
6.080468958166800331e-01
8.831109763493025788e-01
2.286210846466801005e-01
7.828833826429980602e-01
9.204625251626796789e-01
2.442510208467655319e-01
8.922386514009550407e-01
7.034195038366981567e-01
9.505566035229415789e-01
8.744163991829588811e-01
9.544830741079597392e-01
8.899906103286384651e-01
9.365896929636305934e-01
9.641278476708602385e-01
6.869209809264305022e-01
5.335967187405754597e-01
8.622343182996371480e-01
8.194933032112312610e-01
9.552799699361141927e-01
9.385436627429509793e-01
5.988948517373112734e-01
5.541849767429907203e-01
8.018116391611862515e-01
6.596994418205238686e-01
8.976897689768976729e-01
9.334283834174160743e-01
9.067615981134642400e-01
9.368845589775822713e-01
9.214046822742475440e-01
9.264905502767045720e-01
8.651297236322617046e-01
9.727039177906230405e-01
3.615027962334496636e-01
8.808208619692979857e-01
4.005471293025832935e-01
8.267054524814644312e-01
8.718944099378882484e-01
9.252320385012031689e-01
8.764929894408862721e-01
7.827704320282862227e-01
7.733458071100527409e-01
9.170476812540823142e-01
9.169378719910868947e-01
3.139266876468241874e-01
6.527006001333629515e-01
4.546355974219137286e-01
9.168876367252237758e-01
8.864685516445470759e-01
8.303442589156875275e-01
9.426736298697401262e-01
7.096341554280605202e-01
9.583615228488836513e-01
8.928796789419217728e-01
9.306885544915640684e-01
5.015956055453831830e-01
6.753614547622596165e-01
8.238714836083448345e-01
9.676147734853538518e-01
8.815689431548816568e-01
7.601424589656240460e-01
9.640538707489584302e-01
9.463193934947420338e-01
9.552830188679245493e-01
8.694644332910039797e-01
8.892613123630269678e-01
7.537692925327861282e-01
9.089424767646320236e-01
8.144198140231809768e-01
9.241586280814576559e-01
6.528905876731964097e-01
9.551323138906693266e-01
8.752244809999281117e-01
6.665039539197500362e-01
8.637283521679173237e-01
9.426293686383372394e-01
8.216124211225506180e-01
9.277858476862419490e-01
7.325967398305505140e-01
9.290696114811999307e-01
9.795121951219512013e-01
9.540695239424822338e-01
7.544919764696466080e-01
9.738044633368756475e-01
9.599999999999999645e-01
7.275621064286208473e-01
8.566767339014129679e-01
7.244399716724440053e-01
3.341651719566404166e-01
9.114914098535998876e-01
9.132363895456164782e-01
9.802389445671253476e-01
7.778361753484388519e-01
7.856598380181039065e-01
3.532127991675338419e-01
9.400045215621997130e-01
7.874400426363474814e-01
8.683208758231681923e-01
6.527461630344143506e-01
8.902719523745095120e-01
7.237499068484983811e-01
4.796779141104294264e-01
8.552126516198372830e-01
9.383198988462145840e-01
9.778367888877540492e-01
7.918140474987367394e-01
9.570348421375294290e-01
5.102998164389149771e-01
9.101909623747400646e-01
8.237248712410699669e-01
6.143890369242481775e-01
8.244978192763683378e-01
8.922124265323257974e-01
7.143572013465562254e-01
6.129313265256739474e-01
9.351631978395492650e-01
7.571196629953047541e-01
8.370195643124739293e-01
8.752461022721226280e-01
9.354824542140629529e-01
5.364255963650133019e-01
9.307877007716157669e-01
8.457187153003289382e-01
9.339957931384638146e-01
8.838342296741537041e-01
9.299852518823255032e-01
8.897591376115883133e-01
7.184010856825612246e-01
8.127147766323024047e-01
9.540861273773125761e-01
9.499678456591640341e-01
9.193431280430511832e-01
8.355116920067573449e-01
9.824998480889590713e-01
8.781951460366895779e-01
8.249914588315682140e-01
5.842959645819550962e-01
9.332968236582694921e-01
7.017350028643914994e-01
7.266945218198700429e-01
8.579166971671180475e-01
9.694049626596000779e-01
7.031732903843642690e-01
8.079094758890761341e-01
7.800516657161069567e-01
9.373810501175504628e-01
8.617466517857143016e-01
9.424734104494992826e-01
8.713262599469495662e-01
9.004071608608543720e-01
8.690574333608134250e-01
9.583333333333333703e-01
5.593714659841676484e-01
9.464725404132320330e-01
9.160525295062891260e-01
7.940664961636828556e-01
8.739079149923029144e-01
9.406451612903226067e-01
6.830147132419177591e-01
9.601823955703933100e-01
8.693811731505745044e-01
7.953261427837698960e-01
9.340425163291117272e-01
6.618441694265295716e-01
8.311625403659849143e-01
9.420774157616262912e-01
6.210022804382890893e-01
7.748917748917748538e-01
6.800460181516042590e-01
4.863339798977252548e-01
5.509322138535621693e-01
9.415160405034541657e-01
9.005061753391374602e-01
4.474255991572294033e-01
9.591887009361143024e-01
2.329215293715513474e-02
7.568123950376509645e-01
9.703986969761347892e-01
9.119389287502085439e-01
9.342723004694836186e-01
7.837602835930707057e-01
9.644444444444444375e-01
8.200377213509831842e-01
9.082390953150242252e-01
6.642517722209239084e-01
8.630404941660947404e-01
7.657004830917873983e-01
7.606566057717765172e-01
8.461838006230529841e-01
9.446644435181325017e-01
9.189049395943399423e-01
8.627610608385258839e-01
9.520784755166036284e-01
6.166058288429225875e-01
4.198139639134820245e-01
9.269218258701072966e-01
1.316867555471358531e-01
8.666280920005786648e-01
5.447838023335621616e-01
8.224714061448755720e-01
3.344915633472847483e-01
8.739743044885416312e-01
9.707616768240026062e-01
7.435776942355889485e-01
8.335340435386753288e-01
8.760074395536268099e-01
5.117246751117123793e-01
9.631265053331804493e-01
6.454450931776373190e-01
7.367944461213401519e-01
8.671633398931684056e-01
8.067448680351906320e-01
8.914110268454614738e-01
6.701221063342660544e-01
6.878547743494632938e-01
2.101871055507236741e-01
7.046728971962616939e-01
6.500774926812468157e-01
4.321220076686586586e-01
6.372840172786177204e-01
8.076516103432312965e-01
8.557189901207464811e-01
8.912682296474062627e-01
8.811173822962062863e-01
8.362460678084585597e-01
9.255039810265967004e-01
9.585361718617549931e-01
8.883367436422098251e-01
9.164657495390724495e-01
7.112456256502411867e-01
8.752375780613630418e-01
5.457132939951405692e-01
8.301043219076006396e-01
6.181001283697047377e-01
7.262875055978503802e-01
9.530936947554508043e-01
8.164194968871791858e-01
7.595520421607377948e-01
0.000000000000000000e+00
2.355036215935011334e-01
8.911837827500478371e-01
9.661974994384966431e-01
9.342195593833864109e-01
7.312749608800243051e-01
8.358874338255781744e-01
9.593155547465186395e-01
8.790070367474589474e-01
8.502673796791443417e-01
8.661290322580644796e-01
4.726921217979700440e-01
8.815789473684210176e-01
5.393474088291746460e-01
9.049773755656108642e-01
8.382978723404255206e-01
7.287024901703800239e-01
8.181818181818182323e-01
9.270704573547590144e-01
9.173076923076922684e-01
1.533860286263618866e-01
6.569407603890362601e-01
9.555335968379446987e-01
8.951533135509396333e-01
7.549407114624505644e-01
8.840099420049709611e-01
5.725989192957992024e-01
8.608458390177353703e-01
7.446249123627015631e-01
7.127910018310227303e-01
9.483216614344360806e-01
6.379621280432822283e-01
9.424337674000897724e-01
7.684021543985637415e-01
9.655535103865369173e-01
9.216235129461162190e-01
8.828709819462792208e-01
8.135235076597993054e-01
9.134010643444605559e-01
3.362214708368554406e-01
7.629065743944636324e-01
6.094522806374793600e-01
3.895475727009968803e-01
9.117889530090683703e-01
8.952068525605977323e-01
9.390887290167865276e-01
8.448933181726975272e-01
8.339350180505414878e-01
8.308370044052862946e-01
5.677737881508079232e-01
8.693667997718197427e-01
9.341550437885176583e-01
9.538160469667319452e-01
8.886917960088691615e-01
7.388859770334016419e-01
5.291091253723260168e-01
8.619221411192213855e-01
7.820414428242516980e-01
8.621013133208255130e-01
6.069510268562401389e-01
8.017718715393133966e-01
9.322268326417704198e-01
7.711511789181692000e-01
9.391824526420737840e-01
9.457101308773631088e-01
9.075546719681908403e-01
7.276564507249037028e-01
8.702313946216385654e-01
9.363310783923597391e-01
7.957166392092257512e-01
8.997020854021846592e-01
4.820560314887705755e-01
7.303859394817902029e-01
8.681218735788994723e-01
8.705694942254081914e-01
8.236892148872588804e-01
6.718887262079062950e-01
7.753954305799648505e-01
8.835041938490214575e-01
7.191184999033442549e-02
8.583807202816138293e-01
7.627856365614799072e-01
8.985431841831426070e-01
7.594831179658191322e-01
9.687399291008701452e-01
7.801790002182928951e-01
7.329830234438157177e-01
9.416666666666666519e-01
9.283456269757639490e-01
7.066895368782161180e-01
9.447513812154696433e-01
6.957687723480333597e-01
5.209008425145820187e-01
6.897065799281696385e-01
8.614257161892071579e-01
7.310469314079421910e-01
9.313944817300522372e-01
4.807119451891569972e-01
7.231479953803002791e-01
7.625206651755324083e-01
8.988660741648789587e-01
1.646277856804172490e-01
2.961471300625246328e-01
3.210170208267258962e-01
8.595329383060299477e-01
9.192006950477845661e-01
8.483624943921040940e-01
7.239157372986368966e-01
8.406819517930629315e-01
2.919855595667870118e-01
7.157615894039734972e-01
9.177978883861236392e-01
9.434287685408762059e-01
9.127071823204420120e-01
9.378670202689903812e-01
9.406307977736548809e-01
9.704952581664910705e-01
5.840945277801056212e-01
8.967391304347825942e-01
8.674877578275708156e-01
9.124270225187656180e-01
8.836944127708096230e-01
9.431972789115645739e-01
6.966327659798703109e-02
9.281537176274018419e-01
7.152842497670084398e-01
8.243902439024389794e-01
7.367396593673966043e-01
9.062191510365251723e-01
7.852865697177074944e-01
8.978201634877384096e-01
6.413281645036238432e-01
5.155635062611806374e-01
9.620596205962059777e-01
5.905998763141619978e-01
8.797653958944281483e-01
6.187665978164650360e-01
