3.749562338861125999e-01
8.693559801840056167e-01
7.624471200780995606e-01
6.965105253176560041e-01
7.153593878108772675e-01
3.261269549218031027e-01
1.383084128985768435e-01
8.220649895178196997e-01
7.048547260022066663e-01
7.818272591113329950e-01
3.383304402714217840e-01
3.872968980797636407e-01
7.476760473704316956e-01
5.897596984451075608e-01
6.090321581982121035e-01
5.615404768142520098e-01
3.960249858035207460e-01
7.268973506221740877e-01
7.309715889161697566e-01
9.393787295744799870e-01
4.781892166836215763e-01
4.952245032385552692e-01
5.641025641025640969e-01
5.380428058889026310e-01
4.796516543599571580e-01
8.794781931464173974e-01
7.501629726205997217e-01
9.697751038533161672e-02
6.101678657074340872e-01
5.291859907244522709e-01
2.271142641215046776e-01
7.592980618124672842e-01
3.691282832127902314e-01
8.999727446170618927e-01
4.803130929791271653e-02
8.255639097744360555e-01
5.053603863022194664e-01
4.210198520825224056e-01
5.689752890501019733e-01
1.638401839609082977e-01
2.538968238439965885e-01
5.829823083403538053e-01
7.656766219037131060e-01
4.947663096397273419e-01
7.952968388589051196e-01
5.282916560347027390e-01
8.760504201680672232e-01
7.856723429242513657e-01
9.638152116634463029e-01
7.364102564102563697e-01
8.964458095655989389e-01
7.312013828867761633e-01
9.154483430799220667e-01
8.711078928312816494e-01
4.715437832052898903e-01
6.330049261083743328e-01
8.037928519328957355e-01
1.719750625556639226e-02
5.869039145907473110e-01
8.150862068965517571e-01
8.812473302007689524e-01
7.305407939981244381e-01
3.769515531949139131e-01
3.562945368171021449e-02
8.040475306349795792e-01
3.431494661921707934e-01
5.976270488992524443e-01
6.256366723259761953e-01
7.685216413715570960e-01
4.376001831921227381e-01
9.131652661064425525e-01
7.977528089887639950e-01
3.466053491467989689e-01
3.762740727755378156e-01
7.738166824156000878e-01
7.665847665847665970e-01
8.317292268206609440e-02
7.878440366972476738e-01
8.334878761185033902e-01
7.301456262589571811e-01
8.580583146427427366e-01
3.415627051871306663e-01
7.895627644569817027e-01
9.260143198090692307e-01
7.946480511925537726e-01
9.113975030205396788e-01
5.692721566283066581e-01
8.012081274025261157e-01
7.002467105263158187e-01
9.227926078028747536e-01
8.539913220764284718e-01
3.094308519868124163e-01
8.159751622918430813e-01
9.209206927985414959e-01
2.291016352129213261e-03
7.656441717791411250e-01
8.673091178650852440e-01
7.867123507682424188e-01
7.254842615012107032e-01
6.452891992069649252e-01
6.629414394278050626e-02
8.268348623853211121e-01
8.591137389535253854e-01
8.663035168195718505e-01
7.444550821764799320e-01
7.443750000000000089e-01
9.079575596816976679e-01
6.176274944567627934e-01
1.411633041952753964e-01
5.774125132555673057e-01
9.307884409561184569e-01
1.677824267782426770e-01
7.663056854540979401e-01
5.894143438772314614e-01
1.690647482014388525e-01
3.698857736240913630e-01
8.094773519163762643e-01
8.964145458254705323e-01
7.967974529450323473e-01
2.709750566893424084e-01
8.656260604004072379e-01
1.904458598726114782e-01
2.690930307419925893e-01
8.953229398663696825e-01
8.872458410351201641e-01
6.012279355333844943e-01
4.864532909471859234e-01
9.395973154362415869e-01
8.171949794579925763e-01
9.262059035277178110e-01
5.152745894402260829e-01
5.555863752357705909e-01
8.301609548783795978e-01
7.081863746055317987e-01
9.273518580515567322e-01
2.180187495386432528e-01
7.579617834394904996e-01
4.064255223545270579e-01
5.095896282010071721e-01
7.968281183026146852e-01
9.071198359214767137e-01
1.612574774086801555e-01
6.196942900454774916e-01
7.530526699471478125e-01
7.854162887719934316e-02
6.291050903119869142e-01
6.720205155891483262e-01
5.904213771839671443e-01
2.178634565199090711e-01
4.273204903677758071e-01
2.085472410158773215e-01
8.909868186676166424e-01
6.446547738474287526e-01
8.519021739130434590e-01
4.383839849133241429e-01
9.364928006102793967e-01
9.053030303030302761e-01
6.890011521758397928e-01
4.560311284046692504e-01
8.443291326908821670e-01
5.884946883142914142e-01
7.345197383711278283e-01
5.179368967007635938e-01
6.387406968319830902e-01
6.947570683502607425e-01
2.711999999999999966e-01
7.395545739002392649e-01
5.261759234653202721e-01
7.254654906901861766e-01
9.027895181741335540e-01
7.883597883597883715e-01
3.331540254617177954e-01
8.069078947368421018e-01
6.969726372986609908e-01
6.330908642584145429e-01
7.908573960564212468e-01
8.097908952297974139e-01
8.387037937743190286e-01
8.114956736711990137e-01
4.161518758475214463e-01
1.908351810790835101e-01
7.778755223224104176e-01
2.638835156332430820e-01
1.212848615015318515e-01
8.512960436562073685e-01
9.087709548948782468e-01
8.298449612403100417e-01
1.047606239913932286e-01
8.758764241893076674e-01
4.076935905275446137e-01
7.998676811114786567e-01
4.919081671057583538e-01
6.464102087592145107e-01
7.074558652208979836e-01
8.089943491000418652e-01
3.970481490442777650e-01
5.715876692801140635e-01
9.471635982637329754e-01
8.957345971563981379e-01
9.278678106132824954e-01
8.657293263143865936e-01
8.670303443573132984e-01
1.001122754491017980e-01
9.001512859304084957e-01
8.101761252446183503e-01
7.523240371845949515e-01
6.529645655478891753e-01
9.012598886610020399e-01
8.913198573127228963e-01
8.521787093215664743e-01
6.847255652448407393e-01
7.757338551859099818e-01
8.213326168726491350e-01
5.457256018868764658e-01
5.922879177377892157e-01
8.400268111489694878e-01
9.482945316729831653e-01
9.559821153253160730e-01
9.290407358738501653e-01
8.472417857245522210e-01
7.878235092919849691e-01
8.687729417933928167e-01
5.051091500232234299e-01
8.916264499195665216e-01
9.196406002251993339e-01
8.278938452851496432e-01
6.133874955845990407e-01
8.598214285714286254e-01
2.349452374362421547e-01
7.876032548391074251e-01
9.101348210134820871e-01
2.779568737015545299e-01
8.871254225634561674e-01
7.270550879491961549e-01
9.480626545754328172e-01
8.801149383479430766e-01
9.493610021510818786e-01
8.841228954343525182e-01
9.356556086670292371e-01
9.590412962754585324e-01
6.800662915285593524e-01
5.344411605042523883e-01
8.639482200647249366e-01
8.284509399948493114e-01
9.471405106764222426e-01
9.285182930952864400e-01
5.943777822972453606e-01
5.596857290056671541e-01
8.039955604883463058e-01
6.324087591240875605e-01
8.355905511811023700e-01
9.284623773173391603e-01
8.920047997866761280e-01
9.284304560091409808e-01
9.129688593817040232e-01
9.193665252044301850e-01
8.693237733726978389e-01
9.630102040816326259e-01
4.027240143369175684e-01
8.880130731519754184e-01
4.160355184121180550e-01
8.322996774993798308e-01
8.764940239043824688e-01
9.145968016332085559e-01
8.671214889244119872e-01
7.796726772394815264e-01
7.898809523809523503e-01
9.233445688811569019e-01
9.101999420457838053e-01
3.264613952251114171e-01
6.595539749573979815e-01
4.695091720376797229e-01
9.101323407775020469e-01
8.780034324942791457e-01
8.459559580160527226e-01
9.413488858980110230e-01
7.059923034634414396e-01
9.453182150694952046e-01
8.889867398032358370e-01
9.034646135623334295e-01
5.058417627224967017e-01
6.926905363244688640e-01
7.999167187174682780e-01
9.601108700891781700e-01
8.627158762163583683e-01
7.665279704114655868e-01
9.596222414956152580e-01
9.370365868481828064e-01
9.503132832080199988e-01
8.686121054015247811e-01
8.904739397585184069e-01
7.608183233266622159e-01
9.049282595134123808e-01
8.191662631509442072e-01
9.014925373134328179e-01
6.567823343848580020e-01
9.512328268583386537e-01
8.591779265955180600e-01
6.733804054273907491e-01
8.702550495478420522e-01
9.299253100338218392e-01
8.234734403441998918e-01
9.262015503875968836e-01
7.404251102412922059e-01
9.287502234936527712e-01
9.678983609737173976e-01
9.411683469134097813e-01
7.436472047700988242e-01
9.652916974364383895e-01
9.443636363636364051e-01
7.391259213121561533e-01
8.542187794184888938e-01
7.282523584026250330e-01
3.677372414509926246e-01
9.183442207705638793e-01
9.024557956777996548e-01
9.596594975328637256e-01
7.197650445403975805e-01
7.670457237621416402e-01
3.579604578563995720e-01
9.341872419314064535e-01
7.983528161530286660e-01
8.600452089535781663e-01
6.643325050824485656e-01
8.574970638131280687e-01
7.299351665548848844e-01
5.253067484662576891e-01
8.561921517631759793e-01
9.404176662602745651e-01
9.697000508388409212e-01
8.015151515151515138e-01
9.526321153748152915e-01
5.233530491535793860e-01
8.976055156992452932e-01
8.136852475166242993e-01
6.050154075018595590e-01
8.144012554321583552e-01
8.800590382972112158e-01
7.355924493973163836e-01
6.202390746745389816e-01
9.341331341611427419e-01
7.281067900979459884e-01
8.330817399083081387e-01
8.806968010015182591e-01
9.321614640339740410e-01
5.653918970087088436e-01
9.287509307520476209e-01
8.406116284923231818e-01
9.123229461756373615e-01
8.853254363304139396e-01
9.260919984538075189e-01
8.861109945886992412e-01
7.240762445253222657e-01
8.270332187857960538e-01
9.421657095980311425e-01
9.341286965350933391e-01
9.239268287440081107e-01
8.464203233256351044e-01
9.720626473967466374e-01
8.731815783523027008e-01
8.189196043621608245e-01
5.946262276728919716e-01
9.310702962720017739e-01
6.978341257263602770e-01
7.389046051106061830e-01
8.437815611022940754e-01
9.603272799840351093e-01
6.949130377925983870e-01
8.000407941256458821e-01
7.662842993582292817e-01
9.231702831923501718e-01
8.472584856396866426e-01
9.300237857745722314e-01
8.754609853811254894e-01
9.042027590632017997e-01
8.401135913353585671e-01
9.476382999704171528e-01
5.573168202423631756e-01
9.412537737524417913e-01
9.071095251166620965e-01
8.049104859335037832e-01
8.790437416016525507e-01
9.225489365308024992e-01
6.811073957513769095e-01
9.511948157148643057e-01
8.814755089699657375e-01
8.040239726027397227e-01
9.261662300713009444e-01
6.695136831096392127e-01
8.386975242195909841e-01
9.320388349514563409e-01
6.365132491355239841e-01
7.898027898027898397e-01
6.611517352832936290e-01
5.175461625973570845e-01
5.578775157426842934e-01
9.270298047276464004e-01
8.921430582934384290e-01
4.616694501751972823e-01
9.472829177158638148e-01
2.262915698088144648e-02
7.678639146215937572e-01
9.665094674136586184e-01
9.129220508545227153e-01
9.222295659836968751e-01
7.875058524513410818e-01
9.494268374915710851e-01
8.114660831509846739e-01
9.143041237113401776e-01
6.821687310119186609e-01
8.488572296681408114e-01
7.685834502103786603e-01
7.692612660235231825e-01
8.504672897196261516e-01
9.364371630029033611e-01
9.139666849716273633e-01
8.574530115997767155e-01
9.389319039110581855e-01
5.703719584092614703e-01
4.328701109492323340e-01
9.245023295213892212e-01
1.341687907108467803e-01
8.501563832812055743e-01
5.763555250514755812e-01
8.271202851987148330e-01
3.403612082336549549e-01
8.687888957674888557e-01
9.637222810169574494e-01
7.796397807361001853e-01
8.374247336729967461e-01
8.575004741134079067e-01
5.440427280197206450e-01
9.508419030398914673e-01
6.579220986963129070e-01
7.492439722108704681e-01
8.701152656733202040e-01
8.213044024630336004e-01
8.846943282496297911e-01
6.755278555075044933e-01
6.973528915865789823e-01
2.418099507147476734e-01
7.144392523364485603e-01
6.624763216807301180e-01
4.462346094734842561e-01
6.384539236861050959e-01
8.083460088618477091e-01
8.664875546772653481e-01
8.696909452376648808e-01
8.883122422863642953e-01
8.330719637567520763e-01
9.139421270199172831e-01
9.515084390725446761e-01
8.791907514450867378e-01
9.134913914761501053e-01
6.729379083935730366e-01
7.926021228690897091e-01
5.300937174592155188e-01
8.107710417892878274e-01
6.373555840821566454e-01
7.227944469323779320e-01
9.474792373377003418e-01
8.310936634958980829e-01
7.686746987951806886e-01
1.439232409381663129e-02
2.417532760957975535e-01
9.011902467232073555e-01
9.609150862550766004e-01
9.195331695331695476e-01
7.243087853787365527e-01
7.299834345665378033e-01
9.551000045353530421e-01
8.760555178103465179e-01
8.841807909604519899e-01
8.475738396624472593e-01
5.161913968100532157e-01
8.963172804532577587e-01
5.902111324376199120e-01
8.838383838383838675e-01
8.555399719495091482e-01
8.171206225680933688e-01
8.298772746508675802e-01
8.632183908045977239e-01
8.604790419161676418e-01
1.852168340098269694e-01
6.840477242598320684e-01
9.289827255278311213e-01
8.574135480814779608e-01
3.461538461538461453e-01
8.329536826119969817e-01
5.928805944358044311e-01
8.697135061391542132e-01
7.717340500116849356e-01
7.256081611300025935e-01
9.526776087216963784e-01
8.191065900044228743e-01
9.432724694203155069e-01
7.798473967684022012e-01
9.519999999999999574e-01
8.979591836734693855e-01
8.575074436410038414e-01
8.668779714738510389e-01
9.081339712918660156e-01
4.336432797971259689e-01
7.874342651536119231e-01
6.879432624113475114e-01
3.856381454524614449e-01
8.883572567783094565e-01
8.692729524146470821e-01
9.060903507261350853e-01
8.242625946228139266e-01
8.436065573770491488e-01
8.423601937472479095e-01
6.535700793350963655e-01
8.826863134032303382e-01
9.423388402980239498e-01
9.345078513979317991e-01
9.036808463742561637e-01
7.055524912667769932e-01
4.781601204958869089e-01
8.315727699530516270e-01
8.086213303604607994e-01
7.965738758029978772e-01
6.499210110584517919e-01
8.333333333333333703e-01
9.390292028413574910e-01
8.041570438799076070e-01
9.322865554465161742e-01
9.292161520190024282e-01
9.104330708661417804e-01
7.771460014673514660e-01
8.192488262910797570e-01
9.155313351498637342e-01
8.254665203073545676e-01
9.012707722385141507e-01
2.684504184630991386e-01
7.258981421789837407e-01
8.522321428571428825e-01
8.878799842084484917e-01
8.264289459884635036e-01
7.020497803806734494e-01
7.968365553602811957e-01
9.103319888302823237e-01
1.334815387589406432e-01
8.692369911027231222e-01
8.795056642636457367e-01
8.366762177650429733e-01
8.613138686131386335e-01
9.568965517241379004e-01
7.998253656406898449e-01
7.532213978914487074e-01
9.521857923497267784e-01
8.963075366717248027e-01
5.512934879571811386e-01
9.047234557932983812e-01
6.172032193158953906e-01
5.976024623359792454e-01
7.092905062004472017e-01
8.052109181141439143e-01
7.434782608695652550e-01
8.666666666666666963e-01
4.625911774921848130e-01
7.660626029654036273e-01
6.998489023197937975e-01
8.669616519174041525e-01
1.446113000912635782e-01
3.362811919112262959e-01
3.713806126731011292e-01
9.146468746375970849e-01
9.150214592274678038e-01
8.436018957345972069e-01
7.010793054903801114e-01
8.360655737704918433e-01
2.096314396253309009e-01
7.682119205298013620e-01
9.214966984592809496e-01
9.422419685577579918e-01
8.644421272158498981e-01
9.229908633227671411e-01
9.314697926059513078e-01
9.553710430721328306e-01
6.461074331685242589e-01
8.979591836734693855e-01
8.782417582417582080e-01
9.202668890742284891e-01
7.703777335984095531e-01
9.249338624338624415e-01
6.308154793147874306e-02
8.961447678992918719e-01
4.338609383832673916e-01
8.690909090909091361e-01
8.065573770491802907e-01
8.736942070275404149e-01
8.357082984073763710e-01
9.005235602094240344e-01
7.095197978096040581e-01
5.408467501490756835e-01
9.438202247191010974e-01
6.617556783302639412e-01
8.915896937287312030e-01
6.912068456771909286e-01
