7.950134277343750000e-01
7.013549804687500000e-01
8.156280517578125000e-01
7.173767089843750000e-01
6.561126708984375000e-01
8.639526367187500000e-01
9.282073974609375000e-01
9.684753417968750000e-01
8.300628662109375000e-01
6.619567871093750000e-01
8.585052490234375000e-01
9.043121337890625000e-01
6.982879638671875000e-01
6.406250000000000000e-01
7.718353271484375000e-01
6.374664306640625000e-01
9.257354736328125000e-01
6.656494140625000000e-01
9.150238037109375000e-01
7.276916503906250000e-01
7.136993408203125000e-01
8.742980957031250000e-01
6.566619873046875000e-01
7.819824218750000000e-01
7.546844482421875000e-01
7.546081542968750000e-01
8.115692138671875000e-01
6.544799804687500000e-01
8.834533691406250000e-01
6.476593017578125000e-01
8.392486572265625000e-01
8.055419921875000000e-01
8.017120361328125000e-01
8.431091308593750000e-01
6.701965332031250000e-01
9.630126953125000000e-01
6.413879394531250000e-01
7.381286621093750000e-01
9.320526123046875000e-01
7.390289306640625000e-01
7.387237548828125000e-01
8.759307861328125000e-01
6.397705078125000000e-01
6.322784423828125000e-01
9.395446777343750000e-01
7.642974853515625000e-01
8.408813476562500000e-01
9.295654296875000000e-01
6.528472900390625000e-01
8.868255615234375000e-01
8.045196533203125000e-01
6.832885742187500000e-01
8.352355957031250000e-01
8.421325683593750000e-01
2.466430664062500000e-01
7.618408203125000000e-01
7.708892822265625000e-01
7.814941406250000000e-01
8.082275390625000000e-01
7.209625244140625000e-01
9.085998535156250000e-01
8.773956298828125000e-01
9.329071044921875000e-01
8.910522460937500000e-01
7.808837890625000000e-01
8.280944824218750000e-01
8.046875000000000000e-01
9.470062255859375000e-01
7.919769287109375000e-01
8.070983886718750000e-01
9.337921142578125000e-01
6.016693115234375000e-01
8.039245605468750000e-01
8.269195556640625000e-01
6.913146972656250000e-01
6.932525634765625000e-01
6.543273925781250000e-01
6.309967041015625000e-01
9.805755615234375000e-01
8.129730224609375000e-01
8.375701904296875000e-01
8.859710693359375000e-01
8.600463867187500000e-01
7.685699462890625000e-01
9.559783935546875000e-01
6.519470214843750000e-01
6.137084960937500000e-01
6.545257568359375000e-01
6.981201171875000000e-01
8.919982910156250000e-01
7.631988525390625000e-01
6.843566894531250000e-01
7.077026367187500000e-01
5.984497070312500000e-01
9.642639160156250000e-01
9.232330322265625000e-01
6.692962646484375000e-01
9.791717529296875000e-01
5.878295898437500000e-01
6.575469970703125000e-01
8.138427734375000000e-01
6.406555175781250000e-01
9.187164306640625000e-01
4.432678222656250000e-01
8.292999267578125000e-01
6.803283691406250000e-01
9.550933837890625000e-01
8.083648681640625000e-01
8.633575439453125000e-01
6.546173095703125000e-01
8.940887451171875000e-01
6.320037841796875000e-01
9.477691650390625000e-01
7.660827636718750000e-01
7.803955078125000000e-01
8.257598876953125000e-01
9.803924560546875000e-01
7.454833984375000000e-01
9.415893554687500000e-01
9.087524414062500000e-01
7.014923095703125000e-01
8.275299072265625000e-01
6.788330078125000000e-01
9.418792724609375000e-01
9.231872558593750000e-01
7.671051025390625000e-01
9.209136962890625000e-01
7.454376220703125000e-01
8.768768310546875000e-01
7.848663330078125000e-01
9.840393066406250000e-01
6.639709472656250000e-01
6.408538818359375000e-01
7.647705078125000000e-01
8.562316894531250000e-01
8.075866699218750000e-01
6.790161132812500000e-01
7.693176269531250000e-01
6.673583984375000000e-01
7.000122070312500000e-01
6.886444091796875000e-01
4.156494140625000000e-01
8.907165527343750000e-01
9.288940429687500000e-01
9.533233642578125000e-01
8.936462402343750000e-01
7.231750488281250000e-01
8.354492187500000000e-01
6.656036376953125000e-01
6.371459960937500000e-01
6.591644287109375000e-01
8.631744384765625000e-01
8.873138427734375000e-01
7.486572265625000000e-01
7.708587646484375000e-01
8.581237792968750000e-01
5.368804931640625000e-01
8.627624511718750000e-01
8.007659912109375000e-01
9.467468261718750000e-01
7.660675048828125000e-01
9.130706787109375000e-01
9.229583740234375000e-01
7.416992187500000000e-01
7.950897216796875000e-01
7.590789794921875000e-01
9.388122558593750000e-01
8.852233886718750000e-01
8.649444580078125000e-01
7.657318115234375000e-01
9.901428222656250000e-01
6.720123291015625000e-01
8.454284667968750000e-01
7.448883056640625000e-01
9.845428466796875000e-01
7.081146240234375000e-01
7.500152587890625000e-01
8.011016845703125000e-01
8.155059814453125000e-01
7.688598632812500000e-01
7.741851806640625000e-01
7.643890380859375000e-01
9.257049560546875000e-01
6.084594726562500000e-01
9.507598876953125000e-01
9.563903808593750000e-01
6.601562500000000000e-01
7.140197753906250000e-01
9.178771972656250000e-01
6.586456298828125000e-01
8.512115478515625000e-01
9.158172607421875000e-01
6.860504150390625000e-01
1.898193359375000000e-01
9.259338378906250000e-01
8.507080078125000000e-01
