9.344060435629066852e-01
9.683983840272445409e-01
9.995114143711566479e-01
9.883782095538679036e-01
9.882227316981250231e-01
9.899412582112178116e-01
9.670005892751915022e-01
9.985950645443877338e-01
9.782561751465922439e-01
9.888528799336182562e-01
9.989801036615950647e-01
9.040077501421561745e-01
9.909820482191227242e-01
9.439071566731140894e-01
9.167533818938605750e-01
9.939402753538879587e-01
9.956422286410765432e-01
9.974109623642334332e-01
9.933095676561523035e-01
9.924737338362068506e-01
9.773299748110830798e-01
8.246119814331303033e-01
6.785099641323404374e-01
9.911179989668216228e-01
9.882513750122042806e-01
9.937441083211928650e-01
9.816734896889467432e-01
9.990540594936199170e-01
9.700639158224270142e-01
9.798293250581846525e-01
9.593786926515164293e-01
9.714789867490116748e-01
9.866475302768863420e-01
9.120965578900313009e-01
9.868700036123195796e-01
9.966092853416796959e-01
9.637272786500749033e-01
9.366100380656985358e-01
1.000000000000000000e+00
9.621116867005314877e-01
9.991275787745047543e-01
9.066152941944752852e-01
9.494906352822070073e-01
1.000000000000000000e+00
9.805768301938867504e-01
9.928496111770133137e-01
9.508968650946334478e-01
9.886494902315302591e-01
8.421173559561682120e-01
9.529202394434557188e-01
9.905048452641450618e-01
9.757152654439306128e-01
9.666741388328476958e-01
9.320963793325602875e-01
9.976989692003918053e-01
9.986118372424237499e-01
1.000000000000000000e+00
1.000000000000000000e+00
9.837712965636731255e-01
1.000000000000000000e+00
9.477753524143699426e-01
1.000000000000000000e+00
9.841352891712603634e-01
9.290782869560201274e-01
9.972386152049736996e-01
9.962242230612837757e-01
1.000000000000000000e+00
1.000000000000000000e+00
9.751483499603861294e-01
8.978973290395908524e-01
9.621406529153808673e-01
9.958680263198926852e-01
9.630553916195936370e-01
9.948417771199175030e-01
9.865898224318624399e-01
9.935751295336787692e-01
9.657684584131135397e-01
9.932682433864158389e-01
9.876613957486434225e-01
9.967029722459156416e-01
9.925845260319435814e-01
9.344820136113212161e-01
1.000000000000000000e+00
9.914405087628485047e-01
9.953211261676947474e-01
9.940907238471425877e-01
9.973375931842385356e-01
9.998665309731560313e-01
9.671869723462533930e-01
9.982907930720146261e-01
9.971546201656360520e-01
9.925779555641235374e-01
9.887242646441934957e-01
9.970098110523848423e-01
9.954408708867040767e-01
9.945396964071202550e-01
9.665562708926581648e-01
9.979440861726616152e-01
9.955707891194791603e-01
9.961547553384287879e-01
9.877257097037824840e-01
9.975679586245113084e-01
9.975042772606695918e-01
9.889768545804992206e-01
9.946934739617666610e-01
9.960238891233080816e-01
9.999052282419839122e-01
9.792935646186440302e-01
9.916224339707104818e-01
9.896174385012693753e-01
9.990435275999027809e-01
9.957336272040302472e-01
9.881914724996037069e-01
9.885477621072117360e-01
9.898237009288045618e-01
9.937264334936939392e-01
9.983622305160548827e-01
9.724140749519800675e-01
9.971351562102693800e-01
9.695937421145597312e-01
9.949438104967879282e-01
9.451254687049321923e-01
9.942038980017404715e-01
9.985100119925863771e-01
9.838593025101871614e-01
9.857532126757720947e-01
9.828435465019201844e-01
9.354375448783990299e-01
9.905376161581872507e-01
9.990252264667820459e-01
9.995622000259436479e-01
9.974788254292588086e-01
9.934212602151895055e-01
1.000000000000000000e+00
9.376258692100163383e-01
9.989458713293734027e-01
9.703191768353824909e-01
9.832239692955304644e-01
9.941680852405271329e-01
1.000000000000000000e+00
1.000000000000000000e+00
9.907850054399789386e-01
9.968956406869220466e-01
9.771487370648649362e-01
9.990996398559424119e-01
9.721178602078763831e-01
9.998073774438986927e-01
9.875059671764144786e-01
9.777994632837276878e-01
9.810025969937830048e-01
9.958342608197919832e-01
8.649869770903099164e-01
9.868723977467548369e-01
9.892720554871329286e-01
9.999513815736164046e-01
9.167934483539960100e-01
9.982075726091714785e-01
9.633825326689856583e-01
1.000000000000000000e+00
9.820315017343012043e-01
9.632078236026664353e-01
9.990264625188070013e-01
9.865042237404503256e-01
9.825347657022341918e-01
9.980757389162561166e-01
1.000000000000000000e+00
9.998713093355884318e-01
8.425528040786598449e-01
9.827961104249656188e-01
9.951746584415093189e-01
9.978204689105457659e-01
9.948015122873345994e-01
9.999519923187709658e-01
1.000000000000000000e+00
1.000000000000000000e+00
9.473275670880461075e-01
9.391202829378841876e-01
9.832843028891118387e-01
9.829809841351262456e-01
9.697804755432253287e-01
9.920117405733536176e-01
9.643510054844607327e-01
9.714357063275577131e-01
9.983092750618071110e-01
9.782741013762553672e-01
9.748363636363636120e-01
9.835244629175221576e-01
9.896754920145101053e-01
9.955896048215634453e-01
9.999279058450336599e-01
9.977185708334159742e-01
9.989426863059647221e-01
9.996584477262376867e-01
9.498680271385803175e-01
9.321344021265107749e-01
8.705954549053764868e-01
