9.010314941406250000e-01
9.709472656250000000e-01
9.798889160156250000e-01
9.826049804687500000e-01
9.818725585937500000e-01
9.895782470703125000e-01
9.699554443359375000e-01
9.705352783203125000e-01
9.798889160156250000e-01
9.846954345703125000e-01
9.813537597656250000e-01
9.296569824218750000e-01
9.682922363281250000e-01
9.464569091796875000e-01
9.182128906250000000e-01
9.550018310546875000e-01
9.923858642578125000e-01
9.946289062500000000e-01
9.831390380859375000e-01
9.900817871093750000e-01
9.742889404296875000e-01
8.497314453125000000e-01
6.950073242187500000e-01
9.861602783203125000e-01
9.740753173828125000e-01
9.800262451171875000e-01
9.438781738281250000e-01
7.882385253906250000e-01
9.351501464843750000e-01
9.773559570312500000e-01
9.623718261718750000e-01
9.558563232421875000e-01
9.768676757812500000e-01
9.249420166015625000e-01
9.871520996093750000e-01
9.687194824218750000e-01
9.630432128906250000e-01
9.451141357421875000e-01
9.564666748046875000e-01
9.619750976562500000e-01
9.692535400390625000e-01
9.120025634765625000e-01
9.512786865234375000e-01
9.555053710937500000e-01
9.776306152343750000e-01
9.695739746093750000e-01
9.429779052734375000e-01
9.832763671875000000e-01
8.636932373046875000e-01
9.627838134765625000e-01
9.855346679687500000e-01
9.767150878906250000e-01
9.434967041015625000e-01
9.285278320312500000e-01
9.969024658203125000e-01
9.730682373046875000e-01
8.923339843750000000e-01
9.163665771484375000e-01
9.610900878906250000e-01
9.820404052734375000e-01
9.384460449218750000e-01
8.574523925781250000e-01
9.654998779296875000e-01
9.419555664062500000e-01
9.844970703125000000e-01
8.585662841796875000e-01
9.677276611328125000e-01
9.459228515625000000e-01
9.740600585937500000e-01
9.156646728515625000e-01
9.603881835937500000e-01
9.942169189453125000e-01
9.648742675781250000e-01
9.139862060546875000e-01
9.872283935546875000e-01
9.896087646484375000e-01
9.664459228515625000e-01
9.930267333984375000e-01
9.878234863281250000e-01
9.954833984375000000e-01
9.738922119140625000e-01
9.432373046875000000e-01
9.332275390625000000e-01
9.219360351562500000e-01
9.932250976562500000e-01
9.940795898437500000e-01
9.968872070312500000e-01
9.710998535156250000e-01
8.921356201171875000e-01
9.881744384765625000e-01
9.886932373046875000e-01
9.929504394531250000e-01
9.890441894531250000e-01
9.970245361328125000e-01
9.955139160156250000e-01
9.945983886718750000e-01
9.669799804687500000e-01
9.936523437500000000e-01
9.956817626953125000e-01
9.936218261718750000e-01
9.878540039062500000e-01
9.975128173828125000e-01
9.973449707031250000e-01
9.894409179687500000e-01
9.920043945312500000e-01
9.949645996093750000e-01
9.968872070312500000e-01
9.809112548828125000e-01
9.446105957031250000e-01
9.902496337890625000e-01
9.939270019531250000e-01
9.956817626953125000e-01
9.879913330078125000e-01
9.854125976562500000e-01
9.903717041015625000e-01
9.933166503906250000e-01
9.976196289062500000e-01
9.344329833984375000e-01
9.922485351562500000e-01
9.475250244140625000e-01
9.948272705078125000e-01
9.501037597656250000e-01
9.839324951171875000e-01
9.784088134765625000e-01
9.699859619140625000e-01
9.802551269531250000e-01
8.912200927734375000e-01
9.360198974609375000e-01
9.737091064453125000e-01
9.907073974609375000e-01
9.914855957031250000e-01
9.898986816406250000e-01
9.935455322265625000e-01
9.604187011718750000e-01
9.216461181640625000e-01
9.551849365234375000e-01
9.706420898437500000e-01
9.775543212890625000e-01
9.918975830078125000e-01
9.302062988281250000e-01
9.872589111328125000e-01
9.902343750000000000e-01
9.687042236328125000e-01
9.732971191406250000e-01
9.857025146484375000e-01
9.760894775390625000e-01
9.951782226562500000e-01
9.714508056640625000e-01
9.350280761718750000e-01
9.806671142578125000e-01
9.851226806640625000e-01
8.826904296875000000e-01
9.850158691406250000e-01
9.805297851562500000e-01
9.823455810546875000e-01
9.215545654296875000e-01
9.866943359375000000e-01
9.571228027343750000e-01
9.548034667968750000e-01
9.822082519531250000e-01
9.269409179687500000e-01
8.978576660156250000e-01
9.767761230468750000e-01
9.836730957031250000e-01
9.974822998046875000e-01
9.886016845703125000e-01
9.569396972656250000e-01
8.576507568359375000e-01
9.849090576171875000e-01
9.855041503906250000e-01
9.946594238281250000e-01
9.941101074218750000e-01
8.139038085937500000e-01
8.360443115234375000e-01
9.844970703125000000e-01
9.492645263671875000e-01
9.457855224609375000e-01
9.849395751953125000e-01
9.463653564453125000e-01
9.255981445312500000e-01
9.696655273437500000e-01
9.488067626953125000e-01
9.724273681640625000e-01
9.979400634765625000e-01
9.798583984375000000e-01
9.715423583984375000e-01
9.829559326171875000e-01
9.903564453125000000e-01
9.896545410156250000e-01
9.902191162109375000e-01
9.466705322265625000e-01
9.927215576171875000e-01
9.941406250000000000e-01
9.546661376953125000e-01
9.372863769531250000e-01
8.613891601562500000e-01
