3.134083930399181317e-01
7.001366969056791456e-01
8.471871049304677825e-01
7.781400137268359440e-01
5.867327487609607095e-01
7.538779731127197570e-01
7.923608289313287534e-01
6.540954625810253553e-01
6.835751894182612309e-01
4.899088541666666852e-01
8.215358931552587674e-01
7.763435308291382064e-01
7.149629629629629113e-01
5.014043365913942729e-01
1.498044328552803062e-01
3.066275167785235123e-01
8.880782623113911978e-01
7.736958119030125092e-01
8.274746906636670785e-01
8.644018583042972770e-01
7.117093223710383443e-01
4.957999514445253775e-01
1.433748294679399737e-01
8.236472945891784025e-01
6.380952380952380487e-01
8.084291187739464091e-01
7.488485694347523092e-01
1.784667207285883517e-01
8.017639453269301830e-01
6.539524599226091972e-01
7.110667996011964531e-01
6.517699635422792293e-01
6.459227467811158307e-01
6.271042672582539668e-01
5.366906474820143380e-01
7.837933894088378040e-01
5.543237250554323703e-01
6.529520980319346579e-01
6.178886068388831365e-01
6.760282021151586829e-01
7.426388888888888484e-01
4.043866312191416457e-01
3.909673070441523346e-01
5.084707476846622720e-01
7.866637611680105113e-01
6.352387591495294306e-01
6.982111539810592626e-01
8.241145440844008796e-01
4.907397260273972384e-01
8.368091762252346522e-01
9.257775997864103878e-01
8.474141334386103841e-01
7.130586592178771443e-01
6.505916213623280653e-01
6.266735324407827212e-01
8.613841918993314639e-01
4.769078784885156796e-01
4.437343072357909368e-01
8.178827951936631369e-01
7.304125359769747527e-01
7.743955649093988702e-01
4.968156488115546554e-01
8.301828799754110699e-01
7.561400550778395457e-01
5.453483845854417700e-01
4.927684192615279790e-01
6.243225666594407475e-01
5.043464517148728010e-01
6.279110488530905698e-01
6.652086846543001641e-01
5.603423266608644759e-01
6.696923852748360995e-01
6.421184581635850375e-01
7.312622812763169833e-01
7.285318559556787088e-01
7.065868263473054078e-01
3.061128156714656434e-01
8.292344307814358828e-01
9.056532425789374230e-01
9.118434603501545110e-01
7.976134215500945146e-01
6.713041129195650436e-01
5.250373692077727750e-01
5.651998710509348323e-01
8.853965183752418033e-01
7.566739606126914319e-01
8.342458934793429703e-01
6.871339840283939848e-01
5.035456110154905573e-01
9.351098141606511982e-01
7.361901573485102324e-01
8.522933402435863837e-01
8.838883888388838761e-01
9.334692837114453301e-01
7.061197041022192478e-01
6.979116075764933980e-01
2.662037037037037202e-01
9.437464629315223119e-01
8.251256281407035598e-01
8.279088689991863648e-01
3.338206627680311844e-01
6.529209621993127266e-01
8.320401643085348908e-01
7.663888888888888973e-01
8.882410106899902846e-01
8.837800369685766544e-01
9.106763079540620698e-01
7.930607187112763690e-01
8.137725801399185999e-01
9.187374076561450886e-01
9.311668372569088525e-01
8.596416382252559663e-01
6.996537795729947939e-01
5.439056356487549371e-01
9.422983898832146821e-01
8.636561954624781823e-01
9.000454338936847432e-01
8.671290206863565553e-01
9.142772686964233397e-01
2.550193050193050315e-01
9.506187967160887320e-01
7.286190299888930522e-01
7.909142748526896138e-01
8.588951310861423494e-01
7.861030126336249202e-01
8.030985915492957483e-01
6.262702295822355492e-01
2.197635647165807893e-01
8.884167453572552331e-01
8.696110943623756029e-01
8.675094816687737298e-01
8.530901722391084352e-01
8.214559386973180333e-01
6.456964520367937110e-01
6.759472218859702286e-01
5.720509383378016288e-01
2.125186289120715444e-01
2.310089598753408691e-01
7.326804497642365188e-01
4.111336619309944873e-01
3.222416812609457115e-01
8.253125535194382190e-01
6.183719193427931193e-01
8.626629117820420189e-01
9.350617882238914103e-01
8.721925133689839571e-01
9.554878048780487410e-01
6.770761839396018944e-01
2.426666666666666694e-01
5.821937736398021812e-01
7.144682210156499957e-01
5.199771363246641354e-01
7.610252544289483057e-01
7.085522168522798703e-01
7.173006774361646576e-01
3.901373283395755398e-01
6.915149433184473171e-01
2.945080091533180955e-01
3.204908675799086892e-01
8.765304004980286612e-01
6.033280046504868599e-01
6.760315207283050798e-01
7.775126333520494537e-01
7.202558001189768300e-01
6.213592233009708199e-01
7.059426229508196649e-01
7.753551961397551207e-01
5.106533017679947273e-01
8.521067118356976389e-01
8.888721578075591268e-01
3.802021403091557783e-01
8.758547008547008517e-01
4.822288273956545357e-01
1.826117318435754311e-01
7.152249134948096554e-01
3.624605203790043362e-01
6.363160192055871134e-01
8.607983623336744605e-01
7.000407996736026650e-01
6.298752228163992939e-01
7.265662943176298683e-01
8.252472915685350463e-01
8.521338537334441909e-01
9.123827998706757203e-01
8.156978992138161910e-01
5.824458948814840165e-01
7.955594002306805024e-01
8.680241327300151077e-01
8.830192674147787635e-01
9.427892705137087548e-01
7.714581848804820119e-01
9.467493980366734618e-01
9.330018939393939226e-01
7.201871873487171172e-01
7.983499616270145482e-01
5.730822232429949592e-01
