9.120993358359803516e-01
9.991465392165229664e-01
9.999519715671677522e-01
9.813084112149532690e-01
5.713112510265535571e-01
6.580776643811810933e-01
1.000000000000000000e+00
9.996435919451779339e-01
9.966293428040579050e-01
9.615118011991821145e-01
7.341703628680193994e-01
9.982830626450116540e-01
7.050262767821048326e-01
1.000000000000000000e+00
1.000000000000000000e+00
8.377325411512612785e-01
9.836903092717046437e-01
9.050370249816909185e-01
9.680427531293712695e-01
9.845428724323879166e-01
2.775749641229638409e-01
4.475290632434130722e-01
1.000000000000000000e+00
9.530486193684767349e-01
7.994163539991662182e-01
9.909026601082467911e-01
9.801526717557251800e-01
9.302602258564036664e-01
9.751573661503641910e-01
9.493298621155144001e-01
9.946567687726883822e-01
9.463563109187514977e-01
9.932766260887281318e-01
9.883407158494984524e-01
9.908300198807157289e-01
9.973772425352287474e-01
8.341948150819409324e-01
7.869667239436098916e-01
1.000000000000000000e+00
9.420771476489222529e-01
8.178528138528138314e-01
1.000000000000000000e+00
8.620833333333333126e-01
1.000000000000000000e+00
9.964185980467948900e-01
8.003739482704892438e-01
9.969423298185887683e-01
9.955292468260767969e-01
9.978626413077963386e-01
1.000000000000000000e+00
9.962304792676359710e-01
9.980831658679857332e-01
9.903340563991323009e-01
9.999511344941606206e-01
8.892381584599163835e-01
9.999678957253158584e-01
9.977027551416375317e-01
1.000000000000000000e+00
9.960216673034996138e-01
9.929601185664241880e-01
9.999367168712821607e-01
9.717546947354032127e-01
9.700748524315171428e-01
7.720065517299606883e-01
8.431053730039315131e-01
8.500751253597871315e-01
9.844749037013863502e-01
1.000000000000000000e+00
9.984114937254001676e-01
1.000000000000000000e+00
9.984001267226357834e-01
9.998727634194830571e-01
1.000000000000000000e+00
8.640114574098070044e-01
9.517938013020096344e-01
9.969820009022883900e-01
7.580953355853550235e-01
9.986428967984701810e-01
9.883315844700943931e-01
9.413901800502216810e-01
9.990723562152133974e-01
1.000000000000000000e+00
9.688996202740630670e-01
9.964727196934473064e-01
1.000000000000000000e+00
9.963804194919942958e-01
1.000000000000000000e+00
9.999215477068394975e-01
1.000000000000000000e+00
9.999050151975683587e-01
9.982889530531493527e-01
1.000000000000000000e+00
1.000000000000000000e+00
9.998366306709578488e-01
1.000000000000000000e+00
1.000000000000000000e+00
9.961554304544830707e-01
9.761183276472208403e-01
1.000000000000000000e+00
1.000000000000000000e+00
9.968931978205548550e-01
9.999845366404305214e-01
1.000000000000000000e+00
9.985002126564144209e-01
9.932858058918939692e-01
9.981925833593019437e-01
9.987891312420283940e-01
7.944113451371989099e-01
9.793697499712327170e-01
9.993171624998060665e-01
9.977908455181182523e-01
9.278139272977539154e-01
9.571547633221642037e-01
9.800592784861186235e-01
1.000000000000000000e+00
9.818587597640682230e-01
9.996576514892160370e-01
9.998913303340505321e-01
1.000000000000000000e+00
1.000000000000000000e+00
9.971414505550350027e-01
1.000000000000000000e+00
7.004361617763679160e-01
9.981767158689137664e-01
9.999538504138079098e-01
9.999671786792700967e-01
1.000000000000000000e+00
9.994768299063050421e-01
1.000000000000000000e+00
9.960711956608184758e-01
1.000000000000000000e+00
1.000000000000000000e+00
8.991320666197513134e-01
6.920024420024419864e-01
9.988524433393898283e-01
9.995837885645908472e-01
1.000000000000000000e+00
9.840857574612769110e-01
1.000000000000000000e+00
9.990253258084293986e-01
9.982216098436298424e-01
1.000000000000000000e+00
9.991351742724402518e-01
9.347833935018050600e-01
5.389003824211647808e-01
9.535355813691214211e-01
1.000000000000000000e+00
9.932774324128957888e-01
9.917441154865702657e-01
8.296293853864415979e-01
8.219772879091515883e-01
9.964937887706049047e-01
9.993198555279327877e-01
1.000000000000000000e+00
1.000000000000000000e+00
9.914144511381263181e-01
9.985726067372961978e-01
8.020430958253828013e-01
9.997407800164958003e-01
9.991901653682317974e-01
8.305806451612903762e-01
9.573465067043048782e-01
9.571032803373860087e-01
9.161379671738438812e-01
9.998732438998626515e-01
9.639424004941512525e-01
9.983600583090378455e-01
1.000000000000000000e+00
9.884767432080073801e-01
9.973317334259595990e-01
9.999686702069332522e-01
1.000000000000000000e+00
9.983652610027456964e-01
9.998887108262107803e-01
1.000000000000000000e+00
9.999230872767127520e-01
1.000000000000000000e+00
9.998374148968600661e-01
9.951197799926876364e-01
1.000000000000000000e+00
1.000000000000000000e+00
1.000000000000000000e+00
9.568923788522561980e-01
1.000000000000000000e+00
9.916817711030554428e-01
9.857026365860288575e-01
9.984534780961999978e-01
1.000000000000000000e+00
9.995784059529079224e-01
9.994457626825086205e-01
1.000000000000000000e+00
9.025776030124798011e-01
9.999595100718696727e-01
8.967285774588433789e-01
9.375250884939605456e-01
1.000000000000000000e+00
9.961949428135300488e-01
9.967768202483544560e-01
9.998261556696957930e-01
9.995199155051288642e-01
9.966821760213596670e-01
9.963429952458938699e-01
1.000000000000000000e+00
9.996574329269242165e-01
9.920586731432954331e-01
9.476182572614108013e-01
9.989796243742227189e-01
9.983498349834983854e-01
9.954769236121984166e-01
9.983266869966377355e-01
9.515074662760445445e-01
9.693327441449403059e-01
9.971291559076839173e-01
9.517473586439103572e-01
9.940462995218039000e-01
9.674732249107497184e-01
9.968070862086723105e-01
9.736612657124174008e-01
9.935490750119955194e-01
9.061942462087422268e-01
9.999671883715588461e-01
9.856951122135200194e-01
1.000000000000000000e+00
9.993081070763945029e-01
9.487394217207334446e-01
9.025263654966158011e-01
9.910786549922743216e-01
9.818191017489417138e-01
9.949218227983429585e-01
1.000000000000000000e+00
9.122352682980358063e-01
1.000000000000000000e+00
8.727831227541439363e-01
8.796230440967283126e-01
9.369238069414316250e-01
9.607822767057112578e-01
9.703488372093023173e-01
8.869209809264305688e-01
9.334261838440111037e-01
9.914900682870130266e-01
1.000000000000000000e+00
9.999073444931744215e-01
9.999827055446024460e-01
9.996821176742572979e-01
9.903974903401048246e-01
9.431809315752516243e-01
9.280842878377196792e-01
1.000000000000000000e+00
8.146296080939644524e-01
9.026125017097523795e-01
9.915393317506094872e-01
9.983167071247586177e-01
9.277073604625305503e-01
9.663923758344179493e-01
9.068814412074981401e-01
9.965922674802405457e-01
9.995132683059789747e-01
9.967804456119555567e-01
9.574134259778102063e-01
9.977123993745294905e-01
7.372100765730773553e-01
9.991705463691336053e-01
9.996108192255303004e-01
9.874152147892006903e-01
8.736629494765589810e-01
8.334189439079514594e-01
9.999814071099211166e-01
9.997515616127200522e-01
9.716677995427299708e-01
9.911872705018359708e-01
1.000000000000000000e+00
1.000000000000000000e+00
9.282650802434975201e-01
9.721079619090550183e-01
9.998031496062992352e-01
9.973837120866416717e-01
9.840429573719003953e-01
9.771150481629697904e-01
8.236251869081242516e-01
9.938007479532360300e-01
9.868324798829554156e-01
9.672678434382194768e-01
9.838718783521839262e-01
9.944088644912066899e-01
9.412483898434600427e-01
9.988659252864807714e-01
9.975781673594794619e-01
9.968488309336861475e-01
9.770487242667514893e-01
9.308155080213903476e-01
9.999053590441263628e-01
9.977752027809965174e-01
9.978475211776142162e-01
9.976932755487207816e-01
9.851364636487055515e-01
1.000000000000000000e+00
9.990486818755602849e-01
8.509611974178903360e-01
9.991956565453448125e-01
5.511902010630922444e-01
9.398250578852586079e-01
9.984340745380519966e-01
9.846693065068493622e-01
1.000000000000000000e+00
9.775354826581446055e-01
9.866401877595233350e-01
9.938638772091751283e-01
1.000000000000000000e+00
9.961600000000000454e-01
9.988359717972595808e-01
1.000000000000000000e+00
8.872567891728611045e-01
9.987863450911532714e-01
9.985591310451841229e-01
9.997232435851817201e-01
9.642667610118521582e-01
9.256979885920144646e-01
9.061486391200113122e-01
7.805476744556727464e-01
1.000000000000000000e+00
9.371732665518860417e-01
9.996868841287090968e-01
8.429788227057931627e-01
1.000000000000000000e+00
9.703562219463279792e-01
9.999808124028627399e-01
1.000000000000000000e+00
9.995621966308175788e-01
9.911018834346729811e-01
9.922369435430374862e-01
9.999527982755637145e-01
9.653127246585190280e-01
1.000000000000000000e+00
9.795680198215344081e-01
9.322712650721053373e-01
6.499508777924907221e-01
9.843286405543718587e-01
8.305003819709702029e-01
1.000000000000000000e+00
1.000000000000000000e+00
9.159048620661758289e-01
7.494892909041130924e-01
9.562204032991501457e-01
9.913817562774861480e-01
8.555419900584285697e-01
1.000000000000000000e+00
9.872316235952599550e-01
9.847481213470636874e-01
9.855375832540437253e-01
9.993777474457535837e-01
9.774993464540463473e-01
9.275548349322163544e-01
1.000000000000000000e+00
1.000000000000000000e+00
9.858384087908343973e-01
9.865506329113924444e-01
8.338021879883902310e-01
9.971129103119311665e-01
9.904622455412522841e-01
9.757270665636603724e-01
9.974837588068441452e-01
9.984744469870328043e-01
9.564661483574271594e-01
9.032834951860092554e-01
1.000000000000000000e+00
8.600605323991324935e-01
9.901678540060505629e-01
9.986852917009038100e-01
8.499141630901287936e-01
8.107585139318885803e-01
9.433461047254150245e-01
9.595509453283522783e-01
9.785004686035614352e-01
9.979566230507259661e-01
9.852360241011930420e-01
7.850888931370675339e-01
9.884519069666888313e-01
8.966702859211002075e-01
9.614506655723409345e-01
9.526326530612244659e-01
9.999103315937662995e-01
8.935256032960564587e-01
9.866917348669173027e-01
1.000000000000000000e+00
9.844461672642698113e-01
1.000000000000000000e+00
9.964165691899218302e-01
9.690621193666261179e-01
1.000000000000000000e+00
1.000000000000000000e+00
9.989023405972558001e-01
9.898868700719917202e-01
1.000000000000000000e+00
5.606826801517067471e-01
1.000000000000000000e+00
1.000000000000000000e+00
9.887073825261603055e-01
9.482008058166998543e-01
9.997495826377295058e-01
9.954870111705798053e-01
7.053751210439754837e-01
1.000000000000000000e+00
9.430559949383107154e-01
9.647407241841752246e-01
9.964833079804373828e-01
9.996243945833744871e-01
9.986269876748196106e-01
9.553911938056165454e-01
9.999519546451850482e-01
1.000000000000000000e+00
9.192729613946463152e-01
1.000000000000000000e+00
9.987755665160555907e-01
9.998270853506708855e-01
9.957489372343085732e-01
9.938553688069604597e-01
9.629839417712198202e-01
9.578620112399856001e-01
8.882209348927022630e-01
1.000000000000000000e+00
9.969148389155836343e-01
4.029353017802865811e-01
9.747073543489579439e-01
1.000000000000000000e+00
9.948591864103710769e-01
1.000000000000000000e+00
9.441199016679442391e-01
9.754468670202317560e-01
1.000000000000000000e+00
9.997990537257266386e-01
9.195488020881886770e-01
9.909668395594148915e-01
9.843601504070079722e-01
1.000000000000000000e+00
6.564728765939052968e-01
9.998630652836260069e-01
9.999280074872213264e-01
8.642751096226219953e-01
1.000000000000000000e+00
9.998952726054081142e-01
9.979222034307804190e-01
9.999773432720846511e-01
1.000000000000000000e+00
9.859929310119125434e-01
9.988917620982638024e-01
9.999433331444438355e-01
8.412564026584261612e-01
9.981986746211433115e-01
9.976179409714153179e-01
1.000000000000000000e+00
9.771788129226145481e-01
9.722011423093821492e-01
9.987229260318757351e-01
9.948541730775806169e-01
9.997049102927290098e-01
9.964130455972084466e-01
9.927050126146564901e-01
9.945004582951421090e-01
9.996466587164878348e-01
9.996137646907358176e-01
9.879872517773964358e-01
9.999345206914614925e-01
9.997540378781667458e-01
1.000000000000000000e+00
6.355467636753784344e-01
9.303930744033691580e-01
9.326915730766291990e-01
9.770016866752654350e-01
9.923503955938278720e-01
9.907303043258579578e-01
9.737132311570229071e-01
9.937498871005617795e-01
9.999043565587489857e-01
9.941336587197296959e-01
1.000000000000000000e+00
9.999686461403398674e-01
1.000000000000000000e+00
9.972557885709830705e-01
1.000000000000000000e+00
1.000000000000000000e+00
9.995421968237930832e-01
9.992186645414342649e-01
9.994065374584185646e-01
1.000000000000000000e+00
1.000000000000000000e+00
9.996747010347605267e-01
9.974103835771235271e-01
9.997398145030457206e-01
9.978101849694823722e-01
9.999331237878686940e-01
1.000000000000000000e+00
9.965923172242875383e-01
1.000000000000000000e+00
9.987604748603351457e-01
9.999842074509246448e-01
9.942561429908428616e-01
1.000000000000000000e+00
9.965378890830259850e-01
9.992984534796707230e-01
9.992105096949409626e-01
1.000000000000000000e+00
9.995746557862567050e-01
1.000000000000000000e+00
9.998825532914440428e-01
9.957468724560150086e-01
8.883393878358450957e-01
9.987886882114515030e-01
9.844608304053050762e-01
9.867276242648835849e-01
9.598132431053059133e-01
1.000000000000000000e+00
1.000000000000000000e+00
9.955062911923306945e-01
9.983074343929331240e-01
9.998398872806455451e-01
9.970347583407331848e-01
9.997050630837293062e-01
9.108848769430051284e-01
1.000000000000000000e+00
9.969431837676819841e-01
9.998570134883942861e-01
9.958968070556053487e-01
1.000000000000000000e+00
1.000000000000000000e+00
9.992724506837310505e-01
1.000000000000000000e+00
9.995436448612837754e-01
9.977970448930779668e-01
9.997985620428907483e-01
1.000000000000000000e+00
9.911687814831345866e-01
9.975622111061862585e-01
1.000000000000000000e+00
9.999225250631420536e-01
9.995583874834395033e-01
7.245279996796604172e-01
9.960863824971708524e-01
9.998889452976266190e-01
9.990481568121319933e-01
1.000000000000000000e+00
9.998245362173199258e-01
9.999518598157836058e-01
1.000000000000000000e+00
9.990786687571726610e-01
1.000000000000000000e+00
9.986352941176470654e-01
9.998732934207609224e-01
9.982230048827342994e-01
1.000000000000000000e+00
9.899140151652577879e-01
9.999687982651835894e-01
9.991058963780959923e-01
1.000000000000000000e+00
9.992409987191853693e-01
9.940024499276157721e-01
9.999831547739370663e-01
1.000000000000000000e+00
9.972117077121983586e-01
1.000000000000000000e+00
9.992526507543556535e-01
9.587340085743077944e-01
9.944016677314145847e-01
9.575853328240564455e-01
9.854204415811019802e-01
8.255906931531333814e-01
1.000000000000000000e+00
1.000000000000000000e+00
9.985422484500412477e-01
9.999689383114865882e-01
9.993685074673992474e-01
9.944980247269005202e-01
9.988572859759247136e-01
1.000000000000000000e+00
1.000000000000000000e+00
9.996574115888315903e-01
9.993136362910820525e-01
9.985470283638612221e-01
9.933447831687419738e-01
9.999689787814864950e-01
9.994974400854351737e-01
9.978919090349420706e-01
9.998153533674929427e-01
9.989296817926980321e-01
1.000000000000000000e+00
9.979615788498362727e-01
9.984201455381079837e-01
7.595072725573862593e-01
9.997203666304178560e-01
9.919532507304573699e-01
1.000000000000000000e+00
1.000000000000000000e+00
9.987924575037929742e-01
9.999533944384030315e-01
9.997377190817081649e-01
1.000000000000000000e+00
1.000000000000000000e+00
9.999375780274656345e-01
1.000000000000000000e+00
1.000000000000000000e+00
1.000000000000000000e+00
