8.524677792955990263e-01
8.833570412517780523e-01
8.269043760129659582e-01
7.810476082263378972e-01
6.415300297910081495e-01
9.194900454069157569e-02
3.515509601181683874e-01
9.212738853503185110e-01
7.210897313774051742e-01
7.098177862387816672e-01
3.120948551735455712e-01
5.747693286668787982e-01
4.716941717150616165e-01
3.771715454497157616e-01
5.454087562960092672e-01
6.391759132674148525e-01
6.741258741258741027e-01
7.775829934860032377e-01
7.399446858949032535e-01
9.381730930193628026e-01
4.406124459940877758e-01
2.452255553011220557e-01
4.564449224151175266e-01
4.153885699597292258e-01
5.420006971070059354e-01
7.905037440435670471e-01
7.306413301662707527e-01
5.702422872759762562e-01
5.803817301300920883e-01
4.795711388003477404e-01
3.281542538964670186e-01
7.336988612399831799e-01
5.336875423920416361e-01
8.782400638043333929e-01
5.818594104308389969e-01
7.617728531855956220e-01
4.868267980565250119e-01
3.818236871701704560e-01
1.996214762426536393e-01
2.109158186864014684e-01
3.625881144671116996e-01
6.128896377422072828e-01
8.081668143189946196e-01
3.959896507115135966e-01
7.298990602158023089e-01
6.331332621423574336e-01
8.720735785953177555e-01
7.675362318840579512e-01
9.580562659846547646e-01
7.252298263534218137e-01
8.925110132158590170e-01
7.768595041322313710e-01
8.542680229986731044e-01
9.329165664823274584e-01
4.789118921521425265e-01
7.238007943782462927e-01
8.206278026905829970e-01
1.959370626404851809e-02
6.485962756404196616e-01
8.334539140500650811e-01
9.215017064846416917e-01
7.689264915943302414e-01
4.304331864904551996e-01
3.241732406875293959e-01
7.571893214826265206e-01
5.152057245080501335e-01
6.393863534244816904e-01
6.494057724957554845e-01
9.176236749116607472e-01
5.269983494458854167e-01
8.898876404494382442e-01
8.934517203107658068e-01
4.184920730969381442e-01
4.500036771014634951e-01
7.244651761299661930e-01
8.042362002567393642e-01
3.098062032851452430e-01
8.136792452830188260e-01
7.790081619015798431e-01
8.031329923273656801e-01
8.752762867066624652e-01
4.865714660028822025e-01
7.170624080689220747e-01
8.776077885952712210e-01
7.872596153846154188e-01
8.810726778080062438e-01
4.948972459108066380e-01
8.446496469310157407e-01
7.330043859649122417e-01
9.278905926232905443e-01
8.911615091140313583e-01
3.619027027027026944e-01
8.227490826982782890e-01
9.157559198542805090e-01
1.394656204358658662e-02
7.766871165644171349e-01
8.667650353854140510e-01
8.851276359600444010e-01
7.745157384987892968e-01
2.078401167504459190e-01
7.983783783783783283e-01
7.652474108170310707e-01
8.944095437527761483e-01
9.201824401368301487e-01
8.171492204899777345e-01
8.125000000000000000e-01
9.094221759500260571e-01
6.602408347030658264e-01
9.496306245802552115e-02
7.754333082140165700e-01
9.095966620305980799e-01
2.378057820607857586e-01
6.358200176453289165e-01
6.217638844129337317e-01
3.306954436450839085e-01
4.153811252268602705e-01
7.849134948096885278e-01
9.091420390632989346e-01
8.870628880900135460e-01
7.118644067796610075e-01
8.419842312746386170e-01
8.918548939082819871e-01
6.412059520571894433e-01
8.841797588600657232e-01
4.531668153434433299e-01
8.393387028401865235e-01
5.174481612600245750e-01
9.418924224577934767e-01
8.587836565618527374e-01
8.857428381079280877e-01
4.724821943610571506e-01
4.347064222735237404e-01
8.235243299280793350e-01
6.585793434218142339e-01
9.132720105124835230e-01
5.003102303003759133e-01
7.698519515477793007e-01
2.310531496062992185e-01
5.290903246544519378e-01
8.629751290473955949e-01
9.144639144639145067e-01
1.750031818760341140e-01
7.636704119850187267e-01
6.903380240824024128e-01
5.474602522363056223e-02
4.451014648568740739e-01
7.149028077753779575e-01
6.697558223869771732e-01
5.051921079958463512e-01
3.155541153596889137e-01
2.503894839337877376e-01
9.007551240560949246e-01
5.788212745567801187e-01
8.070175438596490780e-01
4.113839285714285809e-01
9.124141090242785523e-01
8.972911963882618247e-01
6.624601351119646653e-01
4.996793638578940766e-01
8.557961783439490544e-01
7.767189963666278063e-02
7.976238609150001491e-01
6.310449226740856288e-01
6.617854622441778911e-01
7.740271145507436890e-01
2.736911072726189720e-01
6.139737991266375206e-01
7.406522200977267989e-01
6.892011647043929656e-01
8.454404945904172575e-01
8.222350897510133372e-01
3.856015779092702433e-01
7.803858520900321949e-01
6.727448609431680993e-01
5.994573930201011480e-01
7.944436234668242891e-01
8.163476180117468228e-01
8.776459072555976570e-01
8.465506125080592970e-01
1.623406542773767336e-01
1.577235772357723498e-01
6.760501429513965377e-01
8.061663796529341397e-01
5.558889485486876586e-02
8.072445019404915767e-01
7.932681017612523977e-01
8.871900826446280641e-01
1.537654653039268460e-01
8.765025522805861558e-01
8.836244815885383463e-01
6.407203814498739769e-01
3.513778722708316149e-01
7.512627818159418602e-01
5.097655436638487414e-01
8.591313055451245129e-01
3.850310508912008767e-01
6.525226149398489772e-01
9.226730987514188964e-01
9.255635899617183915e-01
9.057312871907297058e-01
8.546077838273845595e-01
7.211076575303758673e-01
6.670716889428918162e-01
8.905472636815920939e-01
7.816826411075612491e-01
4.707644815689123186e-01
7.261313104891446990e-01
9.177771477176069892e-01
9.073500745327370831e-01
8.373493975903614217e-01
8.295193497084289991e-01
7.613021469715482992e-01
8.866124052764524643e-01
8.168202297357632924e-01
7.041516835567178667e-01
8.608536445817599470e-01
9.326264063106168845e-01
9.602512082288786610e-01
9.035356200527704384e-01
8.258417011222681792e-01
6.409788374878786499e-01
8.704506635133359982e-01
4.063587839405894409e-01
9.282424037526940674e-01
8.899840230428227583e-01
7.085342333654773839e-01
6.873299810403099563e-01
8.128059267098822760e-01
1.989254745491536025e-01
6.048369682573958572e-01
8.103644646924829109e-01
2.427466150870406236e-01
8.738276959472780492e-01
8.099543016093780912e-01
9.466103930361382535e-01
8.661870008262186893e-01
9.572165080667914827e-01
8.260187541395056510e-01
9.201635645798081908e-01
9.526224848113260535e-01
2.004757050628610260e-01
5.736775438808130456e-01
8.112377006732263141e-01
7.901729432681429133e-01
9.301724137931034475e-01
7.815629020529171189e-01
7.937408533153214041e-01
4.103748789597454483e-01
8.282463067299586923e-01
7.569544874521480504e-02
8.102489019033675133e-01
9.359085023737592213e-01
8.251939386631295115e-01
9.056727898385709130e-01
9.467115965605391592e-01
9.309257375381485566e-01
8.616991448198514369e-01
9.292989814260036452e-01
7.884769835566639573e-01
8.941448679221030149e-01
4.216576756691542971e-01
8.194188518781005959e-01
8.984805109006827051e-01
8.675475346438930035e-01
8.620601589103291662e-01
7.677558496809264721e-01
8.006805614632070967e-01
9.345115472189092776e-01
8.984700973574408778e-01
5.616677726166777740e-01
7.924724012743572521e-01
8.381046396841066448e-01
8.790764103784812766e-01
8.840945108773952121e-01
8.280991735537189813e-01
9.126609638040731332e-01
6.649043580423688038e-01
9.185998948168059286e-01
8.631110893943465534e-01
8.955937266616877945e-01
5.321834027256976407e-01
7.833595965962810714e-01
8.612075973690045405e-01
9.506018352997258614e-01
8.623026804844986515e-01
8.424709258420177704e-01
9.520337682271681201e-01
9.329515628728227705e-01
9.226056893309880769e-01
8.769089236430542833e-01
8.763037040216318241e-01
8.020394590999778694e-01
9.003330455162205093e-01
8.383936025308669215e-01
9.242105263157894823e-01
6.932150888954894397e-01
9.467224293117556533e-01
8.680240607246860751e-01
7.159711388455538561e-01
8.685793530725451905e-01
9.065729781355527095e-01
8.190574617610583141e-01
9.335343244273486274e-01
7.574196105633453913e-01
9.232673267326733102e-01
9.230699115850879988e-01
9.183754993342210238e-01
6.720963739694229000e-01
9.577501980459466324e-01
9.442028985507245897e-01
7.340186204270930936e-01
8.818666741140001042e-01
8.003626406157489104e-01
5.174296186539811826e-01
9.241516966067864214e-01
6.985861610113106579e-01
9.606841779162990091e-01
6.953114698513760406e-01
2.916293806080247908e-01
3.670005202913631526e-01
9.196523095782024315e-01
8.234824988923349354e-01
8.465833626975306503e-01
6.895430004292136816e-01
8.605064123643538787e-01
7.897011699828601072e-01
7.278625954198473247e-01
8.322862396567576315e-01
9.507940233122115226e-01
9.458984375000000222e-01
9.220000000000000417e-01
9.465146865409908017e-01
4.407505608810932118e-01
8.737716633911023489e-01
8.478446801231611651e-01
8.448887455659465084e-01
8.076260762607626598e-01
8.584237966904264550e-01
7.582912515354169880e-01
6.915259158883028112e-01
9.265838741304449622e-01
5.780941733526239190e-01
8.751534881064565452e-01
8.812117357080384572e-01
9.261876290901185360e-01
4.341751542917723916e-01
9.391356989848188563e-01
8.810966690349814057e-01
9.166193987521270570e-01
8.543566362715299123e-01
9.013321291487920162e-01
8.628716105847762385e-01
7.716056998334464012e-01
8.660366552119129757e-01
9.480171213449538614e-01
8.914354644149578011e-01
9.164446339123947238e-01
8.417204428393819660e-01
9.604766399244927255e-01
8.739956446647142441e-01
7.893948336132927679e-01
5.925193857381785278e-01
8.894687402150088795e-01
6.689897037003731395e-01
6.341361548099679890e-01
7.838980230313519204e-01
9.572369734477940151e-01
7.573423835008484817e-01
8.481053654323653657e-01
7.318373732106511209e-01
8.905956005610482507e-01
8.150292778139232031e-01
8.872959858844287062e-01
8.732054241965873098e-01
8.566360358264510921e-01
5.233541013532283515e-01
9.297201822069349753e-01
5.575703884167104718e-01
9.384397163120566931e-01
8.636339896589544374e-01
8.435262834935569609e-01
8.822369992832682639e-01
8.884740259740260271e-01
6.556095605551937044e-01
9.318381005497570202e-01
8.949808506349525850e-01
8.792536577346703464e-01
9.172338166437485896e-01
7.817833507488679556e-01
8.173304628632939162e-01
9.489189189189188856e-01
6.756011328508227942e-01
9.212034383954155192e-01
8.295697308246166024e-01
3.171549594069890676e-01
5.810285220397579664e-01
9.191825359962843001e-01
8.801743790745110152e-01
2.788606703123427399e-01
9.546636334091648246e-01
2.383569858085149082e-02
7.730104556043122521e-01
9.756857193417094454e-01
9.251836590289483908e-01
9.076178451178451567e-01
8.018408590675648595e-01
9.377265238879736176e-01
6.584117636749216018e-01
9.185113891562399768e-01
3.024071044636597594e-01
8.729579423010079831e-01
7.836216300451924743e-01
8.555526792648200374e-01
9.332644894797986757e-01
9.420787083753784374e-01
9.147506060383456816e-01
8.830895076293849844e-01
9.156883257778294372e-01
6.011750084736188215e-01
4.257536702902611214e-01
9.129042256431449953e-01
1.418398044561436366e-01
7.767984445884640321e-01
5.087508579272477238e-01
8.495274795852830740e-01
4.024864024864024947e-02
8.888337961126536735e-01
9.628234603531771185e-01
6.640037593984962072e-01
9.034877283631665978e-01
8.473763118440779119e-01
4.310958425047828890e-01
9.372902799933989781e-01
6.773574342157882011e-01
7.569736339319831364e-01
9.455182072829131368e-01
7.981820466635948241e-01
8.632631808384393368e-01
6.139023149325871787e-01
7.613343781484384065e-01
3.207332575098681970e-01
7.170014012143858251e-01
6.836576545548476158e-01
3.486186320836063834e-01
7.692479756632218946e-01
8.386084313466367623e-01
8.912599369365368229e-01
8.154694032687190841e-01
9.189323137921269202e-01
5.510630881840362649e-01
9.118912055052635912e-01
9.398523451071221224e-01
8.855126728110599421e-01
9.279581432787764594e-01
1.620489893583527408e-01
7.266726260056384223e-01
8.675831202046035973e-01
8.397402597402597868e-01
8.380562811098516418e-01
8.858341515665446586e-01
9.096509240246406502e-01
6.724206152933029923e-01
7.627340008707008678e-01
1.938454082868912081e-03
2.099835866695211606e-01
8.882576669394829372e-01
8.900777879683413607e-01
9.138535995160315117e-01
8.428427960856669232e-01
8.599250936329587702e-01
9.408297235743312559e-01
8.965959004392386467e-01
8.843441466854724542e-01
7.979197622585438854e-01
6.280193236714975979e-01
9.238095238095238582e-01
6.487523992322457023e-01
8.691066997518610560e-01
8.678720445062586553e-01
4.836173001310615782e-01
8.339702760084926059e-01
8.753657109420713844e-01
8.705167173252279511e-01
1.610766930143131825e-01
7.692307692307692735e-01
9.395711500974658348e-01
8.684971098265895639e-01
6.206896551724138122e-01
7.803867403314916906e-01
6.524231370505471084e-01
9.229457892942379837e-01
8.417456215905828598e-01
7.851445011115469885e-01
9.507945850500294505e-01
5.789946140035906463e-01
9.317605276509386414e-01
8.695067264573991261e-01
9.022556390977443108e-01
9.075573549257759387e-01
8.831335616438356073e-01
8.536714210248282919e-01
9.267949319568278277e-01
3.412933220625528064e-01
8.374360392753422699e-01
6.984405116523567658e-01
3.303967397818530771e-01
8.881008668242710291e-01
7.999674479166666297e-01
9.246071449590960167e-01
8.316981629024824407e-01
8.664259927797833827e-01
8.685136323658750879e-01
6.565867222801529124e-01
9.086830298231723946e-01
9.721421709894332297e-01
8.968398111151471008e-01
9.034165571616293855e-01
7.096549666898677167e-01
1.325752123218655598e-01
8.477218225419663744e-01
8.452914798206278002e-01
7.842323651452282052e-01
6.432176656151419314e-01
8.685651697699890983e-01
9.639255236617533251e-01
8.206071757129714817e-01
9.439071566731140894e-01
8.949751018560434535e-01
9.246376811594202438e-01
7.919106881405563181e-01
7.586580086580086979e-01
9.098994586233565274e-01
8.687089715536104872e-01
9.131293188548864626e-01
7.567373338124325777e-01
5.274998274791249386e-01
8.595227375056281316e-01
8.860410094637224399e-01
8.199254128929142071e-01
6.879941434846266191e-01
8.374694162880111925e-01
9.266480965645310652e-01
4.200309059300753600e-01
8.927152317880794330e-01
8.508508508508508816e-01
8.387573964497041512e-01
8.564535585042220012e-01
9.367166004280036429e-01
8.205631958087753475e-01
8.247413405308141598e-01
9.353951890034364336e-01
9.225908372827804627e-01
7.219761499148211747e-01
9.081967213114754411e-01
6.664876476906551606e-01
5.344632768361582409e-01
6.967540828081588700e-01
7.997550520514390415e-01
7.877697841726618577e-01
8.446920052424639058e-01
5.807627870306494300e-01
7.920072661217075760e-01
6.620223594193225258e-01
8.275041969781756768e-01
7.062756843351675196e-02
6.170506393285641877e-01
5.026155878467635230e-01
8.906232944001746255e-01
9.418803418803418648e-01
8.238074774387623700e-01
7.914255654918463945e-01
8.156606851549755843e-01
6.447876447876448314e-01
7.954966887417218580e-01
9.045261669024045048e-01
9.328657314629258401e-01
8.187134502923976154e-01
8.970985763200576280e-01
9.048938134810711187e-01
9.573582943317732186e-01
7.096951602765556588e-01
8.855721393034825528e-01
9.031736702909197723e-01
9.370586599944398243e-01
7.440305635148042329e-01
9.144885446918360472e-01
7.077845593746653896e-02
9.211584875301689346e-01
6.127744510978043735e-01
7.303921568627450567e-01
8.086746987951807242e-01
8.638888888888889284e-01
8.592964824120602474e-01
8.898963730569948716e-01
7.073088582014146475e-01
6.238521168753726753e-01
9.599184782608695121e-01
6.300613496932515600e-01
9.092233009708737823e-01
6.742401888462673520e-01
