7.628746672838792042e-01
6.673003802281368690e-01
8.037334716100595911e-01
7.049768160741886058e-01
4.243456435998566034e-01
8.326140567200986942e-01
4.283824015878266445e-01
8.337946487412679630e-01
1.367383872913734144e-01
9.149463253509496630e-01
7.656337577067819922e-01
0.000000000000000000e+00
5.944014294222751404e-01
5.239352921756355030e-01
2.966090642321486670e-01
2.523375477800646749e-01
2.165097140917960350e-01
6.935538305771178358e-01
3.897051051685868073e-01
0.000000000000000000e+00
4.783033347286172465e-01
2.713512665673280533e-01
4.894558409469631499e-01
1.965537142386017122e-01
8.328999589434789019e-01
8.020734467401621215e-01
9.290474323794590816e-01
6.447058823529411287e-01
1.420608164491471703e-01
9.759562129406398334e-01
8.772440562833575539e-01
6.910363601011082491e-01
7.631027253668762889e-01
4.697862564922093420e-01
7.849829351535836386e-01
6.748718745146762288e-01
0.000000000000000000e+00
2.786877325216214896e-01
5.198687568355814942e-02
4.148073022312372959e-01
6.735966735966736341e-01
3.771615675841604176e-01
2.905156217382228248e-02
9.077087223259535653e-01
8.546441495778045461e-01
8.991619356582860600e-01
4.810186276821504237e-01
9.087176549221808175e-01
7.741854003536245976e-01
8.551231702963227876e-01
9.297795591182365094e-01
9.742661525143622159e-01
8.465212876427830047e-01
9.139919410865638971e-01
9.322715445872428175e-01
9.685049833887042769e-01
6.988115449915109911e-01
9.664666431344863806e-01
2.950987939440595231e-01
9.727246626471433011e-01
9.251980052801408450e-01
8.936170212765957022e-01
7.584145261293179230e-02
8.900900900900901025e-01
9.478211009174312141e-01
9.505514051938811493e-01
8.007287633796401627e-01
9.436201780415430784e-01
8.580775037745345113e-01
8.845888044229440750e-01
8.828653261286798504e-01
9.351085253971805900e-01
9.200498822225301465e-01
9.194915254237288060e-01
7.754275427542753896e-01
6.843806104129264156e-01
9.490231460596175728e-01
9.475236573675801521e-01
9.391654097536450418e-01
5.627106323927839604e-01
9.789651466298172622e-01
2.250228378605119428e-01
8.677233429394812791e-01
9.445811595629490798e-01
8.889807732065330148e-01
9.295751766712695430e-01
7.054815559464968633e-01
8.147756558514505087e-01
8.572262773722627571e-01
8.601492846775865564e-01
9.883993830885803855e-02
9.223118688790784558e-01
5.889007112056896531e-01
5.623106443142799060e-01
7.474857892435504692e-01
9.143111157597468841e-01
7.846966224967619752e-01
7.907221929362150403e-01
6.643478260869565277e-01
2.077833409194355940e-01
7.266038466503162985e-01
1.409510336623476801e-01
6.331863641251747055e-01
9.461593682699210861e-01
7.943673638434458617e-01
6.381003245552770986e-01
2.218923198733175062e-01
4.416687278423612750e-01
5.773649474456122865e-01
8.032568959787305118e-01
9.134415465985774585e-01
5.522429646140986081e-01
5.299826950568053974e-01
2.002430957967040737e-01
3.775105091078935216e-01
5.556650246305419039e-01
5.420054200542004930e-01
6.853156418849599696e-01
7.491898898250162198e-01
7.506172839506173311e-01
6.758355989125219843e-01
0.000000000000000000e+00
7.748320450769341505e-01
7.206345756818428594e-01
6.909561679304605519e-01
3.962611528112165438e-01
4.751690370715784817e-01
1.640238134980248064e-01
8.760880334017409066e-01
8.666892425781690390e-01
9.322251246734741814e-01
7.384080034797738668e-01
3.422566160313365580e-01
5.653898920983351228e-01
9.434641939895267448e-01
8.593163505330063678e-01
8.781282527039869779e-01
7.518420487874669655e-01
6.197613949219944462e-01
5.870485678704856491e-01
9.368706768233955318e-01
2.620622403120494992e-01
1.250739104726792117e-01
6.675413277355024544e-01
8.499999999999999778e-01
8.324451076529524318e-01
6.735257214554579708e-01
8.265983463374868556e-01
3.374180041870202262e-01
3.110207174333513014e-01
8.113919112228531461e-01
7.748579545454545858e-01
7.356858819276438366e-01
6.124103523542251404e-01
8.527046783625731319e-01
9.576563993236786310e-01
7.573863636363636909e-01
6.987132799223112478e-01
3.831055029793200006e-01
3.106198404925143430e-01
7.441088615997344391e-01
6.606860158311345099e-01
7.963465810910885789e-01
7.074247144340601867e-01
9.316091187841620824e-01
7.303119970928723115e-01
7.802109162608669157e-01
9.146975029327970574e-01
9.082897273478380828e-01
4.601265216141090519e-01
8.698907413050102067e-01
9.536674961488328384e-01
6.252657601977750224e-01
8.542844715093519392e-01
9.568944986901642968e-01
8.098011363636363757e-01
1.415250725238292595e-01
1.668252457976530378e-01
2.578229473121155246e-01
8.893927941546989624e-01
9.252948885976408633e-01
3.966202599515595284e-01
8.222191089941159881e-01
7.214969538729330001e-01
8.303551513048650357e-01
6.418323684872891954e-01
9.725906277630415042e-01
8.299382310421868914e-01
8.525369978858351461e-01
9.124218051831992637e-01
9.454245331682658016e-01
8.659441707717570047e-01
9.776171835792432097e-01
5.520096797368321262e-01
5.707414829659318567e-01
8.220930232558139039e-01
