9.776027286015916973e-01
1.000000000000000000e+00
9.883652305876401423e-01
1.000000000000000000e+00
9.135502358452597393e-01
9.844400159426066610e-01
9.462320397266458238e-01
9.961043829766426105e-01
1.000000000000000000e+00
9.998182941454373251e-01
9.519169039819584954e-01
1.000000000000000000e+00
9.572046903281655750e-01
9.709193245778611203e-01
2.355286238239515106e-01
5.848150869458731416e-01
5.510306605302391914e-01
9.993517543148853211e-01
8.141164665134495992e-01
1.000000000000000000e+00
9.414151859860235838e-01
7.006572588439976546e-01
4.947781421179324735e-01
9.999084316167313746e-01
9.783166651916098688e-01
9.647628983946420211e-01
9.897844855994200053e-01
1.000000000000000000e+00
5.946410547564976445e-01
9.987359526241970098e-01
9.519937986732045498e-01
9.981275431205214321e-01
9.804572720159958621e-01
6.451046365451452713e-01
9.118350427804644553e-01
6.521991942517755270e-01
1.000000000000000000e+00
5.004601355308291311e-01
5.988460885796708100e-01
9.900489042961495567e-01
9.977775676186873000e-01
7.116846806914657320e-01
1.373549095068082315e-01
9.947221007981608132e-01
9.974764099188062616e-01
9.944872517697174175e-01
9.859023340396069202e-01
9.689475475009401428e-01
9.953907223935437587e-01
9.942439327940261196e-01
9.790439383137593543e-01
9.970753570343360295e-01
9.976156034907565084e-01
9.900557456584253568e-01
9.860395657499538835e-01
9.965410787308668361e-01
9.865707285302236507e-01
9.995787765799778457e-01
9.628265445090998798e-01
9.944121316487726236e-01
9.970263248505336628e-01
9.987865416436845223e-01
7.425791429584740477e-01
9.992919373210602529e-01
9.998744290445620297e-01
9.969574844290106652e-01
9.932432432432432012e-01
9.942549255087799187e-01
9.993208024008845003e-01
9.778866525423728362e-01
9.937754471232760345e-01
9.807931366541189355e-01
9.992542757558563471e-01
9.956076826196473828e-01
9.956411475669678657e-01
9.993881681125770244e-01
9.730820476181281098e-01
9.955467429463008555e-01
9.988189162375396002e-01
9.005271976786954902e-01
9.982200674679188035e-01
3.013730861666190641e-01
9.989460370994941441e-01
9.915796064990277658e-01
9.915280976871864160e-01
9.915724666935809006e-01
8.047459816848424596e-01
9.978655471079045380e-01
9.706654107515306773e-01
9.088746034396393281e-01
5.804377009771783946e-01
9.398311197861416444e-01
8.793375525323499087e-01
9.703160960030059456e-01
9.999498411636850159e-01
9.429901227807847564e-01
1.000000000000000000e+00
9.614464151067108055e-01
9.999534067435973395e-01
5.499967681468553860e-01
9.295076219257676353e-01
5.781920939631219891e-01
9.998648397506293417e-01
9.922211745689655249e-01
9.961132333561312224e-01
8.877465912387583202e-01
6.206391842117960911e-01
7.771334299855021666e-01
9.717186838936440196e-01
9.998114662781729667e-01
9.687798905765773183e-01
8.484080022541561350e-01
1.000000000000000000e+00
5.446890354279803059e-01
8.843697018478242633e-01
1.000000000000000000e+00
9.874377126638822499e-01
1.000000000000000000e+00
9.989791270751204877e-01
9.987828203790645176e-01
1.000000000000000000e+00
1.000000000000000000e+00
9.696969696969697239e-01
1.000000000000000000e+00
1.000000000000000000e+00
7.926271795206687454e-01
9.849721589471019945e-01
2.624439571947507766e-01
9.934968605533706087e-01
9.970344009489916504e-01
9.947965334652522085e-01
9.757587932968375677e-01
3.916048073524213691e-01
5.429137679987057208e-01
9.709674898405751264e-01
9.520460020750171060e-01
9.926959575580961426e-01
8.851583926960810977e-01
9.838461418865342978e-01
9.017089039386325666e-01
9.927047510934526864e-01
4.135287675848706712e-01
6.342341453792287309e-01
9.892434282842875737e-01
9.883779686710459922e-01
9.459946618600297841e-01
9.958513082428389618e-01
9.998377472101533936e-01
6.697072430650508057e-01
4.079320113314447438e-01
9.977091154105304227e-01
9.948244644201957865e-01
8.731920275811420051e-01
9.955370177267987009e-01
9.900028029524432505e-01
9.876156227764850692e-01
9.996055164578533381e-01
7.480187544085307172e-01
1.000000000000000000e+00
5.970545018493810252e-01
9.984639513638494668e-01
7.606743701458609230e-01
9.999670304309122848e-01
9.999504623513870705e-01
9.611897412002252672e-01
9.999062124849940059e-01
8.605130161151902657e-01
1.000000000000000000e+00
9.994495903379515545e-01
6.141302349523845017e-01
9.569373634377276172e-01
9.864143197592498691e-01
7.139991673920448312e-01
9.997664788118442170e-01
9.966103904569454386e-01
9.697311569851175816e-01
5.469902626143404722e-01
1.000000000000000000e+00
7.802015017583879830e-01
9.738007760189540951e-01
9.819579301783801784e-01
4.062396951599311357e-01
9.071815592008490858e-01
9.949468839117455721e-01
9.127491947418820972e-01
9.997694878789042949e-01
9.989791849429778825e-01
9.575119196564433333e-01
9.889939393939394252e-01
9.923882017126546273e-01
9.918257472547313824e-01
9.998594296357470323e-01
9.976028693473676379e-01
5.404209732775210329e-01
7.071423362986728467e-01
1.000000000000000000e+00
