5.928497049635542693e-01
6.501358695652174058e-01
6.928095502498612390e-01
5.966964243089702968e-01
2.835789250503551462e-01
5.107507288629737907e-01
2.150198938992042563e-01
8.379779650032403993e-01
3.541234977206796364e-01
8.765912977389321847e-01
5.540509259259259744e-01
5.269902290565433439e-02
3.675606171932402910e-01
3.223727693324520693e-01
1.813928160861585648e-01
1.485700436257876844e-01
1.214269816540014674e-01
6.552876581523036092e-01
2.450157397691500594e-01
3.979750778816199541e-01
2.796541034426496819e-01
1.461272066897542077e-01
3.307528997514498914e-01
1.707317073170731836e-01
6.747733612273361103e-01
6.134717266731538610e-01
8.151203906381545572e-01
4.881355932203390036e-01
7.719654647028949268e-02
9.578207381370825724e-01
7.342217015668472957e-01
5.934173259107334841e-01
5.928278288059409817e-01
3.207640375432241342e-01
6.225161025078799204e-01
5.119731377573562003e-01
5.300877301371555855e-02
1.612603741735827712e-01
2.679947378312347306e-02
1.414464130119082175e-01
5.945713054717793877e-01
2.247982275676531083e-01
1.620100892510671284e-02
8.088776448942042174e-01
7.266156462585033893e-01
7.174657534246575707e-01
4.382697947214076462e-01
8.186563970902867027e-01
7.145289443813848118e-01
7.377436503248671062e-01
8.431978164056888048e-01
9.588140903186368469e-01
7.607984293193716940e-01
8.100985221674876779e-01
8.554929984120109854e-01
9.095427435387674064e-01
4.257907542579075222e-01
6.441745389113809894e-01
1.883671291355389632e-01
9.354271908631671684e-01
8.163983903420523047e-01
8.129310344827586077e-01
4.010773464488553292e-02
7.797101449275362084e-01
8.289353958143766965e-01
8.552795031055900887e-01
6.917388167388167641e-01
8.431926924749891805e-01
7.489812550937244851e-01
7.708521529659740912e-01
8.194509803921569135e-01
8.598016157071275423e-01
8.852459016393442459e-01
8.268595041322314154e-01
5.777988614800758649e-01
5.300693909020817163e-01
8.946852323985095001e-01
8.799910774035244465e-01
8.752212389380531476e-01
4.212341449865752985e-01
9.570878958271678005e-01
1.337010944215516750e-01
7.738558909444985812e-01
8.620135665833630334e-01
7.488679902473005523e-01
8.651176384626625415e-01
5.589340168824855626e-01
7.266813671444322109e-01
7.224857108111394366e-01
7.381306937631394449e-01
5.379365716579687096e-02
8.496719862280742719e-01
4.117463292721024737e-01
3.386363636363636243e-01
5.275515743756785669e-01
8.393986965415536350e-01
6.393352561461337347e-01
5.070201055823879699e-01
6.018202502844141044e-01
1.030532197076584472e-01
5.386822224347327381e-01
7.784090909090908561e-02
5.108629130966951815e-01
8.736295441431044528e-01
7.079009039169735784e-01
4.778828643599835613e-01
1.229930878104085190e-01
2.746590386678244844e-01
3.675795912692895739e-01
6.976551724137931565e-01
8.373458215157311146e-01
3.877965820474531533e-01
4.351306226674523936e-01
1.094622626456039638e-01
2.362663098026095698e-01
5.613906410444476913e-01
4.347136913017634052e-01
6.056601810425553678e-01
7.957547169811320931e-01
6.742098142909851433e-01
5.858354343341737325e-01
0.000000000000000000e+00
5.980531554194465915e-01
6.474783494651044080e-01
6.890850497407874364e-01
2.381192275398824609e-01
2.938699110903135181e-01
9.026884683691591138e-02
7.869279424531812062e-01
7.922670071128944391e-01
8.743835971969893262e-01
5.844886215014386543e-01
2.199950872021616266e-01
3.764370739647980302e-01
8.790233074361820664e-01
7.326521924223073912e-01
7.946989072308765500e-01
5.847914963205232963e-01
3.283496262219666728e-01
3.991709339185564587e-01
8.542870529439324789e-01
1.548114010920202399e-01
6.790980377443439631e-02
5.123688155922039300e-01
5.484351713859910715e-01
6.922601166283796070e-01
5.548434352682658499e-01
7.509900990099009910e-01
2.172152605675590764e-01
1.893363394334780514e-01
6.667352396626208266e-01
6.877958968963703290e-01
6.026733650309500367e-01
4.678463771352014966e-01
7.714624505928854292e-01
9.235125498147241929e-01
7.967032967032966484e-01
5.711492659343784251e-01
3.068109484404837883e-01
1.747453225913842556e-01
6.363402061855669700e-01
5.019529693104822776e-01
8.151996740016299592e-01
5.774842271293375573e-01
8.569156420138251962e-01
6.163275312576611542e-01
6.393979377412891685e-01
9.103235747303544123e-01
8.232758620689655249e-01
3.089247037839215060e-01
7.306637806637806820e-01
8.837285902503293489e-01
4.621554615721160664e-01
6.309278350515463707e-01
9.008771929824561653e-01
6.711996301718160529e-01
1.039546460176991177e-01
7.091920183186130044e-01
1.273447820343460990e-01
7.938488968130154033e-01
8.483089348813730446e-01
2.601021717550783263e-01
6.658542115406416162e-01
5.963272667650434400e-01
6.650025551318841099e-01
5.450453774072161472e-01
9.261679189807252577e-01
6.957619675010979776e-01
7.115948095437421017e-01
8.411746131986106434e-01
8.533111357750647885e-01
8.062615526802218158e-01
9.600465477114041857e-01
3.949310493428140334e-01
3.959221501390176035e-01
8.776163506525486158e-01
