9.647827148437500000e-01
9.517211914062500000e-01
9.831390380859375000e-01
9.345092773437500000e-01
9.718475341796875000e-01
9.713897705078125000e-01
9.919433593750000000e-01
9.333953857421875000e-01
9.810791015625000000e-01
9.955444335937500000e-01
9.864501953125000000e-01
9.411926269531250000e-01
9.608306884765625000e-01
8.011627197265625000e-01
7.157287597656250000e-01
9.564971923828125000e-01
9.068450927734375000e-01
9.633483886718750000e-01
9.709777832031250000e-01
9.253845214843750000e-01
9.329681396484375000e-01
9.861145019531250000e-01
9.211273193359375000e-01
9.641265869140625000e-01
9.814147949218750000e-01
9.579925537109375000e-01
9.905090332031250000e-01
9.767761230468750000e-01
9.057617187500000000e-01
9.768829345703125000e-01
9.605102539062500000e-01
9.863739013671875000e-01
9.808807373046875000e-01
9.265441894531250000e-01
9.735565185546875000e-01
9.757385253906250000e-01
9.823150634765625000e-01
9.758758544921875000e-01
9.729766845703125000e-01
9.797058105468750000e-01
9.590606689453125000e-01
9.622802734375000000e-01
9.666290283203125000e-01
9.734649658203125000e-01
9.573974609375000000e-01
9.448242187500000000e-01
9.954986572265625000e-01
9.783630371093750000e-01
9.573822021484375000e-01
9.088439941406250000e-01
9.029083251953125000e-01
9.826049804687500000e-01
8.803100585937500000e-01
9.026794433593750000e-01
9.780273437500000000e-01
9.693145751953125000e-01
9.798278808593750000e-01
8.893585205078125000e-01
9.511260986328125000e-01
9.471893310546875000e-01
8.739166259765625000e-01
8.535461425781250000e-01
9.863739013671875000e-01
9.922027587890625000e-01
9.822692871093750000e-01
9.948577880859375000e-01
9.683685302734375000e-01
9.484863281250000000e-01
9.796142578125000000e-01
9.828491210937500000e-01
9.853668212890625000e-01
9.720458984375000000e-01
9.676513671875000000e-01
9.660339355468750000e-01
9.689178466796875000e-01
9.912719726562500000e-01
9.740295410156250000e-01
9.822082519531250000e-01
9.763641357421875000e-01
9.472045898437500000e-01
9.609069824218750000e-01
9.277191162109375000e-01
9.085845947265625000e-01
9.779968261718750000e-01
9.931488037109375000e-01
9.975280761718750000e-01
9.920501708984375000e-01
9.537200927734375000e-01
9.205932617187500000e-01
9.947052001953125000e-01
9.843750000000000000e-01
9.911956787109375000e-01
9.909515380859375000e-01
8.950042724609375000e-01
9.064178466796875000e-01
9.866180419921875000e-01
8.738098144531250000e-01
9.755859375000000000e-01
9.809265136718750000e-01
9.319458007812500000e-01
9.155731201171875000e-01
9.723663330078125000e-01
9.428100585937500000e-01
9.611816406250000000e-01
9.962005615234375000e-01
9.877166748046875000e-01
9.851989746093750000e-01
9.599609375000000000e-01
9.897155761718750000e-01
9.842987060546875000e-01
9.784240722656250000e-01
9.671325683593750000e-01
9.906768798828125000e-01
9.897460937500000000e-01
9.403076171875000000e-01
9.863739013671875000e-01
9.893035888671875000e-01
9.733581542968750000e-01
9.517822265625000000e-01
8.662872314453125000e-01
9.899444580078125000e-01
9.765777587890625000e-01
9.933929443359375000e-01
9.810638427734375000e-01
9.908752441406250000e-01
9.981689453125000000e-01
9.710845947265625000e-01
9.587249755859375000e-01
9.508972167968750000e-01
9.763183593750000000e-01
9.779205322265625000e-01
9.765472412109375000e-01
9.774627685546875000e-01
9.679870605468750000e-01
9.714355468750000000e-01
9.722595214843750000e-01
8.891754150390625000e-01
9.955444335937500000e-01
9.247589111328125000e-01
9.925079345703125000e-01
9.179687500000000000e-01
9.343719482421875000e-01
8.890075683593750000e-01
7.826843261718750000e-01
9.828338623046875000e-01
9.866638183593750000e-01
9.635162353515625000e-01
9.743041992187500000e-01
9.770202636718750000e-01
9.281005859375000000e-01
9.855041503906250000e-01
9.361267089843750000e-01
8.720703125000000000e-01
9.916839599609375000e-01
9.782257080078125000e-01
9.956665039062500000e-01
9.851684570312500000e-01
9.978637695312500000e-01
9.980926513671875000e-01
9.978485107421875000e-01
9.656372070312500000e-01
9.923248291015625000e-01
9.968414306640625000e-01
9.923706054687500000e-01
9.712524414062500000e-01
9.982910156250000000e-01
9.973449707031250000e-01
9.963226318359375000e-01
9.806518554687500000e-01
9.957275390625000000e-01
9.948272705078125000e-01
9.824981689453125000e-01
9.479217529296875000e-01
9.782257080078125000e-01
9.918365478515625000e-01
9.968872070312500000e-01
9.896545410156250000e-01
9.836730957031250000e-01
9.745178222656250000e-01
9.948425292968750000e-01
9.966125488281250000e-01
9.097442626953125000e-01
9.942321777343750000e-01
9.585113525390625000e-01
9.924926757812500000e-01
9.486541748046875000e-01
8.877410888671875000e-01
9.883575439453125000e-01
8.943481445312500000e-01
9.742889404296875000e-01
9.657135009765625000e-01
9.631042480468750000e-01
9.828338623046875000e-01
9.845886230468750000e-01
9.636688232421875000e-01
9.682159423828125000e-01
