7.649339460080413211e-01
3.819282720074522741e-01
7.693909422175949642e-01
8.245244098097639363e-01
7.787512167987762357e-01
8.093228115250504784e-01
7.200328407224958482e-01
4.994932676994353615e-01
8.278724981467754374e-01
8.683745583038868787e-01
8.699661850599447188e-01
6.905056875774299163e-01
7.020087600060413990e-01
4.435258092738407765e-01
1.542236081812345116e-01
6.784758305778617604e-01
4.578286227007626885e-01
6.439994437491308732e-01
8.718423112502668992e-01
6.834590685204813276e-01
8.224947928720203194e-01
7.595980417418191077e-01
6.340854365468652221e-01
7.956628372273137906e-01
7.617265469061875738e-01
8.120243531202435694e-01
7.808857808857808669e-01
7.941859044827165315e-01
4.473886750962067227e-01
8.422092895574833094e-01
5.487623024157470830e-01
8.347924773022049605e-01
7.744202389318342039e-01
3.853308935651112987e-01
6.981305547042598869e-01
6.187147688838782189e-01
8.526184538653366340e-01
8.025477707006369865e-01
8.579362235757792554e-01
8.266902863891348874e-01
8.657553107789142111e-01
8.771329142343960994e-01
8.932496075353217879e-01
8.345828059585239656e-01
8.386839626059859887e-01
7.844797178130511472e-01
4.658997534921939243e-01
8.583711718674523761e-01
8.240099190431040554e-01
2.647362978283350765e-01
7.295073149741824192e-01
5.257435241445475027e-01
6.794564696659552983e-01
7.234870043634984427e-01
8.601764129369486866e-01
8.713369295815716065e-01
7.046890588626537610e-01
5.721090387374462294e-01
2.850639497073487738e-01
6.863280764932323530e-01
3.329422382671480274e-01
5.987410747839158054e-01
8.718621821164889152e-01
8.421994884910486423e-01
7.547711881797660727e-01
8.775010208248265053e-01
6.346059315090938346e-01
7.933625964352221116e-01
5.885157545605307350e-01
7.849911971830986213e-01
5.911111111111111427e-01
1.112793338380015096e-01
8.278490784521856938e-01
4.024702866464693329e-01
4.484879548949256556e-01
8.281050752359092604e-01
7.284345047923322936e-01
5.036000000000000476e-01
5.828669823504089020e-01
0.000000000000000000e+00
8.517437722419929358e-01
5.840503858777610358e-01
7.243233047250777767e-01
8.207712532865907296e-01
9.350597609561752677e-01
1.527777777777777901e-01
6.864147088866190405e-01
7.705668050495636523e-01
6.517863218781898560e-01
9.628382441371016176e-01
9.463851761846902022e-01
7.794010226442659173e-01
9.050549450549451036e-01
7.004656190238629510e-01
4.549162544476265113e-01
6.399169837426496033e-01
2.420650863800723196e-01
8.458835929265722253e-01
8.452830188679245627e-01
7.805904059040590370e-01
7.066238260009886085e-01
7.587474037386163772e-01
8.376891334250343712e-01
8.603970061828831728e-01
9.226768377253814490e-01
8.982002249718785691e-01
8.146624727800628740e-01
7.451084786370291146e-01
8.870067372473532386e-01
8.966498795708341962e-01
9.348078037473440682e-01
8.759072515896975109e-01
9.483469182159538491e-01
7.871238283177108830e-01
2.692774215907121627e-01
7.013463892288861468e-01
5.529411764705882693e-01
6.450000000000000178e-01
6.252559726962457765e-01
8.359133126934983893e-02
7.152999645012424468e-01
6.559469116896375906e-01
9.342105263157894912e-01
7.255833161263679498e-01
8.038033395176252816e-01
8.986604542807221652e-01
6.515772589556229066e-01
8.457525432571080248e-01
6.993578517221249458e-01
9.035222052067380938e-01
7.974319662706017553e-01
8.499762018086625126e-01
8.338212502152574368e-01
5.771439889086947828e-01
8.890960524623890970e-01
8.394357008888526650e-01
6.456640942323313981e-01
8.750771128932757215e-01
3.565434743795750649e-01
9.525153374233128467e-01
6.636650762717559715e-01
7.148477456920292461e-01
7.106586532564700409e-01
4.861709958986223379e-01
9.029900332225914150e-01
9.185833502951353813e-01
7.210278590510112995e-01
8.268274621813180847e-01
8.114010209869541024e-01
8.093040955144366055e-01
7.843954734961287034e-01
8.523537134283570849e-01
2.454634624816086352e-01
9.622786168826190645e-01
5.697847067557535450e-01
9.437428243398392480e-01
8.671829339567503903e-01
9.682835820895522305e-01
9.130434782608695121e-01
9.394544244843645586e-01
2.813067150635208957e-01
9.460080413555428391e-01
9.081350304371886839e-01
7.718749999999999778e-01
3.282223287014853774e-01
8.405797101449274944e-01
9.188608275120903057e-01
9.427297668038409073e-01
7.384398874145556846e-01
9.433357969943335641e-01
8.290178571428571397e-01
8.251410153102336498e-01
8.084981293425975712e-01
8.982951891639421316e-01
8.522785458269329650e-01
9.099264705882352811e-01
7.859069453809844896e-01
7.713878326996197465e-01
8.970670002780094521e-01
9.337320574162679687e-01
8.957232099951946136e-01
8.752155585361179879e-01
9.424996275882615571e-01
7.098053352559481333e-01
7.777061855670103219e-01
7.348180601192649819e-01
6.532725372850765044e-01
9.148138226627376968e-01
3.713843474896004748e-01
8.013937282229964820e-01
5.655460833199291715e-01
4.929605393614912012e-01
5.227361057131753030e-01
7.192182410423453298e-01
7.823026646556058283e-01
5.379596678529062759e-01
