9.750213623046875000e-01
9.595031738281250000e-01
9.797210693359375000e-01
9.415893554687500000e-01
9.757232666015625000e-01
9.841461181640625000e-01
9.947967529296875000e-01
9.472503662109375000e-01
9.822845458984375000e-01
9.954528808593750000e-01
9.870910644531250000e-01
9.580688476562500000e-01
9.698944091796875000e-01
8.058929443359375000e-01
7.185821533203125000e-01
9.688415527343750000e-01
9.262390136718750000e-01
9.609375000000000000e-01
9.725189208984375000e-01
9.225311279296875000e-01
9.414825439453125000e-01
9.857635498046875000e-01
9.373931884765625000e-01
9.758453369140625000e-01
9.854278564453125000e-01
9.660797119140625000e-01
9.928283691406250000e-01
9.742889404296875000e-01
9.233093261718750000e-01
9.780731201171875000e-01
9.538269042968750000e-01
9.844512939453125000e-01
9.755096435546875000e-01
9.384918212890625000e-01
9.849700927734375000e-01
9.741973876953125000e-01
9.819641113281250000e-01
9.843902587890625000e-01
9.757995605468750000e-01
9.820861816406250000e-01
9.791717529296875000e-01
9.665985107421875000e-01
9.740600585937500000e-01
9.740753173828125000e-01
9.660339355468750000e-01
9.533843994140625000e-01
9.900817871093750000e-01
9.776306152343750000e-01
9.631805419921875000e-01
9.023590087890625000e-01
9.232635498046875000e-01
9.773712158203125000e-01
8.876953125000000000e-01
9.110412597656250000e-01
9.738769531250000000e-01
9.730682373046875000e-01
9.864501953125000000e-01
8.862304687500000000e-01
9.496765136718750000e-01
9.614562988281250000e-01
8.872222900390625000e-01
8.696594238281250000e-01
9.880828857421875000e-01
9.905853271484375000e-01
9.817657470703125000e-01
9.954223632812500000e-01
9.659729003906250000e-01
9.525909423828125000e-01
9.697113037109375000e-01
9.850921630859375000e-01
9.845581054687500000e-01
9.641723632812500000e-01
9.727783203125000000e-01
9.608764648437500000e-01
9.671630859375000000e-01
9.897155761718750000e-01
9.792480468750000000e-01
9.810638427734375000e-01
9.852142333984375000e-01
9.472045898437500000e-01
9.682159423828125000e-01
9.284515380859375000e-01
9.107971191406250000e-01
9.812774658203125000e-01
9.950256347656250000e-01
9.925537109375000000e-01
9.906311035156250000e-01
9.586791992187500000e-01
9.219207763671875000e-01
9.952850341796875000e-01
9.892272949218750000e-01
9.953918457031250000e-01
9.934082031250000000e-01
8.900604248046875000e-01
9.041595458984375000e-01
9.841156005859375000e-01
8.848571777343750000e-01
9.799194335937500000e-01
9.812316894531250000e-01
9.546356201171875000e-01
9.275512695312500000e-01
9.769592285156250000e-01
9.495849609375000000e-01
9.672698974609375000e-01
9.965972900390625000e-01
9.889526367187500000e-01
9.883117675781250000e-01
9.707794189453125000e-01
9.910430908203125000e-01
9.855957031250000000e-01
9.897003173828125000e-01
9.705200195312500000e-01
9.913940429687500000e-01
9.868316650390625000e-01
9.356536865234375000e-01
9.962768554687500000e-01
9.913024902343750000e-01
9.826660156250000000e-01
9.581146240234375000e-01
8.735351562500000000e-01
9.877624511718750000e-01
9.897155761718750000e-01
9.955749511718750000e-01
9.797210693359375000e-01
9.935455322265625000e-01
9.973449707031250000e-01
9.701690673828125000e-01
9.729309082031250000e-01
9.607086181640625000e-01
9.826965332031250000e-01
9.838714599609375000e-01
9.759521484375000000e-01
9.852752685546875000e-01
9.674224853515625000e-01
9.736785888671875000e-01
9.699554443359375000e-01
8.935089111328125000e-01
9.938201904296875000e-01
9.450073242187500000e-01
9.940948486328125000e-01
9.236297607421875000e-01
9.447021484375000000e-01
8.920135498046875000e-01
7.763366699218750000e-01
9.844055175781250000e-01
9.938964843750000000e-01
9.665374755859375000e-01
9.750213623046875000e-01
9.797058105468750000e-01
9.388275146484375000e-01
9.944763183593750000e-01
9.519500732421875000e-01
8.591461181640625000e-01
9.924926757812500000e-01
9.823150634765625000e-01
9.970092773437500000e-01
9.861297607421875000e-01
9.981842041015625000e-01
9.984741210937500000e-01
9.986114501953125000e-01
9.697875976562500000e-01
9.928283691406250000e-01
9.974670410156250000e-01
9.922027587890625000e-01
9.786071777343750000e-01
9.984893798828125000e-01
9.976959228515625000e-01
9.974517822265625000e-01
9.801483154296875000e-01
9.964904785156250000e-01
9.941558837890625000e-01
9.834442138671875000e-01
9.453277587890625000e-01
9.867095947265625000e-01
9.911956787109375000e-01
9.970092773437500000e-01
9.903106689453125000e-01
9.926605224609375000e-01
9.774017333984375000e-01
9.957733154296875000e-01
9.966888427734375000e-01
9.205017089843750000e-01
9.941101074218750000e-01
9.754333496093750000e-01
9.947357177734375000e-01
9.667510986328125000e-01
8.886108398437500000e-01
9.951477050781250000e-01
9.008483886718750000e-01
9.791259765625000000e-01
9.587860107421875000e-01
9.609832763671875000e-01
9.812622070312500000e-01
9.868469238281250000e-01
9.669647216796875000e-01
9.643402099609375000e-01
