7.061157226562500000e-01
9.855499267578125000e-01
9.897308349609375000e-01
7.827453613281250000e-01
7.565002441406250000e-01
7.304077148437500000e-01
7.343444824218750000e-01
9.928131103515625000e-01
8.823394775390625000e-01
9.369049072265625000e-01
7.925720214843750000e-01
4.648132324218750000e-01
9.279937744140625000e-01
7.954559326171875000e-01
7.478485107421875000e-01
6.929168701171875000e-01
9.604034423828125000e-01
7.935638427734375000e-01
9.514007568359375000e-01
9.866180419921875000e-01
6.160125732421875000e-01
6.787872314453125000e-01
7.667236328125000000e-01
9.700317382812500000e-01
7.633056640625000000e-01
9.892578125000000000e-01
9.798583984375000000e-01
8.824005126953125000e-01
9.375305175781250000e-01
9.784240722656250000e-01
5.720214843750000000e-01
9.557952880859375000e-01
7.177124023437500000e-01
9.895782470703125000e-01
6.376800537109375000e-01
9.965362548828125000e-01
7.197265625000000000e-01
9.058990478515625000e-01
9.089660644531250000e-01
9.284820556640625000e-01
8.810882568359375000e-01
9.714050292968750000e-01
6.492614746093750000e-01
9.310455322265625000e-01
9.933471679687500000e-01
8.938140869140625000e-01
9.970550537109375000e-01
9.963378906250000000e-01
9.966735839843750000e-01
9.877777099609375000e-01
9.929351806640625000e-01
9.975280761718750000e-01
9.815826416015625000e-01
9.931945800781250000e-01
7.843322753906250000e-01
9.823150634765625000e-01
9.972686767578125000e-01
2.936248779296875000e-01
8.932342529296875000e-01
9.665832519531250000e-01
9.964294433593750000e-01
9.886169433593750000e-01
9.261932373046875000e-01
7.439727783203125000e-01
8.987579345703125000e-01
7.631988525390625000e-01
9.359130859375000000e-01
9.862518310546875000e-01
9.816284179687500000e-01
9.732666015625000000e-01
9.956054687500000000e-01
9.941101074218750000e-01
8.565826416015625000e-01
7.049713134765625000e-01
9.785766601562500000e-01
9.960327148437500000e-01
7.833099365234375000e-01
9.991149902343750000e-01
8.236541748046875000e-01
9.074096679687500000e-01
9.946289062500000000e-01
9.257965087890625000e-01
9.356842041015625000e-01
9.965057373046875000e-01
9.945068359375000000e-01
9.969940185546875000e-01
9.453277587890625000e-01
9.939575195312500000e-01
9.653778076171875000e-01
9.962768554687500000e-01
9.641418457031250000e-01
7.986907958984375000e-01
9.881744384765625000e-01
9.939575195312500000e-01
5.055236816406250000e-01
9.893646240234375000e-01
9.246063232421875000e-01
9.703826904296875000e-01
9.880828857421875000e-01
7.237854003906250000e-01
9.935455322265625000e-01
9.962768554687500000e-01
9.640502929687500000e-01
9.711151123046875000e-01
9.636077880859375000e-01
9.926605224609375000e-01
9.946289062500000000e-01
6.918487548828125000e-01
9.826049804687500000e-01
9.915161132812500000e-01
9.981994628906250000e-01
6.183776855468750000e-01
8.859252929687500000e-01
9.458007812500000000e-01
8.951721191406250000e-01
9.611816406250000000e-01
9.711303710937500000e-01
9.689483642578125000e-01
9.617156982421875000e-01
9.589691162109375000e-01
9.949188232421875000e-01
9.955444335937500000e-01
6.098022460937500000e-01
9.962921142578125000e-01
9.990692138671875000e-01
9.875946044921875000e-01
8.978424072265625000e-01
9.979858398437500000e-01
9.326324462890625000e-01
9.968719482421875000e-01
8.801269531250000000e-01
7.814941406250000000e-01
8.486328125000000000e-01
4.496459960937500000e-01
9.977416992187500000e-01
8.008575439453125000e-01
9.970397949218750000e-01
7.919311523437500000e-01
9.302978515625000000e-01
9.967651367187500000e-01
9.970855712890625000e-01
4.973449707031250000e-01
9.225616455078125000e-01
9.516143798828125000e-01
6.487884521484375000e-01
9.727478027343750000e-01
9.622802734375000000e-01
8.517761230468750000e-01
9.290466308593750000e-01
8.911132812500000000e-01
7.495269775390625000e-01
9.965972900390625000e-01
8.908081054687500000e-01
9.978179931640625000e-01
8.702545166015625000e-01
9.883422851562500000e-01
9.959716796875000000e-01
8.800048828125000000e-01
8.455810546875000000e-01
9.896240234375000000e-01
9.134521484375000000e-01
9.022979736328125000e-01
9.510803222656250000e-01
8.651733398437500000e-01
9.298706054687500000e-01
8.271331787109375000e-01
9.725952148437500000e-01
8.657379150390625000e-01
9.762420654296875000e-01
9.963836669921875000e-01
9.943237304687500000e-01
8.842773437500000000e-01
9.922027587890625000e-01
9.164428710937500000e-01
9.496154785156250000e-01
9.576263427734375000e-01
9.373931884765625000e-01
9.676208496093750000e-01
9.954833984375000000e-01
8.047943115234375000e-01
9.118957519531250000e-01
9.796295166015625000e-01
7.934265136718750000e-01
5.688323974609375000e-01
9.894409179687500000e-01
9.844818115234375000e-01
9.941558837890625000e-01
5.006408691406250000e-01
9.619293212890625000e-01
9.847869873046875000e-01
6.619720458984375000e-01
9.105834960937500000e-01
9.261169433593750000e-01
9.285736083984375000e-01
7.166290283203125000e-01
8.811798095703125000e-01
8.545684814453125000e-01
9.944305419921875000e-01
9.962005615234375000e-01
9.958953857421875000e-01
9.756774902343750000e-01
9.904327392578125000e-01
8.518676757812500000e-01
9.977722167968750000e-01
9.914855957031250000e-01
9.796600341796875000e-01
8.508758544921875000e-01
9.906311035156250000e-01
9.871063232421875000e-01
9.959411621093750000e-01
9.521026611328125000e-01
9.674530029296875000e-01
9.945373535156250000e-01
9.392852783203125000e-01
9.747161865234375000e-01
9.618072509765625000e-01
9.946289062500000000e-01
9.713439941406250000e-01
9.690551757812500000e-01
9.294128417968750000e-01
8.034667968750000000e-01
9.907684326171875000e-01
9.104614257812500000e-01
9.709014892578125000e-01
9.364318847656250000e-01
9.333038330078125000e-01
8.829650878906250000e-01
9.786682128906250000e-01
3.590850830078125000e-01
8.723754882812500000e-01
9.362182617187500000e-01
7.191009521484375000e-01
9.282684326171875000e-01
8.927917480468750000e-01
9.654083251953125000e-01
9.566955566406250000e-01
9.627685546875000000e-01
9.203796386718750000e-01
9.606781005859375000e-01
9.890441894531250000e-01
8.698272705078125000e-01
7.719573974609375000e-01
9.751434326171875000e-01
9.114074707031250000e-01
9.870147705078125000e-01
9.536743164062500000e-01
8.310241699218750000e-01
7.477264404296875000e-01
9.206848144531250000e-01
7.320709228515625000e-01
9.939270019531250000e-01
9.817199707031250000e-01
9.001159667968750000e-01
9.769897460937500000e-01
9.623413085937500000e-01
9.890441894531250000e-01
9.700164794921875000e-01
9.978027343750000000e-01
9.408569335937500000e-01
9.478454589843750000e-01
4.793243408203125000e-01
9.146881103515625000e-01
9.762573242187500000e-01
9.897918701171875000e-01
9.254150390625000000e-01
9.323577880859375000e-01
9.560241699218750000e-01
9.868164062500000000e-01
9.605560302734375000e-01
6.006622314453125000e-01
9.064941406250000000e-01
9.877471923828125000e-01
9.513702392578125000e-01
9.769592285156250000e-01
9.780120849609375000e-01
9.695281982421875000e-01
8.626251220703125000e-01
9.784698486328125000e-01
9.191436767578125000e-01
9.898986816406250000e-01
8.409576416015625000e-01
9.535522460937500000e-01
9.723815917968750000e-01
9.860992431640625000e-01
9.555664062500000000e-01
9.849548339843750000e-01
9.899597167968750000e-01
9.874572753906250000e-01
9.804687500000000000e-01
9.016418457031250000e-01
9.457550048828125000e-01
9.288635253906250000e-01
9.855346679687500000e-01
9.395599365234375000e-01
9.720764160156250000e-01
8.648071289062500000e-01
9.898376464843750000e-01
9.432373046875000000e-01
8.726043701171875000e-01
8.851470947265625000e-01
9.505767822265625000e-01
9.282684326171875000e-01
9.726409912109375000e-01
9.252929687500000000e-01
9.563903808593750000e-01
9.909667968750000000e-01
9.930725097656250000e-01
8.878631591796875000e-01
9.864501953125000000e-01
9.901733398437500000e-01
8.731231689453125000e-01
9.298858642578125000e-01
9.147033691406250000e-01
7.185363769531250000e-01
9.773712158203125000e-01
8.231353759765625000e-01
9.455261230468750000e-01
7.677917480468750000e-01
6.750793457031250000e-01
7.068939208984375000e-01
9.681701660156250000e-01
9.555969238281250000e-01
9.055175781250000000e-01
8.213195800781250000e-01
9.804687500000000000e-01
9.489593505859375000e-01
9.743499755859375000e-01
9.587554931640625000e-01
9.732055664062500000e-01
9.961547851562500000e-01
9.919738769531250000e-01
9.514770507812500000e-01
9.548645019531250000e-01
9.785461425781250000e-01
9.163970947265625000e-01
7.379150390625000000e-01
9.382324218750000000e-01
9.156036376953125000e-01
9.057617187500000000e-01
9.044799804687500000e-01
9.627380371093750000e-01
7.266387939453125000e-01
9.374237060546875000e-01
9.270782470703125000e-01
9.500122070312500000e-01
8.560180664062500000e-01
9.678497314453125000e-01
9.121398925781250000e-01
9.817352294921875000e-01
9.759674072265625000e-01
9.845886230468750000e-01
9.483642578125000000e-01
8.738250732421875000e-01
9.667816162109375000e-01
9.830017089843750000e-01
9.875030517578125000e-01
9.517211914062500000e-01
9.233703613281250000e-01
9.911346435546875000e-01
9.466247558593750000e-01
9.191436767578125000e-01
9.084472656250000000e-01
9.758148193359375000e-01
8.788452148437500000e-01
8.641510009765625000e-01
8.999633789062500000e-01
9.680023193359375000e-01
9.230804443359375000e-01
8.664703369140625000e-01
5.988311767578125000e-01
9.549407958984375000e-01
9.577636718750000000e-01
9.793853759765625000e-01
9.388275146484375000e-01
9.358367919921875000e-01
7.081756591796875000e-01
9.899597167968750000e-01
7.814941406250000000e-01
9.796142578125000000e-01
9.539794921875000000e-01
9.733123779296875000e-01
9.191894531250000000e-01
9.732513427734375000e-01
9.072570800781250000e-01
9.695434570312500000e-01
9.861602783203125000e-01
9.797058105468750000e-01
9.335784912109375000e-01
9.829864501953125000e-01
9.449005126953125000e-01
9.917297363281250000e-01
7.635040283203125000e-01
9.898681640625000000e-01
6.903228759765625000e-01
9.034118652343750000e-01
8.191833496093750000e-01
9.870300292968750000e-01
9.620971679687500000e-01
7.893066406250000000e-01
9.899444580078125000e-01
6.809082031250000000e-01
9.359436035156250000e-01
9.766082763671875000e-01
9.410705566406250000e-01
9.950866699218750000e-01
9.545898437500000000e-01
9.946746826171875000e-01
6.671600341796875000e-01
9.919433593750000000e-01
9.222412109375000000e-01
9.375000000000000000e-01
9.501800537109375000e-01
9.808349609375000000e-01
9.910125732421875000e-01
9.920654296875000000e-01
9.581604003906250000e-01
9.329681396484375000e-01
9.635009765625000000e-01
8.984985351562500000e-01
8.374481201171875000e-01
9.888305664062500000e-01
4.429931640625000000e-01
9.762725830078125000e-01
9.509735107421875000e-01
9.262237548828125000e-01
4.209442138671875000e-01
9.612731933593750000e-01
9.724273681640625000e-01
9.603729248046875000e-01
9.847259521484375000e-01
9.463500976562500000e-01
5.090789794921875000e-01
9.834899902343750000e-01
9.340057373046875000e-01
8.809814453125000000e-01
9.871673583984375000e-01
9.498901367187500000e-01
9.210510253906250000e-01
9.037017822265625000e-01
9.351501464843750000e-01
6.969604492187500000e-01
9.094848632812500000e-01
9.632110595703125000e-01
3.557281494140625000e-01
9.128723144531250000e-01
9.318237304687500000e-01
9.048919677734375000e-01
9.878234863281250000e-01
9.792480468750000000e-01
9.742431640625000000e-01
9.660949707031250000e-01
9.705505371093750000e-01
9.841461181640625000e-01
9.911956787109375000e-01
9.153289794921875000e-01
9.630737304687500000e-01
9.508514404296875000e-01
9.874114990234375000e-01
8.906097412109375000e-01
9.596710205078125000e-01
9.878997802734375000e-01
9.501800537109375000e-01
9.757385253906250000e-01
3.702697753906250000e-01
6.735534667968750000e-01
9.440155029296875000e-01
9.688873291015625000e-01
9.808197021484375000e-01
9.395294189453125000e-01
9.577941894531250000e-01
9.850006103515625000e-01
9.855346679687500000e-01
9.911956787109375000e-01
9.943389892578125000e-01
9.857635498046875000e-01
9.973449707031250000e-01
9.939575195312500000e-01
9.988098144531250000e-01
9.908752441406250000e-01
9.914550781250000000e-01
9.943847656250000000e-01
9.972686767578125000e-01
9.967498779296875000e-01
9.506683349609375000e-01
9.787445068359375000e-01
9.988555908203125000e-01
9.967498779296875000e-01
9.988708496093750000e-01
9.964904785156250000e-01
9.666137695312500000e-01
9.950714111328125000e-01
9.460144042968750000e-01
9.712524414062500000e-01
9.931335449218750000e-01
9.886474609375000000e-01
9.927215576171875000e-01
9.871063232421875000e-01
9.978179931640625000e-01
9.980926513671875000e-01
9.964752197265625000e-01
9.936676025390625000e-01
9.969482421875000000e-01
9.675140380859375000e-01
9.530181884765625000e-01
9.721069335937500000e-01
8.266906738281250000e-01
9.988708496093750000e-01
9.872741699218750000e-01
9.857635498046875000e-01
9.617614746093750000e-01
9.909667968750000000e-01
9.930419921875000000e-01
9.684753417968750000e-01
9.950561523437500000e-01
9.973449707031250000e-01
9.981384277343750000e-01
9.942321777343750000e-01
9.454345703125000000e-01
9.088439941406250000e-01
9.969940185546875000e-01
9.923858642578125000e-01
9.927215576171875000e-01
9.823150634765625000e-01
9.939575195312500000e-01
9.946136474609375000e-01
9.914550781250000000e-01
9.976501464843750000e-01
9.981384277343750000e-01
9.983978271484375000e-01
9.780578613281250000e-01
9.911804199218750000e-01
9.980316162109375000e-01
9.926910400390625000e-01
9.972686767578125000e-01
9.820556640625000000e-01
9.306182861328125000e-01
9.972381591796875000e-01
9.930267333984375000e-01
9.901428222656250000e-01
9.673004150390625000e-01
9.904785156250000000e-01
9.940490722656250000e-01
9.039916992187500000e-01
9.925079345703125000e-01
9.974365234375000000e-01
9.959411621093750000e-01
9.770202636718750000e-01
9.981689453125000000e-01
9.855957031250000000e-01
9.776763916015625000e-01
9.980773925781250000e-01
9.978485107421875000e-01
9.891815185546875000e-01
9.971466064453125000e-01
9.860382080078125000e-01
9.520416259765625000e-01
9.278259277343750000e-01
9.965057373046875000e-01
9.985351562500000000e-01
9.963989257812500000e-01
9.590301513671875000e-01
9.821624755859375000e-01
9.736022949218750000e-01
9.866180419921875000e-01
7.481536865234375000e-01
8.156127929687500000e-01
7.113342285156250000e-01
9.891357421875000000e-01
9.988403320312500000e-01
9.934844970703125000e-01
9.940490722656250000e-01
9.951629638671875000e-01
9.411010742187500000e-01
9.872589111328125000e-01
9.978027343750000000e-01
9.968414306640625000e-01
9.983367919921875000e-01
9.945831298828125000e-01
9.977569580078125000e-01
9.987182617187500000e-01
9.593658447265625000e-01
9.990997314453125000e-01
9.876556396484375000e-01
9.816436767578125000e-01
9.978179931640625000e-01
9.970397949218750000e-01
8.198547363281250000e-01
9.983978271484375000e-01
9.831390380859375000e-01
9.974365234375000000e-01
9.932250976562500000e-01
9.984130859375000000e-01
9.966735839843750000e-01
9.986572265625000000e-01
9.691772460937500000e-01
9.473419189453125000e-01
9.985198974609375000e-01
9.895324707031250000e-01
9.961700439453125000e-01
9.555053710937500000e-01
