4.117826711052743893e-01
8.643072073362946250e-01
7.814935064935064624e-01
7.302336156425851543e-01
6.292458528878769330e-01
9.820334830543078763e-02
1.486136241380996703e-01
8.776305533904910083e-01
3.650885137916838330e-01
6.544086920183869172e-01
3.759926554969015289e-01
2.026099213386077513e-01
7.340809196438634610e-01
6.464086940465827436e-01
3.597442851607903780e-01
4.973022930509067296e-01
5.733311410720157708e-01
7.476403656034321665e-01
7.484003475787976978e-01
9.504267706743542155e-01
4.018160640851933807e-01
3.727353992848629338e-01
5.365446994270469672e-01
6.835320657428295421e-01
5.800757985923118421e-01
8.666666666666666963e-01
7.774405665149215494e-01
6.152271592611083806e-01
6.057775637939335489e-01
7.006773920406434986e-01
3.180315113791091219e-01
7.501509271237601917e-01
2.957746478873239382e-01
9.062199643004256178e-01
6.138825203573405193e-02
8.261868300153139000e-01
5.550495385286209338e-01
4.596512748619994704e-01
4.229616017022923002e-01
1.956409816372061128e-01
4.997753385968290440e-01
6.053074978938500772e-01
6.233655579223332799e-01
4.153945666235446255e-01
8.195364238410596247e-01
7.015866209262435760e-01
9.147149801148917181e-01
8.414795244385733231e-01
9.622706818968501663e-01
1.302931596091205235e-01
8.954617295100474328e-01
8.389662027833002522e-01
8.639693452045531519e-01
8.923485397055274104e-01
4.057099608964386261e-01
6.428351309707242001e-01
8.549432739059967812e-01
1.834259298528351581e-02
6.687026515151515138e-01
7.092019652104634142e-01
8.996569468267581193e-01
9.036175710594315236e-01
3.265107212475633625e-01
2.713020064275167287e-01
7.770422393225578928e-01
3.988145967304563277e-01
7.652582159624413682e-01
6.175721561969439444e-01
8.649467190128996563e-01
6.111850865512650222e-01
8.832116788321168199e-01
8.557009345794392985e-01
4.316381447662816506e-01
4.661641679781330372e-01
8.649610464557083711e-01
8.279285241561880060e-01
3.276996638735028000e-01
9.202200825309491128e-01
7.243279345466688834e-01
7.884829894032348019e-01
8.890639773085408093e-01
3.606363397317907116e-01
7.543992541661811435e-01
9.309200603318250611e-01
7.844311377245508643e-01
9.199186991869918728e-01
4.799709724238025998e-01
7.825370675453048319e-01
6.890076754385965341e-01
8.973496003365586393e-01
8.760090750804622184e-01
4.890790798543877549e-01
7.811970638057594840e-01
9.088817303267372472e-01
7.196655116125891261e-02
7.149284253578732651e-01
8.646375541066242398e-01
8.977936917487230328e-01
7.636198547215495847e-01
2.613538988860325540e-01
7.778361344537815247e-01
7.192174913693900606e-01
8.502129823892173865e-01
9.095902187410449535e-01
8.099450155390868211e-01
7.373020207536865600e-01
9.062832800851969850e-01
6.284747134683665859e-01
7.835169008735283214e-01
6.572133168927249969e-01
9.561175158051320455e-01
6.026903133689035658e-02
4.730386973990272637e-01
6.041898818809895433e-01
1.762589928057553823e-01
4.362951473520939594e-01
7.366736256089074786e-01
8.959611451942740556e-01
8.827843961691194119e-01
3.835396607060981289e-01
8.740068104426788054e-01
7.849779086892488822e-01
5.039764130814291532e-01
9.074285714285714732e-01
8.861940298507462455e-01
8.340477648499693419e-01
5.162921754208510405e-01
9.470304975922952950e-01
8.345636452205194011e-01
9.271240668325630985e-01
5.375831420330802191e-01
6.028069786148170239e-01
7.762035825474891126e-01
3.954306977991585703e-01
9.489479130734735923e-01
5.183066361556064594e-01
7.356948228882833618e-01
1.172395934485660624e-01
5.105539483552984370e-01
8.959253804614629724e-01
9.409582689335393990e-01
1.614611174748631917e-01
6.807372924006038772e-01
7.220615303707599297e-01
6.998262556062871675e-02
6.367703884482407428e-01
6.663066954643628304e-01
6.828392320752252331e-01
3.377954998575904422e-01
4.061251664447403376e-01
2.242071931565763898e-01
9.180749448934606427e-01
6.889912642878873728e-01
8.046448087431693486e-01
5.873131430790138330e-01
9.281076503246448173e-01
8.976347421481194466e-01
6.518042948859862351e-01
6.133715377268386115e-01
8.242439906952701012e-01
2.852822580645161255e-01
7.873534588688518854e-01
6.922043010752688685e-01
5.488844641854291329e-01
7.475973419737492742e-01
2.972956208907083231e-01
6.538832144921949974e-01
5.323412171140048388e-01
7.509596928982725794e-01
8.999577880962431609e-01
7.832167832167832300e-01
3.200645508337816025e-01
7.999216914643696441e-01
7.536994557639544734e-01
5.944983421343484897e-01
7.949948324228554020e-01
7.765737312132433567e-01
8.704596788962822851e-01
8.978958261469471847e-01
3.454257060990585382e-01
1.464892830746489238e-01
7.063998240598197143e-01
5.280624694973157229e-01
1.075139761852120929e-01
8.440036068530207825e-01
9.053248929435859793e-01
8.417355371900826499e-01
1.197955890263582568e-01
8.631001371742113015e-01
8.741638268332702078e-01
3.288393371103099372e-01
3.872856545378502990e-01
7.004824941234689684e-01
7.754592987000528126e-01
5.164053955523150163e-01
3.719654810871844686e-01
5.323356231599607469e-01
9.459098992294012742e-01
8.907894736842105754e-01
9.132537891002902031e-01
8.911127809276589984e-01
8.054607508532423132e-01
5.361668941314096104e-02
8.894776684330053529e-01
8.391003460207612230e-01
7.653169014084506561e-01
7.160084851654897609e-01
9.123232900185634930e-01
9.000473148805299139e-01
8.528761061946902311e-01
8.484087506640266563e-01
8.005423602019824392e-01
8.977435018566124469e-01
8.278383523710626246e-01
5.888337468982630662e-01
8.571917612825925570e-01
9.527135948414831024e-01
9.514100905562742350e-01
9.293552095307764382e-01
8.614928590676367293e-01
6.326402555546047912e-01
9.142208989082659665e-01
5.457501161170459358e-01
9.193964241937528925e-01
9.056633681302507233e-01
7.706354620349478157e-01
5.929306867636131573e-01
8.124245270360928028e-01
1.704422017261469913e-01
7.428755879369178805e-01
8.267070187803159387e-01
3.406046278386704040e-01
8.684151598275765549e-01
8.155857109110474790e-01
9.404345884022176083e-01
9.024138642459252901e-01
9.381291680401653288e-01
8.195462719601604995e-01
9.270653496731101617e-01
9.593454504274956385e-01
6.731292386681482220e-01
5.492792086374328475e-01
7.888255120560020428e-01
8.124252899557393715e-01
9.381765346894297419e-01
8.204506475841267799e-01
7.631027253668762889e-01
5.552895607499260811e-01
8.826530612244898322e-01
7.105770657172526539e-01
8.659481306837318870e-01
8.683661136138886016e-01
7.584947426674045756e-01
9.222119054988136000e-01
9.428756596611425067e-01
9.264645637034002457e-01
8.622406057206954966e-01
9.538757206918642151e-01
8.199470432480141513e-01
8.901812106413057313e-01
4.038192745824306651e-01
8.016672578928698556e-01
8.273987798114254000e-01
8.894580304031725060e-01
8.614001758017409971e-01
8.382648035316866419e-01
7.547651463580666853e-01
9.061583577712609694e-01
9.245233437472627491e-01
4.198532508700760224e-01
7.729865896125064362e-01
6.018839861179969830e-01
8.740714398609135127e-01
8.900058275058274626e-01
8.521748050882231862e-01
9.402900284048437696e-01
6.667036872501110878e-01
9.176443121461507202e-01
8.692928146814336010e-01
9.016344725111441472e-01
7.311789131612204118e-01
7.790841135060599942e-01
8.663220088626292226e-01
9.457673532563400931e-01
8.713610460750099707e-01
8.502430133657351563e-01
9.359610705596107527e-01
8.991905813097865741e-01
9.223724907514100346e-01
8.674344473007712386e-01
8.472675717477229362e-01
7.943809817845013388e-01
8.820895522388059184e-01
8.255911232442428860e-01
9.238293444328824489e-01
6.400861193484177480e-01
9.390890799341503614e-01
9.081957503516695507e-01
7.284171491770217166e-01
8.649768593262296967e-01
8.914398712964204385e-01
8.045891008853971460e-01
9.375000000000000000e-01
7.574196105633453913e-01
9.360740807014404918e-01
9.446107784431138077e-01
9.358938153064105814e-01
7.058752901624909537e-01
9.526071409510593613e-01
8.811369509043928128e-01
7.122140310801924334e-01
8.735970510563380031e-01
7.929399562914397626e-01
5.220252902155887442e-01
9.010013351134846804e-01
8.127826592583020648e-01
9.335084092305973025e-01
7.071715830591314145e-01
4.794788432863184013e-01
3.753577003121748024e-01
9.409550227858133331e-01
7.411722849773192401e-01
8.346109671732685475e-01
7.354688594212392960e-01
9.096683133380381037e-01
7.507265817124971763e-01
3.554447852760735937e-01
7.923165578179024449e-01
9.313042797903137160e-01
9.745351657235246101e-01
7.342091965639211404e-01
9.218269868974163783e-01
3.966959004691005264e-01
8.745426965289551102e-01
7.835927008452484577e-01
6.025270173327470502e-01
7.692789968652037347e-01
8.597865490404846822e-01
7.465632565964955836e-01
6.970430237622804448e-01
9.427754604677320849e-01
4.986988275456809561e-01
8.856864111498258252e-01
8.723898531375167131e-01
9.285667560672467014e-01
6.436421315004342558e-01
9.512020010190375130e-01
8.800566595842186368e-01
9.152626362735382104e-01
9.028557330537223535e-01
9.222359100708346080e-01
8.619564330586603207e-01
7.449571278761334403e-01
8.753221464979096256e-01
9.419942723249153937e-01
9.000610128126906861e-01
9.314023068250801840e-01
8.511955909804734821e-01
9.652324815989468121e-01
8.684220425051720760e-01
7.857345032550240305e-01
6.980524382265612671e-01
9.149084662049712380e-01
5.983001113022361483e-01
5.866375708050887150e-01
7.820551178484758115e-01
9.193244335013273094e-01
7.806735120083536650e-01
8.139233239065257752e-01
5.479616925431131103e-01
8.973405179906135398e-01
8.188007331762241492e-01
8.997625760498589864e-01
8.936209733057368654e-01
7.820227048882898435e-01
4.086453727466682895e-01
9.378189378189377701e-01
5.906466182608198778e-01
9.519026532742916880e-01
8.457446808510638014e-01
8.211656441717791743e-01
8.944788698718842967e-01
8.617834897106362302e-01
7.185589924060010736e-01
9.204146730462520187e-01
8.171739568635355555e-01
8.901008097835068078e-01
9.243929551533678346e-01
8.077586206896552046e-01
8.056512378902045413e-01
8.494026118366212463e-01
7.144094343099318678e-01
6.806156806156805628e-01
6.754461715601611793e-01
7.226968064134577929e-01
6.342141005062353898e-01
9.204789970998222826e-01
8.975120683252877374e-01
5.335292726597073987e-01
9.461381283203923465e-01
2.230118285099817743e-02
7.725770626794518092e-01
9.728710978976428114e-01
9.194779200200158265e-01
9.294478527607361595e-01
8.009497692462043128e-01
8.799862448418156458e-01
6.180127486690949468e-01
8.294573643410853014e-01
6.030225130482199658e-01
8.598316337006365329e-01
7.455976312918809468e-01
8.350840336134454089e-01
9.241468126207340594e-01
9.461641991924629735e-01
8.990501435829467702e-01
8.636645769970827669e-01
9.082294264339152434e-01
6.153579276049496727e-01
4.030595091336994229e-01
9.228580461587100325e-01
1.432996949072987691e-01
7.932730656740228925e-01
4.486959505833905126e-01
7.927027954038757818e-01
0.000000000000000000e+00
9.139106543197313970e-01
9.555178101075745278e-01
5.932017543859648967e-01
9.081061231983842408e-01
8.654111162149746850e-01
3.353921791402424968e-01
9.402540033130867281e-01
6.540830200751819312e-01
8.246008545086574992e-01
8.817824008996345553e-01
8.623983910165088362e-01
8.719940623453735773e-01
5.986390231493258218e-01
7.612091246207438600e-01
5.588333296310282750e-01
7.228814351116509274e-01
5.848114344756328853e-01
2.707221444979878155e-01
7.430705543556515025e-01
8.527162447257383704e-01
8.587101892780233392e-01
8.523042754025541567e-01
9.042523232892143437e-01
7.048435041091100084e-01
9.078887368901048527e-01
9.532336620708037334e-01
8.484096877735628484e-01
9.216458446496469392e-01
8.284857663895156543e-01
8.495024875621890459e-01
7.865473823724320468e-01
7.709605774569683323e-01
6.460452256344425548e-01
7.633416905444125877e-01
9.138511678435632390e-01
8.357232704402515200e-01
6.506262359920896854e-01
0.000000000000000000e+00
2.157337145789801625e-01
9.111019577437488026e-01
9.277974504249292265e-01
9.230109634348012682e-01
9.076331429903274906e-01
8.287200445848039720e-01
9.553628189991826281e-01
9.102442719181973452e-01
7.948079658605974318e-01
8.127208480565371040e-01
5.490575157080714863e-01
9.014164305949008416e-01
6.199616122840690968e-01
9.464653397391901146e-01
1.517730496453900679e-01
2.660550458715596478e-01
8.384547848990342445e-01
8.868520859671301659e-01
8.601444517399868817e-01
3.093356120487075200e-01
6.920866489832007140e-01
9.280920421860019420e-01
8.937655860349127401e-01
7.259259259259259744e-01
8.108552631578946901e-01
6.181500872600349528e-01
8.898362892223737886e-01
7.941108007448789419e-01
7.535966518441015172e-01
9.457831325301204739e-01
6.650157586672670318e-01
9.576489390038177563e-01
8.103680430879712793e-01
9.623188405797101774e-01
9.147339699863574758e-01
8.977876106194689898e-01
7.807712625462229772e-01
9.037072701011074072e-01
5.586650082918739324e-01
7.869499031275948298e-01
6.594634873323398372e-01
3.150817101851293711e-01
9.370748299319727748e-01
8.549060542797495277e-01
9.438425424340917136e-01
8.344453986919468935e-01
8.057105349524121829e-01
7.991189427312774818e-01
4.836290927268183104e-01
9.105219552609776779e-01
9.435980551053484433e-01
9.521568627450980316e-01
9.176111595466434068e-01
8.046862198918565134e-01
1.915008796860197537e-01
8.776397515527950555e-01
8.139448173005220388e-01
7.955422203171881312e-01
6.339229311433985936e-01
7.807308970099667844e-01
9.304981295530616592e-01
7.411003236245954362e-01
9.228456913827655095e-01
9.409772617319787091e-01
8.961424332344213317e-01
7.363403006967363940e-01
8.286391935962051924e-01
9.475822836245428871e-01
7.369577155409116065e-01
8.215353938185443461e-01
6.427703523693802934e-01
7.563236870310825477e-01
9.129807692307692069e-01
8.177830940988836117e-01
8.280542986425338814e-01
6.862371888726207514e-01
7.810526315789473317e-01
8.788819875776398005e-01
3.918422578774405363e-01
8.668294005966911131e-01
8.255451713395638436e-01
8.594080338266384400e-01
5.870578557718673096e-01
9.612528253148208135e-01
7.939314560139707488e-01
8.634241971620612022e-01
9.123783031988873526e-01
9.245585874799358006e-01
7.675409836065574254e-01
9.213294068153133898e-01
7.229791099000908439e-01
4.908472379718127332e-01
6.794741478620315300e-01
8.467202141900936896e-01
8.421052631578946901e-01
8.444297956493078683e-01
6.853023909985935802e-01
8.117855417807116059e-01
8.153878988368370440e-01
8.702470779701139136e-01
2.250518211430263538e-02
6.596631555230102473e-01
0.000000000000000000e+00
9.198198198198198616e-01
9.341991341991342512e-01
8.103907637655417551e-01
8.844101956135150822e-01
8.171856978085352274e-01
2.890034997237060366e-01
7.788079470198675525e-01
8.946598390636429921e-01
9.288904156647200816e-01
8.840425531914893886e-01
9.328541706071495909e-01
8.626168224299065601e-01
9.553666312433580776e-01
7.780278402934066584e-01
8.952042628774422584e-01
8.805904059040590148e-01
9.331815152188402962e-01
8.426842684268426309e-01
9.344151453684922393e-01
1.007007921998781252e-01
9.130074565037282763e-01
5.814393939393939226e-01
7.943696450428396894e-01
7.840466926070038811e-01
8.977384464110127471e-01
8.152542372881356192e-01
8.810810810810810745e-01
6.595314343502444165e-01
5.884317233154442439e-01
9.336071184120465771e-01
5.757575757575758013e-01
8.776206728425158810e-01
5.697845972263204661e-01
