9.891524177238463222e-01
9.968051118210862205e-01
7.081378417731758468e-01
1.000000000000000000e+00
7.065803667745415018e-01
1.000000000000000000e+00
9.992344985965807558e-01
8.315789473684210842e-01
1.000000000000000000e+00
9.440769693325316014e-01
7.696472231924554874e-01
9.744640779925773932e-01
6.402688965404164101e-01
9.825607064017659598e-01
8.590078328981722855e-01
1.000000000000000000e+00
1.000000000000000000e+00
9.904197080291970989e-01
4.978730108712777769e-01
9.900716145833333703e-01
7.237430667382358518e-01
7.896764252696456543e-01
9.815640796907523224e-01
9.978288402388275635e-01
5.129838314551690148e-01
6.626338478653872599e-01
9.742874377921881823e-01
9.771608832807571199e-01
3.941549800388985392e-01
1.000000000000000000e+00
1.378972420551589084e-01
6.545399423980596820e-01
9.472340425531914354e-01
3.349287274997398978e-01
8.037533512064343189e-01
7.387241465237976978e-01
8.067632850241546194e-01
0.000000000000000000e+00
8.336568612811706691e-01
7.784949889587226002e-01
9.854478666289911981e-01
8.081232492997199035e-01
1.000000000000000000e+00
6.343283582089552786e-01
8.639608672659968569e-01
8.134297520661156744e-01
9.317331386328374654e-01
1.000000000000000000e+00
1.000000000000000000e+00
4.801093983092988293e-01
9.980490523968784666e-01
9.946937363017649414e-01
8.311396201266244566e-01
8.226425194040503097e-01
0.000000000000000000e+00
9.271878414622032327e-01
2.149501934634066025e-01
4.800643456279443666e-01
7.557206975204179278e-01
5.717940518068436173e-01
7.626082218320517914e-01
4.928920732400773330e-01
8.764661841776890672e-01
9.632803841891393049e-01
9.916743755781683989e-01
7.693550248067382302e-01
2.341209624972902803e-01
5.199936778884147598e-02
7.571157495256166658e-01
9.756786442805586157e-01
9.934442763489662598e-01
6.883024251069900235e-01
8.420799229658161300e-01
7.292213682150188170e-01
6.893828604855221087e-01
1.597296335823550351e-01
1.000000000000000000e+00
7.935483870967742215e-01
9.993811242908715586e-01
9.238845144356955252e-01
7.673086933888599859e-01
4.362617570542325351e-01
9.726966712380002988e-01
2.512233484795525773e-01
9.949588750331652687e-01
7.733026467203681920e-01
9.964370546318289668e-01
2.194032517420046458e-01
9.992643452672879123e-01
9.817546583850931263e-01
9.737342976779596038e-01
1.000000000000000000e+00
9.912443172251220735e-01
9.997272975184073873e-01
9.990476190476190732e-01
9.770354906054279365e-01
4.956521739130435034e-01
9.910745334415208552e-01
9.518879415347137884e-01
9.851033157135992147e-01
1.000000000000000000e+00
9.543859649122806710e-01
7.733990147783251778e-01
9.894889452700253996e-01
8.163097199341021737e-01
9.808575803981622876e-01
9.699011680143755365e-01
1.000000000000000000e+00
8.433825503355705244e-01
9.998812492578078581e-01
9.480654375486886609e-01
1.000000000000000000e+00
7.583810302534750303e-01
7.618516452872281519e-01
9.997090697505273127e-01
1.000000000000000000e+00
9.955773955773955519e-01
0.000000000000000000e+00
9.925133689839572559e-01
1.000000000000000000e+00
9.928066795118818400e-01
9.987082670906199944e-01
8.227930066911288698e-01
9.271567320510378796e-01
7.988018537357296500e-01
9.807692307692307265e-01
0.000000000000000000e+00
1.831750339213025769e-02
9.995652646451472778e-01
9.751449875724937932e-01
8.907867494824016630e-01
1.000000000000000000e+00
1.000000000000000000e+00
9.347897503285150789e-01
9.836459463649046553e-01
3.307918904869173726e-01
9.410939691444599742e-01
4.717391304347826053e-01
7.151051625239005505e-01
8.911020645536492646e-01
1.000000000000000000e+00
9.766105867870332746e-01
6.129421221864951308e-01
9.993584717371160053e-01
7.705333769633507801e-01
1.000000000000000000e+00
9.132180358245830520e-01
9.761855024023396998e-01
6.953838558380647239e-01
1.000000000000000000e+00
1.000000000000000000e+00
9.993404419039243480e-01
9.997669540899557505e-01
1.522988505747126520e-01
4.053771861132863252e-01
9.802666666666666195e-01
0.000000000000000000e+00
1.000000000000000000e+00
1.000000000000000000e+00
1.000000000000000000e+00
2.231979509696304376e-01
7.482300884955752629e-01
9.558101472995089720e-01
9.997935590421139773e-01
9.826388888888888395e-01
9.794555726759116565e-01
7.928558607072339059e-01
9.871891484551620355e-01
9.998757609640949173e-01
1.000000000000000000e+00
9.708141321044546634e-01
9.961649089165868221e-01
9.907857262523035446e-01
2.641442715700141330e-01
9.958477508650519505e-01
1.000000000000000000e+00
9.740740740740740922e-01
9.988111160647942244e-01
9.393607305936072516e-01
9.995773100008453760e-01
5.948322268078234387e-01
4.823361241576475389e-01
8.697136073601424711e-01
9.700809574093629539e-01
9.959311424100156795e-01
8.260038240917781938e-01
8.633860365961982808e-01
9.997832213310210436e-01
7.961739130434782874e-01
9.699592161543817426e-01
9.832110516227113850e-01
9.899812734082397148e-01
0.000000000000000000e+00
9.993395707209686840e-01
1.000000000000000000e+00
0.000000000000000000e+00
