7.859793334109855811e-01
9.663283362825949574e-01
8.211776598433155883e-01
6.239602853667357563e-01
9.878615621368675992e-01
9.759979787771602133e-01
9.077784325279906197e-01
8.982330870564122494e-01
6.125479643195296253e-01
9.552706151268923751e-01
9.988965056010700172e-01
9.355769433270855195e-01
9.998990527785722726e-01
9.856735403075107538e-01
9.893456753692515537e-01
6.578921853790963281e-01
8.804367789224116780e-01
9.621747916140439560e-01
9.975164304178141261e-01
9.870016163793103869e-01
9.941615093332443198e-01
8.949992747316507513e-01
6.607691441622569606e-01
7.399556733156693600e-01
8.209717837732287693e-01
9.994001199760047527e-01
9.442744002754716037e-01
7.780863824819869157e-01
9.992390973520587361e-01
5.109581070597362107e-01
9.922079701334064472e-01
9.142842599976246376e-01
8.356098111625356317e-01
9.999463567277604437e-01
9.928381837885379424e-01
9.934446183272473974e-01
9.945436184767737497e-01
1.000000000000000000e+00
9.634766056527133138e-01
9.992288219416922690e-01
8.919566184269047682e-01
8.485437210213544468e-01
8.354214123006833415e-01
6.146873056910037159e-01
9.909611536603877280e-01
9.883188348490840047e-01
9.613404422946554284e-01
7.668457971305643328e-01
4.997172145634499740e-01
9.747411422099984124e-01
8.833033760550171865e-01
9.668700652399457862e-01
9.444444444444444198e-01
9.043753566366631302e-01
1.000000000000000000e+00
9.689556328760208226e-01
9.129034070688718527e-01
8.925448243098199619e-01
8.524400808547502040e-01
9.899373487798234228e-01
8.601766661906607991e-01
8.730552659019812367e-01
9.926749509483322464e-01
9.921732274379339023e-01
9.283617887461734774e-01
9.693373718932823957e-01
9.885429148269126998e-01
8.452769004712121781e-01
9.960062735460086802e-01
8.447622655806024117e-01
9.490661036218938085e-01
9.995790064552343424e-01
9.773374926228817205e-01
9.699028908475184618e-01
8.839770111241689321e-01
9.944041450777202362e-01
9.560080325036193205e-01
9.929585499828853523e-01
9.677118962769291066e-01
9.939472475559346654e-01
9.935352278227200795e-01
9.957149544488855808e-01
8.020864122402850960e-01
9.632847740885898125e-01
9.469457801091197835e-01
9.912536443148688425e-01
9.948317985341100789e-01
9.969635796392999350e-01
9.351619076207271508e-01
9.964486478274080516e-01
9.815924589486401119e-01
9.922245248767008752e-01
9.841602765239860773e-01
9.956359404548319469e-01
9.983872468442762660e-01
9.984867158614019189e-01
9.549182864925096492e-01
9.902651601679874904e-01
9.973549942091589626e-01
9.910645339216768157e-01
7.674978026553175292e-01
9.992919373210602529e-01
9.998744290445620297e-01
9.959061439699252727e-01
9.863711272247858153e-01
9.941413223408743782e-01
9.862580950876638219e-01
9.766452595338983578e-01
9.827545778175694746e-01
9.673991070646940083e-01
9.959147280538218627e-01
9.937185138539043061e-01
9.914724996037407312e-01
9.874182263150463879e-01
9.531928862455828488e-01
9.847061500455077665e-01
9.913859624257885805e-01
1.000000000000000000e+00
9.918631655676289904e-01
4.140487004794347614e-01
9.921040328306003353e-01
8.934417363715027038e-01
9.949427778598755046e-01
9.986008649198677700e-01
9.880047275485543956e-01
9.533236896992531850e-01
9.918809484054099679e-01
9.920545721332458822e-01
8.909916408537361665e-01
6.473672711383001710e-01
9.915520819820988763e-01
9.788419075239759293e-01
9.899504622471839710e-01
9.891501816713766937e-01
7.395789793669491630e-01
7.429766585794361777e-01
7.252055597550252086e-01
9.817382691593413702e-01
9.942941806947859229e-01
5.730846602338981466e-01
7.878549017789524544e-01
9.683162441066894832e-01
9.958058124174372638e-01
9.039548022598870025e-01
9.985369147659063360e-01
7.944121293029464681e-01
9.997913255642235653e-01
9.553737510082470630e-01
9.782223306497519477e-01
7.674037931848587402e-01
9.241422075237701872e-01
4.155814241924910002e-01
8.451791983019022458e-01
7.252868347702080554e-01
9.988979823353051346e-01
9.200142427087042440e-01
1.000000000000000000e+00
8.569615493090156910e-01
6.952284296668599373e-01
4.988532762182755764e-01
9.708263130906160665e-01
9.062527657314806140e-01
8.904015077575472281e-01
9.794371581098002544e-01
9.964439655172413479e-01
9.919797449244366350e-01
8.740853770636467512e-01
8.441369264384559479e-01
9.838572198931931911e-01
8.732165159141657140e-01
9.933991344147958813e-01
9.891467309823349652e-01
8.404464714354297206e-01
9.744209206255532996e-01
9.612904255658780706e-01
7.304597154896556033e-01
9.641520447756068979e-01
9.816688489465539291e-01
7.333198988751694625e-01
8.841864189025638865e-01
9.920117405733536176e-01
9.995864890746061215e-01
9.416996427062123143e-01
9.976712656511683708e-01
9.489737260338823033e-01
8.797737373737373190e-01
9.811040446024671402e-01
9.844722026164174356e-01
9.987172954261918090e-01
9.954039976208929330e-01
7.100204336699268426e-01
7.908524135919497988e-01
1.000000000000000000e+00
9.334998494269366454e-01
6.032728329941438039e-01
9.980996120041174535e-01
