5.354934048492145937e-01
9.261768901569187307e-01
8.977959473871311991e-01
7.030665669409125185e-01
6.924840764331210430e-01
8.785442234447735643e-01
8.399739441971555420e-01
7.331739841489495202e-01
7.713438878045254521e-01
6.905511811023622437e-01
8.693203883495145279e-01
8.974920131813951540e-01
8.106442577030812391e-01
8.676525413197464509e-01
7.299645960733827099e-01
5.394736842105263275e-01
9.125766871165643668e-01
9.292143030892726641e-01
9.331764705882352740e-01
7.291283451017622763e-01
8.429988233316523250e-01
7.432334691080741962e-01
3.455787905256126891e-01
9.242834469237233286e-01
8.902999781037880256e-01
7.610268780151620005e-01
9.392638036809816127e-01
2.752692851702752685e-01
8.191366608479541123e-01
8.571839907860638874e-01
8.219389267714201086e-01
7.654235886123940125e-01
7.955892034233048582e-01
8.448838978121784304e-01
8.514944692868909870e-01
9.067161705231054913e-01
5.374180567274615683e-01
8.693871434993256653e-01
5.433387710712344054e-01
8.468238474245382008e-01
9.094115054000441178e-01
4.316815679143304330e-01
7.163892445582586976e-01
5.645187469566629312e-01
8.903630786789357154e-01
8.436543442429950135e-01
8.702676312635924116e-01
8.437849526508089948e-01
8.113803026083727943e-01
9.290024017339347795e-01
9.454202840029611865e-01
8.985276138840163629e-01
8.595564155998809408e-01
8.320763429275049861e-01
7.974308300395256399e-01
9.295022766525357083e-01
7.728902580677743384e-01
2.339691558441558406e-01
7.198175141871592242e-01
6.347958960925561556e-01
7.903687837105474179e-01
8.556604685636943763e-01
9.181764055456324014e-01
9.613882543659273416e-01
8.312938816449347845e-01
7.983837546622462034e-01
7.476584769919912832e-01
6.164443472556309089e-01
4.889654715355556958e-01
9.035850276600330133e-01
8.483745754488112301e-01
8.906308324001492860e-01
8.716776705603521691e-01
8.615151268925543837e-01
9.635327635327635143e-01
8.630164064044277827e-01
7.704537926465717668e-01
9.588911266437626368e-01
9.559298454811944179e-01
9.631377837716340595e-01
8.052921382685837015e-01
8.556437631170726865e-01
7.813755971790399268e-01
4.656432258497016918e-01
9.170341786108048288e-01
8.968725768932540587e-01
9.265605875152999049e-01
8.199451823740249168e-01
1.330688234396459613e-01
9.576452537650906871e-01
8.161068044788974962e-01
9.646575744244023642e-01
9.317953861584754582e-01
9.839934888768312460e-01
9.588665447897622984e-01
9.769363166953528577e-01
5.084125822970007036e-01
9.669332696669452609e-01
9.629411764705881893e-01
8.276047261009666922e-01
8.259551243177682966e-01
8.910133843212236782e-01
9.682232660956064940e-01
9.706920903954802116e-01
8.813066338516613030e-01
9.644643327191365634e-01
8.421326397919375317e-01
9.164951221695157857e-01
8.420171194640863055e-01
9.599714930514312572e-01
9.291815927252686791e-01
9.373104145601617310e-01
8.772604848018468182e-01
6.077616077616078138e-01
9.553942283382093059e-01
9.615626969124133616e-01
9.648340762753838673e-01
9.504712853464010180e-01
9.651108699023104309e-01
3.315875869616196625e-01
9.790063893597600320e-01
8.266688835314656147e-01
2.546618948954605388e-01
8.723895420625973340e-01
7.942063374363537154e-01
8.721357628841792664e-01
4.518252795948512479e-01
7.062023939064200340e-01
9.213052904243038688e-01
9.114357864357864880e-01
9.410661666220198063e-01
8.939708939708940205e-01
9.337388659569845206e-01
5.845152290165077646e-01
8.420702002748053916e-01
5.690552938259360038e-01
6.711409395973154668e-01
6.030729833546735197e-01
9.039548022598870025e-01
3.942577030812324801e-01
0.000000000000000000e+00
9.249260707812648752e-01
7.143223819301848243e-01
9.438782536840655268e-01
9.626710732596076570e-01
9.360359707012836372e-01
9.184048056065409193e-01
8.246546227417640429e-01
7.421720733427362715e-01
7.683593749999999556e-01
2.921784098254686657e-01
9.048513302034428829e-01
7.119711971197120182e-01
6.517605633802816545e-01
8.083656080557707346e-01
8.536350505536831612e-01
7.624493685966166057e-01
6.715160796324655124e-01
0.000000000000000000e+00
7.130338436744561026e-01
7.410052769042162479e-01
8.029420417769932428e-01
9.112656939260265210e-01
9.405983839266215396e-01
4.756898817345597830e-01
7.586866432897673151e-01
8.135021865889212611e-01
8.976643390320250271e-01
9.523696822673214379e-01
9.807623371967977288e-01
9.073795180722891152e-01
9.393939393939394478e-01
8.570747975226298276e-01
8.404940663598934325e-01
6.914195155082635269e-01
2.992673537811995632e-01
9.020103679352635684e-01
9.519519519519519246e-01
9.211405556318367216e-01
7.183026584867076014e-01
8.626909626357445182e-01
9.002783690846569709e-01
9.357368439728895870e-01
9.645825804119985136e-01
9.405992119545015795e-01
6.699298115995566683e-01
9.139456063486814941e-01
9.342651676288868945e-01
8.885906040268456429e-01
9.622379063417649814e-01
9.010742576048034191e-01
9.715339512010592316e-01
8.898630136986301897e-01
8.875972910138482108e-01
8.524180423157404762e-01
7.911122038169581261e-01
