8.704986572265625000e-01
9.873657226562500000e-01
9.824523925781250000e-01
9.636535644531250000e-01
9.815826416015625000e-01
9.912414550781250000e-01
9.550170898437500000e-01
9.676361083984375000e-01
9.517364501953125000e-01
9.880065917968750000e-01
9.794616699218750000e-01
9.378204345703125000e-01
9.690551757812500000e-01
9.837493896484375000e-01
9.871978759765625000e-01
9.455261230468750000e-01
9.860839843750000000e-01
9.955596923828125000e-01
9.869995117187500000e-01
9.303436279296875000e-01
9.714965820312500000e-01
8.970794677734375000e-01
8.056488037109375000e-01
9.876251220703125000e-01
9.847106933593750000e-01
9.576721191406250000e-01
9.758300781250000000e-01
7.967224121093750000e-01
9.067230224609375000e-01
9.848632812500000000e-01
9.541778564453125000e-01
9.480743408203125000e-01
9.810485839843750000e-01
9.470977783203125000e-01
9.903717041015625000e-01
9.785308837890625000e-01
8.912506103515625000e-01
9.600982666015625000e-01
9.359283447265625000e-01
9.688720703125000000e-01
9.811859130859375000e-01
8.283233642578125000e-01
9.729614257812500000e-01
9.590606689453125000e-01
9.765472412109375000e-01
9.797363281250000000e-01
9.553985595703125000e-01
9.680328369140625000e-01
9.379882812500000000e-01
9.630126953125000000e-01
9.752502441406250000e-01
9.708709716796875000e-01
9.424133300781250000e-01
9.334106445312500000e-01
9.937438964843750000e-01
9.794464111328125000e-01
9.313812255859375000e-01
8.847961425781250000e-01
8.463134765625000000e-01
9.744720458984375000e-01
8.760528564453125000e-01
9.316558837890625000e-01
9.706420898437500000e-01
9.840087890625000000e-01
9.871673583984375000e-01
9.109191894531250000e-01
9.716339111328125000e-01
9.464721679687500000e-01
8.823394775390625000e-01
9.590454101562500000e-01
9.809265136718750000e-01
9.955291748046875000e-01
9.768676757812500000e-01
9.219818115234375000e-01
9.960937500000000000e-01
9.894256591796875000e-01
9.894256591796875000e-01
9.947052001953125000e-01
9.864654541015625000e-01
9.949951171875000000e-01
9.611511230468750000e-01
9.517211914062500000e-01
9.560089111328125000e-01
8.783721923828125000e-01
9.908142089843750000e-01
9.939117431640625000e-01
9.963378906250000000e-01
9.739379882812500000e-01
8.266296386718750000e-01
9.839935302734375000e-01
9.869689941406250000e-01
9.963226318359375000e-01
9.875488281250000000e-01
9.981994628906250000e-01
9.986267089843750000e-01
9.989776611328125000e-01
9.794921875000000000e-01
9.915466308593750000e-01
9.980773925781250000e-01
9.902038574218750000e-01
9.956207275390625000e-01
9.982604980468750000e-01
9.982452392578125000e-01
9.974670410156250000e-01
9.838104248046875000e-01
9.958801269531250000e-01
9.907379150390625000e-01
9.857635498046875000e-01
9.222717285156250000e-01
9.897155761718750000e-01
9.921569824218750000e-01
9.962158203125000000e-01
9.902648925781250000e-01
9.654541015625000000e-01
9.811553955078125000e-01
9.953460693359375000e-01
9.978332519531250000e-01
9.395446777343750000e-01
9.931335449218750000e-01
8.695220947265625000e-01
9.950866699218750000e-01
9.363708496093750000e-01
9.396209716796875000e-01
9.637298583984375000e-01
9.364776611328125000e-01
9.750518798828125000e-01
8.018035888671875000e-01
9.835205078125000000e-01
9.573516845703125000e-01
9.850158691406250000e-01
9.932861328125000000e-01
9.852142333984375000e-01
9.953460693359375000e-01
9.454650878906250000e-01
9.421234130859375000e-01
9.469604492187500000e-01
9.917755126953125000e-01
9.905395507812500000e-01
9.935150146484375000e-01
9.208068847656250000e-01
9.872589111328125000e-01
9.879913330078125000e-01
9.660339355468750000e-01
9.751281738281250000e-01
9.865570068359375000e-01
9.730834960937500000e-01
9.925384521484375000e-01
9.773406982421875000e-01
9.721069335937500000e-01
9.819030761718750000e-01
9.665832519531250000e-01
9.721679687500000000e-01
9.707031250000000000e-01
9.698181152343750000e-01
9.811248779296875000e-01
9.814453125000000000e-01
9.847869873046875000e-01
9.869079589843750000e-01
9.472045898437500000e-01
9.130554199218750000e-01
9.258575439453125000e-01
8.977966308593750000e-01
9.840393066406250000e-01
9.916992187500000000e-01
9.939117431640625000e-01
9.884490966796875000e-01
9.375305175781250000e-01
9.675750732421875000e-01
9.877166748046875000e-01
9.926300048828125000e-01
9.962463378906250000e-01
9.926757812500000000e-01
9.084472656250000000e-01
9.497528076171875000e-01
9.792022705078125000e-01
8.277893066406250000e-01
9.763488769531250000e-01
9.897460937500000000e-01
9.737091064453125000e-01
9.159240722656250000e-01
9.772338867187500000e-01
9.349517822265625000e-01
9.723663330078125000e-01
9.970092773437500000e-01
9.878082275390625000e-01
9.454650878906250000e-01
9.841156005859375000e-01
9.900970458984375000e-01
9.670715332031250000e-01
9.888153076171875000e-01
9.582672119140625000e-01
9.908142089843750000e-01
9.877319335937500000e-01
9.660644531250000000e-01
9.225158691406250000e-01
8.962860107421875000e-01
