8.678802602459357862e-01
9.935227538312577655e-01
9.996630443939010791e-01
9.917809119900056203e-01
9.888194466254200954e-01
9.930204648812531731e-01
9.506568685223057980e-01
1.000000000000000000e+00
9.474593445291606963e-01
1.000000000000000000e+00
9.983781976258150337e-01
9.186866878672367287e-01
9.954573750357521567e-01
9.995738124118939139e-01
9.872023855747278365e-01
9.675360351625622579e-01
9.995158031823417888e-01
9.998579186663298923e-01
9.923296558482150864e-01
9.231377963362068506e-01
9.784142659349092108e-01
8.889795474325500324e-01
7.951361523490904082e-01
9.961005849122631650e-01
9.839554788947830755e-01
1.000000000000000000e+00
9.890959176646133555e-01
9.999597472124944764e-01
9.909126483760163362e-01
9.950704680630979571e-01
9.522031750381039217e-01
9.599925346544733173e-01
9.978390930641337642e-01
9.410281627179257757e-01
9.909692010491432113e-01
9.961919666145018226e-01
8.839175190566160856e-01
9.554842802763288123e-01
1.000000000000000000e+00
9.699575852067930937e-01
9.941154333025420398e-01
8.164957878926402124e-01
9.732662617058972510e-01
1.000000000000000000e+00
9.963085627544331357e-01
9.988302359298800726e-01
9.675699444841422414e-01
9.673547285420119879e-01
9.319724284199363273e-01
9.556099336676913136e-01
9.742497655517349253e-01
9.702463643237729807e-01
9.379997011133527351e-01
9.269792184365048815e-01
1.000000000000000000e+00
9.971155059582830216e-01
9.999625390998145846e-01
1.000000000000000000e+00
8.186735970738281409e-01
1.000000000000000000e+00
8.588506497480569157e-01
9.964754953076121469e-01
9.869569279641221549e-01
9.892309763273783307e-01
9.881497143939155237e-01
9.986930002904443882e-01
1.000000000000000000e+00
1.000000000000000000e+00
8.753213575436157301e-01
9.523584012123508247e-01
9.873152509338963823e-01
9.986902423051735589e-01
9.926818986594722061e-01
9.984301060799748440e-01
9.964743950931307381e-01
9.989637305699481384e-01
9.912981210790952069e-01
9.965933725611644256e-01
9.854587131319281212e-01
9.993274719506594073e-01
9.978047431376616538e-01
9.541428108458464008e-01
9.997565852386334218e-01
1.000000000000000000e+00
9.974096200236372001e-01
9.937929088686165979e-01
9.989037148405688349e-01
1.000000000000000000e+00
1.000000000000000000e+00
9.994682467335156417e-01
9.980606908391486121e-01
9.961283274695968970e-01
9.924325049918619746e-01
9.987392716869514242e-01
9.986198554725056464e-01
9.992355574969968846e-01
9.826823077875448398e-01
9.995255583475373129e-01
9.981062384574451718e-01
9.983925616578678275e-01
9.956361505605156870e-01
9.998460733306652193e-01
9.993721452228099267e-01
9.975150134603437690e-01
9.976268951878708435e-01
9.997403356162160026e-01
1.000000000000000000e+00
9.845570709745762317e-01
9.990620536761101178e-01
9.941346406373107181e-01
9.994326011185863390e-01
9.986460957178840969e-01
9.925186241876684523e-01
9.650942064226659678e-01
9.862513758279104481e-01
9.981796905473930837e-01
9.991338719075290031e-01
9.627692181944501604e-01
9.978132257463002697e-01
8.652535957607873085e-01
9.992207927135461354e-01
9.269901932506490194e-01
1.000000000000000000e+00
1.000000000000000000e+00
9.409232831766304317e-01
9.810435309156967376e-01
9.850141926865920716e-01
9.858886703505979066e-01
9.840030551194466346e-01
1.000000000000000000e+00
9.985568815669996212e-01
9.966384339056784114e-01
9.952039882623923139e-01
1.000000000000000000e+00
9.809438765816772543e-01
1.000000000000000000e+00
9.941995896518210918e-01
9.973535966324130753e-01
9.947512767164743419e-01
9.999829520270039351e-01
1.000000000000000000e+00
9.874550789621179270e-01
9.994550858652575531e-01
9.746053934416680775e-01
9.996811224489795533e-01
9.700581672546962908e-01
9.999518443609746177e-01
9.968723765000246928e-01
9.933642351793120495e-01
9.818682615881010323e-01
1.000000000000000000e+00
9.751944577331278508e-01
9.999673442730018236e-01
9.999837946457509341e-01
9.997569078680820231e-01
9.836208849901272311e-01
9.983503323128658513e-01
9.996709598571025257e-01
1.000000000000000000e+00
1.000000000000000000e+00
9.839205918980294951e-01
9.999114965926187981e-01
9.948339110826910359e-01
9.998846635470902688e-01
9.999384236453201513e-01
1.000000000000000000e+00
9.654189800345626127e-01
9.849053168244719103e-01
9.860142293040166095e-01
9.980130946523861901e-01
9.976803561976523849e-01
9.995437064076657663e-01
9.972635621699471598e-01
9.878835939805252764e-01
1.000000000000000000e+00
8.212147134302822948e-01
9.760670260618754535e-01
9.897971329943714425e-01
9.846847176931814438e-01
9.868545999590370155e-01
9.898937678234911441e-01
9.147296944371898775e-01
9.708402166813938639e-01
9.996171943536167337e-01
9.875731241335001798e-01
9.427878787878788414e-01
9.843090123024020865e-01
9.893636229338673704e-01
9.624149988578657444e-01
9.996575527639096626e-01
9.987700121014938537e-01
9.964452384424675735e-01
1.000000000000000000e+00
9.659882021576233768e-01
9.509698052082901087e-01
9.079895478660225949e-01
