9.270086412943555620e-01
9.416045438409655910e-01
9.084290567869276467e-01
6.777966822628668231e-01
8.004314994606256395e-01
9.456521739130434590e-01
9.922174023985710356e-01
6.595829195630585895e-01
1.000000000000000000e+00
8.081779915814792936e-01
8.286762137617883495e-01
9.883675843350135937e-01
7.548778488276767229e-01
8.198675496688742070e-01
1.000000000000000000e+00
6.637458926615552590e-01
8.433457380825801764e-01
9.242700729927006975e-01
9.514731369150779550e-01
1.000000000000000000e+00
9.352299159062443801e-01
9.563751926040061635e-01
1.000000000000000000e+00
9.462637959109824193e-01
9.992650661440470872e-01
6.182728410513141926e-01
9.155481827778615411e-01
3.582334384858044118e-01
7.489507626164397802e-01
8.973799126637554968e-01
9.959400811983760704e-01
8.578141579505835779e-01
7.912056737588653021e-01
9.925085839142648858e-01
9.839142091152814906e-01
8.953401445302765493e-01
1.000000000000000000e+00
9.976114649681528945e-01
4.309392265193370264e-01
9.755393239340920397e-01
9.111330884430630661e-01
1.000000000000000000e+00
9.956896551724138122e-01
4.995477159656264154e-01
8.283976731887889855e-01
7.876033057851239416e-01
9.028018618234918691e-01
9.906944683784248973e-01
9.859312192943278097e-01
9.932869219293883889e-01
9.790273132664436551e-01
9.803898950282615710e-01
9.595968010663111780e-01
9.587831207065751205e-01
9.170090386195562937e-01
8.987781861527763816e-01
7.126862599818885036e-01
1.759163506836722846e-01
9.715252740784342533e-01
6.312759833706428347e-01
9.435732881273839467e-01
7.871602411008756794e-01
9.174777472756010521e-01
9.756926486885851846e-01
9.653098982423681251e-01
6.681666089765778693e-01
6.830695859527422531e-01
5.378536431168010612e-01
1.000000000000000000e+00
9.941942570218107456e-01
8.837619768028239786e-01
8.887303851640513397e-01
8.560423688011554733e-01
7.627822599894973354e-01
9.903480549868383109e-01
9.078619708288865331e-01
9.198149575944487566e-01
9.416965352449223614e-01
9.966993295513151274e-01
9.260717410323709986e-01
7.127798021863612776e-01
9.467680608365018902e-01
6.869467647425507861e-01
3.550332051730164529e-01
8.848500928628283413e-01
1.000000000000000000e+00
9.483372921615201845e-01
7.135965695908522699e-01
1.217099885564819350e-01
9.164596273291925055e-01
7.312523791397030903e-01
9.996959562176953584e-01
9.479710388954369904e-01
9.910008181074447808e-01
9.990476190476190732e-01
9.972164231036881876e-01
7.847826086956521952e-01
9.349716007882230562e-01
9.933008526187576681e-01
7.924074963959635287e-01
1.000000000000000000e+00
8.631578947368421240e-01
9.917898193760262826e-01
9.956505980427691194e-01
8.276359143327841617e-01
9.392547217968351125e-01
7.385444743935309919e-01
1.000000000000000000e+00
7.424966442953020440e-01
9.340933380833630340e-01
8.891197091664502228e-01
9.166666666666666297e-01
9.795584627964022406e-01
9.838259899609592685e-01
9.587606371372463521e-01
9.471057884231537383e-01
9.641277641277641308e-01
8.923466530304137168e-01
9.501909854851031678e-01
1.000000000000000000e+00
9.577392421323057681e-01
9.905604133545310441e-01
3.971508741636088913e-01
7.771852980384688081e-01
9.345540861308918590e-01
9.271860618014464706e-01
4.397412619155696700e-01
9.226594301221167083e-01
8.787088359960874007e-01
8.946147473073736700e-01
9.265010351966873614e-01
8.696907216494845771e-01
1.000000000000000000e+00
5.410643889618922397e-01
7.957680979693070311e-01
4.720152486570785011e-01
9.775596072931276304e-01
7.086956521739130599e-01
9.909177820267686121e-01
3.358534457691189079e-01
0.000000000000000000e+00
9.965121050471891229e-01
5.747588424437298782e-01
9.730558129588708915e-01
9.593422774869110325e-01
9.883978322265476457e-01
8.922174181593576225e-01
8.464591602256110736e-01
7.069859294001481498e-01
1.000000000000000000e+00
4.629068887206661542e-01
9.580081345498515644e-01
6.136098811465858782e-01
6.167711598746081769e-01
7.047768206734533747e-01
9.557333333333333236e-01
7.336542318491776626e-01
7.456242707117852753e-01
1.716763005780346796e-01
5.840181576269859454e-01
6.548664471276984811e-01
6.842182890855457167e-01
9.019639934533552061e-01
9.058629232039636658e-01
9.826388888888888395e-01
7.760657421674370671e-01
8.220247711362412835e-01
9.017520723436323049e-01
1.000000000000000000e+00
9.723404255319149092e-01
9.907834101382488878e-01
8.945349952061361076e-01
7.642402412464399664e-01
8.147100424328147517e-01
6.543252595155709672e-01
1.000000000000000000e+00
9.820301783264746565e-01
9.843958983504235150e-01
9.427397260273973068e-01
6.489982247020035233e-01
8.580656737843171955e-01
9.596691852154379809e-01
9.910224068852945267e-01
9.482576557550158602e-01
9.868544600938967681e-01
9.959027588090685335e-01
9.889856102327233556e-01
1.000000000000000000e+00
9.971014492753623726e-01
9.399184323087635962e-01
8.490316610483178428e-01
9.580524344569288919e-01
8.709279368213228567e-01
9.640066042927902812e-01
8.581866298469681409e-01
8.740346205059920104e-01
