8.220367431640625000e-01
9.808502197265625000e-01
9.867248535156250000e-01
7.657775878906250000e-01
6.891479492187500000e-01
8.520355224609375000e-01
9.614410400390625000e-01
9.918518066406250000e-01
9.802856445312500000e-01
9.801635742187500000e-01
4.637451171875000000e-01
7.549896240234375000e-01
9.496002197265625000e-01
7.886657714843750000e-01
7.997741699218750000e-01
7.420806884765625000e-01
6.564178466796875000e-01
7.825927734375000000e-01
9.491577148437500000e-01
9.871368408203125000e-01
5.612335205078125000e-01
6.068420410156250000e-01
8.010253906250000000e-01
8.909301757812500000e-01
7.244415283203125000e-01
9.885101318359375000e-01
9.791564941406250000e-01
7.359466552734375000e-01
9.350585937500000000e-01
9.758300781250000000e-01
6.943206787109375000e-01
9.570922851562500000e-01
8.221282958984375000e-01
9.925689697265625000e-01
6.864013671875000000e-01
9.981231689453125000e-01
6.733245849609375000e-01
7.113952636718750000e-01
7.244262695312500000e-01
9.285736083984375000e-01
6.700439453125000000e-01
9.711914062500000000e-01
7.479858398437500000e-01
9.279937744140625000e-01
9.938201904296875000e-01
8.622436523437500000e-01
9.974975585937500000e-01
9.931945800781250000e-01
9.931945800781250000e-01
9.953002929687500000e-01
9.938659667968750000e-01
9.948577880859375000e-01
9.913177490234375000e-01
9.907073974609375000e-01
7.829742431640625000e-01
9.802246093750000000e-01
9.953155517578125000e-01
2.923889160156250000e-01
8.666534423828125000e-01
9.682922363281250000e-01
9.648437500000000000e-01
9.654083251953125000e-01
9.702301025390625000e-01
8.576507568359375000e-01
8.814239501953125000e-01
7.644805908203125000e-01
9.010467529296875000e-01
9.842376708984375000e-01
9.855651855468750000e-01
9.589080810546875000e-01
9.944915771484375000e-01
9.909057617187500000e-01
8.439025878906250000e-01
6.133117675781250000e-01
9.875183105468750000e-01
9.980010986328125000e-01
7.727508544921875000e-01
9.990539550781250000e-01
8.702697753906250000e-01
9.105834960937500000e-01
9.928283691406250000e-01
9.368591308593750000e-01
9.151153564453125000e-01
9.968872070312500000e-01
9.938507080078125000e-01
9.980010986328125000e-01
9.503784179687500000e-01
9.946594238281250000e-01
9.666137695312500000e-01
9.963378906250000000e-01
9.502105712890625000e-01
6.880493164062500000e-01
9.870758056640625000e-01
9.921875000000000000e-01
5.300445556640625000e-01
9.887542724609375000e-01
9.192352294921875000e-01
9.370880126953125000e-01
9.858703613281250000e-01
9.045867919921875000e-01
9.970245361328125000e-01
9.961547851562500000e-01
9.548339843750000000e-01
9.515686035156250000e-01
9.698944091796875000e-01
9.960174560546875000e-01
9.944305419921875000e-01
6.748352050781250000e-01
8.536682128906250000e-01
9.972534179687500000e-01
9.983062744140625000e-01
8.870239257812500000e-01
9.136505126953125000e-01
9.087524414062500000e-01
8.995056152343750000e-01
9.598846435546875000e-01
9.747772216796875000e-01
9.576416015625000000e-01
9.220581054687500000e-01
9.826812744140625000e-01
9.955749511718750000e-01
9.950408935546875000e-01
7.838439941406250000e-01
9.969940185546875000e-01
9.993286132812500000e-01
9.864196777343750000e-01
8.985900878906250000e-01
9.969024658203125000e-01
9.291534423828125000e-01
9.963836669921875000e-01
8.224182128906250000e-01
8.361968994140625000e-01
8.881683349609375000e-01
7.093353271484375000e-01
9.975891113281250000e-01
8.461761474609375000e-01
9.975891113281250000e-01
9.952087402343750000e-01
9.290161132812500000e-01
9.965667724609375000e-01
9.967956542968750000e-01
4.903106689453125000e-01
9.060363769531250000e-01
8.624420166015625000e-01
6.833801269531250000e-01
8.918304443359375000e-01
9.587554931640625000e-01
8.309326171875000000e-01
9.644470214843750000e-01
5.525817871093750000e-01
9.187774658203125000e-01
9.975433349609375000e-01
8.076629638671875000e-01
9.967498779296875000e-01
8.672332763671875000e-01
9.897308349609375000e-01
9.962463378906250000e-01
8.705291748046875000e-01
7.970275878906250000e-01
9.908294677734375000e-01
9.250946044921875000e-01
8.646392822265625000e-01
9.534759521484375000e-01
9.314117431640625000e-01
9.176330566406250000e-01
8.367614746093750000e-01
9.741821289062500000e-01
8.484497070312500000e-01
8.907928466796875000e-01
9.970092773437500000e-01
9.952697753906250000e-01
8.892211914062500000e-01
9.941864013671875000e-01
8.911895751953125000e-01
9.544830322265625000e-01
9.434509277343750000e-01
9.403839111328125000e-01
9.595031738281250000e-01
9.960021972656250000e-01
7.883605957031250000e-01
9.111633300781250000e-01
9.821624755859375000e-01
8.995513916015625000e-01
5.375213623046875000e-01
9.915771484375000000e-01
9.850158691406250000e-01
9.958496093750000000e-01
6.112060546875000000e-01
9.513702392578125000e-01
9.803009033203125000e-01
8.938293457031250000e-01
9.011993408203125000e-01
9.179534912109375000e-01
7.791442871093750000e-01
8.870239257812500000e-01
8.798217773437500000e-01
8.653717041015625000e-01
9.942932128906250000e-01
9.952850341796875000e-01
9.939575195312500000e-01
9.745941162109375000e-01
9.921569824218750000e-01
9.991455078125000000e-01
9.972686767578125000e-01
9.941711425781250000e-01
7.020111083984375000e-01
8.683013916015625000e-01
9.879913330078125000e-01
9.869232177734375000e-01
9.946441650390625000e-01
9.098968505859375000e-01
9.764251708984375000e-01
9.959564208984375000e-01
8.926239013671875000e-01
9.884033203125000000e-01
9.731597900390625000e-01
9.942932128906250000e-01
9.693298339843750000e-01
9.669952392578125000e-01
9.414520263671875000e-01
8.238067626953125000e-01
9.905548095703125000e-01
9.033813476562500000e-01
9.471130371093750000e-01
8.836669921875000000e-01
9.454498291015625000e-01
9.243164062500000000e-01
9.893188476562500000e-01
3.728027343750000000e-01
8.495483398437500000e-01
9.786529541015625000e-01
6.688842773437500000e-01
9.732818603515625000e-01
9.066467285156250000e-01
9.823608398437500000e-01
9.157714843750000000e-01
9.776916503906250000e-01
9.797821044921875000e-01
9.741516113281250000e-01
9.902038574218750000e-01
9.309997558593750000e-01
7.864837646484375000e-01
9.820861816406250000e-01
8.819580078125000000e-01
9.784698486328125000e-01
9.806976318359375000e-01
8.351593017578125000e-01
6.983032226562500000e-01
9.416961669921875000e-01
4.849548339843750000e-01
9.931488037109375000e-01
9.911956787109375000e-01
9.665222167968750000e-01
9.905242919921875000e-01
9.702148437500000000e-01
9.866180419921875000e-01
9.532928466796875000e-01
9.980316162109375000e-01
7.899475097656250000e-01
9.291687011718750000e-01
4.231719970703125000e-01
8.830718994140625000e-01
9.793548583984375000e-01
9.962768554687500000e-01
9.672241210937500000e-01
9.174499511718750000e-01
9.543457031250000000e-01
9.776000976562500000e-01
9.467620849609375000e-01
7.992248535156250000e-01
8.647003173828125000e-01
9.950561523437500000e-01
9.779052734375000000e-01
9.868469238281250000e-01
9.654388427734375000e-01
9.454956054687500000e-01
8.836364746093750000e-01
9.862213134765625000e-01
9.607238769531250000e-01
9.926605224609375000e-01
6.741638183593750000e-01
9.398498535156250000e-01
9.647064208984375000e-01
9.837951660156250000e-01
9.752655029296875000e-01
9.762878417968750000e-01
9.871215820312500000e-01
9.925231933593750000e-01
9.946746826171875000e-01
8.542785644531250000e-01
9.515838623046875000e-01
8.663940429687500000e-01
9.806671142578125000e-01
9.340820312500000000e-01
9.393157958984375000e-01
8.611297607421875000e-01
9.885101318359375000e-01
9.400177001953125000e-01
8.308410644531250000e-01
9.312438964843750000e-01
9.801330566406250000e-01
9.306793212890625000e-01
9.669189453125000000e-01
9.118041992187500000e-01
9.116516113281250000e-01
9.945373535156250000e-01
9.944152832031250000e-01
8.500976562500000000e-01
9.847106933593750000e-01
9.936676025390625000e-01
8.568267822265625000e-01
9.632110595703125000e-01
8.836669921875000000e-01
7.745971679687500000e-01
9.743652343750000000e-01
9.104003906250000000e-01
9.463806152343750000e-01
9.222869873046875000e-01
8.178863525390625000e-01
6.932220458984375000e-01
9.777679443359375000e-01
9.656372070312500000e-01
9.614715576171875000e-01
8.104705810546875000e-01
9.729461669921875000e-01
9.455108642578125000e-01
9.882354736328125000e-01
9.723815917968750000e-01
9.765472412109375000e-01
9.960174560546875000e-01
9.976196289062500000e-01
9.524383544921875000e-01
9.679107666015625000e-01
9.871978759765625000e-01
9.797973632812500000e-01
9.189453125000000000e-01
9.496307373046875000e-01
9.596862792968750000e-01
8.971710205078125000e-01
8.765869140625000000e-01
9.537200927734375000e-01
9.160461425781250000e-01
9.285278320312500000e-01
8.941802978515625000e-01
9.821929931640625000e-01
7.947082519531250000e-01
9.351959228515625000e-01
8.959503173828125000e-01
9.897613525390625000e-01
9.406890869140625000e-01
9.903717041015625000e-01
9.806671142578125000e-01
8.440704345703125000e-01
9.424743652343750000e-01
9.851684570312500000e-01
9.948120117187500000e-01
9.582824707031250000e-01
8.884277343750000000e-01
9.905853271484375000e-01
9.508972167968750000e-01
9.206085205078125000e-01
8.677368164062500000e-01
9.903869628906250000e-01
8.905487060546875000e-01
9.023132324218750000e-01
9.406127929687500000e-01
9.731292724609375000e-01
9.085388183593750000e-01
8.568267822265625000e-01
7.403717041015625000e-01
9.601135253906250000e-01
9.602661132812500000e-01
9.851379394531250000e-01
8.967132568359375000e-01
9.515838623046875000e-01
9.799652099609375000e-01
9.914398193359375000e-01
7.909393310546875000e-01
9.835052490234375000e-01
9.857482910156250000e-01
9.616851806640625000e-01
8.955535888671875000e-01
9.811401367187500000e-01
8.825988769531250000e-01
9.680633544921875000e-01
9.875946044921875000e-01
9.683685302734375000e-01
8.515625000000000000e-01
9.698638916015625000e-01
9.393920898437500000e-01
9.973297119140625000e-01
6.939239501953125000e-01
9.952239990234375000e-01
8.231353759765625000e-01
7.693939208984375000e-01
7.562103271484375000e-01
9.906158447265625000e-01
9.692382812500000000e-01
8.139648437500000000e-01
9.892120361328125000e-01
7.307891845703125000e-01
9.174346923828125000e-01
9.554290771484375000e-01
8.815155029296875000e-01
9.937744140625000000e-01
9.435577392578125000e-01
9.981536865234375000e-01
8.575286865234375000e-01
9.951934814453125000e-01
9.461059570312500000e-01
9.620666503906250000e-01
9.515228271484375000e-01
9.700164794921875000e-01
9.777221679687500000e-01
9.870758056640625000e-01
9.568176269531250000e-01
9.364929199218750000e-01
9.836730957031250000e-01
9.347381591796875000e-01
8.408203125000000000e-01
9.857177734375000000e-01
4.211425781250000000e-01
9.861145019531250000e-01
9.533386230468750000e-01
9.298553466796875000e-01
8.025360107421875000e-01
9.623870849609375000e-01
9.649047851562500000e-01
9.726104736328125000e-01
9.659271240234375000e-01
9.718322753906250000e-01
7.146148681640625000e-01
9.866485595703125000e-01
9.309844970703125000e-01
8.021850585937500000e-01
9.823303222656250000e-01
9.116363525390625000e-01
9.214782714843750000e-01
8.939056396484375000e-01
9.089050292968750000e-01
8.927612304687500000e-01
9.268188476562500000e-01
9.697265625000000000e-01
4.109191894531250000e-01
8.769531250000000000e-01
8.820800781250000000e-01
8.786315917968750000e-01
9.860076904296875000e-01
9.675903320312500000e-01
9.891662597656250000e-01
9.614868164062500000e-01
9.453887939453125000e-01
9.837188720703125000e-01
9.895324707031250000e-01
9.545135498046875000e-01
9.729614257812500000e-01
9.488220214843750000e-01
9.936828613281250000e-01
9.461669921875000000e-01
9.665832519531250000e-01
9.899902343750000000e-01
9.065246582031250000e-01
9.892120361328125000e-01
4.651031494140625000e-01
7.272186279296875000e-01
9.235687255859375000e-01
9.836883544921875000e-01
9.869995117187500000e-01
8.732452392578125000e-01
9.765930175781250000e-01
9.922027587890625000e-01
9.809112548828125000e-01
9.955749511718750000e-01
9.970855712890625000e-01
9.841613769531250000e-01
9.955596923828125000e-01
9.927520751953125000e-01
9.987335205078125000e-01
9.984283447265625000e-01
9.967651367187500000e-01
9.950866699218750000e-01
9.980621337890625000e-01
9.979705810546875000e-01
9.388885498046875000e-01
9.736785888671875000e-01
9.986572265625000000e-01
9.974670410156250000e-01
9.951171875000000000e-01
9.970703125000000000e-01
9.682159423828125000e-01
9.930877685546875000e-01
9.418487548828125000e-01
9.648895263671875000e-01
9.908905029296875000e-01
9.892883300781250000e-01
9.883728027343750000e-01
9.832763671875000000e-01
9.966735839843750000e-01
9.980468750000000000e-01
9.961547851562500000e-01
9.930572509765625000e-01
9.962463378906250000e-01
9.208526611328125000e-01
9.465637207031250000e-01
9.697570800781250000e-01
8.447723388671875000e-01
9.988708496093750000e-01
9.948272705078125000e-01
9.837646484375000000e-01
9.743347167968750000e-01
9.900817871093750000e-01
9.916076660156250000e-01
9.797515869140625000e-01
9.949798583984375000e-01
9.955749511718750000e-01
9.980316162109375000e-01
9.906005859375000000e-01
8.966979980468750000e-01
9.022216796875000000e-01
9.976959228515625000e-01
9.906158447265625000e-01
9.937438964843750000e-01
9.813079833984375000e-01
9.937591552734375000e-01
9.931182861328125000e-01
9.922790527343750000e-01
9.971466064453125000e-01
9.980468750000000000e-01
9.980163574218750000e-01
9.758605957031250000e-01
9.953460693359375000e-01
9.983215332031250000e-01
9.947814941406250000e-01
9.982452392578125000e-01
8.400421142578125000e-01
9.328765869140625000e-01
9.978637695312500000e-01
9.942932128906250000e-01
9.909362792968750000e-01
9.654388427734375000e-01
9.876098632812500000e-01
9.939880371093750000e-01
9.495544433593750000e-01
9.911956787109375000e-01
9.977874755859375000e-01
9.929809570312500000e-01
9.929046630859375000e-01
9.968566894531250000e-01
9.819030761718750000e-01
9.732818603515625000e-01
9.977416992187500000e-01
9.976348876953125000e-01
9.845275878906250000e-01
9.672393798828125000e-01
9.878997802734375000e-01
9.468688964843750000e-01
9.162902832031250000e-01
9.964599609375000000e-01
9.986419677734375000e-01
9.978179931640625000e-01
8.830108642578125000e-01
9.794006347656250000e-01
9.269104003906250000e-01
9.893188476562500000e-01
7.725219726562500000e-01
7.837982177734375000e-01
7.173919677734375000e-01
9.866943359375000000e-01
9.976959228515625000e-01
9.926300048828125000e-01
9.932250976562500000e-01
9.952697753906250000e-01
9.940185546875000000e-01
9.821472167968750000e-01
9.975891113281250000e-01
9.937896728515625000e-01
9.986724853515625000e-01
9.947052001953125000e-01
9.980926513671875000e-01
9.979553222656250000e-01
9.221649169921875000e-01
9.990844726562500000e-01
9.867248535156250000e-01
9.681091308593750000e-01
9.952545166015625000e-01
9.972534179687500000e-01
7.168731689453125000e-01
9.980773925781250000e-01
9.705963134765625000e-01
9.972229003906250000e-01
9.935607910156250000e-01
9.984741210937500000e-01
9.970092773437500000e-01
9.986114501953125000e-01
9.707031250000000000e-01
9.454345703125000000e-01
9.982147216796875000e-01
9.874877929687500000e-01
9.958953857421875000e-01
9.684295654296875000e-01
