7.847400380207083526e-01
9.008453820020542180e-01
8.351023502653525110e-01
8.297999733889209750e-01
7.319614757118045878e-01
3.158117547449375562e-01
4.044308272448738917e-01
9.248522375457359779e-01
8.661139896373056812e-01
9.233128834355828207e-01
3.200216701493692195e-01
7.772243572845706217e-01
8.867400473202345923e-01
7.760783806505853200e-01
6.811798435298119792e-01
7.374454402833221511e-01
2.364789257739649264e-01
8.464357310685262092e-01
8.305877567622533819e-01
9.752502862511376325e-01
6.211811822361573698e-01
6.072974455892214962e-01
7.504210687490430187e-01
5.543640897755610641e-01
6.799581760504722627e-01
9.225228933017800559e-01
8.709616474589080282e-01
5.925263133108855662e-01
7.450886439865835875e-01
8.068763716166789113e-01
6.781588882641176319e-01
8.608471892319873309e-01
7.190610464415684300e-01
9.642306279838414040e-01
6.520738107330286137e-01
9.464052287581699030e-01
7.192593661076069900e-01
5.406547503400038757e-01
4.104204753199268696e-01
3.275391466743283742e-01
4.186471663619744099e-01
7.518401682439537215e-01
8.429291488349975880e-01
5.606554324550786506e-01
9.022919179734619766e-01
7.744466097036926122e-01
9.615384615384615641e-01
8.573256557901471897e-01
9.589167280766396351e-01
8.140096618357487435e-01
9.516710747775907198e-01
8.339083292262198244e-01
9.633494363929147042e-01
9.206721375537318952e-01
6.501193082580993821e-01
7.509607993850884178e-01
8.771508603441376950e-01
3.270618664219265143e-02
7.386897108512991972e-01
7.978992413927251670e-01
6.134228187919462671e-01
8.601221694329610479e-01
7.060418863944553092e-01
5.203845560639556167e-01
8.319456759153132097e-01
5.715475364330325769e-01
7.098304174683430778e-01
7.192171785811362072e-01
9.439507050598412441e-01
5.348073933321817464e-01
9.190401435299394572e-01
8.739957716701902690e-01
5.517483130312855755e-01
5.703871973960805697e-01
9.562332798287854763e-01
9.496734537072608617e-01
4.817482687824059528e-01
9.548762736535661988e-01
8.871006294319178087e-01
8.862489323705257105e-01
9.158007882479397566e-01
6.263319487086870252e-01
8.055642934535668376e-01
9.673390970220940854e-01
8.608905764584052767e-01
9.708824183151811837e-01
6.754491017964071586e-01
8.936170212765957022e-01
8.236052886165753373e-01
9.467613132209405924e-01
9.050708404852646494e-01
2.032735775526110789e-01
8.641975308641974829e-01
9.371316306483300496e-01
2.110709803017495334e-01
8.225379243920057926e-01
9.217393875770704126e-01
8.959180067149673521e-01
8.370292150651179597e-01
8.476847002655104601e-01
9.377990430622009654e-01
8.301886792452830566e-01
8.961330619692610133e-01
9.176696410043577723e-01
9.155502289945640637e-01
9.114353579911774750e-01
9.487575459778183617e-01
7.557201155486267252e-01
2.328000000000000069e-01
9.224137931034482873e-01
9.789333839438223439e-01
3.022992838296268414e-01
7.016082256788821470e-01
6.897374701670644370e-01
3.475331880324945555e-01
5.784832451499117845e-01
8.695446294688659039e-01
9.234713568947455764e-01
8.641344823917438411e-01
7.385395070260308836e-01
9.462962962962963021e-01
8.702594810379241652e-01
8.404909357054385355e-01
9.598532708375789868e-01
9.591078066914497935e-01
8.958820776789891971e-01
6.840654116752233893e-01
9.570552147239264063e-01
9.041078915301844487e-01
9.544493561406880433e-01
4.790510295434198818e-01
8.254840440232146248e-01
9.102245305437485223e-01
8.105764545608226124e-01
9.717352415026833112e-01
7.724430599760727656e-01
8.799392097264437940e-01
9.163113006396588212e-01
6.680462394748108990e-01
9.436231520922074845e-01
9.658869395711501271e-01
2.604556423937830489e-01
7.583012795352853663e-01
6.808962514601253346e-01
1.430577351945155617e-01
4.847736027327567143e-01
7.768513167671097230e-01
7.005405405405404906e-01
3.556415929203539661e-01
2.497313341180082968e-01
5.734433848866095085e-01
9.679218967921896510e-01
6.202283751619415142e-01
8.294635708566853172e-01
5.259602288204848763e-01
9.661758053977986815e-01
9.497138184791495963e-01
7.690339439801834320e-01
5.956838905775075910e-01
9.164000556405619280e-01
5.893768297783353871e-01
8.490582089806196775e-01
8.197244722994146970e-01
7.723704866562008942e-01
8.259607944286819770e-01
5.258819358269810618e-01
8.393467527535131145e-01
6.414181529352299682e-01
5.999217396165241745e-01
9.545665275846082487e-01
9.002574002574003087e-01
5.175438596491228616e-01
9.220380601596070980e-01
7.907877365410004300e-01
7.749188862898965802e-01
8.412983898595409737e-01
8.809676141729884113e-01
9.115569181551586020e-01
9.512648809523809312e-01
4.631521907416008554e-01
2.446808510638297796e-01
8.524921135646688075e-01
8.736201501276661396e-01
8.190712749522914560e-02
9.313432835820895095e-01
9.516446720504234680e-01
9.384336803983702735e-01
4.787234042553191737e-01
9.037712491319181973e-01
9.103907822586242427e-01
8.821955844507652911e-01
5.282331511839708504e-01
8.001486712506968857e-01
6.579706035256864816e-01
8.937580714593198472e-01
5.345703817515660150e-01
7.596633161722644578e-01
9.715025906735751393e-01
9.269330811066446296e-01
9.310344827586206629e-01
9.401402121157649283e-01
8.994915917090340329e-01
9.499105545617173574e-01
9.269685842513259999e-01
9.383672152307196423e-01
3.511744576231768389e-01
8.591983556012332546e-01
9.382309080919865041e-01
9.451028121196591858e-01
8.928244274809160608e-01
8.677461981231382460e-01
9.124695484675089396e-01
9.585094723657429094e-01
8.172540057651855872e-01
8.523698523698524099e-01
9.445022874270390112e-01
9.737507018528915870e-01
9.729758799645056300e-01
9.601488660021740840e-01
9.387852778353886762e-01
8.028546550340611709e-01
9.553745223848316703e-01
6.754817548175481301e-01
9.208278130567865150e-01
9.025761602944183393e-01
8.914660432921460709e-01
7.229359848061669425e-01
9.434114793856103187e-01
3.170050845767837799e-01
8.210915952968500520e-01
9.655545980549058438e-01
3.643074759784392103e-01
9.722631437215859540e-01
9.179782812709478268e-01
9.839077899660337856e-01
8.865411493874866267e-01
9.806075076270062141e-01
9.726460083816759195e-01
9.746543778801843860e-01
9.813880674899982948e-01
8.829285973178687685e-01
7.325650287636412683e-01
9.177871148459383344e-01
8.570795152231747149e-01
9.438139608967467398e-01
9.556342720864167140e-01
8.603271058245522962e-01
6.362900555535115910e-01
9.519365023459414044e-01
5.970922459893047707e-01
9.222241468906980932e-01
9.674029715835263943e-01
9.460801179651019410e-01
9.828391411280293921e-01
9.759267937745109700e-01
9.522565191355000236e-01
8.789688031315487926e-01
9.789387755102040289e-01
5.096879897421284777e-01
9.190781674918067079e-01
4.978280795440959694e-01
8.425227594993938141e-01
9.188703004137435126e-01
9.774324824269330358e-01
9.658179503500954333e-01
8.980668500584090275e-01
8.541341653666146838e-01
9.131360946745562535e-01
9.450888430727584222e-01
8.308131461194260270e-01
8.034839653376476543e-01
9.128094725511302077e-01
9.676684678247666760e-01
9.658126437693345112e-01
8.677835502889498231e-01
9.421744479699539765e-01
8.315515108676444500e-01
9.709879518072289661e-01
9.643480428820743189e-01
9.606157373290755697e-01
6.120276162790697638e-01
8.297780464634251230e-01
8.984947557818053765e-01
9.665427509293680330e-01
9.600964970583166780e-01
8.634206363156969877e-01
9.569607343192249038e-01
9.691707562602239756e-01
9.884402636547315879e-01
8.896234483715124153e-01
9.268371417371855658e-01
7.568858285206574443e-01
9.131894484412470536e-01
8.947060544018718975e-01
9.045619255597417974e-01
7.564167759548215964e-01
9.642195295794725451e-01
9.463278764626370521e-01
7.798824557223413834e-01
9.553534272635396674e-01
9.754042617500378043e-01
8.956807274564283494e-01
9.601294688833308388e-01
8.328803562134967642e-01
9.301399613899613561e-01
9.823870904260553205e-01
9.741013303141805579e-01
7.553053701305171286e-01
9.724422442244224918e-01
9.602604615531935561e-01
8.061483792326922249e-01
9.633625602139590516e-01
8.345629719642392308e-01
7.868336748535311731e-01
9.404888416578108812e-01
9.497501198055726679e-01
9.655240076133665417e-01
9.478875689392312065e-01
8.292194319238749278e-01
5.143602502475904670e-01
9.783599934649259700e-01
8.887351778656126244e-01
9.609574320040821238e-01
8.368084295718208887e-01
9.369420635202901915e-01
8.465208234839042278e-01
8.439587128111718517e-01
9.255634150353676537e-01
9.685871364630382896e-01
9.865581706751815894e-01
9.591836734693877098e-01
9.569124009897568284e-01
7.269894846163832414e-01
9.583147016445570099e-01
9.668784710061539833e-01
9.399285294250689926e-01
8.844794400699912407e-01
9.622139588100686591e-01
8.189560218144695813e-01
7.566640592093386575e-01
9.619204258684980191e-01
8.535455706984668156e-01
9.269676936509916310e-01
8.976308214628385684e-01
9.863478433804002687e-01
6.582329929380683620e-01
9.477684446138898711e-01
9.230717162486885563e-01
9.736749185923339045e-01
8.590696493963235758e-01
9.742122685847398600e-01
9.708434012196525131e-01
8.129244851258581317e-01
8.789727126805778612e-01
9.736913332972446655e-01
9.769397721106890531e-01
9.691324572099534462e-01
8.784089397365970608e-01
9.808664371879555199e-01
9.340005742647360387e-01
8.646638054363375847e-01
7.170464190115557468e-01
9.817179338363319907e-01
8.261638756270750505e-01
8.254349130173964655e-01
9.232589320924362575e-01
9.628473174539546875e-01
8.500750375187593466e-01
8.808432281414693144e-01
8.305059420044428320e-01
9.481163907744829533e-01
9.034267912772585563e-01
9.597886219139625252e-01
9.013193381441796381e-01
8.855297810166311567e-01
9.506149621995712007e-01
9.713994392046902959e-01
7.478977680460743294e-01
9.799580992639560506e-01
9.724109411000176895e-01
8.526321967251598855e-01
9.256519708473177621e-01
9.447721179624665178e-01
7.612042209807572402e-01
9.550269666301381966e-01
9.107476122516192651e-01
9.027536707791903314e-01
9.073400262892195034e-01
7.920833771975998028e-01
8.803181872966132637e-01
9.752859765569834583e-01
7.716390213914092744e-01
9.185955786736020867e-01
8.978289421491973954e-01
4.998179712063544611e-01
6.727030625832223221e-01
9.693435023179303167e-01
9.561147633767251852e-01
7.606220058116704985e-01
9.695008843449376412e-01
5.129859654783029688e-02
8.282603865807598442e-01
9.733234700494077796e-01
9.113756462786901658e-01
9.518413597733711429e-01
8.588329580582375611e-01
9.789528613671942825e-01
9.108784254583981443e-01
9.464194590916822358e-01
8.405993320696814042e-01
9.521094201502600107e-01
8.587434973989596099e-01
8.503996954701179556e-01
8.953254946945798931e-01
9.538444771402103672e-01
9.444051548011943575e-01
9.288206320974141672e-01
9.770858317628918766e-01
8.326747779820821149e-01
5.870150435471100936e-01
9.463856111811204119e-01
1.731112951741575479e-01
9.288506645817045104e-01
6.443358920679227442e-01
8.845873816876302920e-01
7.954477199083220817e-01
9.545261682070581566e-01
9.705709240729840648e-01
8.364166590722682537e-01
8.846412150643178096e-01
9.607401105912377615e-01
7.628960079106502645e-01
9.740117021592562541e-01
7.791827369037738205e-01
8.484628872004675859e-01
9.114001530221882419e-01
8.619185006795584414e-01
9.266972450927324356e-01
7.161461522759746678e-01
7.984197730956239525e-01
9.155065041236865042e-01
8.738956668068994516e-01
7.939771547248182237e-01
5.022177523337975069e-01
7.783641160949867910e-01
8.535142922132079590e-01
8.955125847301770303e-01
9.032802446999261825e-01
9.174440298507462455e-01
9.344413665743305231e-01
9.420622532366174084e-01
9.540240220951891059e-01
9.151086005251014566e-01
9.493726937269372224e-01
9.507052734278107486e-01
9.372787767237718004e-01
8.684602713938348595e-01
9.356143079315707434e-01
9.045970795024337319e-01
8.913582696696100705e-01
9.597397815146679889e-01
8.501027698933150134e-01
9.184073860357760966e-01
2.694592060018755619e-01
3.964347209561430163e-01
9.335755679030354193e-01
9.794450747014824543e-01
9.713362939039160704e-01
8.923001127951147859e-01
9.434449196283734018e-01
9.879050391725248126e-01
9.350838046806081438e-01
9.463955637707948121e-01
9.438400470449868074e-01
6.651612903225806450e-01
9.092043681747269401e-01
7.047855811062772036e-01
9.711304347826087424e-01
9.216730038022813432e-01
8.386605783866057928e-01
9.266848816029144009e-01
9.597974042418486729e-01
9.567479674796748323e-01
2.523800634683591726e-01
7.644408029496108092e-01
9.533898305084745894e-01
9.552560646900269958e-01
5.480225988700564432e-01
9.183673469387755306e-01
7.784278268269333445e-01
9.162816484938088868e-01
8.748152284597444650e-01
8.228773766453698624e-01
9.625634915658117796e-01
8.129994672349494245e-01
9.643825371599513696e-01
8.597748208802457048e-01
9.700796047213834372e-01
9.524870081662955013e-01
9.398568019093078707e-01
8.634043830681477072e-01
9.366632337796086949e-01
4.300626304801670186e-01
8.621042683887226721e-01
7.807522123893805288e-01
5.052283449248576863e-01
9.670818505338077964e-01
9.664323200316863316e-01
9.662992525022171542e-01
9.375649591685226714e-01
8.806024981631153103e-01
8.621553884711778970e-01
7.522867276460705188e-01
9.515962924819773017e-01
9.505962521294718526e-01
9.734622505657272162e-01
9.269622954707137374e-01
8.157422023841924830e-01
9.157924581797562136e-02
9.485869935308137713e-01
8.673711451369420233e-01
8.977556109725686184e-01
7.622744032602367659e-01
8.723072119887604892e-01
9.533464363297817767e-01
8.676085818942961270e-01
9.506726457399102825e-01
9.676113360323886914e-01
9.310710498409331404e-01
8.301846285959639804e-01
9.476574566672386624e-01
9.766751484308736631e-01
8.963636363636363624e-01
9.393139841688654679e-01
2.876945029557654299e-01
8.588390077977088310e-01
9.642309657639244191e-01
9.194659776055125189e-01
9.143104443162146655e-01
8.012286090390522419e-01
8.364222401289282960e-01
9.348329474032418540e-01
8.127760788311246820e-01
9.148087996456518711e-01
9.167145318782309316e-01
8.854010961634279919e-01
8.987148769331300135e-01
9.654246391406512418e-01
8.513039117352055873e-01
9.119170984455958751e-01
9.457478005865103121e-01
9.566433566433566460e-01
7.882205513784461548e-01
6.713607837134547562e-01
8.560014526965680215e-01
6.070864364703226768e-01
7.716830364574662759e-01
9.170836311651179296e-01
9.194570135746605866e-01
9.457717102768297135e-01
6.193336974330966305e-01
8.750925240562545948e-01
7.681958962446767680e-01
9.437208554429972196e-01
1.555454854423926614e-01
7.514864509339647114e-01
4.110794719130209801e-02
9.494258206704558889e-01
9.296037296037296116e-01
8.790988735919900154e-01
9.305164319248826477e-01
9.010848755583917846e-01
8.969505783385909314e-01
8.166144200626959115e-01
9.374505146476642681e-01
9.242226773412772767e-01
9.491525423728813804e-01
9.651711331928134463e-01
9.395258829221093677e-01
9.628190899001110026e-01
7.281641353583799825e-01
9.439252336448598069e-01
9.312904754383193318e-01
9.383116883116883189e-01
8.334226031065881113e-01
9.680511182108626489e-01
1.247228642860512271e-01
9.439002671415850365e-01
6.143686211727036328e-01
8.744827586206896930e-01
8.864370290635091854e-01
9.463519313304721292e-01
9.089219330855018431e-01
9.353233830845770758e-01
8.069575708827669835e-01
7.289677125966348425e-01
9.582590082054941449e-01
6.603148301574151002e-01
9.297833463847559043e-01
8.199147010183653883e-01
