6.878599624668348955e-01
8.201697597467990652e-01
7.168890335177351414e-01
7.100918475785638062e-01
9.589740053781976581e-01
1.000000000000000000e+00
2.534711964549483110e-01
8.626936203728012842e-01
8.859444562221751029e-01
9.994891443167305267e-01
1.000000000000000000e+00
6.367935252125676016e-01
9.515048936639929344e-01
6.375953032436310064e-01
5.431228206121658797e-01
9.701651136177864565e-01
1.000000000000000000e+00
7.374499971829399092e-01
8.356865152445263067e-01
9.798820058997049776e-01
9.131967308362706204e-01
9.497092191820002416e-01
6.030144570901261325e-01
8.920545746388442998e-01
6.003630218439005573e-01
9.439882080437986822e-01
9.976195628651807201e-01
1.000000000000000000e+00
6.926503340757238503e-01
9.996978851963745916e-01
5.145420414929666730e-01
1.000000000000000000e+00
5.678720974495622409e-01
9.925903523363073244e-01
7.613456672991777419e-01
9.872727272727273018e-01
6.758421843810837881e-01
9.752913344431788367e-01
6.261579838629345307e-01
1.000000000000000000e+00
1.000000000000000000e+00
6.023588879528222195e-01
7.296660958904109817e-01
3.895213454075032167e-01
8.685555039479795347e-01
8.906959370151140698e-01
9.813307802776447542e-01
9.992542878448918975e-01
9.214020180562931817e-01
7.334058759521219217e-01
9.301997649823736669e-01
1.000000000000000000e+00
9.452660851978258449e-01
8.530050687907313467e-01
9.228942589747171077e-01
6.032726150046310298e-01
9.864986498649864766e-01
1.662496289070783395e-02
5.869327631266334500e-01
6.659090909090908950e-01
7.852233676975944876e-01
9.938685298730928208e-01
9.991471215351812596e-01
8.014251781472684355e-01
7.905877517468146154e-01
1.000000000000000000e+00
5.511012297644688473e-01
5.615449915110356516e-01
8.971731050794008455e-01
3.650082527705729718e-01
8.516209476309226645e-01
7.767756482525366435e-01
3.809754326515793488e-01
4.645954156310411753e-01
9.920071047957371713e-01
9.848605577689243384e-01
1.000000000000000000e+00
9.479768786127167335e-01
8.007959531058953528e-01
8.123265248025051122e-01
8.486055776892430513e-01
4.559558243491980134e-01
6.747072599531616088e-01
9.545023696682464198e-01
7.575941676792223856e-01
9.625385632437196692e-01
5.099457504520795714e-01
8.153078202995008850e-01
7.001096491228070429e-01
9.011824324324324564e-01
8.282306586443746177e-01
1.131355196946035035e-01
7.608695652173913526e-01
8.823121387283237027e-01
1.179873421346544909e-01
6.985685071574642135e-01
8.562245907043182225e-01
9.672935404742436516e-01
7.197336561743341576e-01
7.534098289673089033e-01
9.912339851652056666e-01
7.104959630911188428e-01
8.118125754974887531e-01
8.478646407515697536e-01
8.546428000639284539e-01
9.904129793510324520e-01
9.393939393939394478e-01
6.147634234133423359e-01
3.093769934084626971e-01
9.736123748862602900e-01
9.858562691131498301e-01
1.000000000000000000e+00
9.866528251520094717e-01
7.804391217564869976e-01
2.103117505995203973e-01
6.429080541696364781e-01
7.741708825182687104e-01
8.578233034571062232e-01
7.607718246534282969e-01
9.581589958158995834e-01
9.953252824308531643e-01
8.026509572901325829e-01
8.227954144620811539e-01
9.561510353227771208e-01
9.735849056603773644e-01
8.323913043478260443e-01
5.198323820533198303e-01
9.198861325742171413e-01
8.249971731182390577e-01
9.310086239220097815e-01
3.149685090352580819e-01
7.061719467082023804e-01
8.401890504511431157e-01
6.909839956598399224e-01
9.720830350751610283e-01
6.315051302871484973e-01
7.920656634746922053e-01
8.560756972111553953e-01
5.015536269152469639e-01
9.781818181818181523e-01
9.528846153846153300e-01
1.497263586610665664e-01
6.108125197597217282e-01
9.488950276243094395e-01
1.000000000000000000e+00
9.619267378136717728e-01
6.351241900647948135e-01
5.392360822168594803e-01
2.206588881262868951e-01
1.000000000000000000e+00
4.136416184971098420e-01
9.696606786427145463e-01
4.495152415058083495e-01
7.086183310533515911e-01
3.592052388748325775e-01
9.522488607093322344e-01
9.351851851851852304e-01
6.260969772183316850e-01
4.241807713951776804e-01
8.679841897233201431e-01
9.963235294117647189e-01
8.286008435455481935e-01
7.819514946418499868e-01
6.300917127984797528e-01
7.037525410691720662e-01
4.321194464675892077e-01
8.552631578947368363e-01
4.721233058729736864e-01
8.809719257921523328e-01
9.363346975898135804e-01
8.234255444379046107e-01
3.491124260355029651e-01
8.908659549228944430e-01
6.539693322981366963e-01
6.332470094956221818e-01
7.260699238672481126e-01
7.873012415595730396e-01
8.374869879370522296e-01
9.726131608976796850e-01
3.063021553268827080e-01
1.393939393939394034e-01
7.429074114800967576e-01
8.025749559082892004e-01
4.270237832033100395e-02
1.000000000000000000e+00
9.335329919814511213e-01
9.561808118081180918e-01
3.146853146853146876e-01
8.269878985467205013e-01
8.408770355173740274e-01
7.912351565584474500e-01
6.568218880231926349e-01
6.668731801003655590e-01
7.667988543732099371e-01
8.166942018723939434e-01
3.647874828615210729e-01
6.857817341267889999e-01
9.676684881602913846e-01
8.668730650154798933e-01
8.772563176895307180e-01
8.956092883074182609e-01
8.702232311766932016e-01
9.654545454545454541e-01
8.638783269961977096e-01
9.850948509485094595e-01
9.998108210367007143e-01
7.705632772494513949e-01
8.849570624814924180e-01
9.160561281509996823e-01
9.189189189189189699e-01
9.785321008233570650e-01
8.986720232116951479e-01
9.610675039246467932e-01
7.002358595523118234e-01
9.210747271200672159e-01
9.902090500132310069e-01
9.526229057951112189e-01
9.519600105235463960e-01
9.298765255870387048e-01
9.918419633225458165e-01
6.706409195926865685e-01
9.926591760299625644e-01
5.101408886824585487e-01
8.532723732114131376e-01
8.242158327109783134e-01
9.979608482871125119e-01
5.792158968850698031e-01
9.346468044209514936e-01
1.886296223057148391e-01
6.979671160193725576e-01
9.818236442842120937e-01
2.227236908087971978e-01
9.890743844269691554e-01
9.150096215522770526e-01
9.807948490230905536e-01
7.977656937816742788e-01
9.723274410774410681e-01
9.940501308127268620e-01
9.802865226027809298e-01
9.751685199055136755e-01
9.661737208907019703e-01
5.779902286024488633e-01
8.494944257194710913e-01
7.499030130609077860e-01
8.938753959873284582e-01
9.548640313989347206e-01
7.798743612582625939e-01
4.784894176234610330e-01
9.521880268753617482e-01
4.295577501073422066e-01
9.592792792792792511e-01
9.409825255522584753e-01
9.359136438782456047e-01
9.935747010839199866e-01
9.676449009537784196e-01
9.218931168968061973e-01
7.842376349396740220e-01
9.655394524959742819e-01
3.420008603795229862e-01
8.502999806464098809e-01
3.314993365767359701e-01
7.278957460407641245e-01
8.506716997890529930e-01
9.814264487369984691e-01
9.987493417588204636e-01
8.959398496240601473e-01
7.454050374404356250e-01
8.401567944250870612e-01
9.051854085016580731e-01
7.161667885881491946e-01
6.715195969474697657e-01
8.408527516113039058e-01
9.774900757849152022e-01
9.903212688084587212e-01
7.697804473902236655e-01
8.908617786621766399e-01
7.224333141431587002e-01
9.558479347207287091e-01
9.822521937868570197e-01
9.501133786848072749e-01
4.409624044402555287e-01
7.161598091830649881e-01
8.256310992822001316e-01
9.381689193321509634e-01
9.882430446460244156e-01
7.607247947963450274e-01
9.193611601019008317e-01
9.512164999382487496e-01
9.808703655009203271e-01
8.088012777404169906e-01
8.636500365261484680e-01
6.088626820334137602e-01
8.405650857719475511e-01
8.114775842249535298e-01
8.261155430875778416e-01
6.084129854473434573e-01
9.329655172413793274e-01
9.280434899041294372e-01
6.391863303498779292e-01
9.996267728290619825e-01
9.681617040426010456e-01
8.117118241977775428e-01
9.269886363636363757e-01
7.136203735817271410e-01
8.709159925889105036e-01
9.840331164991129587e-01
9.790896159317211689e-01
6.068198190986953122e-01
9.473768822678313439e-01
9.285185185185185208e-01
6.752500605683037227e-01
9.977651169378953799e-01
7.172696754942186059e-01
7.087005121006524355e-01
8.879598662207357496e-01
9.266736803433361924e-01
9.424270282693633094e-01
9.019550570549519364e-01
8.480405069218837077e-01
3.462213839750259980e-01
9.805007293620314757e-01
7.999644223072134297e-01
9.942407371856402110e-01
7.194072333792667084e-01
9.993171989985585313e-01
7.338847902228183839e-01
7.994631901840490995e-01
8.655488039381585841e-01
9.448919371560730029e-01
9.814530177272261513e-01
9.262253663466397668e-01
9.177007105737617909e-01
5.710789312665714990e-01
9.801809126943794581e-01
9.740914360602852540e-01
9.865400593471810309e-01
8.250310112946399599e-01
9.859026963657678833e-01
6.934170419908102234e-01
6.085757150462178799e-01
9.385995001715097263e-01
8.881072397939400176e-01
8.834140687687598303e-01
8.142742367434386841e-01
9.895544810102812061e-01
4.905717531238167339e-01
9.030866946351981950e-01
8.599987387273759776e-01
9.555675342676728246e-01
7.537698033975949174e-01
9.947421131697545826e-01
9.982962612399431945e-01
6.848127814446980377e-01
7.840778923253149957e-01
9.681881795672300228e-01
9.742965367965368273e-01
9.948540831227834502e-01
7.844371844371844649e-01
9.665098087147833139e-01
8.961391632885985503e-01
7.617323556370302340e-01
5.589028548165487775e-01
9.923731299501320491e-01
9.769587894767008951e-01
7.027579162410623193e-01
9.930858960763521148e-01
9.295665634674922240e-01
7.407262107144414465e-01
8.211241594847996650e-01
7.214107711477225626e-01
9.051769877965587519e-01
9.513395297977036424e-01
9.538815033645166030e-01
8.212587338274753845e-01
7.962242117555469179e-01
9.554665053682140918e-01
9.499451590387875122e-01
6.276405188387893519e-01
9.955173842618751934e-01
9.954039671020803448e-01
7.431202046035805253e-01
8.777448193465990922e-01
9.369018078695497964e-01
6.144711128927193844e-01
9.160346248969497562e-01
8.361217496472485022e-01
8.240130170420484346e-01
8.308446429194431548e-01
6.557434199058741475e-01
7.862217438105489897e-01
9.629113218070273206e-01
6.291304670676468591e-01
8.494468494468494502e-01
8.165202334380812221e-01
3.331715495940699157e-01
5.068218298555376977e-01
9.710376510536302685e-01
9.825950782997763255e-01
6.544803351804298064e-01
9.432552673549903233e-01
1.000000000000000000e+00
7.068638604474781761e-01
9.506716857260093523e-01
8.380772460117548173e-01
9.165719481700386195e-01
7.525917998796066710e-01
9.703448275862068817e-01
8.388270660830124958e-01
8.988691437802908135e-01
7.254810313936277399e-01
9.824673001232457903e-01
7.524544179523141585e-01
7.397350993377483919e-01
8.104880581516095139e-01
9.164397905759161800e-01
8.968025967242473362e-01
8.983690078406721957e-01
9.617216812107415302e-01
1.000000000000000000e+00
4.154432365796256743e-01
9.041260807704936120e-01
4.988066825775656077e-01
9.911563490739195847e-01
4.752916952642415871e-01
8.471340642431236523e-01
6.630477746449181531e-01
9.338025627143115015e-01
9.462588258775979089e-01
7.188283208020049830e-01
7.931449745252431294e-01
9.981880855577160983e-01
6.219691175558633711e-01
9.569861094899031473e-01
6.382468207630168644e-01
9.607931381373431279e-01
8.372223784087714504e-01
7.573433899015293846e-01
8.893992836245318001e-01
5.578097176291020309e-01
6.644747934581014537e-01
8.491113043866104215e-01
7.765783447824664565e-01
6.583433786809023136e-01
3.363732145016149477e-01
6.371490280777537540e-01
7.444613451491303158e-01
8.132321714026674586e-01
8.521393034825870405e-01
8.490647482014388459e-01
8.864751226348983604e-01
8.943514644351464593e-01
9.168868367120175389e-01
8.447414806110458141e-01
9.133768815677364428e-01
9.083038422649140076e-01
9.298405786923239491e-01
7.686220062478306136e-01
8.981785607644072744e-01
8.258121852473585545e-01
8.046574115539633087e-01
9.275207591933570805e-01
8.808823529411764497e-01
8.743133377279719287e-01
1.566513205718439439e-01
9.976210705182667615e-01
8.823824325679334724e-01
9.695458525257908411e-01
9.534376857539131889e-01
8.066761996296208936e-01
9.088648955817587582e-01
9.889115291664691831e-01
8.853296649307261790e-01
9.133071708883339079e-01
9.956575682382133863e-01
4.983083615273078970e-01
8.335240274599542420e-01
5.441458733205374321e-01
9.964311206281227795e-01
8.595744680851064023e-01
7.221494102228047662e-01
9.292237442922374191e-01
9.825016202203499249e-01
9.774086378737542047e-01
1.444135868404187173e-01
6.187002652519894008e-01
9.183673469387755306e-01
9.736263736263736090e-01
9.797979797979797789e-01
9.415867480383609545e-01
6.392382948986722324e-01
8.454979536152796848e-01
7.779855106333255499e-01
6.990583311535443212e-01
9.296269379844961378e-01
6.889390519187359452e-01
9.341664402789097155e-01
7.540394973070018159e-01
9.489795918367347483e-01
9.216954022988506079e-01
8.933756805807622214e-01
7.596407818277866042e-01
8.838678328474246504e-01
4.135672020287404771e-01
7.576302858329295731e-01
6.602432179607109486e-01
5.230614300100704384e-01
9.510061242344707289e-01
9.928789420142420941e-01
9.603374464870310101e-01
9.996833689543259682e-01
7.866754184443714992e-01
7.577092511013215903e-01
9.531693472090823072e-01
9.240000000000000435e-01
9.058441558441558961e-01
9.571197411003236066e-01
8.675099866844208085e-01
9.291914682539682557e-01
4.804402796370668000e-02
9.830628087508821444e-01
7.755495564982645140e-01
9.340944473274519488e-01
6.205371248025276509e-01
7.735326688815060692e-01
9.108519470251037475e-01
7.665279704114655868e-01
9.059829059829059839e-01
9.632241813602014924e-01
8.780000000000000027e-01
7.096714993576802577e-01
9.846647646219686134e-01
9.741962774957698690e-01
8.121911037891268448e-01
8.908908908908909074e-01
9.929643527204502496e-01
8.584258130733208869e-01
9.869246861924686476e-01
8.526357827476038764e-01
8.924246691072936777e-01
6.683748169838945596e-01
7.297012302284709984e-01
8.781852082038533736e-01
6.936013918422578861e-01
8.443717634232761338e-01
8.683351468988030897e-01
9.949608062709965894e-01
8.603002502085070891e-01
9.365027678280690715e-01
7.411045623226369949e-01
8.707012487992314975e-01
8.977035490605428381e-01
9.579831932773109626e-01
6.504653567735263486e-01
9.555555555555556024e-01
8.804632050803138377e-01
4.358392741412832061e-01
6.282442230805719285e-01
9.581777445855115261e-01
9.186256781193490317e-01
9.526355996944232407e-01
8.924023465445700687e-01
7.811364387182028191e-01
9.998740236835474970e-01
9.893796358732299678e-01
7.823361823361822953e-01
6.033628119191122297e-01
2.098530500052859724e-02
9.518548668449819949e-01
8.684668989547038587e-01
8.003646308113036012e-01
9.867241951543311851e-01
8.542044767090138935e-01
8.233590733590733235e-01
6.900662251655629298e-01
8.976497346474602290e-01
8.597159681330101000e-01
9.655172413793103869e-01
9.650742673625050116e-01
9.125939849624060685e-01
9.317937701396348249e-01
5.725299589374004405e-01
9.232175502742230311e-01
8.832958801498127510e-01
8.837920489296635651e-01
9.974358974358974450e-01
9.495125348189414893e-01
1.000000000000000000e+00
9.090909090909090606e-01
1.000000000000000000e+00
7.769607843137255054e-01
8.030229156509020028e-01
9.363057324840764473e-01
8.387650085763292962e-01
9.138888888888888618e-01
6.763863138378560791e-01
5.735241502683363635e-01
9.223901098901099438e-01
4.928880643166357323e-01
8.704789833822091927e-01
6.948952493360873728e-01
