9.866364094805849527e-01
8.031383737517832078e-01
8.239447921681912756e-01
7.820690313648732683e-01
9.555425563030125469e-01
9.928850942725009343e-01
1.000000000000000000e+00
8.532855436081242528e-01
9.257500539607166345e-01
8.668824985717006326e-01
1.000000000000000000e+00
9.842014317452481009e-01
9.230384807596201391e-01
7.887963663890991128e-01
1.000000000000000000e+00
9.391750174784432303e-01
1.000000000000000000e+00
9.900809188201513678e-01
1.000000000000000000e+00
7.404733253108704005e-01
1.000000000000000000e+00
7.156069364161850022e-01
9.316741019018548453e-01
4.525246981339187680e-01
7.225663716814159088e-01
9.396072013093289543e-01
9.979355904211395512e-01
1.000000000000000000e+00
1.000000000000000000e+00
9.902376364804110764e-01
9.976152623211447246e-01
9.745847508505103285e-01
5.963096870714374997e-01
9.891646277525341091e-01
8.314804623004953266e-01
1.000000000000000000e+00
5.512649800266311573e-01
9.331138450875064994e-01
1.000000000000000000e+00
4.847826086956521507e-01
7.251434034416825991e-01
8.653678394882232672e-01
1.000000000000000000e+00
9.649774475988325273e-01
1.000000000000000000e+00
1.000000000000000000e+00
2.578166875111667089e-01
1.000000000000000000e+00
7.856517935258092722e-01
9.328474752732951458e-01
9.924799738433872642e-01
9.889751552795030820e-01
8.625808907499048495e-01
1.000000000000000000e+00
9.988213503956895334e-01
1.000000000000000000e+00
1.000000000000000000e+00
1.000000000000000000e+00
9.978260869565217517e-01
9.938564970441636781e-01
9.817295980511571152e-01
9.365689572320999856e-01
1.000000000000000000e+00
9.526315789473683848e-01
9.085933223864258723e-01
9.989126495106922521e-01
7.259060955518945590e-01
6.883614088820827481e-01
7.668463611859838158e-01
1.000000000000000000e+00
9.923758389261745361e-01
1.000000000000000000e+00
9.698779537782393767e-01
9.851190476190476719e-01
7.751430907604252019e-01
9.765755716675962317e-01
1.000000000000000000e+00
9.992514970059880319e-01
1.000000000000000000e+00
9.986120242530498459e-01
9.941940412528648130e-01
9.968516984258491975e-01
8.623188405797101996e-01
9.946391752577319334e-01
1.000000000000000000e+00
8.230946123521681868e-01
9.963571539296233182e-01
8.593873629478919751e-01
9.993425378040762252e-01
9.862119836586472621e-01
9.898236092265942920e-01
9.989675035322247432e-01
1.000000000000000000e+00
9.007817197835237266e-01
6.938526021655605502e-01
9.960117432005760607e-01
7.327430726348581613e-01
9.931567328918322612e-01
9.382071366405569934e-01
1.000000000000000000e+00
1.000000000000000000e+00
9.917883211678831801e-01
4.803844335906727325e-01
9.928385416666666297e-01
7.802826981570942788e-01
4.141949152542372947e-01
9.991079393398750730e-01
9.967432603582413453e-01
6.658500734933855414e-01
7.236823807537199338e-01
1.000000000000000000e+00
5.133753943217665983e-01
4.150373630873170350e-01
9.576965065502183183e-01
2.309953800923981448e-01
6.117932393512202083e-01
5.855319148936170004e-01
8.316512329622307576e-01
9.630026809651474062e-01
7.328681784201345195e-01
8.055555555555555802e-01
1.000000000000000000e+00
7.687024040615201281e-01
8.177339901477832518e-01
7.524724498445888310e-01
7.462651727357609843e-01
6.551724137931034253e-01
9.981908638625056618e-01
8.198043363299841735e-01
8.535123966942148588e-01
9.971707584192753826e-01
8.924694123729105533e-01
5.396382313532827046e-01
9.990676280457483349e-01
9.829292084726867218e-01
1.000000000000000000e+00
5.166611129623458476e-01
7.167454723882594747e-01
1.000000000000000000e+00
9.510939510939511177e-01
9.705360312389066380e-01
8.056948713800355932e-01
4.559761803487877296e-01
7.475728155339805836e-01
1.000000000000000000e+00
9.997448328655269556e-01
5.902681231380337845e-01
7.817621933048574112e-01
3.791059520869350385e-01
8.096058830288406227e-01
7.012729011846075000e-01
9.584266069715382530e-01
8.312042138402857550e-01
8.014329580348004134e-01
7.746443723483903421e-01
9.968230513483561372e-01
9.283071230342275770e-01
8.708895811699549627e-01
1.000000000000000000e+00
9.996838944207365740e-01
7.568446733532122606e-01
9.714420210262042499e-01
8.859253180139515793e-01
6.209807073954983769e-01
9.987882243923301706e-01
8.818717277486910477e-01
9.999236699488588398e-01
9.246448424953674916e-01
9.537750385208012549e-01
8.250762879195835398e-01
9.759796533534287333e-01
9.044601813889924236e-01
1.000000000000000000e+00
9.792626728110599421e-01
9.971236816874400333e-01
6.114508292846373427e-01
9.676449787835926797e-01
9.892733564013840297e-01
1.000000000000000000e+00
9.853223593964334226e-01
9.992569475404963208e-01
9.911415525114155578e-01
9.667765660664469074e-01
6.849093845325677776e-01
9.981110884214825507e-01
9.187564920611366315e-01
9.848644843365012003e-01
9.893583724569640081e-01
9.907129199672221054e-01
9.987564398649848574e-01
1.000000000000000000e+00
8.337391304347826493e-01
9.916442852879737702e-01
9.933240795822592117e-01
9.989700374531834681e-01
9.891411648568607662e-01
