7.814113597246127307e-01
8.686526743398781392e-01
8.820267980902510851e-01
8.837294620161945113e-01
9.109598184488052475e-01
8.766052484645449061e-01
4.622238061297220257e-01
9.154666373529735113e-01
8.936506146385474469e-01
9.141617601487449507e-01
6.818766818766818227e-01
7.467827403482210080e-01
7.779585197234648586e-01
6.594284288031948549e-01
8.873828746537804069e-01
8.290842872008324926e-01
7.073170731707316694e-01
8.583320945443734251e-01
7.612359550561798027e-01
7.574879227053140651e-01
4.851540616246498572e-01
4.854137725739233744e-01
8.654791154791154906e-01
7.358574171631135918e-01
7.493266295564733337e-01
8.219104155423637703e-01
9.175723766471097775e-01
8.562091503267973414e-01
4.878970362498524227e-01
9.651728872799900660e-01
8.230845936513212502e-01
9.038626998143368674e-01
7.016393442622951282e-01
6.687555953446732149e-01
8.553060742141337380e-01
7.853431527583246696e-01
6.665975103734439466e-01
7.736742424242424310e-01
6.499544211485870360e-01
4.385128693994280180e-01
6.397783251231526913e-01
7.971503562054743641e-01
1.468519169890960263e-01
9.179225308257565885e-01
7.793721973094170918e-01
9.290096406660823813e-01
6.412981373557308240e-01
9.440791100123608892e-01
9.476750234058046729e-01
9.013878743608473298e-01
8.899589516892958407e-01
9.791357349378760899e-01
8.607863974495217896e-01
9.178177759173992145e-01
9.297984155620048208e-01
9.709433461589491721e-01
9.205792014041246363e-01
9.600537092984222642e-01
3.976658742165550264e-01
9.683488138200319062e-01
9.211781206171107961e-01
9.025942241801272470e-01
4.176829268292682751e-01
9.067131647776809356e-01
9.603848330503678143e-01
8.439889874579381557e-01
9.025393957643280674e-01
9.669996206852952136e-01
9.429569266589057364e-01
9.018847983089659515e-01
8.294252304646414498e-01
9.441454815364631603e-01
9.505135387488328202e-01
9.385083002104278593e-01
8.794221152065196945e-01
6.431781412906705242e-01
9.500820419325433086e-01
9.459654178674351543e-01
9.618696186961869232e-01
9.063399455464800081e-01
9.707302353651177107e-01
9.284239504473502658e-01
9.103448275862069394e-01
9.470652497765418287e-01
9.164535379369138646e-01
9.096225412014885547e-01
8.184640193509372663e-01
8.260109173777094860e-01
9.095820753217861432e-01
8.952181865691142271e-01
5.145953504632057030e-01
9.212788961540441246e-01
8.892093654563962835e-01
7.670979667282810111e-01
8.782183800037587362e-01
9.134600445388161294e-01
8.316627763284361041e-01
8.706938379427462404e-01
6.404463040446304323e-01
7.036567321919255935e-01
9.195741195741196083e-01
9.449121962954053489e-01
9.103773584905660021e-01
9.240728048130378847e-01
8.608552631578947345e-01
6.725807019396627950e-01
2.654196756244820432e-01
8.963911525029103489e-01
7.529281564142764616e-01
8.551427889587145392e-01
8.920874267001751567e-01
8.074165636588380712e-01
9.132081304583044012e-01
8.022234574763758008e-01
8.457491422035836592e-01
8.756629345904537454e-01
8.459741473290764979e-01
8.295010845986985348e-01
8.163446591161448440e-01
8.358419899653735108e-01
6.886227544910179521e-01
8.183419215967647764e-01
8.529595447921726192e-01
9.014214509876314896e-01
8.573574513362959282e-01
6.875000000000000000e-01
4.696831663123797740e-01
8.015414258188824359e-01
9.096557408229252184e-01
6.858924395946999208e-01
8.887770508303975969e-01
8.604370761115297528e-01
6.281165620507066505e-01
8.794663604800568857e-01
9.123245140388769325e-01
9.093751684726939510e-01
4.873038875937243941e-01
7.510648622418719667e-01
7.910156250000000000e-01
6.633584512650860798e-01
8.560097620500305426e-01
7.989234909650134719e-01
8.488697524219590562e-01
7.216957605985037105e-01
8.579203109815354278e-01
9.022016222479721792e-01
7.540742556059306656e-01
9.213524779990736047e-01
5.698475304644727846e-01
5.357653189879801880e-01
8.802493307228193009e-01
6.324076098841023841e-01
8.408677544349842936e-01
8.618404354324713523e-01
9.163042045604322672e-01
9.518970440974668934e-01
6.660966224882428621e-01
8.156007073032396359e-01
5.162431650048247000e-01
8.716623600344530765e-01
5.548619989471309522e-01
8.470635237714742027e-01
8.489208633093525691e-01
8.894756695586570894e-01
9.504516835477689884e-01
9.476834872054298309e-01
9.374027528426092104e-01
9.463854451779101229e-01
8.920528086979031546e-01
8.897072031614873255e-01
7.572830075638433689e-01
9.670920080591001167e-01
9.753381689864731863e-01
8.796966563254050575e-01
9.445650931535032324e-01
9.071120451277513430e-01
3.535442814212480284e-04
7.138406764574989349e-01
8.510334996436208499e-01
8.768903735195869853e-01
9.373430086519676241e-01
6.407695153533111698e-01
8.697058602271872108e-01
7.775943882814111419e-01
8.956733557591927131e-01
8.956462143346679561e-01
9.724125812686698067e-01
9.579082596538955885e-01
7.075169932027188802e-01
8.547692307692307256e-01
9.292623941958887412e-01
9.185280411377149123e-01
9.748667174409748615e-01
9.418924892047193520e-01
9.656220322886989171e-01
9.598373157092018326e-01
