9.157841654059505343e-01
9.151212553495007285e-01
9.191141068849302265e-01
8.049840072564090621e-01
9.979526177244808505e-01
8.377801494130202586e-01
1.000000000000000000e+00
9.949820788530465698e-01
8.551694366501186861e-01
8.426966292134830949e-01
6.087319824524755063e-01
9.740804739570476656e-01
9.560219890054972858e-01
1.000000000000000000e+00
8.276354842255688737e-01
7.427173153111162884e-01
1.000000000000000000e+00
7.535891412163925329e-01
9.394666666666666721e-01
7.862013638186923226e-01
7.578763127187864157e-01
3.534682080924855252e-01
8.822102214917429963e-01
6.835894621295279805e-01
6.154867256637167605e-01
9.970540098199672796e-01
9.847233691164326563e-01
9.097222222222222099e-01
9.708646616541353191e-01
9.931920359666024378e-01
9.842011128775834949e-01
9.985991594956974415e-01
5.602792669243236157e-01
5.221950367004544180e-01
9.958172812328013324e-01
1.000000000000000000e+00
6.417443408788282566e-01
7.078495927915439134e-01
1.000000000000000000e+00
1.000000000000000000e+00
9.933078393881452639e-01
7.727537074731026800e-01
1.000000000000000000e+00
9.777129211992571234e-01
1.000000000000000000e+00
9.441805225653207012e-01
5.013400035733428517e-01
9.847343991748324088e-01
9.962817147856517508e-01
8.832639250390421637e-01
9.215301618440412401e-01
9.728260869565217295e-01
7.708412637990103011e-01
1.000000000000000000e+00
9.979794578211820255e-01
9.978183801472593206e-01
9.990476190476190732e-01
9.951287404314543839e-01
1.000000000000000000e+00
9.486495885012170559e-01
1.000000000000000000e+00
8.861124459394521535e-01
1.000000000000000000e+00
9.122807017543859143e-01
9.288451012588944122e-01
1.000000000000000000e+00
9.258649093904448568e-01
9.760081674323634049e-01
9.097035040431267205e-01
1.000000000000000000e+00
7.197852348993288851e-01
9.063056644104026116e-01
9.252142300701116095e-01
9.955357142857143016e-01
9.705641864268192975e-01
9.977691020635806041e-01
9.475598225325477797e-01
9.827844311377245123e-01
9.606879606879606959e-01
8.511213383008254807e-01
9.830404889228419041e-01
8.941176470588235725e-01
9.052795031055900221e-01
9.830927835051546104e-01
1.000000000000000000e+00
8.431340341655716442e-01
7.867772438381646083e-01
8.808635695716061642e-01
9.408284023668639362e-01
8.747730367680435215e-01
9.986431478968792463e-01
9.723943049668514194e-01
9.823805060918463505e-01
9.981960312687913062e-01
8.161019909186167931e-01
9.770121309477649563e-01
9.931136251844564500e-01
7.922737306843267158e-01
9.991296779808529482e-01
9.115553121577217865e-01
9.948608895977316680e-01
8.959854014598540584e-01
9.122420040964235310e-01
9.874674479166666297e-01
9.364823760959026799e-01
9.199730354391371101e-01
1.000000000000000000e+00
9.752125927266147576e-01
1.000000000000000000e+00
7.474621054095397232e-01
8.832755240536872554e-01
7.211987381703469646e-01
9.071552871327669409e-01
9.847161572052401945e-01
7.764244715105698136e-01
7.883886615128088415e-01
7.704964539007091995e-01
9.946935802726043496e-01
9.855227882037533860e-01
7.368552205332669081e-01
1.000000000000000000e+00
7.134895359417652294e-01
9.177243541884425593e-01
8.294547307626974897e-01
9.676462277479513929e-01
5.238095238095238360e-01
1.000000000000000000e+00
9.877883310719131060e-01
9.484399788471707948e-01
9.090909090909090606e-01
8.864652733412430319e-01
9.838014819920730680e-01
1.000000000000000000e+00
9.998135256091497114e-01
9.418199554069118795e-01
9.728919137155380703e-01
3.221426191269576855e-01
6.213756802569363469e-01
9.983566146261297902e-01
9.954035668321382646e-01
9.960951366702165410e-01
6.723831095292024385e-01
8.385793279455551197e-01
7.804746494066882034e-01
9.995471014492753881e-01
9.933656545036999574e-01
6.111221449851043097e-01
9.879805304460117510e-01
3.984522927471803588e-01
3.661955647477881381e-01
8.104628062688543633e-01
4.624240486088903035e-01
9.656717321547496624e-01
8.688729671329467052e-01
8.674819066633391307e-01
9.481344661987439748e-01
7.206290471785383733e-01
7.051459559247721387e-01
3.479297637112508390e-01
7.997471155365891704e-01
1.000000000000000000e+00
8.317119096187038929e-01
9.926138695116947241e-01
9.477491961414791222e-01
9.899493905481502320e-01
9.195026178010471396e-01
8.967254408060453263e-01
9.076590487955528141e-01
8.849512069851053209e-01
8.890683898761443382e-01
9.525244913338357655e-01
9.839731643682445572e-01
9.801418439716311770e-01
9.800307219662058866e-01
9.904122722914668886e-01
8.587284302228178623e-01
1.768033946251768094e-04
5.550173010380622385e-01
9.908713692946058416e-01
9.902606310013717383e-01
9.982166740971912811e-01
4.745205479452054842e-01
9.773438160453123968e-01
6.762964292122735088e-01
9.855013273432713383e-01
9.211307315625463232e-01
9.739528335093277089e-01
9.918622848200312481e-01
9.666757716470909534e-01
9.870314443062710996e-01
9.995664426620420873e-01
9.940869565217391735e-01
9.549388242315726139e-01
9.155264723378940817e-01
9.520599250936329083e-01
9.318854886475814725e-01
