9.765145363001461742e-01
9.999376305859606351e-01
9.851783154877329363e-01
1.000000000000000000e+00
8.916238710819904822e-01
9.433399760860901040e-01
9.235199800744096077e-01
9.966748708252514133e-01
9.957965945848316069e-01
9.999818294145437214e-01
8.457093943933233771e-01
1.000000000000000000e+00
9.823561816321711992e-01
1.000000000000000000e+00
1.790428604333882678e-01
6.464364437913299177e-01
8.151941401439035673e-01
7.373794668179239897e-01
6.995759557181238097e-01
1.000000000000000000e+00
8.325185672652063440e-01
6.197564276048714849e-01
2.562406414071533023e-01
9.998351769101164743e-01
7.804894238428179420e-01
9.886245077912024781e-01
9.774599617742041335e-01
9.978756157635467750e-01
5.522646984607620935e-01
9.964329621997887187e-01
8.724762042111335880e-01
9.927442295920204662e-01
9.977223333043553355e-01
9.692191081860533908e-01
9.425342332288179081e-01
7.452755741994434580e-01
9.939821046797054915e-01
6.716974818037312334e-01
8.054394273637442980e-01
9.883774916429367563e-01
9.986602357984994960e-01
9.519247161512496280e-01
1.629495680128591473e-01
9.956125439150355083e-01
1.000000000000000000e+00
9.954582471966422208e-01
1.000000000000000000e+00
9.733708207231246412e-01
9.863526015353323295e-01
9.906831224503906963e-01
8.319200030017634973e-01
9.984237313886357157e-01
9.857572048514521290e-01
9.899914855334394082e-01
9.836233367451381326e-01
9.967027105658730068e-01
9.969140588654902269e-01
9.985647201984430010e-01
9.688312492261978992e-01
9.936038236482805930e-01
9.963376842896046748e-01
9.965329761248128415e-01
6.807296726341922621e-01
9.993996859895946105e-01
9.998901254139916928e-01
9.994902591713525908e-01
9.925016479894528398e-01
9.951150637800643128e-01
9.987679671457905251e-01
9.738810911016949623e-01
9.687706508068469891e-01
9.759782894160903277e-01
9.974385993353327429e-01
9.945056675062972085e-01
9.934537961642098125e-01
1.000000000000000000e+00
9.767509220460733887e-01
9.932876088935118641e-01
9.954016472181540509e-01
1.000000000000000000e+00
9.946941058805580660e-01
2.467017361052755431e-01
9.971137631339992424e-01
9.859934746069933809e-01
9.883886031615813916e-01
9.866437895303458161e-01
7.941634684804499411e-01
9.877754061634532734e-01
9.735921415595775175e-01
9.725747203205877822e-01
8.981767662576878308e-01
9.379428862392328314e-01
6.105048088902177428e-01
1.000000000000000000e+00
9.420163852198628618e-01
9.343343933618347696e-01
1.000000000000000000e+00
9.985247352719404113e-01
9.944709335735474331e-01
5.197789412449098645e-01
8.647254270115038999e-01
9.975056832533467643e-01
1.000000000000000000e+00
9.951340247844827624e-01
9.965636312075666359e-01
9.988395706411372643e-01
7.569845431296543525e-01
9.710376776816810329e-01
9.272301233442900026e-01
1.000000000000000000e+00
9.218349466273864090e-01
1.000000000000000000e+00
1.000000000000000000e+00
7.402055857253685422e-01
9.581285428047882080e-01
1.000000000000000000e+00
9.779393978487688210e-01
1.000000000000000000e+00
1.000000000000000000e+00
9.946444096678838109e-01
9.980943383933806867e-01
1.000000000000000000e+00
9.741158075426162855e-01
9.997317641536320743e-01
1.000000000000000000e+00
7.950924051459544728e-01
9.118261199696279240e-01
1.000000000000000000e+00
9.900469192023735321e-01
9.897027810728877828e-01
9.864416717052346684e-01
9.689953626973364376e-01
5.004065040650406138e-01
6.267189775117294470e-01
9.552789934354485313e-01
9.748711906729737864e-01
8.917843532840170617e-01
8.769856609052588681e-01
1.000000000000000000e+00
9.050202173153402141e-01
9.881973890688123818e-01
3.907505686125852806e-01
6.702173126869842568e-01
9.875003925756100642e-01
9.850776907529055215e-01
9.475025130853755861e-01
8.954232161451877170e-01
9.931673547386828949e-01
1.000000000000000000e+00
6.813998909084511002e-01
9.685244008085475143e-01
9.832876668429233469e-01
8.136436891817458994e-01
9.911157455683002881e-01
9.902270391479024436e-01
9.890771331320551418e-01
8.870988102376369255e-01
7.837641591635201577e-01
5.896951890090770254e-01
3.167930551098650516e-01
9.924491082833444278e-01
9.845235840121234761e-01
1.000000000000000000e+00
9.973579920739762406e-01
9.462985613605917612e-01
9.996436074429772001e-01
7.736435586917135288e-01
9.999678962406497451e-01
9.986003868593624766e-01
6.713424274736183861e-01
9.022942461762564204e-01
9.857011150347034789e-01
8.772470953336108934e-01
9.985833047918547534e-01
9.953555830780261848e-01
7.550408065290445947e-01
1.000000000000000000e+00
9.957698815566835560e-01
7.692868231790387368e-01
9.777838821549977855e-01
9.780978454945840062e-01
5.558201736709046381e-01
9.502485709497831001e-01
9.895935827093373938e-01
7.491076869504657010e-01
9.654423911790694923e-01
9.986920807081904883e-01
9.578838805667331258e-01
9.854707070707070526e-01
9.845760929440633413e-01
9.838156361308536546e-01
9.960464585053856457e-01
9.976749635023340890e-01
7.215466105897990756e-01
7.475207816829517737e-01
1.000000000000000000e+00
