9.748687744140625000e-01
9.928436279296875000e-01
9.667510986328125000e-01
7.653656005859375000e-01
8.937377929687500000e-01
9.437561035156250000e-01
9.250335693359375000e-01
9.831237792968750000e-01
9.790649414062500000e-01
9.794769287109375000e-01
8.569793701171875000e-01
9.381866455078125000e-01
9.721069335937500000e-01
9.596862792968750000e-01
2.929992675781250000e-01
6.695861816406250000e-01
7.832946777343750000e-01
7.527313232421875000e-01
7.165069580078125000e-01
9.619598388671875000e-01
8.368988037109375000e-01
6.398315429687500000e-01
3.995208740234375000e-01
8.492431640625000000e-01
7.641143798828125000e-01
9.752655029296875000e-01
9.788970947265625000e-01
9.975891113281250000e-01
5.668029785156250000e-01
9.946899414062500000e-01
8.906860351562500000e-01
9.609527587890625000e-01
9.396972656250000000e-01
8.419494628906250000e-01
9.505004882812500000e-01
8.030700683593750000e-01
7.661743164062500000e-01
6.548919677734375000e-01
8.075561523437500000e-01
9.807281494140625000e-01
9.838562011718750000e-01
9.388427734375000000e-01
1.736145019531250000e-01
9.885406494140625000e-01
9.734802246093750000e-01
9.953308105468750000e-01
9.225463867187500000e-01
9.763793945312500000e-01
9.841003417968750000e-01
9.631500244140625000e-01
8.632507324218750000e-01
9.916381835937500000e-01
9.863281250000000000e-01
9.904937744140625000e-01
9.848327636718750000e-01
9.967498779296875000e-01
9.969635009765625000e-01
9.981231689453125000e-01
9.572143554687500000e-01
9.924621582031250000e-01
9.964141845703125000e-01
9.919281005859375000e-01
6.840667724609375000e-01
9.982299804687500000e-01
9.974670410156250000e-01
9.942779541015625000e-01
9.692230224609375000e-01
9.939270019531250000e-01
9.920654296875000000e-01
9.759216308593750000e-01
9.553680419921875000e-01
9.790649414062500000e-01
9.928283691406250000e-01
9.937896728515625000e-01
9.822235107421875000e-01
9.726409912109375000e-01
9.803161621093750000e-01
9.934539794921875000e-01
9.952850341796875000e-01
3.733673095703125000e-01
9.935760498046875000e-01
3.149261474609375000e-01
9.866333007812500000e-01
9.866638183593750000e-01
9.887695312500000000e-01
9.776611328125000000e-01
8.306427001953125000e-01
9.719848632812500000e-01
9.727630615234375000e-01
8.907775878906250000e-01
8.779754638671875000e-01
9.547882080078125000e-01
6.422119140625000000e-01
9.746246337890625000e-01
9.174804687500000000e-01
9.353179931640625000e-01
9.622497558593750000e-01
9.933166503906250000e-01
9.923553466796875000e-01
5.465393066406250000e-01
8.763732910156250000e-01
9.942932128906250000e-01
9.447021484375000000e-01
9.928588867187500000e-01
9.709014892578125000e-01
9.027252197265625000e-01
7.689208984375000000e-01
9.676055908203125000e-01
8.986511230468750000e-01
9.608001708984375000e-01
9.376373291015625000e-01
8.148651123046875000e-01
8.093261718750000000e-01
7.442321777343750000e-01
8.837127685546875000e-01
8.993377685546875000e-01
9.610137939453125000e-01
8.533477783203125000e-01
9.715423583984375000e-01
9.644165039062500000e-01
9.796752929687500000e-01
8.658447265625000000e-01
9.552459716796875000e-01
9.738464355468750000e-01
9.005584716796875000e-01
7.848663330078125000e-01
9.017028808593750000e-01
9.325256347656250000e-01
9.746398925781250000e-01
9.840087890625000000e-01
9.821472167968750000e-01
9.535522460937500000e-01
5.686798095703125000e-01
6.684722900390625000e-01
9.633026123046875000e-01
9.758453369140625000e-01
8.784332275390625000e-01
8.828582763671875000e-01
9.814300537109375000e-01
8.851928710937500000e-01
9.846343994140625000e-01
4.482116699218750000e-01
6.530303955078125000e-01
9.795532226562500000e-01
9.855651855468750000e-01
9.527282714843750000e-01
8.914489746093750000e-01
9.661407470703125000e-01
8.146514892578125000e-01
6.321411132812500000e-01
9.132537841796875000e-01
9.727172851562500000e-01
8.113555908203125000e-01
8.599395751953125000e-01
9.664611816406250000e-01
9.829254150390625000e-01
8.904724121093750000e-01
8.316497802734375000e-01
6.078948974609375000e-01
3.769073486328125000e-01
9.715881347656250000e-01
9.718170166015625000e-01
9.256286621093750000e-01
9.653167724609375000e-01
9.567413330078125000e-01
9.731903076171875000e-01
8.182983398437500000e-01
9.945068359375000000e-01
9.947204589843750000e-01
7.023468017578125000e-01
9.119262695312500000e-01
9.874572753906250000e-01
9.010162353515625000e-01
9.961853027343750000e-01
9.953765869140625000e-01
8.186035156250000000e-01
8.273925781250000000e-01
9.939117431640625000e-01
7.777709960937500000e-01
9.775390625000000000e-01
9.799652099609375000e-01
6.266326904296875000e-01
9.531402587890625000e-01
9.649047851562500000e-01
8.240966796875000000e-01
9.636840820312500000e-01
9.977722167968750000e-01
9.595336914062500000e-01
9.828186035156250000e-01
9.779205322265625000e-01
9.849090576171875000e-01
9.725952148437500000e-01
9.908447265625000000e-01
7.830963134765625000e-01
7.886657714843750000e-01
9.381713867187500000e-01
