9.551185073121533087e-01
7.175463623395149648e-01
8.168833253089391455e-01
3.288299040435384568e-01
7.935068733547820941e-01
9.306296691568837209e-01
1.000000000000000000e+00
8.755077658303465071e-01
8.331534642780056288e-01
8.812607122452865704e-01
1.000000000000000000e+00
0.000000000000000000e+00
7.931034482758620996e-01
0.000000000000000000e+00
9.998900736506540765e-01
1.000000000000000000e+00
2.787356321839080664e-01
1.000000000000000000e+00
9.968000000000000194e-01
0.000000000000000000e+00
1.000000000000000000e+00
1.000000000000000000e+00
9.634499491273381677e-01
1.395901939260885405e-01
7.294493608652901084e-01
8.613747954173486265e-01
1.000000000000000000e+00
1.000000000000000000e+00
1.000000000000000000e+00
9.840719332048811774e-01
9.959260731319554694e-01
7.848709225535320799e-01
5.572871213065702101e-01
3.221775602936036154e-01
9.988992845349476957e-01
9.634679553561155130e-01
4.207723035952064261e-02
4.881303067059434841e-01
1.000000000000000000e+00
4.521739130434782594e-01
6.137667304015296255e-01
8.365804012794416655e-01
1.000000000000000000e+00
8.779517113292650832e-01
0.000000000000000000e+00
9.976247030878859778e-01
2.728247275326067811e-01
9.966993295513151274e-01
9.367891513560805405e-01
7.496095783446121708e-01
1.000000000000000000e+00
9.703416149068323504e-01
1.000000000000000000e+00
1.000000000000000000e+00
9.917494527698266227e-01
9.994545950368148857e-01
9.857142857142857650e-01
9.672929714683368152e-01
2.695652173913043459e-01
9.924655152428422111e-01
9.957369062119366676e-01
9.096588178760210974e-01
1.000000000000000000e+00
8.859649122807017330e-01
9.474548440065680976e-01
8.111634650235592936e-01
6.820428336079077392e-01
9.709035222052067038e-01
8.126684636118598482e-01
1.000000000000000000e+00
9.263892617449664968e-01
9.998812492578078581e-01
9.405349259932485051e-01
9.717261904761904656e-01
7.318070318887980319e-01
0.000000000000000000e+00
9.930904065750236764e-01
9.865269461077844637e-01
9.886977886977886820e-01
0.000000000000000000e+00
9.943468296409473384e-01
9.716652858326428888e-01
8.511904761904761640e-01
9.973195876288659667e-01
1.000000000000000000e+00
9.185282522996057741e-01
9.835684390017052081e-01
9.069741155193851156e-01
9.779750164365549336e-01
6.641511575124829925e-01
0.000000000000000000e+00
9.991305292902945556e-01
1.000000000000000000e+00
0.000000000000000000e+00
7.362906042612643587e-01
9.424472386860909268e-01
6.478111165764879331e-01
9.807947019867550020e-01
9.930374238468233639e-01
1.000000000000000000e+00
1.000000000000000000e+00
9.329379562043795815e-01
4.513943595399401154e-01
9.780273437500000000e-01
7.317945965288960020e-01
4.265215716486903119e-01
9.997026464466249873e-01
9.567577347566491586e-01
4.955903968642821900e-01
6.484494507022666721e-01
1.000000000000000000e+00
2.851735015772870474e-01
3.756781656259596813e-01
7.734716157205240306e-01
3.159736805263894666e-01
1.000454752160072694e-02
6.570212765957447187e-01
0.000000000000000000e+00
0.000000000000000000e+00
7.849489160229254914e-01
7.625603864734299409e-01
0.000000000000000000e+00
8.090189637150962954e-01
7.749278070324443490e-01
3.441650183667702700e-01
6.036414565826330181e-01
6.956896551724137678e-01
1.083220262324740002e-01
8.580116340560549615e-01
9.438016528925620152e-01
9.895956922515286580e-01
8.190591073582629278e-01
9.880527020991514142e-01
6.941819990054699518e-01
9.927536231884057649e-01
9.893874726035297718e-01
8.386371209596801268e-01
9.214024444642697764e-01
0.000000000000000000e+00
7.004964147821290954e-01
9.616613418530350899e-01
8.956479534055977743e-01
4.883028498511272075e-01
7.421790722761596459e-01
1.000000000000000000e+00
9.973207450880327007e-01
8.641509433962264453e-01
8.468262640309923706e-01
1.802914299827117761e-01
3.137998391359301253e-01
7.059818997866235124e-01
8.189958426606971376e-01
8.192165647514682014e-01
5.093255999090184893e-01
8.873637800515764562e-01
9.675655707425193652e-01
9.838112858464385102e-01
9.686165916695511635e-01
8.421851289833079957e-01
9.369369369369369149e-01
6.326917863919760965e-01
9.287619645378942801e-01
0.000000000000000000e+00
5.848070739549838803e-01
9.949390548150259805e-01
8.782722513089005201e-01
9.992366994885886200e-01
9.394688079061148667e-01
9.465844889573703513e-01
8.739903069466882224e-01
9.749434815373021479e-01
1.000000000000000000e+00
1.000000000000000000e+00
9.761904761904761640e-01
9.944870565675935081e-01
9.343273580164181968e-01
0.000000000000000000e+00
8.498269896193771933e-01
1.000000000000000000e+00
9.762688614540466769e-01
9.947986327834744680e-01
9.869406392694063390e-01
9.782737340434525253e-01
7.670913332137089258e-01
9.948437819072901700e-01
9.756640451105504930e-01
9.820485744456177724e-01
9.737089201877934252e-01
9.527451515979240559e-01
8.692485343755551597e-01
9.980489919791892817e-01
8.224927536231884106e-01
9.711528896846712833e-01
9.927952938065965904e-01
9.886704119850187045e-01
0.000000000000000000e+00
