9.715608250771479160e-01
9.997037452833130722e-01
9.793609307815529519e-01
1.000000000000000000e+00
8.743983128612135003e-01
9.047588680749302226e-01
8.994691698189573037e-01
9.944255187364509085e-01
9.880465658506148996e-01
1.000000000000000000e+00
8.282934698513555460e-01
1.000000000000000000e+00
9.682379790666562069e-01
1.000000000000000000e+00
2.572866280408936945e-01
6.418972977385909440e-01
7.813249497634018326e-01
7.309942468195446130e-01
6.933609555562748605e-01
1.000000000000000000e+00
8.192002757669769597e-01
6.208357497261421942e-01
3.597490475558672296e-01
9.991209435206211964e-01
7.711965660677936318e-01
9.813717901255343268e-01
9.641138865089303733e-01
9.853294334975369884e-01
5.668685339389351041e-01
9.954286505861370538e-01
8.587575713873666361e-01
9.853984372186813667e-01
9.922802747109449317e-01
9.036456407601863861e-01
9.218614373527483918e-01
7.388586617934127521e-01
9.641895637025892363e-01
6.630803982263866470e-01
7.675670672446508469e-01
9.836882505880896188e-01
9.984080448899816940e-01
9.307170377442122167e-01
1.897188606049365622e-01
9.934269108099794687e-01
1.000000000000000000e+00
9.920441019858422527e-01
9.987654115016934009e-01
9.688400995684174344e-01
9.729184436716751261e-01
9.856011892415128539e-01
8.036846647405350152e-01
9.976830750531753278e-01
9.577167019027483796e-01
9.894131444085658700e-01
9.826669127640652590e-01
9.957814091063376116e-01
9.899978289861365299e-01
9.934476356885443282e-01
9.629813049399529312e-01
9.897028589502538942e-01
9.957586001815507126e-01
9.950988889764399437e-01
6.826571679696534778e-01
9.988455499799895332e-01
9.988698614010579346e-01
9.979610366854102521e-01
9.891067897165458644e-01
9.935246194293875233e-01
9.978044542726267618e-01
9.707031250000000000e-01
9.511202063481912772e-01
9.689048411100411595e-01
9.954932317419146193e-01
9.934351385390428613e-01
9.910762402916468705e-01
1.000000000000000000e+00
9.709000328267711755e-01
9.906221557664802724e-01
9.929922363427348131e-01
1.000000000000000000e+00
9.903883643267616943e-01
3.337422900455454533e-01
9.957841483979763542e-01
9.824671258609893876e-01
9.872842583535796912e-01
9.843224330507334141e-01
7.753923319527301627e-01
9.818483303639153892e-01
9.673518132274776526e-01
9.574219402237434950e-01
8.522368955074771657e-01
9.172571816523104049e-01
6.227637414660885939e-01
1.000000000000000000e+00
9.402106671125229909e-01
9.282901248868016264e-01
9.995793865773844322e-01
9.934104842146673775e-01
9.843601969341637670e-01
5.838342705707452174e-01
8.437713923162973861e-01
9.903226824955796426e-01
9.999662099376572799e-01
9.907058189655172376e-01
9.952458004570704508e-01
9.891391064693936253e-01
7.473179676065172528e-01
9.540902198003632373e-01
9.089888371790282307e-01
9.999485817122290010e-01
9.064353215747790182e-01
9.998389888499779055e-01
1.000000000000000000e+00
7.599722006723558243e-01
9.417738427551247682e-01
9.856801099441795389e-01
9.705697376271952281e-01
1.000000000000000000e+00
1.000000000000000000e+00
9.899321857068336117e-01
9.894455664864160171e-01
1.000000000000000000e+00
9.678444569078332727e-01
9.994132340860701902e-01
9.707311231995621181e-01
7.819009991510481594e-01
8.890470766894457144e-01
9.998690970972281544e-01
9.875284620161457472e-01
9.730624752866745553e-01
9.662324337199289515e-01
9.576113705991663450e-01
5.214916931778013076e-01
6.751941433425011629e-01
9.422475773679275246e-01
9.731654562399986164e-01
8.886273630725547434e-01
8.689969996502659999e-01
1.000000000000000000e+00
8.909762550543288695e-01
9.800173616907615903e-01
4.370819644511835800e-01
6.885294407732518440e-01
9.869036776483151030e-01
9.813036887316827217e-01
9.405525321501612135e-01
8.832415993124080877e-01
9.893273720456471354e-01
9.959167618797879484e-01
6.631886404025829629e-01
9.508711136779285367e-01
9.737698088416735231e-01
8.163365225728799190e-01
9.847340980187695436e-01
9.900962347005511921e-01
9.875963923770696429e-01
8.735759144128506515e-01
7.675407659433218788e-01
6.010209608850516361e-01
3.410461247445489841e-01
9.910585800443029170e-01
9.782913430573972891e-01
1.000000000000000000e+00
9.954590488771466461e-01
9.284174966509406435e-01
9.979554321728691946e-01
7.641842280919233232e-01
9.998073774438986927e-01
9.934108100457625934e-01
7.257234253777989919e-01
8.807356154406409399e-01
9.787604153982639721e-01
8.243007985467206700e-01
9.938350406326866837e-01
9.930904113160811120e-01
7.773163706192990352e-01
1.000000000000000000e+00
9.811640008939118696e-01
7.429426860564585233e-01
9.723414483398001851e-01
9.780978454945840062e-01
5.695050012823801300e-01
9.331185878935707168e-01
9.855244067174757649e-01
7.331766344563419580e-01
9.292135694801951784e-01
9.974479623574448173e-01
9.569539782910087000e-01
9.750626262626262974e-01
9.778489992822207988e-01
9.802865912709485263e-01
9.943596141343501449e-01
9.929527963520357048e-01
7.222409585970203105e-01
7.504375091147732491e-01
1.000000000000000000e+00
