9.730206757438224496e-01
6.868758915834521916e-01
7.966618520301717021e-01
5.991311404974459381e-02
5.522082480257385351e-01
9.647812166488793917e-01
1.000000000000000000e+00
7.925925925925926263e-01
8.025037772501618649e-01
8.984003047038658929e-01
9.293921036139544123e-01
1.639101456430510917e-01
5.952023988005996635e-01
7.301286903860711996e-01
1.000000000000000000e+00
9.580517361920298791e-01
9.177115987460815472e-01
6.502218741842861194e-01
1.000000000000000000e+00
9.093461692739670532e-01
1.000000000000000000e+00
1.000000000000000000e+00
7.427408624872818832e-01
1.523051591657519077e-01
7.953294001966568771e-01
5.476268412438625166e-01
9.566473988439306853e-01
9.704861111111111605e-01
1.000000000000000000e+00
9.953757225433526035e-01
9.955286168521462198e-01
9.894936962177306450e-01
3.686572746540331402e-01
9.521146452289409590e-01
7.622454595487067053e-01
9.907375445863536578e-01
4.924766977363515541e-01
9.821521400103968569e-01
1.000000000000000000e+00
4.391304347826087140e-01
6.500956022944550661e-01
8.601337598138993901e-01
1.000000000000000000e+00
9.559564871318652068e-01
1.000000000000000000e+00
9.970308788598575278e-01
3.700196533857423864e-01
9.972150593089220694e-01
9.090113735783027504e-01
9.595262883914628116e-01
9.814451528527056157e-01
9.741459627329192017e-01
1.941377997716025802e-02
1.000000000000000000e+00
9.996632429701970413e-01
9.997272975184073873e-01
1.000000000000000000e+00
9.951287404314543839e-01
8.369565217391304879e-01
9.892198910397589362e-01
1.000000000000000000e+00
8.640076886112445509e-01
1.000000000000000000e+00
9.245614035087719174e-01
8.998357963875205368e-01
1.000000000000000000e+00
7.852141680395386958e-01
9.918325676365492560e-01
8.342318059299191901e-01
1.000000000000000000e+00
9.451275167785234688e-01
1.000000000000000000e+00
9.374188522461698314e-01
9.925595238095238360e-01
7.191332788225675010e-01
7.981037367540435579e-01
9.959269765073823777e-01
9.755489021956087470e-01
9.916461916461916104e-01
9.977597584435191624e-01
9.839572192513369453e-01
1.000000000000000000e+00
8.253105590062111974e-01
9.888659793814432719e-01
1.000000000000000000e+00
9.832457293035479218e-01
9.761277321345527280e-01
8.384763196563806975e-01
9.916173570019723993e-01
9.600544711756695548e-01
8.989145183175033527e-01
9.961417237256819934e-01
1.000000000000000000e+00
5.514131088394468305e-01
5.803353126091512770e-01
9.803356782806181835e-01
5.856697819314641285e-01
9.924944812362030966e-01
7.937336814621409609e-01
1.000000000000000000e+00
1.000000000000000000e+00
9.023722627737226221e-01
4.636836300614463613e-01
9.804687500000000000e-01
6.731078904991948386e-01
5.483436055469953496e-01
8.623253047873922217e-01
6.631083770580785686e-01
5.247427731504165083e-01
6.989292170769016987e-01
8.611069220328758655e-01
8.024605678233438510e-01
4.144743576619920322e-01
5.060043668122270466e-01
3.870922581548368879e-01
5.164468697892982130e-01
5.435460992907801270e-01
7.091873894495890340e-01
8.514745308310991412e-01
5.585596810366308951e-01
7.403381642512076866e-01
0.000000000000000000e+00
7.876661191578319121e-01
7.735688805843383697e-01
0.000000000000000000e+00
8.905228758169934089e-01
5.198275862068965081e-01
2.261420171867933177e-03
8.208619777895292957e-01
8.320247933884297176e-01
9.166742721547869177e-01
8.345683267275547657e-01
9.445064761054041691e-01
4.916708105420188879e-01
9.951226309921962221e-01
1.000000000000000000e+00
7.280906364545152165e-01
8.244267998929432073e-01
1.000000000000000000e+00
5.734510020224306004e-01
9.660986865459708639e-01
4.987866041093674263e-01
7.949808592088473125e-01
7.173678532901833771e-01
1.000000000000000000e+00
9.931104873692268020e-01
5.523336643495531106e-01
7.541472136684215233e-01
2.741417633983699864e-01
7.475583132253246221e-01
6.346847178279744206e-01
6.248800767508794207e-01
7.990555185566385887e-01
8.175821676333446808e-01
7.343814990433408241e-01
9.912818618396749271e-01
9.995374653098982876e-01
7.784700588438906443e-01
1.000000000000000000e+00
6.995416469100679269e-01
7.224179994578476816e-01
9.593597991526753299e-01
9.753795650389823768e-01
5.866157556270096274e-01
9.924442226815881618e-01
8.430137434554973996e-01
9.993130295397297802e-01
8.987029030265596408e-01
6.666666666666666297e-01
8.151139831269071934e-01
9.323662396382818018e-01
1.000000000000000000e+00
1.000000000000000000e+00
7.419354838709677491e-01
1.000000000000000000e+00
7.060227843859943064e-01
8.802157001414426807e-01
0.000000000000000000e+00
1.000000000000000000e+00
9.849108367626886462e-01
9.998513895080992642e-01
9.965296803652967661e-01
9.770056640459886532e-01
6.368203839942579991e-01
7.321319175005105429e-01
7.121234604540732649e-01
9.985920450545582305e-01
9.985915492957746498e-01
7.943184922152417560e-01
9.738852371646828932e-01
9.997832213310210436e-01
8.234202898550724292e-01
9.789117676315527428e-01
9.978848568973495148e-01
1.000000000000000000e+00
9.355873642645606836e-01
