7.202268431001890292e-01
8.338632750397456661e-01
8.349611820686201336e-01
9.547450830628222531e-05
3.152844413982179850e-01
4.182102209328275033e-01
3.980969920196439360e-01
6.883735217324528088e-01
8.195703464547373640e-01
9.212121212121212599e-01
7.968438394173241734e-01
4.833512352309344839e-01
5.186475112465535053e-01
5.900770104784749392e-01
2.617653406229767388e-01
4.212024539877300411e-01
2.144378698224851942e-01
6.085382123117971664e-01
4.439916092298471506e-01
6.177821522309711044e-01
2.080223314521512101e-01
1.498127340823970088e-01
4.759277082664955527e-01
6.492629779961546221e-01
6.875224985858031657e-01
8.779461279461279188e-01
8.767793997642578940e-01
3.342939481268011326e-01
1.653457653457653387e-01
9.724874371859296707e-01
5.758323765786452775e-01
8.215349754521421577e-01
3.350285417747794758e-01
6.011508262705859140e-01
7.991727536742057048e-01
6.645638584618913658e-01
4.836352616337800669e-01
1.785939669317177791e-01
5.151352022858089047e-02
4.107299912049252599e-01
7.865394274234053240e-01
7.922712152310850131e-01
3.157556391688252917e-02
9.313970956434651782e-01
7.044993919740575317e-01
8.888299283629610414e-01
0.000000000000000000e+00
9.288483908491663721e-01
9.074612967058549584e-01
8.597502401536983863e-01
7.924088347690912970e-01
9.809415724181114182e-01
6.553276638319159852e-01
9.175617240898311655e-01
9.172525689561925599e-01
9.557499021015533058e-01
5.508919202518363090e-01
6.014721345951630216e-01
3.161275521908694652e-01
9.729822749956977823e-01
9.084858569051580401e-01
8.885721073889284449e-01
7.533681605718998975e-02
9.023090586145647851e-01
1.582661290322580627e-01
9.016339869281045916e-01
7.438732474638094505e-01
9.561591914087176347e-01
8.045207199665131981e-01
8.697868003057843689e-01
5.525273701374330271e-01
6.013926084627745361e-01
9.524928217175672174e-01
9.055136124456646396e-01
7.514099783080260275e-01
6.043553671227597235e-01
9.676985671324960236e-01
9.091322643011486848e-01
8.742205977209202006e-01
9.497200227227935443e-01
9.674808931515060939e-01
1.834653209503108451e-01
8.551837630279758296e-01
9.126525977098514097e-01
8.474576271186440302e-01
8.726506531816266010e-01
6.730148482892188699e-01
9.064313632595049075e-01
8.720449172576831831e-01
9.014664131482301723e-01
0.000000000000000000e+00
9.271736937663909162e-01
3.759553203997648696e-01
3.851457602516027423e-01
7.840848806366047530e-01
8.850301498736458106e-01
8.107633811055864337e-01
7.434032476319349936e-01
7.924115286391827384e-01
1.115727728217035253e-01
6.047583324402528993e-01
4.780029105563640690e-01
7.054698457223000929e-01
9.326448828606658248e-01
8.117239975575004651e-01
7.128973191229635020e-01
2.231809226170256011e-01
8.637439636398068776e-01
2.208759049134877139e-01
8.198737394441255599e-01
9.026210727304287973e-01
6.379716981132075304e-01
5.909926802004832336e-01
2.403181590022780700e-01
3.682812500000000044e-01
8.232823786326222137e-01
7.042738970588234837e-01
7.754740834386851800e-01
9.138421733505821543e-01
8.486033519553072280e-01
8.366721659203393280e-01
0.000000000000000000e+00
7.597421623205391494e-01
8.405769044622979358e-01
6.805174941049009218e-01
2.765368285028613760e-01
1.936345426218562260e-01
2.128314272526796169e-02
8.820015461381685018e-01
8.858321870701513223e-01
9.082746478873239271e-01
5.794778384942319560e-01
3.223495959832274327e-01
5.853983325613709710e-01
8.648961442407260281e-01
8.940614121681300652e-01
7.059743742550655954e-01
7.201021634615384359e-01
3.342947397335530590e-01
4.418992718446602130e-01
8.702093397745571668e-01
1.889578429274555993e-01
1.921615104826515097e-01
6.696969696969696795e-01
8.020341445695604587e-01
8.051114905064928884e-01
5.818449099595737195e-01
8.751863096881037363e-01
4.973269758705389232e-01
2.907329339545891567e-01
7.994916574427090028e-01
5.165886423773661251e-01
6.900533827214293536e-01
6.519282545220128622e-01
8.854335007643590050e-01
9.465592702931332481e-01
1.887220670391061561e-01
7.357699636237657881e-01
1.846862175958362551e-01
2.565251136489632988e-01
7.413465751423981009e-01
6.527953586497889926e-01
4.932172504555578096e-01
7.288688236769500506e-01
9.105521751862818425e-01
7.662193522348905717e-01
6.084731172789242803e-01
9.521963824289405576e-01
8.632676709154113448e-01
5.151224852880799121e-01
8.251412773915518528e-01
9.318668596237337232e-01
8.764417432143103426e-01
9.028662420382165266e-01
9.587902574165992897e-01
8.567446043165467540e-01
0.000000000000000000e+00
9.134959904453164858e-01
1.406108696286356152e-01
8.744067177802117286e-01
9.059806034482759118e-01
5.844418019413180065e-01
8.716339261497927371e-01
7.105784262636789528e-01
7.533923679684015884e-01
9.030445676106597652e-01
9.735888140859658701e-01
8.038474295190712882e-01
8.545310015898250899e-01
9.040733702387837578e-01
9.028280653684312984e-01
8.834751224542407577e-01
9.759627298409079277e-01
5.829831932773109626e-01
6.404221509309507843e-01
9.733877955192474785e-01
