9.737548828125000000e-01
9.935302734375000000e-01
9.731292724609375000e-01
8.113861083984375000e-01
8.916015625000000000e-01
9.741973876953125000e-01
9.866943359375000000e-01
9.837951660156250000e-01
9.824829101562500000e-01
9.767913818359375000e-01
9.791412353515625000e-01
8.992767333984375000e-01
9.558715820312500000e-01
9.395294189453125000e-01
3.504028320312500000e-01
6.270904541015625000e-01
7.127380371093750000e-01
9.718017578125000000e-01
8.992004394531250000e-01
9.798583984375000000e-01
8.165130615234375000e-01
8.872222900390625000e-01
5.163574218750000000e-01
8.444976806640625000e-01
6.451416015625000000e-01
9.434967041015625000e-01
9.813995361328125000e-01
9.912109375000000000e-01
2.333984375000000000e-01
9.932098388671875000e-01
7.060089111328125000e-01
8.841247558593750000e-01
8.997955322265625000e-01
8.731994628906250000e-01
9.534149169921875000e-01
7.126770019531250000e-01
7.708129882812500000e-01
4.742431640625000000e-01
7.176971435546875000e-01
9.844818115234375000e-01
9.867706298828125000e-01
7.285614013671875000e-01
2.419128417968750000e-01
9.905242919921875000e-01
9.891967773437500000e-01
9.952239990234375000e-01
9.416198730468750000e-01
9.673767089843750000e-01
9.309997558593750000e-01
9.696655273437500000e-01
9.385986328125000000e-01
9.916229248046875000e-01
9.850769042968750000e-01
9.909057617187500000e-01
9.854583740234375000e-01
9.974060058593750000e-01
9.823608398437500000e-01
9.982604980468750000e-01
9.567871093750000000e-01
9.930877685546875000e-01
9.974060058593750000e-01
9.914093017578125000e-01
6.261901855468750000e-01
9.985198974609375000e-01
9.879150390625000000e-01
9.948120117187500000e-01
9.687500000000000000e-01
9.958648681640625000e-01
9.925231933593750000e-01
9.794006347656250000e-01
9.298706054687500000e-01
9.750061035156250000e-01
9.916534423828125000e-01
9.944152832031250000e-01
9.836883544921875000e-01
9.934234619140625000e-01
9.872283935546875000e-01
9.903564453125000000e-01
9.958343505859375000e-01
7.754211425781250000e-01
9.935455322265625000e-01
5.836486816406250000e-01
9.859619140625000000e-01
9.856109619140625000e-01
9.906616210937500000e-01
9.811248779296875000e-01
7.680511474609375000e-01
9.718933105468750000e-01
9.772491455078125000e-01
8.246765136718750000e-01
9.775085449218750000e-01
9.577636718750000000e-01
7.575225830078125000e-01
9.368286132812500000e-01
9.632263183593750000e-01
9.390106201171875000e-01
9.725036621093750000e-01
8.502655029296875000e-01
9.878845214843750000e-01
2.972717285156250000e-01
7.870330810546875000e-01
9.936218261718750000e-01
9.499816894531250000e-01
8.547821044921875000e-01
9.722290039062500000e-01
8.993988037109375000e-01
5.605926513671875000e-01
7.912750244140625000e-01
7.220458984375000000e-01
9.662170410156250000e-01
9.471130371093750000e-01
4.217529296875000000e-01
8.247680664062500000e-01
7.385101318359375000e-01
7.855072021484375000e-01
9.573974609375000000e-01
9.760894775390625000e-01
9.553985595703125000e-01
9.890899658203125000e-01
9.544982910156250000e-01
9.806060791015625000e-01
8.605346679687500000e-01
9.586944580078125000e-01
9.687500000000000000e-01
8.919982910156250000e-01
6.605224609375000000e-01
8.497009277343750000e-01
7.458190917968750000e-01
9.744110107421875000e-01
9.677124023437500000e-01
9.801177978515625000e-01
9.368896484375000000e-01
6.215209960937500000e-01
8.519287109375000000e-01
9.697875976562500000e-01
9.701843261718750000e-01
9.069061279296875000e-01
7.563476562500000000e-01
9.932250976562500000e-01
7.435607910156250000e-01
9.812927246093750000e-01
8.268432617187500000e-01
3.896179199218750000e-01
9.797821044921875000e-01
9.850616455078125000e-01
9.461517333984375000e-01
9.135742187500000000e-01
9.647979736328125000e-01
6.371612548828125000e-01
6.681671142578125000e-01
9.116516113281250000e-01
9.736480712890625000e-01
8.212127685546875000e-01
9.026947021484375000e-01
9.633026123046875000e-01
9.798736572265625000e-01
9.173431396484375000e-01
7.600555419921875000e-01
4.857635498046875000e-01
7.147216796875000000e-01
9.754180908203125000e-01
9.475097656250000000e-01
9.912872314453125000e-01
9.665069580078125000e-01
9.514617919921875000e-01
9.787292480468750000e-01
8.385925292968750000e-01
9.937896728515625000e-01
9.938049316406250000e-01
7.479705810546875000e-01
7.580718994140625000e-01
9.896087646484375000e-01
4.251251220703125000e-01
9.960479736328125000e-01
9.958496093750000000e-01
8.346557617187500000e-01
4.669799804687500000e-01
9.559020996093750000e-01
8.241882324218750000e-01
9.725189208984375000e-01
9.800872802734375000e-01
6.721191406250000000e-01
9.130554199218750000e-01
9.559783935546875000e-01
7.174224853515625000e-01
9.716644287109375000e-01
9.977722167968750000e-01
9.565582275390625000e-01
9.850006103515625000e-01
9.838104248046875000e-01
9.879760742187500000e-01
9.726715087890625000e-01
9.919586181640625000e-01
4.595184326171875000e-01
4.546356201171875000e-01
9.954681396484375000e-01
