6.484154637464741855e-01
7.341079972658920427e-01
7.333032490974729090e-01
4.668448942569341509e-01
2.539181418423723247e-01
0.000000000000000000e+00
4.868624420401854724e-01
5.265870227219489053e-01
7.763238601512982839e-01
8.460439874321622478e-01
1.924422964752937337e-01
0.000000000000000000e+00
2.821610056164750024e-01
3.964872944693572654e-01
1.649351826670292787e-01
8.055496264674493201e-01
3.957635361504376892e-01
6.871322588897416095e-01
3.234785615491009847e-01
0.000000000000000000e+00
9.590957417044373989e-02
2.893622028712638516e-01
4.765954065008344842e-01
3.904793333883342932e-01
4.540871856561837783e-01
7.635229731449663104e-01
8.323115759105661482e-01
0.000000000000000000e+00
5.289059004821792392e-02
9.133043171391600490e-01
3.648506406301041949e-01
6.463549456981205754e-01
2.984665253709014032e-01
6.453078845716883061e-01
6.061030982905982745e-01
4.412683100200553432e-01
3.127863390254060905e-01
1.792256846081208554e-01
2.116103757345521447e-02
2.572559366754617605e-01
5.635093845482321839e-01
5.752034378714455665e-01
1.589961345849915178e-02
8.069073783359497209e-01
6.499626028421839896e-01
7.721228794131133055e-01
3.505256241787122473e-01
8.277868081101891207e-01
7.375328083989500794e-01
8.143459915611814814e-01
6.869446786432323870e-01
9.600338826428461703e-01
7.523949889462048235e-01
8.810608090008036353e-01
8.333098888732592968e-01
9.498179927197087924e-01
4.459691252144082352e-01
9.298718813216453327e-01
2.401929260450160752e-01
9.448091687993769305e-01
8.781014023732470752e-01
7.634027470093044387e-01
2.616201352022304652e-02
8.549488054607508047e-01
6.643281165677280553e-01
8.621016093404859637e-01
6.199626865671641340e-01
8.732394366197182567e-01
7.504704554008280182e-01
7.665818236262913477e-01
6.329436398534287189e-01
7.574885310785284265e-01
8.772826880934988525e-01
8.363868768640817519e-01
5.771336553945249914e-01
8.167735042735042583e-01
9.232681583014177296e-01
8.452535760728218106e-01
8.781770376862401140e-01
8.990563967522492428e-01
9.412892757043811454e-01
2.523427543294100017e-01
7.833046047771484721e-01
8.329586719695659669e-01
7.875457875457875234e-01
8.260158167439323185e-01
5.963059458453522366e-01
7.959338163728777449e-01
7.438752783964365234e-01
5.453671843516537665e-01
0.000000000000000000e+00
8.495390744429517360e-01
1.811483481036297583e-01
5.009784735812132794e-01
5.754453370590290051e-01
7.982634889696110791e-01
6.981162981162981618e-01
3.258795250928691045e-01
6.360515021459227647e-01
7.915951413485147747e-02
2.640864844627480168e-01
8.658174097664543822e-01
4.751851268315739896e-01
8.283724740578918277e-01
6.470073503675183302e-01
5.583166714272113085e-01
1.418247515808491455e-01
6.658657971511927620e-01
1.541249764017368351e-01
6.541510221109720913e-01
5.349774880720381542e-01
1.662460567823343949e-01
3.913399529122735254e-01
1.191118624231982115e-01
4.500287742183003981e-01
5.429740791268758970e-01
5.836273817925193841e-01
7.418237391747325438e-01
6.069705093833780429e-01
6.797513104961598884e-01
6.414510064145100277e-01
0.000000000000000000e+00
5.825124814464984757e-01
6.377214310524487173e-01
0.000000000000000000e+00
1.755593803786574814e-01
1.532465378555435687e-01
2.693836978131212700e-01
7.707133917396745693e-01
8.351477449455676494e-01
5.056928630935850766e-01
5.853422168382798052e-01
0.000000000000000000e+00
5.190574094575359787e-01
8.521396127181448676e-01
8.147973609802073858e-01
5.688110987531463936e-01
4.266853123843211693e-01
0.000000000000000000e+00
4.098439375750300151e-01
8.765880217785844142e-01
2.295806559447312600e-01
8.987231932564769543e-02
4.974951830443160028e-01
7.251404030393128197e-01
6.882259767687434193e-01
4.048804294777940682e-01
7.474893781382773161e-01
2.335556104387914722e-01
1.827636397783829469e-01
4.964921748515920275e-01
5.917368850231040645e-01
5.869135358619449461e-01
5.494202409096026196e-01
7.043984053329848116e-01
8.668506160164271002e-01
6.665202108963093064e-01
7.639335102667970112e-01
1.253478823950841814e-01
4.355516250276365159e-02
6.222645099904852151e-01
7.697315394630789287e-01
8.037163990618798604e-01
5.521519968980225235e-01
8.172011661807579985e-01
8.458289334741287968e-01
7.355939841153608105e-01
8.597899938233477535e-01
7.403796818881477337e-01
6.882953652788688093e-01
4.910207939508506869e-01
8.446445060018467066e-01
7.092555331991952094e-01
8.035190615835776651e-01
9.260084689101849564e-01
8.296071542638134844e-01
3.039945416201463857e-01
4.498269896193772023e-03
4.935550935550935825e-01
8.159954622802041424e-01
8.325690915850787466e-01
2.235743308083386061e-01
6.253679046951646781e-01
5.448105436573311700e-01
7.299655568312284348e-01
7.393949930458970643e-01
9.508422138191818807e-01
6.896855069276446315e-01
6.101608373755424974e-01
8.137751188832642590e-01
8.877728414139463009e-01
7.595125876537532905e-01
9.482708794913784489e-01
3.838386401116326008e-01
3.432869403105011097e-01
8.429099876695437255e-01
