9.665259054734448574e-01
9.990488664358998516e-01
9.929685523986173656e-01
1.000000000000000000e+00
9.122623436418372256e-01
1.000000000000000000e+00
9.799031740842790716e-01
9.986308291633387846e-01
9.957637554800256030e-01
9.999818294145437214e-01
6.836984970946023976e-01
1.000000000000000000e+00
9.726449988195482455e-01
9.994594078926447578e-01
1.839330959088573414e-01
9.935668217813699021e-01
9.120859531989369273e-01
9.987359209140264094e-01
8.734664810798562495e-01
1.000000000000000000e+00
7.468427814860079117e-01
9.188414201946001336e-01
7.651775052597661331e-01
9.782250384587209968e-01
6.775378352066554477e-01
9.706020933598088485e-01
9.884334014367626153e-01
1.000000000000000000e+00
3.990348221044663357e-01
9.876019462866444387e-01
6.847598788578020956e-01
9.030823520939109672e-01
1.000000000000000000e+00
8.861199437994528028e-01
8.956440098492497448e-01
5.429455496947294124e-01
3.467416264153931338e-01
5.649795030536266527e-01
4.912145380497662805e-01
9.907762783211588875e-01
9.968633755753104619e-01
9.308022776091923189e-01
2.012179100786695707e-01
9.888289863519355016e-01
9.853286936894573023e-01
9.922163753680386389e-01
9.410233737633260098e-01
9.642914704249565538e-01
1.000000000000000000e+00
9.812452464910461636e-01
9.402461446099583675e-01
9.979869340625949770e-01
9.986170500246387416e-01
9.928671261265603620e-01
9.803681393358726348e-01
9.971067901533886557e-01
9.801197159073287146e-01
9.992823600992215560e-01
9.661074656431843932e-01
9.936741113004973203e-01
9.966820045700691688e-01
9.972263808998502732e-01
6.068217914912645838e-01
9.997537173290644841e-01
9.995918943948264301e-01
9.934689456329547363e-01
9.916941331575478413e-01
9.932974130935765533e-01
9.931922287158426732e-01
9.741955773305084332e-01
7.861908720769116288e-01
9.527969885319093057e-01
9.958498824673746030e-01
9.947890428211586533e-01
9.895546045332065388e-01
9.987606482280406706e-01
9.781026126247900354e-01
9.901508256403588337e-01
9.961102974756302908e-01
8.159712289018757891e-01
9.960332932142190732e-01
8.772457605754525600e-01
9.968056816707744350e-01
9.846257785980292443e-01
9.908497144479853080e-01
9.790405059884268457e-01
8.367595090625831178e-01
9.929439573815025399e-01
9.890499899078247781e-01
6.945441643012189026e-01
9.431800443320532690e-01
9.324266983493868510e-01
5.994086476968820687e-01
9.860347877820049289e-01
1.000000000000000000e+00
9.047869763915507013e-01
9.998990527785722726e-01
8.492115529620037906e-01
9.997515026325189957e-01
3.153480705836727016e-01
7.374484497353613888e-01
9.974267491790855811e-01
1.000000000000000000e+00
9.801320043103448620e-01
9.979148247618729872e-01
9.978423266608644759e-01
6.979878725491772684e-01
9.950007498875168555e-01
6.354509063689914861e-01
1.000000000000000000e+00
9.690285801737000826e-01
1.000000000000000000e+00
1.000000000000000000e+00
5.620474528057926022e-01
8.545031082492764440e-01
1.000000000000000000e+00
9.882923997355308465e-01
9.963522574877067273e-01
1.000000000000000000e+00
9.969222743870631565e-01
9.937943839989575867e-01
1.000000000000000000e+00
9.878651914546474622e-01
9.538969639055139282e-01
1.000000000000000000e+00
6.715535819238555026e-01
8.459409010377120230e-01
9.735903393657754368e-01
9.926516249223763522e-01
9.949914327138525971e-01
8.048883270122207945e-01
9.589506637871862971e-01
9.896429833863555903e-01
9.417367739847920527e-01
9.535010940919037559e-01
9.658677264494346382e-01
9.051221699170589607e-01
7.587939698492461860e-01
1.000000000000000000e+00
8.825898131354310561e-01
9.928716904276986277e-01
6.505433409148344559e-01
5.468652398329881814e-01
9.883640589177475899e-01
9.870673319858513928e-01
9.388886963152969223e-01
9.138857208971752355e-01
9.947898826371486258e-01
1.000000000000000000e+00
4.036387310189502586e-01
8.692463182211954686e-01
9.911551218574243816e-01
8.830045492564108089e-01
9.962460896767466600e-01
9.387087732411473207e-01
9.605969115978538753e-01
9.982011550478113726e-01
9.140492095763661506e-01
4.800321717577926139e-01
9.540779273421270412e-01
9.916729994987630858e-01
9.359158931615836341e-01
9.889716791401536033e-01
9.969947159841479056e-01
9.394062942900964774e-01
9.983680972388955244e-01
9.112806331648708458e-01
1.000000000000000000e+00
9.999685480193115650e-01
9.708056035592160793e-01
8.080116533139111157e-01
9.893019291318037034e-01
9.015630322067895719e-01
9.990347790889559931e-01
9.948666970862395376e-01
9.718674987998079384e-01
9.112938920035408286e-01
1.000000000000000000e+00
9.619808003041535605e-01
9.738179445798853529e-01
9.772135970207628253e-01
3.033561719122119249e-01
9.545496862606364097e-01
9.917115554591998672e-01
8.576216592669975158e-01
9.274271005417035196e-01
9.989153840019140418e-01
9.542826226625638064e-01
9.958626262626262271e-01
9.851436393075934106e-01
9.907424125535512216e-01
9.986997241306601047e-01
9.940882792927563383e-01
5.182018370464419599e-01
6.275521365028438048e-01
9.999512068180339552e-01
