6.247416123390046039e-01
7.083603370058327853e-01
7.326343381389253118e-01
4.939609490619181753e-01
2.434294192454429795e-01
2.707393266227004630e-02
2.530825496342737901e-01
5.500655881066900399e-01
7.445384073291050342e-01
8.488194973343488048e-01
1.971981835318310228e-01
3.672664530441212966e-02
2.758702344304996279e-01
4.932862190812720704e-01
1.727083373144025491e-01
5.908532842234499594e-01
2.503561253561253364e-01
6.785964912280701977e-01
2.986382097634785460e-01
1.907999999999999974e-01
9.577024082248421222e-02
1.726990692864529553e-01
3.516187980553736048e-01
3.912841910060269046e-01
4.722982813865423957e-01
6.875777099581779073e-01
7.813643926788685912e-01
6.637806637806638044e-01
5.389524870833755504e-02
8.541003403227577229e-01
3.769853161522325191e-01
5.816136178150869140e-01
3.742675476873207896e-01
5.790841016759207260e-01
5.511987860394537142e-01
4.398168062549024371e-01
3.272675761670226224e-01
1.740895825402867525e-01
2.243196476325310523e-02
2.320474777448071346e-01
5.858369098712445933e-01
4.918145654834761293e-01
1.655957480564810430e-02
5.924708203189216205e-01
5.745454545454545814e-01
6.790322580645161699e-01
3.193788594260806302e-01
8.132818403156746312e-01
7.060367454068241511e-01
7.822837674469721447e-01
6.465720326185442346e-01
9.648248907962295728e-01
6.692026780279975995e-01
8.747663551401869686e-01
8.254256209879988759e-01
9.367315573770491621e-01
3.972232934824527772e-01
8.464858199753391155e-01
2.192209269263576954e-01
9.241916297177462658e-01
8.230971128608923770e-01
7.799650043744531525e-01
2.655553401822058693e-02
8.684210526315789824e-01
7.188149688149688687e-01
8.182094081942337116e-01
6.025477707006369199e-01
7.908858603066439841e-01
6.881544502617801262e-01
7.442942288123273187e-01
6.167137172205027218e-01
7.008155792276964391e-01
8.696166587789871949e-01
8.156586578293288925e-01
5.556858147713951146e-01
7.515555555555555323e-01
9.070872376930183556e-01
7.969459347915807124e-01
8.339622641509434331e-01
8.991187689070103684e-01
9.418758256274768481e-01
2.523301262778112064e-01
7.907313540912381811e-01
8.126684636118598482e-01
7.789855072463768293e-01
7.622991967871486363e-01
5.777240360069864078e-01
8.012813667912439541e-01
7.403306973400430868e-01
5.430377794911334099e-01
0.000000000000000000e+00
8.143154907091223471e-01
1.900673340696141522e-01
3.288022569889715307e-01
6.216404886561954779e-01
7.721730201514568348e-01
7.441520467836256758e-01
3.136028900930943331e-01
7.514492753623188692e-01
8.063302346170872492e-02
2.600340998110686197e-01
7.643904183053271684e-01
4.996061131243106912e-01
6.298365404510656296e-01
6.751780441202015481e-01
5.644423705086327736e-01
1.324963381460556588e-01
6.459916266087765147e-01
1.572195819326919486e-01
6.661570535093814804e-01
5.389535627478572177e-01
2.386047273322779716e-01
4.188248541304125383e-01
1.179120808392868647e-01
4.339978120821684771e-01
5.764936632468316002e-01
5.423171733771569025e-01
7.865112071564981377e-01
6.600958977091102575e-01
7.064253176696235759e-01
6.044683491932146824e-01
8.228980322003577597e-02
5.855323618222397775e-01
5.938622600841629851e-01
5.396330495263220589e-03
1.687278456085072875e-01
1.518754988028730990e-01
2.894995093228655558e-01
7.515211722339500966e-01
6.797241784037558743e-01
4.558798999165971644e-01
5.697898921067575673e-01
1.378925690749956967e-01
4.700669282252480929e-01
8.141880341880342042e-01
7.941581702948470323e-01
5.627901773228169979e-01
4.459010811270962549e-01
0.000000000000000000e+00
3.703836500537827092e-01
8.385862913096695515e-01
2.335449255648756883e-01
9.247692737950964637e-02
5.088257866462010393e-01
6.897844423617619514e-01
6.505104158021413063e-01
4.022123071202825528e-01
7.470431133155284176e-01
2.770231332839384053e-01
2.044232551979870138e-01
4.923738943342099161e-01
6.328928046989721334e-01
6.050182112505059218e-01
5.680390397128113333e-01
6.836307692307692641e-01
8.261612647256302289e-01
4.990132506343388785e-01
7.403309987955569715e-01
1.276000111978947971e-01
2.106744122719433621e-01
6.378278877128393809e-01
7.319479306520343398e-01
7.382234185733512755e-01
5.479969765684051808e-01
7.844398456289501942e-01
8.509872891518106552e-01
6.872276759934904389e-01
8.817171093267448523e-01
8.555609051516610553e-01
6.208495261471330684e-01
4.547910584339187046e-01
7.907002552435912213e-01
6.542586100226850387e-01
8.546315077755239908e-01
8.942390369733448363e-01
8.117328170377541285e-01
2.935958335717964718e-01
4.069987389659520671e-01
3.755771373985034023e-01
7.757270093357656604e-01
8.331679483999007152e-01
2.375065070275897972e-01
5.658495785884321005e-01
5.523732904263877197e-01
6.940538146384674922e-01
7.033104649896547711e-01
9.325091881055797005e-01
6.817784575049158358e-01
5.413171140939597725e-01
7.502853881278538362e-01
8.796934865900383205e-01
7.533508993011799326e-01
9.175087268050707845e-01
3.920953738499416974e-01
3.489055864096700654e-01
8.781750924784217371e-01
