9.356231689453125000e-01
9.920349121093750000e-01
9.497833251953125000e-01
9.536743164062500000e-01
9.594421386718750000e-01
9.866027832031250000e-01
9.668731689453125000e-01
9.869689941406250000e-01
9.749298095703125000e-01
9.818420410156250000e-01
9.698181152343750000e-01
9.718322753906250000e-01
9.806213378906250000e-01
9.639129638671875000e-01
9.583740234375000000e-01
9.846496582031250000e-01
9.620056152343750000e-01
9.915161132812500000e-01
9.850616455078125000e-01
9.335937500000000000e-01
9.498443603515625000e-01
9.548339843750000000e-01
9.646301269531250000e-01
9.357452392578125000e-01
9.253082275390625000e-01
9.692230224609375000e-01
9.923553466796875000e-01
9.969482421875000000e-01
7.509613037109375000e-01
9.898986816406250000e-01
9.229125976562500000e-01
9.477844238281250000e-01
9.691467285156250000e-01
9.508972167968750000e-01
9.574737548828125000e-01
9.197387695312500000e-01
8.989868164062500000e-01
9.557952880859375000e-01
9.794616699218750000e-01
9.851531982421875000e-01
9.920959472656250000e-01
9.501647949218750000e-01
9.483947753906250000e-01
9.761352539062500000e-01
9.904174804687500000e-01
9.960174560546875000e-01
9.722442626953125000e-01
9.890899658203125000e-01
9.907073974609375000e-01
9.710540771484375000e-01
8.791046142578125000e-01
9.890289306640625000e-01
9.861297607421875000e-01
9.877777099609375000e-01
9.842376708984375000e-01
9.957885742187500000e-01
9.965667724609375000e-01
9.965209960937500000e-01
9.472656250000000000e-01
9.925231933593750000e-01
9.926147460937500000e-01
9.912109375000000000e-01
9.881591796875000000e-01
9.985046386718750000e-01
9.969177246093750000e-01
9.931945800781250000e-01
9.884338378906250000e-01
9.933929443359375000e-01
9.971771240234375000e-01
9.808654785156250000e-01
9.546203613281250000e-01
9.895782470703125000e-01
9.955749511718750000e-01
9.959869384765625000e-01
9.864196777343750000e-01
9.692687988281250000e-01
9.845581054687500000e-01
9.938049316406250000e-01
9.968414306640625000e-01
9.637298583984375000e-01
9.906768798828125000e-01
9.682464599609375000e-01
9.897155761718750000e-01
9.920043945312500000e-01
9.933929443359375000e-01
9.846343994140625000e-01
9.110107421875000000e-01
9.271240234375000000e-01
9.717864990234375000e-01
9.323120117187500000e-01
9.913330078125000000e-01
9.362030029296875000e-01
9.011077880859375000e-01
9.528808593750000000e-01
9.788513183593750000e-01
9.202423095703125000e-01
9.682922363281250000e-01
9.760284423828125000e-01
9.767608642578125000e-01
9.179992675781250000e-01
9.756927490234375000e-01
9.928131103515625000e-01
9.635162353515625000e-01
8.958435058593750000e-01
9.750061035156250000e-01
8.811492919921875000e-01
7.460632324218750000e-01
9.691009521484375000e-01
9.421386718750000000e-01
9.782562255859375000e-01
9.767913818359375000e-01
9.586029052734375000e-01
9.326171875000000000e-01
9.850006103515625000e-01
9.132232666015625000e-01
9.430999755859375000e-01
9.782409667968750000e-01
9.338531494140625000e-01
9.919281005859375000e-01
9.682159423828125000e-01
8.493804931640625000e-01
9.678955078125000000e-01
9.628753662109375000e-01
9.723815917968750000e-01
9.816131591796875000e-01
8.769989013671875000e-01
9.463806152343750000e-01
9.874420166015625000e-01
9.824218750000000000e-01
9.757995605468750000e-01
9.576568603515625000e-01
9.527130126953125000e-01
9.200286865234375000e-01
9.515075683593750000e-01
9.690551757812500000e-01
9.582672119140625000e-01
9.122314453125000000e-01
9.311065673828125000e-01
9.946289062500000000e-01
8.612670898437500000e-01
9.844207763671875000e-01
9.617614746093750000e-01
9.741516113281250000e-01
9.828491210937500000e-01
9.887695312500000000e-01
9.665985107421875000e-01
9.726715087890625000e-01
9.791870117187500000e-01
9.143066406250000000e-01
9.120788574218750000e-01
9.177246093750000000e-01
9.870910644531250000e-01
9.308013916015625000e-01
9.528656005859375000e-01
9.557342529296875000e-01
9.807128906250000000e-01
9.839172363281250000e-01
9.439544677734375000e-01
9.763946533203125000e-01
9.792480468750000000e-01
8.152008056640625000e-01
8.924407958984375000e-01
9.727630615234375000e-01
9.667663574218750000e-01
9.758605957031250000e-01
9.695892333984375000e-01
9.518280029296875000e-01
9.967193603515625000e-01
9.901885986328125000e-01
9.562683105468750000e-01
8.907318115234375000e-01
9.724426269531250000e-01
9.903411865234375000e-01
9.470062255859375000e-01
9.930725097656250000e-01
8.962249755859375000e-01
9.556884765625000000e-01
9.921569824218750000e-01
9.842071533203125000e-01
9.776916503906250000e-01
9.790344238281250000e-01
9.144439697265625000e-01
8.662414550781250000e-01
9.520263671875000000e-01
9.023284912109375000e-01
9.444122314453125000e-01
9.942169189453125000e-01
9.782562255859375000e-01
9.670562744140625000e-01
9.675292968750000000e-01
9.868164062500000000e-01
9.739532470703125000e-01
9.892730712890625000e-01
9.607391357421875000e-01
9.906005859375000000e-01
9.943847656250000000e-01
