5.471854304635761501e-01
8.274559193954660330e-01
7.110256728264914283e-01
8.680073643959779206e-01
7.701667417755745371e-01
8.363013698630137327e-01
4.719796215429403197e-01
8.902178556172576362e-01
7.317493772753400627e-01
8.832588649111132728e-01
7.251481795088907667e-01
6.041896361631753365e-01
6.348547717842323301e-01
5.313757039420756723e-01
7.701695546860443109e-01
7.779935275080905877e-01
6.186714542190304700e-01
8.507085020242914908e-01
8.218596334376396806e-01
4.016190318850156871e-01
3.336152219873150249e-01
1.445086705202312067e-03
8.033851147693020778e-01
6.778259801915363925e-01
7.554082175869912819e-01
7.931487071794198762e-01
9.299275787825406203e-01
7.717908082408875270e-01
1.156121471632204634e-01
9.443158279517485099e-01
7.049691642447012407e-01
7.983726606997558761e-01
7.853806632414759292e-01
7.379263184887596694e-01
7.836854866643574447e-01
7.681633374580165707e-01
6.693656523981433848e-01
4.340668861549125124e-01
5.148658448150833511e-01
4.632545931758529911e-01
8.331907613344738950e-01
7.328481215883548838e-01
0.000000000000000000e+00
7.019762845849802924e-01
8.012909174734901274e-01
9.061810154525385963e-01
6.929481733220050899e-01
9.455587392550143244e-01
9.049693130073253045e-01
7.613062230437461775e-01
2.995749550433218777e-01
9.452540673914719971e-01
6.899707174231332063e-01
8.745014623770274165e-01
8.621240738050268693e-01
9.460227272727272929e-01
8.599508599508599582e-01
9.131545338441889870e-01
2.419779063650710216e-01
9.538357094365240707e-01
8.655772272008434021e-01
7.552507501071581419e-01
5.993000874890638263e-01
8.697068403908795320e-01
9.245483528161529962e-01
8.908268733850128740e-01
8.721846846846846857e-01
9.170192759755524392e-01
8.874497543546225886e-01
8.151568221620760779e-01
8.679970795814067053e-01
9.312915806377609629e-01
9.048103843217103481e-01
9.008968609865470878e-01
7.926117952041478176e-01
5.372239747634068863e-01
9.433402346445824982e-01
9.189439555349698807e-01
9.205175600739371466e-01
9.585570668243642567e-01
9.290510948905109645e-01
8.545011467889908063e-01
7.656330749354005594e-01
9.063821607074201703e-01
8.447327044025156884e-01
8.410207639879536679e-01
6.582418256548677737e-01
6.255322846962718675e-01
7.849374660141381632e-01
7.894818572389875611e-01
8.467741935483871218e-01
8.419816970916582655e-01
4.887358033885682573e-01
3.913556920170052078e-01
7.834533578964997247e-01
7.916209213473277551e-01
7.467091589303034294e-01
8.283470456245325408e-01
5.002219263204615851e-01
4.202752177755333940e-01
7.980400511291009247e-01
8.589473684210526816e-01
7.635962763351298310e-01
5.018032786885245899e-01
7.564311299251058607e-01
5.805613305613305242e-01
1.738343843688617829e-01
7.580715216447082572e-01
5.854008317797217975e-01
7.862258953168044240e-01
8.996750328424254484e-01
8.198944526264113630e-01
7.768160133772684661e-01
8.341198678621991602e-01
5.842237061769616213e-01
6.720486475152023242e-01
7.250057195149851585e-01
7.262273999546108305e-01
8.037914691943127687e-01
7.437633642195295991e-01
3.166832402661974855e-01
7.374023326916544496e-01
6.516213847502191348e-01
7.828234325696254992e-01
8.031937246112901274e-01
3.624731644482610537e-01
4.171161452714850504e-01
8.293333333333333668e-01
8.728513958307936305e-01
7.890034364261168109e-01
8.154256990260759785e-01
7.195288282703037330e-01
6.263849319404874993e-01
8.495848933745726583e-01
8.903346887707225266e-01
7.759414792739095512e-01
6.900659188157742818e-01
7.440871644964124343e-01
8.341463414634145979e-01
3.076923076923077094e-01
8.912479740680713247e-01
7.409210033695244890e-01
7.214877489864269799e-01
5.315005727376861389e-01
7.615033368458026253e-01
7.862866416472258368e-01
6.344335070449720337e-01
8.862357000181586564e-01
5.553274013232945006e-01
2.856486269102608277e-01
6.468889472302441490e-01
6.565847511027095296e-01
8.131283264340626316e-01
8.391384548611111605e-01
8.420866864323026668e-01
9.183659217877094827e-01
7.470547470547470592e-01
8.232331526796956567e-01
5.907218729676999569e-01
7.682945617008165584e-01
2.441591104639618814e-01
6.695035460992907472e-01
7.606075614990919220e-01
5.825092107814621167e-01
9.026298487836948992e-01
8.461538461538461453e-01
8.296643347667029822e-01
8.969864698646986545e-01
6.309034907597536046e-01
8.176862021967449268e-01
6.076713626139458313e-01
8.546400509662348544e-01
9.580533024333719450e-01
5.150662916834070071e-01
9.226654780476933881e-01
7.327920049968769112e-01
7.852593266606004985e-01
8.030874785591767262e-01
7.758379888268156499e-01
8.545840207400424715e-01
8.337050805452292934e-01
7.261168384879724824e-01
2.061203844208396585e-01
7.209573091849935667e-01
7.642315369261477587e-01
8.166727918657356033e-01
9.253879168042258296e-01
8.373738697418424692e-01
7.249170812603648040e-01
7.700358028091435214e-01
8.566914498141263712e-01
8.689130881446476273e-01
9.308851038692527169e-01
8.609669147538933087e-01
9.454663092707273897e-01
9.258989310009718698e-01
