6.527857789482347517e-01
8.397790055248618435e-01
7.741714128868455447e-01
9.239135882913137587e-01
7.200926705981466336e-01
8.585695876288659267e-01
5.443861490031479677e-01
9.073953589243114459e-01
8.265596959780429076e-01
9.401287985510162759e-01
8.143071723619977886e-01
7.616219008264463186e-01
7.591047040971168336e-01
6.908092561119100194e-01
8.596563432451898024e-01
8.810874704491725717e-01
7.376185458377239046e-01
9.257875066737853986e-01
8.838257980301411632e-01
5.286982889322070500e-01
4.914126566609933744e-01
4.136291600633914545e-01
9.040324583919847612e-01
8.010958386472061266e-01
8.662750990301871790e-01
8.577874920679686710e-01
9.500846866593604112e-01
8.491704374057315041e-01
2.016338110844787812e-01
9.591004571852217442e-01
7.977905859750240580e-01
8.516559736431420502e-01
8.723162414751199911e-01
8.432537749634680946e-01
8.665677215492890717e-01
8.685788526883869709e-01
7.987597276264591928e-01
6.648930017351070143e-01
5.144300144300144595e-01
6.273458445040214215e-01
8.862538427755819459e-01
8.081306544471860143e-01
8.791801510248112295e-02
8.208886852954649926e-01
8.469785575048732751e-01
9.274395329441200708e-01
8.246408946302902221e-01
9.641082274986195744e-01
9.375320545696994579e-01
8.712414308016018794e-01
5.221062790276855825e-01
9.715461632830740824e-01
8.073744437380800942e-01
8.914487057866919972e-01
9.199162725792696671e-01
9.636937647987371403e-01
9.032258064516128782e-01
9.264516129032257519e-01
3.474320241691842837e-01
9.718778696051423305e-01
8.715498938428875020e-01
8.652946679139382757e-01
6.383970177073625685e-01
9.184692179700498782e-01
9.461907298881193640e-01
9.251677852348992870e-01
9.233724221593206938e-01
9.475596463606636988e-01
9.573044080313870552e-01
8.908995997911953735e-01
9.236103976163567708e-01
9.586586768355426225e-01
9.617212249208025865e-01
9.387089256583547314e-01
8.460740228294707510e-01
6.369863013698630061e-01
9.643536456498766896e-01
9.513888888888888395e-01
9.507025482257680515e-01
9.711917198918932348e-01
9.544267919743417705e-01
8.528392617212361415e-01
9.048828676263054316e-01
9.470171890798786407e-01
9.085146841326854350e-01
9.138211382113821113e-01
7.869666861484512221e-01
7.524362430022807358e-01
8.625789669267930337e-01
8.729303924376969892e-01
8.373424971363115921e-01
8.937619108118409761e-01
6.201723026431459340e-01
5.184029943855271716e-01
8.769094138543517269e-01
8.735393027363124174e-01
8.426234474401695929e-01
8.508213844839046525e-01
6.014132426066475245e-01
5.630183769718652975e-01
8.758669056339125625e-01
8.988619282800085486e-01
8.393037166476241540e-01
6.416045363855927830e-01
8.534359341445955094e-01
7.221290713852520637e-01
2.878295104416295769e-01
8.409893992932861995e-01
6.828370692539310616e-01
8.928813049688040238e-01
9.449491476347315899e-01
9.097201424245449086e-01
8.806808970548500870e-01
8.800488102501525800e-01
7.142067440574902948e-01
7.762107663686010905e-01
8.234274393263991687e-01
8.159470131193478082e-01
8.703749081107571284e-01
8.629695414775343520e-01
4.561732135970469892e-01
8.661236955968439899e-01
7.914273467638234250e-01
8.647032441321572671e-01
9.081204727411360533e-01
5.121936459909228745e-01
5.690458670591120871e-01
9.031194820482636443e-01
9.267361994403460201e-01
8.556607207863123898e-01
8.833003911013920240e-01
7.892553553213192963e-01
7.551735413649740547e-01
9.084730142272910980e-01
9.335691823899371355e-01
8.629278805192202029e-01
8.063690836867972722e-01
8.323244327255171493e-01
8.692421991084695598e-01
4.570643735817508935e-01
9.158493365202340364e-01
8.277899945024739248e-01
8.332020480504135351e-01
7.295476419634263632e-01
8.554027504911591029e-01
8.766413074105381398e-01
7.949627933600458274e-01
9.353125296405198075e-01
7.347941065357007639e-01
5.051528684300927718e-01
7.906832298136645676e-01
8.480057491915199419e-01
8.792887753200777645e-01
9.111002388695427223e-01
8.922402585342298353e-01
9.544602968727482484e-01
8.038704875325641819e-01
8.906096435059713823e-01
8.005157962604770860e-01
8.873239436619718701e-01
3.785725280927702552e-01
7.833809655511508874e-01
8.376239425088692903e-01
7.405907575035731716e-01
9.454332229580574287e-01
9.147890033776561181e-01
8.911191584755991935e-01
9.660936760763286779e-01
8.065001504664459642e-01
8.785593220338983045e-01
7.450240341819476253e-01
8.991286863270777641e-01
9.751910640799529295e-01
4.285009050518348017e-01
9.480549199084667977e-01
8.358158510972165667e-01
8.797814207650273000e-01
9.041759880686055517e-01
8.131431666365770417e-01
9.087960074859637860e-01
9.073624595469255150e-01
7.904786816636150126e-01
4.220727848101265556e-01
7.799860041987404236e-01
8.565730802841201585e-01
8.804829237885896109e-01
9.369069419011153421e-01
8.996832101372755908e-01
7.678744221051500007e-01
8.404319136172765381e-01
9.143197143990480225e-01
9.094189440169806460e-01
9.644788034965388057e-01
9.152084363157027003e-01
9.707252162341982737e-01
9.554479418886198117e-01
