5.214733302766315637e-01
6.943078004216444166e-01
7.104835132337720127e-01
9.161216403303575062e-02
2.404823835422085498e-01
3.611572996341869124e-01
4.492531597089237660e-01
7.607035408470261828e-01
5.914920906370243481e-01
9.029772662417958617e-01
7.117190029135642693e-01
0.000000000000000000e+00
3.723318022156174023e-01
4.347826086956521618e-01
1.162146002065554129e-01
6.638733705772812410e-01
0.000000000000000000e+00
6.714604512769650757e-01
6.336964160224877185e-01
0.000000000000000000e+00
2.256153744899302427e-01
2.626307589583797286e-01
8.729662077596996028e-02
1.432635117662270363e-01
5.209943810658947960e-01
5.819052030260922770e-01
7.340209983422361084e-01
4.337349397590361533e-01
1.243063263041065541e-01
9.583747514910536669e-01
7.543524740378741988e-01
6.823837590045841450e-01
3.577878610898962419e-01
1.969655424549858203e-01
6.690555413360634862e-01
4.989092996555682946e-01
0.000000000000000000e+00
1.642013905090756454e-01
4.850299401197604721e-01
3.042310275352585469e-01
6.026293469041560380e-01
1.157347204161248422e-01
3.898772003548582610e-02
4.052591710853803431e-01
7.173100871731008521e-01
8.475012879958784273e-01
3.164028526700295441e-01
8.052904737987610639e-01
7.476390346274921495e-01
7.488668381722406453e-01
7.614165890027958516e-01
9.617967122018985515e-01
6.700581395348836899e-01
8.692775866631383686e-01
8.356318603996623073e-01
9.274479959411465746e-01
3.434739941118744033e-01
6.815776815776816155e-01
0.000000000000000000e+00
9.496137050722203155e-01
8.607523862998315289e-01
7.682090831191088487e-01
3.502582195633276857e-02
8.423645320197044040e-01
8.472906403940886344e-01
8.295180722891566383e-01
6.585716855549559323e-01
6.338876837792238872e-01
7.910510764035457720e-01
7.929378968561251462e-01
5.756505479665506853e-01
7.458813108945969717e-01
8.753187149413564905e-01
8.497232865048957029e-01
5.878872258962756225e-01
5.616274431591543603e-01
9.172325690849190138e-01
9.098003213220106078e-01
8.927444794952681395e-01
0.000000000000000000e+00
9.481635071090047662e-01
4.150904463855836224e-01
7.540468712249335237e-01
8.589492430988423521e-01
7.858187134502924165e-01
7.520921937165592208e-01
6.999106045368197471e-01
7.588006662965018911e-01
7.780192908572204358e-01
0.000000000000000000e+00
0.000000000000000000e+00
9.069034517258629524e-01
7.950446918613768288e-01
2.405291641611545517e-03
6.273281114012184689e-01
7.826815375041884515e-01
5.830464010493523475e-01
8.362961515921077948e-01
5.981067125645438409e-01
2.080555177575180159e-01
4.881910199844277098e-01
8.234489051094890932e-01
4.493461477863557318e-01
8.661428571428571033e-01
6.464629120879120672e-01
3.675499456658029018e-01
2.046772197250993353e-01
2.947880097218471551e-01
4.096126255380200809e-01
6.589265850945494885e-01
7.761183757742601275e-01
2.351166153265857872e-01
3.887277648878577074e-01
2.734298331697742612e-01
2.272447724477244801e-01
2.533204205866076419e-01
6.759906759906759988e-02
6.671161825726140693e-01
7.807192807192807615e-01
5.706521739130434590e-01
6.636615811373093310e-01
0.000000000000000000e+00
5.757457340106812982e-01
5.660281403627733798e-01
7.683672196582262970e-01
1.456534254461715472e-01
1.959219858156028282e-01
1.033469018543645424e-01
7.766182134426636852e-01
5.293688434877781290e-01
6.884121326249242889e-01
5.803872053872053405e-01
3.994367204613527567e-01
4.451579312738632166e-01
8.019801980198020264e-01
8.170098133538580276e-01
5.128290569810063371e-01
8.503025064822817836e-01
0.000000000000000000e+00
4.553998935981556917e-01
7.476151539929135614e-01
7.048200950441276813e-01
4.545904724175497957e-02
4.957463263727764913e-01
5.929108485499462455e-01
5.990755007704160473e-01
3.965253913707522115e-01
7.768555158768458702e-01
1.668724788013501159e-01
1.628054479903859042e-01
5.666176902732882326e-01
2.949896234805811090e-01
5.145712960229429367e-01
4.544385984551662649e-01
7.743585707539745178e-01
8.961111891057138568e-01
4.626513138470623177e-01
6.702554117512312670e-01
3.123103597745990334e-01
5.433452666878144099e-02
5.685898970553028287e-01
8.123488309594195655e-01
8.016309887869520479e-01
5.531377501457159784e-01
8.904267589388696891e-01
7.897824492789049522e-01
6.124100296372959606e-01
8.638048177887585055e-01
7.960855712335002110e-01
5.589995533720411025e-01
8.057085628442663960e-01
9.158316633266533335e-01
8.938563810358681749e-01
6.814425244177310104e-01
9.213209219858156107e-01
6.690880411772031078e-01
0.000000000000000000e+00
8.921805029280055477e-02
1.110701447137985021e-01
8.322829131652661472e-01
8.347210140425003200e-01
3.570333844206037277e-01
8.148645623460936127e-01
5.418882978723403854e-01
7.112859913471579754e-01
5.921178637200736894e-01
9.591554170993423778e-01
6.932262266608770762e-01
7.517060367454068137e-01
6.715054640352308146e-01
8.482898124310408461e-01
7.680442039829630252e-01
9.543883897719419585e-01
8.417786346930168362e-01
2.901149050607122470e-01
0.000000000000000000e+00
