8.603126575895108097e-01
7.047075606276747006e-01
7.711442786069652167e-01
9.161216403303575062e-02
5.949107926294238124e-01
3.863393810032016984e-01
9.043947571318426970e-01
7.854241338112305515e-01
5.972372113101661606e-01
9.039230622738525511e-01
9.185293503237935697e-01
0.000000000000000000e+00
6.886556721639179868e-01
4.352763058289174647e-01
4.700450698032318519e-01
9.969704031694244240e-01
0.000000000000000000e+00
7.068650482902636423e-01
9.618666666666666476e-01
0.000000000000000000e+00
1.000000000000000000e+00
3.410404624277456609e-01
8.734444705329889869e-02
1.520307354555433532e-01
7.521632251720746787e-01
6.168576104746317235e-01
8.226672171758876440e-01
4.375000000000000000e-01
1.000000000000000000e+00
9.907514450867052069e-01
9.816176470588234837e-01
7.298379027416449505e-01
9.928936541578357033e-01
5.649248514505417207e-01
8.631810676940010474e-01
1.000000000000000000e+00
0.000000000000000000e+00
6.097730029457633094e-01
5.680224403927068844e-01
4.923913043478260754e-01
6.792543021032504402e-01
1.164582727537074730e-01
1.000000000000000000e+00
9.936322631997877020e-01
9.942462600690449293e-01
9.768408551068883394e-01
3.249955333214221698e-01
9.922640536358947605e-01
9.350393700787401619e-01
7.955491931285788576e-01
8.013732221677293266e-01
9.675465838509317296e-01
7.019413779977160539e-01
9.987838248707814337e-01
9.998316214850985206e-01
9.970002727024815936e-01
1.000000000000000000e+00
9.860821155184411602e-01
0.000000000000000000e+00
9.830763880839226143e-01
9.336175395858709036e-01
8.616049975973090191e-01
1.000000000000000000e+00
9.000000000000000222e-01
8.472906403940886344e-01
9.981877491844871608e-01
7.539126853377264847e-01
6.712608473711076940e-01
8.418688230008984918e-01
1.000000000000000000e+00
5.950604026845637273e-01
1.000000000000000000e+00
8.914567644767592558e-01
9.900793650793651146e-01
6.905151267375306823e-01
7.852760736196319202e-01
9.922176158266056145e-01
9.890219560878243943e-01
9.734643734643734225e-01
0.000000000000000000e+00
9.781512605042016473e-01
1.000000000000000000e+00
8.077122153209109756e-01
9.944329896907216915e-01
1.000000000000000000e+00
9.004599211563731886e-01
9.709347388001859924e-01
7.723522097886289517e-01
9.413214990138066840e-01
0.000000000000000000e+00
0.000000000000000000e+00
9.851646560156505084e-01
9.503280224929709918e-01
2.405291641611545517e-03
6.294097100943066847e-01
9.057220406580623884e-01
5.830464010493523475e-01
9.450331125827814427e-01
6.048738033072236231e-01
4.186746987951807109e-01
1.000000000000000000e+00
8.234489051094890932e-01
4.493461477863557318e-01
9.868164062500000000e-01
6.736446591519055227e-01
4.234399075500770437e-01
9.342848647041331889e-01
9.875158313732586013e-01
5.595296423321901580e-01
6.590182172159644303e-01
8.503242346554064079e-01
2.359621451104100820e-01
4.116081482239737910e-01
6.083515283842795274e-01
3.103737925241495388e-01
2.775504016977414223e-01
8.226950354609928462e-02
6.691291228800333446e-01
8.380697050938338277e-01
5.756292050834787011e-01
6.934782608695652106e-01
0.000000000000000000e+00
6.599970135881738642e-01
5.671819262782401561e-01
8.703023452952811656e-01
4.724556489262371484e-01
5.715517241379309832e-01
1.033469018543645424e-01
8.264145954521416870e-01
5.995867768595041225e-01
9.341973167837911429e-01
7.129071170084438913e-01
9.976552032157213201e-01
4.783068125310790397e-01
9.933110367892976633e-01
9.795824201176606127e-01
5.128290569810063371e-01
8.776875724863948403e-01
0.000000000000000000e+00
9.442912300055157360e-01
9.737309194178204175e-01
8.398317424364989403e-01
1.952360697575499793e-01
6.914778856526428985e-01
1.000000000000000000e+00
9.920898188313345134e-01
4.125124131082423262e-01
7.995430614880302267e-01
1.668724788013501159e-01
5.603814776513845741e-01
7.093664925318224901e-01
3.181963543332267386e-01
7.386934673366833959e-01
4.616740589104970094e-01
8.184843191082272762e-01
9.431843369043221292e-01
7.247918593894542294e-01
6.752047998153917208e-01
3.123780619986993301e-01
1.895052947684526534e-01
6.438059094605583788e-01
9.486113290444060375e-01
8.067295855560114859e-01
5.721463022508038732e-01
9.905196378929360668e-01
7.929482984293193537e-01
9.936646057552858124e-01
8.638048177887585055e-01
8.983050847457627608e-01
5.616585891222402038e-01
9.093820648078372315e-01
9.652130699465771846e-01
9.642237982663514062e-01
6.966205837173579107e-01
9.964046021093000416e-01
6.751130842687217415e-01
0.000000000000000000e+00
8.961937716262975695e-02
1.000000000000000000e+00
9.781893004115226331e-01
9.982166740971912811e-01
9.786301369863014132e-01
9.231549581536900861e-01
5.849632155033195335e-01
9.736062895650398064e-01
5.963792847603501812e-01
9.753607884547694784e-01
9.993740219092331900e-01
7.822999180551761800e-01
7.313910108367382978e-01
1.000000000000000000e+00
7.735652173913043494e-01
9.616035014423555127e-01
9.234582589728336233e-01
1.000000000000000000e+00
0.000000000000000000e+00
