6.790570282695881366e-01
8.249801113762927907e-01
8.338870431893687929e-01
3.379354122034436414e-01
3.796989092220319217e-01
6.979745474099301461e-01
3.721096970783294711e-01
8.682250192653480081e-01
8.216560509554140523e-01
9.564224736946594918e-01
7.797739023749014065e-01
1.741014990066823143e-01
5.334029227557410824e-01
7.339154411764705621e-01
1.786328074900602747e-01
5.765765765765765716e-01
0.000000000000000000e+00
6.778765981100611793e-01
7.398572884811417394e-01
0.000000000000000000e+00
3.424575424575424520e-01
3.928334439283344137e-01
2.847483095416979970e-01
2.901814530588825991e-01
6.798817216077099879e-01
7.282341143221806590e-01
8.259813840550384034e-01
7.611710323574730763e-01
2.208041504539559052e-01
9.762250110361354594e-01
8.006143648195302998e-01
7.948760059123008981e-01
5.041324931125115150e-01
3.470646006110868487e-01
7.614641995172968247e-01
6.592956437633940014e-01
6.338980867100431349e-02
3.069629153441279512e-01
4.007561436672967825e-01
3.049211965262142443e-01
7.604113110539846287e-01
1.918451709883502443e-01
6.379132231404958941e-02
5.528729727746385381e-01
7.931350114416475527e-01
8.670671193523112885e-01
4.841112214498510258e-01
8.780999270605397422e-01
6.832546313112967118e-01
8.532963219986120507e-01
8.564818781595406882e-01
9.843976068509756594e-01
7.773662551440329027e-01
9.222709896644485372e-01
9.069500726355226305e-01
9.532491209792941511e-01
4.623182018510357261e-01
6.357142857142856762e-01
6.657789613848202198e-03
9.669645887543839580e-01
8.932038834951456785e-01
8.677322214500811093e-01
6.629246104713054644e-02
9.133047210300428986e-01
9.294151541342552392e-01
8.861290322580644974e-01
7.736254295532646319e-01
7.922788821665226466e-01
8.676937018577254301e-01
8.743169398907103540e-01
7.176970682002875579e-01
7.911871095034528345e-01
9.436752251646727263e-01
9.105727869594747448e-01
7.371675943104514239e-01
6.556635767578566920e-01
9.461703452570400241e-01
9.374107567824845333e-01
9.103576405016255979e-01
0.000000000000000000e+00
9.769091457893148700e-01
5.247065007885053367e-01
8.702392088734465236e-01
9.152702830635236486e-01
8.727420336919017307e-01
8.555739431322401112e-01
8.137689841650205258e-01
8.700318213015536539e-01
8.544822999039243250e-01
3.412364280966097979e-02
0.000000000000000000e+00
9.384425343558597810e-01
8.618048618048618215e-01
3.068135454916360860e-01
7.322394518571944122e-01
8.823467006153192793e-01
7.621270550030444513e-01
7.781786185657720845e-01
8.113821138211382289e-01
3.443859105464311399e-01
6.168898606176550503e-01
8.640406607369758296e-01
6.500053174518770627e-01
9.034031802645267062e-01
7.953930896344516555e-01
5.021163100829130199e-01
3.203686822647625054e-01
4.509427017299905693e-01
4.813919768003866451e-01
8.038436050364480279e-01
8.762152644874837693e-01
4.204945245527971776e-01
5.986276773117865657e-01
4.083169333447420057e-01
3.489349576120253649e-01
4.013137637278045844e-01
2.178074769730901084e-01
8.186956785996475361e-01
8.443067389620448893e-01
7.451647841559647656e-01
7.926254878212891652e-01
0.000000000000000000e+00
7.342037395228884211e-01
7.737135771853689281e-01
8.552996580865750431e-01
2.224678573506312096e-01
3.119568804311956822e-01
3.297288304774579903e-01
8.656902894426320438e-01
6.466105888174171756e-01
7.963033391648284276e-01
7.310251874315558673e-01
5.237546420796517221e-01
6.374897424875932694e-01
8.773718145532698465e-01
8.954128440366972974e-01
7.031106798210146058e-01
8.815748728157487557e-01
0.000000000000000000e+00
5.922013709405551385e-01
8.220569829934476491e-01
7.821128451380552349e-01
1.146003869623455906e-01
6.716264751154438217e-01
6.767816091954023117e-01
7.209837877671333439e-01
6.407692307692307576e-01
8.739205526770293941e-01
3.041841004184100417e-01
2.795952986792681338e-01
7.181915720152428628e-01
5.350772889417360068e-01
6.815852881712687328e-01
6.280054438227733460e-01
8.945089208383856239e-01
9.449534559847541093e-01
5.623327229187209397e-01
7.675279258479611455e-01
4.763278688524590354e-01
1.369550523825616706e-01
7.333035847092072013e-01
8.202683973903931447e-01
8.965363128491620204e-01
7.058967457793001721e-01
9.332033482367969590e-01
8.888888888888888395e-01
7.540775381773043851e-01
9.381139489194498804e-01
7.004048582995950900e-01
6.836620006130581517e-01
8.865330021291696339e-01
9.249611439229095122e-01
8.991008226516166157e-01
8.368400158793172228e-01
9.410036166365279842e-01
7.800676415484562032e-01
0.000000000000000000e+00
5.325135965949396866e-01
1.933801404212637798e-01
8.866451932606541630e-01
9.078599959379866080e-01
5.508295318433191756e-01
8.763719696055963793e-01
7.109163013984554080e-01
8.035687347800788416e-01
7.573255919441168604e-01
9.692120368759784554e-01
8.163500287852619719e-01
8.456317689530685744e-01
7.769078388831242021e-01
9.057529943059100530e-01
8.562578264021617480e-01
9.783339928769291260e-01
8.763703933106224975e-01
4.685032461835409445e-01
0.000000000000000000e+00
