8.751891074130105919e-01
7.396576319543509692e-01
8.056491734874017263e-01
2.033226715042726895e-01
6.159695817490494774e-01
6.926360725720384082e-01
8.003084040092520723e-01
8.076463560334528058e-01
7.517807036477444083e-01
9.174442963245096339e-01
9.293921036139544123e-01
1.189829671686003509e-01
7.661169415292353735e-01
6.044663133989401915e-01
3.827635484225568874e-01
9.918433931484502697e-01
0.000000000000000000e+00
6.366483946750195466e-01
9.677333333333333343e-01
0.000000000000000000e+00
1.000000000000000000e+00
4.277456647398844014e-01
1.779760507161305405e-01
1.850530552506403081e-01
7.630285152409046479e-01
6.536824877250408949e-01
8.426919900908340644e-01
8.576388888888888395e-01
1.000000000000000000e+00
9.942196531791906988e-01
9.841017488076311270e-01
7.264358615169101974e-01
9.923949632215434136e-01
5.558371198881509878e-01
8.334617501375893855e-01
1.000000000000000000e+00
3.275632490013315884e-02
6.619303413619823662e-01
7.433380084151473000e-01
5.152173913043478493e-01
7.069789674952199343e-01
1.484443152079092665e-01
8.874251497005988254e-01
9.994693552666489289e-01
9.971231300345224646e-01
9.857482185273158670e-01
3.484009290691441607e-01
9.933986591026302548e-01
8.228346456692913202e-01
8.001041124414367545e-01
8.170671897989210120e-01
9.772515527950310643e-01
7.190711838599163075e-01
9.902705989662511366e-01
9.986529718807880540e-01
9.980910826288519333e-01
9.990476190476190732e-01
9.909533750869867763e-01
1.086956521739130405e-02
9.907267879911904052e-01
8.964677222898903564e-01
9.000480538202787484e-01
1.000000000000000000e+00
9.333333333333333481e-01
8.828680897646414838e-01
9.956505980427691194e-01
7.417627677100494532e-01
7.018887187340480116e-01
8.602875112309074090e-01
1.000000000000000000e+00
6.164295302013422795e-01
1.000000000000000000e+00
9.114515710205141064e-01
9.975198412698412787e-01
7.309893704006541482e-01
8.087005019520356885e-01
9.946177903847552848e-01
9.827844311377245123e-01
9.631449631449631177e-01
0.000000000000000000e+00
9.889992360580596165e-01
9.923777961888980981e-01
8.426501035196687361e-01
9.967010309278350189e-01
1.000000000000000000e+00
9.341327201051248252e-01
9.738800186017672056e-01
7.880637504238724445e-01
9.501972386587771435e-01
1.747616886064457670e-02
0.000000000000000000e+00
9.908162156287360078e-01
9.701968134957825729e-01
2.260974143114852786e-01
7.092210967516591191e-01
9.213981055780202656e-01
6.156747007706181440e-01
9.761589403973509604e-01
8.685813751087902990e-01
4.564622124863088604e-01
1.000000000000000000e+00
7.755474452554744769e-01
4.814873168426028194e-01
9.894205729166666297e-01
7.105027733047056815e-01
4.169876733436055360e-01
9.405292893250074560e-01
9.974669802786321204e-01
6.099951004409602806e-01
6.747323042692253692e-01
8.630674106469612417e-01
2.676971608832807714e-01
4.777868768553588108e-01
6.512008733624453649e-01
3.428531429371412531e-01
2.963468243140821579e-01
1.710638297872340563e-01
7.007595463531369750e-01
8.766756032171582058e-01
6.000498380264142062e-01
7.113526570048309683e-01
0.000000000000000000e+00
6.801552934149619478e-01
6.359775777136063013e-01
9.365640011302628354e-01
4.463118580765639831e-01
6.112068965517241104e-01
2.241067390321121733e-01
8.244315177154944996e-01
6.750000000000000444e-01
9.554622615679474462e-01
7.477166982595209177e-01
9.133541759714157715e-01
5.070238687220288698e-01
9.955406911928651459e-01
9.851193909332103260e-01
5.432355881372875617e-01
8.889285395664198175e-01
0.000000000000000000e+00
9.689281117852546199e-01
9.909478168264110876e-01
8.432292509302702355e-01
2.456401531263292248e-01
7.060409924487593969e-01
1.000000000000000000e+00
9.985965807603980338e-01
4.963257199602780778e-01
8.042117810668520939e-01
1.795505062978513255e-01
5.302769160059749298e-01
7.141490692369950599e-01
4.317236968340262271e-01
7.449900102924259526e-01
4.723075173433413099e-01
8.591631311870893128e-01
9.524935352789065668e-01
9.232192414431081851e-01
6.520710741894542029e-01
3.936700628658140189e-01
2.562035719930456645e-01
6.682027649769585187e-01
9.519064804644594702e-01
8.231432088633565680e-01
5.797829581993568793e-01
9.893791432033645084e-01
8.089005235602094723e-01
9.969467979543545910e-01
8.848054354539839350e-01
9.774011299435028111e-01
6.005205528630407352e-01
9.413149962321024633e-01
9.242141880979003465e-01
9.258471237194640935e-01
8.095238095238095344e-01
9.978427612655800250e-01
6.713854917071536699e-01
0.000000000000000000e+00
3.896193771626297320e-01
1.000000000000000000e+00
9.817558299039780279e-01
9.964333481943825621e-01
9.869406392694063390e-01
9.213796601572407097e-01
6.111609546025480455e-01
9.518072289156626065e-01
6.193797299302566950e-01
9.806406195001760029e-01
9.985915492957746498e-01
7.997814804698170077e-01
7.315686622845976039e-01
1.000000000000000000e+00
7.531594202898550527e-01
9.836864617527106835e-01
9.352237424813272249e-01
1.000000000000000000e+00
0.000000000000000000e+00
