9.547506902712360466e-01
9.988305734867620744e-01
9.866958941067364153e-01
1.000000000000000000e+00
9.103627026417888679e-01
9.869111199681147584e-01
9.495010818972897670e-01
9.963977767273557440e-01
9.940561220301135092e-01
9.998001235599811576e-01
9.641969415134405974e-01
9.836708140196795958e-01
9.651530652396317356e-01
9.982033262314370381e-01
5.321320363578376789e-01
8.985060004898358654e-01
9.920269657094703541e-01
9.849931123895956375e-01
9.606545172045447556e-01
1.000000000000000000e+00
8.968694180690044426e-01
9.581964044075005349e-01
9.825432627608560177e-01
9.819060874661197369e-01
7.832772811753252462e-01
9.854440817150742493e-01
9.842153825874909723e-01
9.964901477832511789e-01
7.631371435780973655e-01
9.942511817977177646e-01
9.139565907124315158e-01
9.817615498181556655e-01
7.288011823002694678e-01
6.515011461953708061e-01
9.427645214433756360e-01
6.269261120571499868e-01
9.997822472088051526e-01
7.440307872500627751e-01
9.783718741804606767e-01
9.734585861087037273e-01
9.949719437614273909e-01
9.532033141259503850e-01
6.652911083290830030e-01
9.013874722748392854e-01
9.859086491739552649e-01
9.924043099667981815e-01
9.915080331670531599e-01
9.532601493526261516e-01
9.560724361918508940e-01
9.900089884532946582e-01
9.791377434242617417e-01
9.979869340625949770e-01
9.945317840054682668e-01
9.916943788455668818e-01
9.797137439804016745e-01
9.943105594077809029e-01
9.621778370499023403e-01
9.747421956660790032e-01
9.679026866410795904e-01
9.911437558206962484e-01
9.971515322252481051e-01
9.942794106059412718e-01
7.024564000555119092e-01
9.990302619831912256e-01
9.995134125476776710e-01
9.889449957787087575e-01
9.859261700725114874e-01
9.955532474276996835e-01
9.956878850102669487e-01
9.756355932203389925e-01
9.597535759203598138e-01
9.221745600980477686e-01
9.987355110642781586e-01
9.938602015113350285e-01
9.902203201775241492e-01
9.814881634061779492e-01
9.713827794620271128e-01
9.925724873228448653e-01
9.951024393316640904e-01
1.000000000000000000e+00
9.960332932142190732e-01
8.184232197778188445e-01
9.941140225710208833e-01
9.855156049171143184e-01
9.901082257911841822e-01
9.744482573004978887e-01
8.971387316183455640e-01
9.963308578383813785e-01
9.719773935275516363e-01
9.974954082484555062e-01
9.233242796041335465e-01
9.528365935418169341e-01
9.750668593544957741e-01
9.935497001863071720e-01
9.781809062029760415e-01
9.364614704209928142e-01
1.000000000000000000e+00
9.604465134576927188e-01
9.951387702486527154e-01
9.295132829164243216e-01
8.829746381046199577e-01
9.993211669613538684e-01
1.000000000000000000e+00
9.792059536637931494e-01
9.929104041903681344e-01
9.540723817812590823e-01
7.873675067955543394e-01
7.765168558049625469e-01
9.386044846551891974e-01
9.995029565515468617e-01
9.728737039445995993e-01
9.982288773497565160e-01
9.496717248576025394e-01
9.088925523661752770e-01
9.238778620725086599e-01
9.797926669946894762e-01
9.772782248310784015e-01
9.980867232901207142e-01
9.941417599849224906e-01
9.985393844548774434e-01
9.943644537103394354e-01
1.000000000000000000e+00
9.803531671170482298e-01
9.992120572012942459e-01
9.693113004208149253e-01
8.205283092796969990e-01
9.153220703619336929e-01
9.902150080178028224e-01
9.895294279997239872e-01
9.670818505338077964e-01
9.108081862987595922e-01
9.710545259739172819e-01
7.507953340402969689e-01
9.727794855201423729e-01
9.232181931853704615e-01
9.671865932790546516e-01
9.995516700291414702e-01
9.736410992692399180e-01
1.000000000000000000e+00
8.820407008669317594e-01
9.605021535174117497e-01
9.673995451099317577e-01
7.649340829141598741e-01
9.884582770641625604e-01
9.666971955533097960e-01
8.951956740268293133e-01
9.956033784565544442e-01
9.934197479673331221e-01
9.997752345988873968e-01
6.534759734661200747e-01
9.281547790932717090e-01
9.908827252479610603e-01
8.513841571635488714e-01
9.883211678832116709e-01
9.861160422311501250e-01
9.834810869021749502e-01
9.535929561018714473e-01
9.830712418571843081e-01
9.803686620816440822e-01
7.344322653650627863e-01
9.907998771161090623e-01
9.108922144345520389e-01
9.989449737891925585e-01
9.948315719947159463e-01
9.643155299279709824e-01
9.974489795918367596e-01
8.382950319443119858e-01
9.999197406016244738e-01
9.750900312947208270e-01
9.679927933227929771e-01
9.647669337217771313e-01
9.896150434011167230e-01
9.679067479090186499e-01
9.974624030887069281e-01
9.916400495404471549e-01
9.713634181469035234e-01
1.000000000000000000e+00
9.965999425342400020e-01
6.815099958812533831e-01
9.708649520997150173e-01
9.772646113557910130e-01
6.797347305169824105e-01
9.600610721135047765e-01
9.899437986758501395e-01
8.221685383476974307e-01
9.957739444465788514e-01
9.980540712975516371e-01
9.516112670341189128e-01
9.945696969696969925e-01
9.857445707513312616e-01
9.842424043464701455e-01
9.990862926323558213e-01
9.950615503848025956e-01
9.402463943499910215e-01
5.582616304506343718e-01
1.000000000000000000e+00
