8.389769872040201415e-01
9.886481252712764345e-01
9.933114312189369466e-01
9.848604398855902442e-01
9.869036776483151030e-01
9.831670035371399274e-01
9.337238725779056780e-01
9.986115931968067017e-01
9.483231175561868120e-01
9.821677391072910490e-01
9.917572312322353589e-01
9.215298106690815727e-01
9.649040160169591873e-01
9.592007343539979969e-01
9.744358333203907430e-01
9.285922047702152016e-01
9.677257776367855779e-01
9.967637029552917083e-01
9.883762185541232759e-01
9.003906250000000000e-01
9.784309473368142385e-01
8.050116042935886451e-01
8.397696749392823401e-01
9.352263827092602844e-01
9.964038142350375438e-01
9.993144228297197174e-01
9.836821364349389585e-01
9.982490037435092223e-01
9.958041653984955888e-01
9.836598138091543486e-01
9.622386244926618426e-01
9.370196304653963804e-01
9.739078550579736149e-01
9.151899865891819363e-01
9.890373953605251511e-01
9.783515910276473493e-01
8.799270310769431447e-01
9.449457211335119400e-01
1.000000000000000000e+00
9.445925329846267537e-01
9.973827363235142629e-01
9.936002089727682396e-01
9.458839534295114815e-01
9.975946591615668657e-01
9.922031325467467466e-01
9.752042968235139497e-01
9.706114073178329082e-01
9.802621666415549662e-01
9.129904559915164031e-01
9.708987218896618643e-01
9.658682400750234764e-01
9.516591344716619494e-01
9.363371441380856641e-01
9.200213521821561935e-01
9.923972698580513230e-01
9.756260253474914323e-01
9.968345539343310691e-01
1.000000000000000000e+00
9.420733468091250229e-01
1.000000000000000000e+00
9.864950325384034269e-01
9.940354535974973427e-01
9.579370270017751876e-01
9.655198938481952542e-01
9.644649225234322998e-01
9.897307165677772245e-01
9.999343433514435997e-01
1.000000000000000000e+00
8.991543648034666658e-01
9.813979920439477311e-01
9.387363975962319529e-01
9.937786509495742937e-01
9.970491526852710562e-01
9.980039920159680111e-01
9.915321087624965335e-01
9.922359505779194677e-01
9.740811656470368396e-01
9.910677902560675046e-01
9.806593721459142543e-01
9.996063250442884796e-01
9.778400055313558603e-01
9.824097079687443834e-01
9.992871424845692907e-01
9.981882718331731574e-01
9.946087716741949247e-01
9.906736888303708799e-01
9.958967612604147090e-01
9.966632743289010055e-01
9.273385614048252901e-01
9.959168945609236934e-01
9.949291834236754228e-01
9.912445579706652410e-01
9.844119670453210791e-01
9.943267225912816309e-01
9.959060881431628376e-01
9.949765206945506701e-01
9.995666707936115003e-01
9.945351350401517854e-01
9.960403167746579856e-01
9.952722401701993293e-01
9.192148155001464982e-01
9.973062832866422811e-01
9.964212277700168485e-01
9.948548035108399912e-01
9.973796967699406490e-01
9.950826057320912854e-01
9.999052282419839122e-01
9.782011387711864181e-01
9.813689752936411992e-01
9.944147772038869348e-01
9.987517224608900568e-01
9.963003778337531369e-01
9.912347440164843704e-01
9.854415386787568343e-01
9.870623901751405249e-01
9.933201144194513388e-01
9.956536117541455733e-01
9.715149781356001712e-01
9.945923954501534325e-01
9.229750189250567338e-01
9.962424893075444432e-01
8.879795211998846582e-01
9.898034579577360548e-01
9.995093941926809222e-01
9.220836493852422322e-01
9.660734710354571542e-01
9.623685089330439313e-01
9.963628984421342150e-01
9.851062926974158973e-01
9.831599468916488727e-01
9.992541185627189515e-01
9.892067363148008274e-01
9.922538099895875652e-01
9.999831785762346437e-01
9.428126306189915651e-01
1.000000000000000000e+00
9.763509865325579185e-01
9.888572489785811825e-01
9.880051699136246368e-01
9.423608033004875484e-01
9.957033121590083136e-01
9.681843658303386224e-01
9.952443857331572108e-01
9.553070456442813718e-01
9.963985594237695365e-01
8.879183751311147121e-01
9.998073774438986927e-01
9.850367907290654701e-01
9.826949662519313122e-01
9.719209884315731518e-01
9.704423315419594687e-01
9.605591877956731750e-01
9.986611151930769870e-01
9.969533934011797216e-01
9.995948464468032979e-01
9.677596866604084580e-01
9.921958028647114292e-01
9.732694055341418737e-01
9.962626457890327858e-01
9.900111829261358798e-01
9.741044612116328549e-01
9.985396937782105020e-01
9.985191666947127453e-01
9.954359717919989414e-01
9.945350985221674822e-01
9.992766044441648843e-01
9.600323565099091461e-01
9.231791697013838061e-01
9.892671386574355408e-01
9.855428982326004395e-01
9.251019709188280649e-01
9.911837559481129212e-01
9.993518963034085933e-01
9.732590734730008908e-01
9.999840372888931794e-01
9.864873427747679058e-01
9.448202451670500990e-01
9.781148502729266614e-01
9.148866009599531113e-01
9.739884931200774032e-01
9.915114320497639966e-01
9.922956385479236863e-01
9.498251949748357514e-01
9.983890262381369674e-01
9.709701416832922094e-01
9.343030303030303019e-01
9.734087836146025907e-01
9.865239728838041122e-01
9.742053381595825456e-01
9.949353856136113894e-01
9.612553811970560025e-01
9.964634679889163849e-01
9.973001105978791525e-01
9.456342668863262357e-01
9.268388918885243077e-01
9.613587774170559985e-01
