9.700012207031250000e-01
9.912261962890625000e-01
9.796142578125000000e-01
9.647827148437500000e-01
9.830932617187500000e-01
9.869537353515625000e-01
9.682769775390625000e-01
9.836883544921875000e-01
9.820556640625000000e-01
9.715423583984375000e-01
9.765319824218750000e-01
9.528961181640625000e-01
9.789123535156250000e-01
9.759368896484375000e-01
9.614105224609375000e-01
9.793853759765625000e-01
9.614105224609375000e-01
9.811706542968750000e-01
9.781341552734375000e-01
9.690093994140625000e-01
9.679565429687500000e-01
9.569549560546875000e-01
9.735107421875000000e-01
9.265441894531250000e-01
8.907012939453125000e-01
9.785614013671875000e-01
9.838562011718750000e-01
9.949188232421875000e-01
9.719390869140625000e-01
9.933013916015625000e-01
9.435272216796875000e-01
9.579315185546875000e-01
9.322509765625000000e-01
8.956756591796875000e-01
9.555969238281250000e-01
9.029235839843750000e-01
8.851470947265625000e-01
9.538421630859375000e-01
9.710845947265625000e-01
9.797058105468750000e-01
9.824523925781250000e-01
9.309692382812500000e-01
7.988281250000000000e-01
9.908294677734375000e-01
9.866485595703125000e-01
9.954223632812500000e-01
9.704437255859375000e-01
9.903564453125000000e-01
9.936523437500000000e-01
9.664916992187500000e-01
9.588012695312500000e-01
9.902496337890625000e-01
9.869384765625000000e-01
9.938354492187500000e-01
9.851379394531250000e-01
9.962463378906250000e-01
9.944305419921875000e-01
9.938507080078125000e-01
9.645996093750000000e-01
9.929504394531250000e-01
9.969635009765625000e-01
9.955749511718750000e-01
9.590606689453125000e-01
9.960174560546875000e-01
9.952697753906250000e-01
9.923248291015625000e-01
9.847564697265625000e-01
9.954071044921875000e-01
9.931945800781250000e-01
9.817047119140625000e-01
9.428253173828125000e-01
9.815368652343750000e-01
9.907531738281250000e-01
9.951324462890625000e-01
9.907684326171875000e-01
9.569549560546875000e-01
9.802856445312500000e-01
9.952239990234375000e-01
9.962768554687500000e-01
8.760986328125000000e-01
9.931182861328125000e-01
9.831085205078125000e-01
9.848022460937500000e-01
9.927978515625000000e-01
9.926452636718750000e-01
9.862518310546875000e-01
9.427642822265625000e-01
9.557495117187500000e-01
9.751129150390625000e-01
8.923797607421875000e-01
9.781036376953125000e-01
9.608306884765625000e-01
9.601440429687500000e-01
9.924011230468750000e-01
9.781341552734375000e-01
9.327239990234375000e-01
9.800872802734375000e-01
9.757232666015625000e-01
9.827880859375000000e-01
9.040527343750000000e-01
9.868469238281250000e-01
9.926147460937500000e-01
9.804382324218750000e-01
9.760131835937500000e-01
9.834136962890625000e-01
8.498382568359375000e-01
9.094085693359375000e-01
9.750976562500000000e-01
9.604492187500000000e-01
9.698638916015625000e-01
9.693145751953125000e-01
8.098297119140625000e-01
9.400939941406250000e-01
9.741973876953125000e-01
9.381713867187500000e-01
9.595642089843750000e-01
9.790802001953125000e-01
9.242095947265625000e-01
9.703979492187500000e-01
9.615783691406250000e-01
9.270935058593750000e-01
9.613189697265625000e-01
9.541168212890625000e-01
9.525756835937500000e-01
9.662322998046875000e-01
9.838104248046875000e-01
9.729461669921875000e-01
9.681396484375000000e-01
9.778442382812500000e-01
9.680633544921875000e-01
9.449768066406250000e-01
9.623870849609375000e-01
7.467803955078125000e-01
9.174041748046875000e-01
9.806213378906250000e-01
9.807281494140625000e-01
9.396514892578125000e-01
9.526367187500000000e-01
9.809417724609375000e-01
9.083099365234375000e-01
9.705810546875000000e-01
9.706573486328125000e-01
9.809722900390625000e-01
9.838714599609375000e-01
9.866943359375000000e-01
9.724121093750000000e-01
9.795074462890625000e-01
9.844818115234375000e-01
8.794555664062500000e-01
9.121246337890625000e-01
9.621124267578125000e-01
9.842987060546875000e-01
9.639739990234375000e-01
9.160003662109375000e-01
9.735107421875000000e-01
9.859161376953125000e-01
9.766540527343750000e-01
8.963775634765625000e-01
9.531860351562500000e-01
9.689788818359375000e-01
9.613952636718750000e-01
9.588165283203125000e-01
9.853057861328125000e-01
9.675598144531250000e-01
9.715728759765625000e-01
9.736480712890625000e-01
9.766540527343750000e-01
9.976959228515625000e-01
9.959716796875000000e-01
9.656829833984375000e-01
9.060058593750000000e-01
9.761810302734375000e-01
9.844055175781250000e-01
9.971466064453125000e-01
9.891662597656250000e-01
8.964996337890625000e-01
9.385070800781250000e-01
9.824523925781250000e-01
9.694519042968750000e-01
9.454193115234375000e-01
9.841918945312500000e-01
9.423522949218750000e-01
9.678192138671875000e-01
9.703216552734375000e-01
9.139709472656250000e-01
9.583740234375000000e-01
9.962768554687500000e-01
9.853973388671875000e-01
9.859313964843750000e-01
9.707031250000000000e-01
9.884490966796875000e-01
9.875640869140625000e-01
9.928131103515625000e-01
8.867950439453125000e-01
9.804840087890625000e-01
9.959869384765625000e-01
