7.083333333333333703e-01
7.809762202753441906e-01
8.166308023363049173e-01
9.032684054143281793e-01
8.538961038961039307e-01
7.915397631133671563e-01
4.400819392284056053e-01
8.774343776460626909e-01
8.168795973674022326e-01
8.204322574502522780e-01
7.780470914127424198e-01
3.373024464169733783e-01
6.086028065893838157e-01
6.196473551637279309e-01
7.130351233052204529e-01
6.345840130505709942e-01
6.021171746669100600e-01
6.513569937369519947e-01
7.396158999553371638e-01
6.434854315557998472e-01
4.215173315892740136e-01
8.786127167630057577e-02
9.059790732436472371e-01
5.920768099645359328e-01
6.705114150898432435e-01
8.222574599971168574e-01
8.378326263015811737e-01
7.563380281690140761e-01
8.161896243291592024e-01
9.573072639524811134e-01
7.755021350624703436e-01
8.346064715475066675e-01
3.932178032664256362e-01
3.834815977673120546e-01
7.804123711340206215e-01
7.267061929285497657e-01
5.350711189793052602e-01
4.095155709342560568e-01
3.208820882088208593e-01
3.794932233352975581e-01
7.818532818532818451e-01
3.553219069566470045e-01
6.261788004526593066e-02
8.884015594541910810e-01
7.444253859348198832e-01
8.982494529540481221e-01
6.477565755544094639e-01
9.450383219039935057e-01
9.453896240285654118e-01
7.364360693056785090e-01
8.070434579802534536e-01
9.550561797752809001e-01
7.093954843408594169e-01
9.095685840707964376e-01
8.705796038151136784e-01
9.537979639780735930e-01
8.228840125391849725e-01
8.754578754578754562e-01
3.117198335644937313e-01
9.487385321100917368e-01
9.070282235749861366e-01
8.266546600630346742e-01
3.772026431718061845e-01
8.002894356005788579e-01
9.091847265221878471e-01
8.728250553622270980e-01
7.914577902546621191e-01
9.424778761061947119e-01
7.740341419586702632e-01
8.195934048343205269e-01
7.869784404161750402e-01
8.980479774223895095e-01
8.356940509915014026e-01
8.797190517998244585e-01
8.230210853784998282e-01
5.204644412191582470e-01
9.151676349128577970e-01
9.326946107784430673e-01
9.051929490233444620e-01
8.322665662650602370e-01
9.331447290053603849e-01
9.241245136186770903e-01
7.153209109730849224e-01
9.186669311644515279e-01
8.259700345754897866e-01
8.332246494946201620e-01
7.687508209641402690e-01
7.373224100383698465e-01
7.651378896882493619e-01
6.342399826961553355e-01
7.097919837645865204e-01
9.000344708721130793e-01
7.131399545515305638e-01
7.866507747318236543e-01
7.741550017070673029e-01
8.211902367675290026e-01
8.120734111936902533e-01
8.475255459827689686e-01
7.070512820512820928e-01
3.417464114832535760e-01
8.548618872744691011e-01
8.867271941201901875e-01
8.439161252215002795e-01
8.356643356643356224e-01
8.520098441345365092e-01
4.787401574803149540e-01
5.327134404057480843e-01
6.167322130854486772e-01
6.780045351473923398e-01
6.994195688225538499e-01
8.749227282093550162e-01
1.526182965299684446e-01
8.335142277381907272e-01
7.279036538068993645e-01
6.597746202841744401e-01
6.551724137931034253e-01
6.518208016767094160e-01
6.910692368782037631e-01
6.146971201588877776e-01
6.467384577299171156e-01
5.119225037257824074e-01
8.329568788501027221e-01
5.206809018963715063e-01
6.911013858497446760e-01
6.602283941914564025e-01
6.651355075792374505e-01
6.271618939608732957e-01
6.142322097378276613e-01
8.354863221884498703e-01
6.112090926905742183e-01
7.659792191435768061e-01
7.433267587113741026e-01
3.611727225067548619e-01
7.773884265342871913e-01
9.318491285403049940e-01
8.681776603313344776e-01
6.650802613535532481e-01
7.575931232091690504e-01
7.202531645569619778e-01
3.284811554953734891e-01
8.025367541078120004e-01
7.600926059904500320e-01
8.009407337723424281e-01
5.492208285822881564e-01
7.474576271186440524e-01
8.205128205128204844e-01
7.027394598795414504e-01
8.627817698592381568e-01
3.081419280480777179e-01
2.815121222566930870e-01
8.581912074471699237e-01
5.206267988487368603e-01
8.918681318681318526e-01
6.624908300885954393e-01
8.534518567749439510e-01
9.351467430207587306e-01
5.543263532200710664e-01
6.089886388950768170e-01
2.956861044873184685e-01
6.864848755774102251e-01
6.441449326098371841e-01
8.554823162520377444e-01
8.940360090022505535e-01
5.858069589148811041e-01
8.912742838327296635e-01
8.498488685564904443e-01
9.097049413437611198e-01
9.021237303785780703e-01
8.394495412844036331e-01
7.839681133746678743e-01
6.207676402171103947e-01
8.805382343288480351e-01
9.397693626305126946e-01
8.134831460674157855e-01
8.952277657266811683e-01
7.138669012019935867e-01
6.547169811320754373e-01
5.103806228373702902e-01
6.144078776885203430e-01
7.178198304750640357e-01
8.754721896574182427e-01
8.008202429776367648e-01
8.622294624156388032e-01
6.422563087580406282e-01
8.034308957467504175e-01
8.522920203735144806e-01
9.526261585993820447e-01
8.844750140370578606e-01
8.150331613854090440e-01
7.897216274089935428e-01
8.787878787878787845e-01
9.294530630732645848e-01
9.548329709428741152e-01
5.155661312710687616e-01
9.097914777878512993e-01
8.885334645669291653e-01
