9.821666395972064034e-01
9.969438987120715634e-01
9.953629542197116598e-01
9.942586736639081879e-01
9.905822882624724102e-01
9.977042646472698006e-01
9.745948722738523307e-01
9.912144871314241268e-01
9.912483785692002280e-01
9.999818294145437214e-01
9.837198966238127618e-01
9.907619744653167748e-01
9.799008420555599397e-01
9.788851082774191470e-01
9.952160739913888943e-01
1.000000000000000000e+00
9.732449601348285295e-01
9.999837938578721719e-01
9.882173955264946796e-01
9.818377932522246443e-01
9.789414308545643095e-01
1.000000000000000000e+00
9.885706704069447959e-01
9.884806973848069278e-01
9.858173289671652295e-01
9.860835324605391472e-01
9.943649904435510889e-01
9.979371921182266236e-01
9.982967448902346774e-01
9.948745476268808785e-01
9.534539948081914851e-01
9.701667206798458842e-01
1.000000000000000000e+00
9.995932855135695183e-01
9.547395086003790388e-01
8.811106034805000764e-01
9.730580410167075645e-01
9.998494101899104702e-01
9.767212254909523050e-01
9.879751145227188003e-01
9.921505579723850499e-01
9.988918817552593366e-01
8.080400612046181319e-01
9.945763919244904327e-01
9.906893633029248969e-01
9.977447848148843779e-01
9.963296017617911948e-01
9.960423344854139049e-01
9.968998097237714573e-01
9.961453363755791157e-01
9.881993170987954933e-01
9.978350045578850969e-01
9.981083787693334486e-01
9.947467347823991668e-01
9.853012735540379596e-01
9.973492379058979118e-01
9.964953633346772532e-01
9.968642256509462340e-01
9.696050513804630455e-01
9.983658120859617568e-01
9.974175978965160727e-01
9.977937120794263537e-01
9.825600222047462529e-01
9.981374873010497861e-01
9.982577029932976354e-01
9.935963808401165887e-01
9.978411338167435529e-01
9.975656464020253855e-01
1.000000000000000000e+00
9.813460010593220151e-01
9.995523437999616068e-01
9.985467915608858824e-01
9.994812353084218115e-01
9.958753148614609696e-01
9.929148834997622020e-01
9.740834287686490622e-01
9.896112924092919094e-01
9.972857885840592518e-01
9.989921418560337996e-01
9.415995749724140884e-01
9.971012527334678355e-01
9.977647434496899059e-01
1.000000000000000000e+00
9.968526513528656041e-01
9.928533114567885676e-01
9.992262145067958290e-01
9.558460310825701578e-01
9.859584751891901089e-01
9.901096683038417279e-01
9.818625813992318818e-01
9.922418906684149498e-01
9.595833156532439512e-01
9.643527516154216661e-01
9.997651589873655098e-01
9.977930112021401454e-01
9.194448539477286797e-01
9.916886787691169269e-01
9.924433662262728273e-01
9.936167238728315088e-01
9.239221769762782088e-01
9.896482059673084031e-01
9.980897954028795649e-01
9.928196117521836950e-01
9.830616918103448620e-01
9.915592106360618940e-01
8.428706121264868401e-01
9.589532433693082059e-01
9.988835008082120881e-01
9.731343769323396176e-01
9.992287256834347930e-01
9.751884301947431055e-01
1.000000000000000000e+00
9.640636549415192436e-01
9.800394362554951666e-01
9.475622077988800074e-01
9.859685437486214177e-01
9.952911580203511743e-01
9.241841752346893202e-01
9.818441676744514846e-01
9.990784211441487983e-01
9.362824939735487906e-01
9.832933878471732392e-01
1.000000000000000000e+00
9.607872722090898820e-01
9.997434055219132087e-01
9.988571801737086142e-01
9.809067324727916981e-01
9.980855450469614532e-01
9.942730973573449260e-01
9.956669302754711515e-01
9.679913519851958137e-01
9.698324209398490048e-01
7.200247437256981353e-01
9.098244620611551925e-01
9.934354485776805133e-01
9.794256774579281899e-01
9.926585967271912558e-01
9.814825040955694746e-01
9.943562555387988056e-01
9.430420819674858457e-01
9.782311108143301182e-01
9.877011203773903292e-01
9.899233980997468318e-01
9.877987500392575448e-01
9.882832238504295486e-01
9.722694027522618132e-01
9.981487909290756022e-01
9.983414159260127763e-01
1.000000000000000000e+00
1.000000000000000000e+00
9.783232264895562746e-01
1.000000000000000000e+00
9.656663742630409164e-01
9.971845672575599950e-01
9.997010184060544091e-01
9.916347762543028521e-01
9.941774229179158873e-01
9.870959711215302468e-01
1.000000000000000000e+00
9.935144994848755795e-01
9.672740795834883221e-01
9.741807160447054637e-01
9.924499686789093333e-01
9.981671070013210523e-01
9.775564486380492468e-01
9.996811224489795533e-01
9.816153332697625800e-01
9.998234293235738201e-01
9.997641101448363488e-01
9.972791116667280020e-01
9.115076474872542134e-01
9.810044009950075194e-01
9.972751012375581370e-01
9.994862533860572329e-01
9.928622645199139951e-01
9.999759961593854829e-01
9.935821776335201916e-01
1.000000000000000000e+00
9.770459081836326831e-01
9.509665899804278233e-01
9.838794701311068813e-01
9.638552009672809451e-01
9.802260412981548265e-01
9.918282941147040788e-01
9.340558892661269264e-01
9.647316454723577905e-01
9.988515830608502011e-01
9.875900314476042663e-01
9.933737373737373533e-01
9.770310648171331991e-01
9.895934212038146605e-01
9.963803131204863606e-01
9.988284699817961965e-01
1.000000000000000000e+00
9.936196587428904881e-01
9.998048272721358209e-01
