9.220877458396369297e-01
9.308131241084165453e-01
8.693628631038357035e-01
9.132095288108081910e-01
1.000000000000000000e+00
9.263607257203841927e-01
9.969159599074788325e-01
9.978494623655913554e-01
9.423699546729981114e-01
8.229860978861169851e-01
9.567578859410904579e-01
4.840780054307578517e-01
1.000000000000000000e+00
9.780469341408024597e-01
7.770693635264372956e-01
6.881845723607550314e-01
8.712121212121212155e-01
6.883320281910728644e-01
8.877333333333333742e-01
9.554753309265944239e-01
7.858809801633606096e-01
2.453757225433526035e-01
9.626672927917351297e-01
6.539517014270033179e-01
6.968534906588004230e-01
9.589198036006546522e-01
9.062758051197357112e-01
1.000000000000000000e+00
8.862781954887217761e-01
9.957610789980732013e-01
9.728736089030206591e-01
9.765859515709425231e-01
4.476997880563520771e-01
4.108703250611674407e-01
1.000000000000000000e+00
9.658842480727188873e-01
6.077896138482024035e-01
4.966210362155605851e-01
1.000000000000000000e+00
8.619565217391303991e-01
9.837476099426386567e-01
4.124745565571387163e-01
9.760479041916167997e-01
9.766516317325550922e-01
1.000000000000000000e+00
9.875296912114014392e-01
7.153832410219760352e-01
9.682310469314079349e-01
9.783464566929134243e-01
7.559864653826132708e-01
8.559751512179172295e-01
9.649068322981366741e-01
7.685572896840502377e-01
1.000000000000000000e+00
9.988213503956895334e-01
9.964548677392964793e-01
1.000000000000000000e+00
1.000000000000000000e+00
9.836956521739130821e-01
9.626753216645415057e-01
9.963459196102314452e-01
9.394521864488226681e-01
1.000000000000000000e+00
9.964912280701754277e-01
9.808429118773945854e-01
9.992750996737947977e-01
8.169275123558484841e-01
9.818785094435936722e-01
8.077268643306378948e-01
1.000000000000000000e+00
8.005906040268456758e-01
8.592803705023156491e-01
8.465333679563750158e-01
9.980158730158730229e-01
9.963205233033524122e-01
1.000000000000000000e+00
9.524329042112154031e-01
9.688123752495010343e-01
9.341523341523341184e-01
8.442301604694767425e-01
9.593582887700534689e-01
9.852526926263462936e-01
7.422360248447205100e-01
9.276288659793814340e-01
1.000000000000000000e+00
8.567674113009198233e-01
9.120291427685630614e-01
8.108963490448739542e-01
8.484549638395791904e-01
6.645483431684067188e-01
9.708276797829036298e-01
9.952179110966199449e-01
1.000000000000000000e+00
9.500901984365603958e-01
8.230876702759343244e-01
9.982274414224782122e-01
9.365469749139203604e-01
9.481236203090507297e-01
1.000000000000000000e+00
8.291347207009858167e-01
9.473684210526315264e-01
9.945255474452554534e-01
9.246888293682054005e-01
9.750976562500000000e-01
9.643943460368581411e-01
8.910824345146378667e-01
9.774011299435028111e-01
7.362040890175501895e-01
9.659480646741793741e-01
7.375886524822694579e-01
9.538531141607600183e-01
2.138170347003154614e-01
9.260415600368512301e-01
9.795305676855895483e-01
9.267814643707126265e-01
7.695922388964681060e-01
7.826950354609929494e-01
9.979190510872958386e-01
1.000000000000000000e+00
6.922501868925990953e-01
9.949275362318840132e-01
9.358507734303912473e-01
5.509929819322084699e-01
9.750297265160523530e-01
6.928510878779315929e-01
7.952847805788981761e-01
9.926724137931034475e-01
6.639529624604251223e-01
8.771813855103119950e-01
6.876033057851239638e-01
8.890207173496394999e-01
9.924177149750129656e-01
1.000000000000000000e+00
9.967056190949775685e-01
9.390328874024526096e-01
9.942323220671357431e-01
7.162612462512495393e-01
8.438754572218752914e-01
9.884963023829087536e-01
5.581908439051296300e-01
9.895278665246716177e-01
8.804400582430027544e-01
9.434283283709059553e-01
8.646170442286946756e-01
1.000000000000000000e+00
9.918346516968614690e-01
7.624627606752730768e-01
9.104003178702692045e-01
3.496336544002634494e-01
3.382741583362058879e-01
9.501876241630490272e-01
6.709306044131755353e-01
9.857116909850457409e-01
6.982258614807232977e-01
8.608268862823392764e-01
9.708902844477280691e-01
7.081406105457909161e-01
6.605515172493365839e-01
3.349230435725124577e-01
7.763553026710920957e-01
1.000000000000000000e+00
9.499450808096657761e-01
9.805088223225276733e-01
6.213826366559485059e-01
9.540238078266447541e-01
8.694371727748690937e-01
9.801541867033051192e-01
9.743668931439160019e-01
9.265536723163841915e-01
8.259737928558607001e-01
9.172004521477016281e-01
1.000000000000000000e+00
9.398739164696611192e-01
9.708141321044546634e-01
9.875359539789070329e-01
7.164516669458871334e-01
6.952793493635077704e-01
6.031141868512110982e-01
9.991701244813278038e-01
1.000000000000000000e+00
9.997027790161985283e-01
9.588127853881278639e-01
9.465719841068560569e-01
7.602727435851426296e-01
9.009597712885439869e-01
9.761834100014838977e-01
9.827525519183386571e-01
9.807511737089201764e-01
9.229718656104889396e-01
9.843666725883816193e-01
1.000000000000000000e+00
9.655652173913042979e-01
9.711528896846712833e-01
5.096172912948642164e-01
9.245318352059924694e-01
9.543435340572556935e-01
