6.229690984389932851e-01
7.144694533762058208e-01
6.512392513909964764e-01
1.104692796104454061e-01
2.353885677585099423e-01
2.865093499554763889e-01
1.592192487110238031e-01
6.973219846377413100e-01
7.314578005115089931e-01
9.019701151613209733e-01
5.560459983737948697e-01
2.990224266820011578e-02
3.387506348400203260e-01
4.750529763051435372e-01
1.929491958675045304e-01
2.456491870849553394e-01
1.029087585354051260e-01
5.467992240543162463e-01
3.228489732258902900e-01
4.750299640431482340e-01
1.572044391451893897e-01
2.894736842105263275e-01
2.678616352201257933e-01
2.495759837177747575e-01
6.178285227998013829e-01
1.662973662805374009e-01
6.698708751793400751e-01
7.032520325203251987e-01
4.829229547259730054e-02
9.518709995076316543e-01
5.695686629684139080e-01
8.361423220973782655e-01
5.841448829660003117e-01
4.705695026803248249e-01
6.756932208105350668e-01
5.101549659544494242e-01
4.343513699302759545e-01
1.356990461847389640e-01
1.826378749455672551e-02
1.717472118959107730e-01
6.172051089406461744e-01
1.435728301256627426e-01
1.576006945755161967e-02
8.445633665774751053e-01
7.284934955937892864e-01
7.350501964207769579e-01
4.278670271989820084e-01
8.194538670284938764e-01
8.135722455203965309e-01
7.459964932787843672e-01
7.207347820866850663e-01
9.699731903485254714e-01
5.657471264367816000e-01
8.505301267132143739e-01
8.427556818181818343e-01
9.103773584905660021e-01
7.781899109792285163e-01
9.092651757188497941e-01
0.000000000000000000e+00
9.348827011620258753e-01
8.512182477967858985e-01
7.841871722468737316e-01
3.859372359006141284e-02
8.296875000000000222e-01
2.338797814207650150e-01
8.232835820895522128e-01
6.825368938861560153e-01
8.803963198867656992e-01
7.553384002895403571e-01
7.663523424637029846e-01
5.652450668364099595e-01
8.612190632031090365e-01
8.794890335020486560e-01
8.447257383966244593e-01
5.541323574260444973e-01
6.371800628648406351e-01
8.853326450280699644e-01
7.631378522467631154e-01
7.816224529027296919e-01
7.041086016338299336e-01
9.350555635733872606e-01
1.553450539267419994e-01
7.672209026128266052e-01
7.921228958980225388e-01
7.818181818181818565e-01
8.047107930828860667e-01
3.380048815053932620e-01
8.088110403397027470e-01
7.290561381863047696e-01
5.740365858147152833e-01
6.976744186046511531e-02
7.699341470575898905e-01
1.726481343645836775e-01
5.309435238417314906e-01
6.127707244212098336e-01
8.326648105327733029e-01
5.673482635507951510e-01
4.381468227101267265e-01
6.361431170406306457e-01
1.007674893711004299e-01
3.654556052069166672e-01
3.184086905460951078e-01
5.661625708884687747e-01
8.542515811665495340e-01
6.963376580719330411e-01
5.466279912980420708e-01
9.885652135571298960e-02
2.808960097969180336e-01
1.227881513344412923e-01
6.565628476084538478e-01
7.670661803022407188e-01
4.653104150918592197e-01
4.693404478656403311e-01
1.129190286234166146e-01
3.563249977099935961e-01
5.694444444444444198e-01
5.205191830502003958e-01
7.440297735966091563e-01
8.005631159080244252e-01
7.389635316698656142e-01
7.170542635658915254e-01
2.049590536851683409e-01
5.672737675216935616e-01
7.363651619399228521e-01
6.442093541202672524e-01
1.139966903325681929e-01
1.271056661562021406e-01
9.018836948068781334e-02
8.163866061572426780e-01
8.134328358208955390e-01
8.737486555803756216e-01
2.605367947458240852e-01
1.965328066710555210e-01
4.335403726708074723e-01
6.591870516829133608e-01
7.537534916201117374e-01
7.121432346723044482e-01
6.612444334487876940e-01
3.520185884403136956e-01
3.330883703839794263e-01
8.546610826741120048e-01
1.383052516166566048e-01
7.368384449544473913e-02
5.043544112078758301e-01
6.195286195286194841e-01
6.173823808020207915e-01
5.304409926798785424e-01
7.894457703526915893e-01
2.775675675675675635e-01
1.049831935515452147e-01
4.871009192448354508e-01
5.830020821502933659e-01
5.990895569477622251e-01
4.525326709147856064e-01
7.596204883227176685e-01
9.017271388405408983e-01
7.351598173515981882e-01
4.747316267547481150e-01
2.618088021924875330e-01
1.902284551006559465e-01
6.044029352901935104e-01
4.298014164699347495e-01
6.970823798627002743e-01
5.897736143637782869e-01
7.724984788981691386e-01
6.323362974939369385e-01
5.506971650027381315e-01
8.991363355953115866e-01
7.408407250289240631e-01
2.326205079172593837e-01
4.694398423857072400e-01
8.992291364093397688e-01
6.006816245384833941e-01
1.936313927307816152e-01
8.670411985018726675e-01
6.524371783227369548e-01
1.315202178764610097e-01
7.062146892655367658e-01
1.188714609845121783e-01
8.219146745968203271e-01
8.439226519337016397e-01
2.110477218410299893e-01
7.194917880384257280e-01
6.548407442447177207e-01
5.313573648906582125e-01
6.293980447620465268e-01
9.212675596210389006e-01
7.025288376220053532e-01
1.982777296360485331e-01
7.306273062730627155e-01
8.183593750000000000e-01
7.947941209469314705e-01
9.342846413819001494e-01
3.245668648961978486e-01
4.408122833085685865e-01
7.948033025740650626e-01
