9.276275634765625000e-01
9.957733154296875000e-01
9.766693115234375000e-01
8.530731201171875000e-01
9.890289306640625000e-01
9.906463623046875000e-01
9.891052246093750000e-01
9.936676025390625000e-01
9.760284423828125000e-01
9.723968505859375000e-01
9.533233642578125000e-01
9.509887695312500000e-01
9.781646728515625000e-01
9.795837402343750000e-01
9.581146240234375000e-01
9.627838134765625000e-01
9.734497070312500000e-01
9.891357421875000000e-01
9.877471923828125000e-01
9.851837158203125000e-01
9.799041748046875000e-01
9.518890380859375000e-01
9.616241455078125000e-01
9.314422607421875000e-01
9.132537841796875000e-01
9.822998046875000000e-01
9.892730712890625000e-01
9.912567138671875000e-01
9.064331054687500000e-01
9.960784912109375000e-01
9.358520507812500000e-01
9.751129150390625000e-01
9.523925781250000000e-01
8.773345947265625000e-01
9.576873779296875000e-01
8.931274414062500000e-01
8.405761718750000000e-01
9.523315429687500000e-01
9.897308349609375000e-01
9.859619140625000000e-01
9.816131591796875000e-01
9.754638671875000000e-01
9.931488037109375000e-01
9.880065917968750000e-01
9.921569824218750000e-01
9.957580566406250000e-01
9.613037109375000000e-01
9.920654296875000000e-01
9.543457031250000000e-01
9.802398681640625000e-01
9.354095458984375000e-01
9.879455566406250000e-01
9.832000732421875000e-01
9.964294433593750000e-01
9.890899658203125000e-01
9.984741210937500000e-01
9.975891113281250000e-01
9.978942871093750000e-01
9.711303710937500000e-01
9.903106689453125000e-01
9.977874755859375000e-01
9.929046630859375000e-01
9.756164550781250000e-01
9.913024902343750000e-01
9.928131103515625000e-01
9.975280761718750000e-01
9.850769042968750000e-01
9.967651367187500000e-01
9.909667968750000000e-01
9.875030517578125000e-01
9.426574707031250000e-01
9.599304199218750000e-01
9.908294677734375000e-01
9.971313476562500000e-01
9.938659667968750000e-01
9.895782470703125000e-01
9.761047363281250000e-01
9.945526123046875000e-01
9.953613281250000000e-01
9.118194580078125000e-01
9.937133789062500000e-01
9.477844238281250000e-01
9.728088378906250000e-01
9.914550781250000000e-01
9.975280761718750000e-01
9.827575683593750000e-01
9.336395263671875000e-01
9.258270263671875000e-01
9.730987548828125000e-01
9.230804443359375000e-01
9.932098388671875000e-01
9.261322021484375000e-01
9.806823730468750000e-01
9.635925292968750000e-01
9.651184082031250000e-01
9.616699218750000000e-01
9.542236328125000000e-01
9.871215820312500000e-01
9.818572998046875000e-01
9.292297363281250000e-01
9.824676513671875000e-01
9.932708740234375000e-01
9.789123535156250000e-01
9.492492675781250000e-01
9.691772460937500000e-01
8.302307128906250000e-01
8.420257568359375000e-01
9.641571044921875000e-01
9.536437988281250000e-01
9.634552001953125000e-01
9.703369140625000000e-01
8.570709228515625000e-01
9.361114501953125000e-01
9.813079833984375000e-01
9.532165527343750000e-01
9.343109130859375000e-01
9.626617431640625000e-01
9.718933105468750000e-01
9.935913085937500000e-01
9.602050781250000000e-01
9.358673095703125000e-01
9.712371826171875000e-01
9.675903320312500000e-01
9.838714599609375000e-01
9.747619628906250000e-01
8.920898437500000000e-01
9.334869384765625000e-01
9.244384765625000000e-01
9.826660156250000000e-01
9.844055175781250000e-01
9.625091552734375000e-01
9.831848144531250000e-01
8.568267822265625000e-01
9.644165039062500000e-01
9.718170166015625000e-01
9.701538085937500000e-01
9.532623291015625000e-01
9.505462646484375000e-01
9.927368164062500000e-01
8.988342285156250000e-01
9.884033203125000000e-01
9.625549316406250000e-01
9.695434570312500000e-01
9.846191406250000000e-01
9.915771484375000000e-01
9.739532470703125000e-01
9.689331054687500000e-01
9.830932617187500000e-01
9.228210449218750000e-01
9.092102050781250000e-01
9.469909667968750000e-01
9.794464111328125000e-01
9.599609375000000000e-01
9.229125976562500000e-01
9.674224853515625000e-01
9.817352294921875000e-01
9.918365478515625000e-01
8.919219970703125000e-01
9.678802490234375000e-01
9.533233642578125000e-01
9.242706298828125000e-01
9.618988037109375000e-01
9.954986572265625000e-01
9.698638916015625000e-01
9.744567871093750000e-01
9.668579101562500000e-01
9.834136962890625000e-01
9.919738769531250000e-01
9.814300537109375000e-01
9.613494873046875000e-01
8.876647949218750000e-01
9.937896728515625000e-01
9.887390136718750000e-01
9.787445068359375000e-01
9.954223632812500000e-01
8.896789550781250000e-01
9.172668457031250000e-01
9.802246093750000000e-01
9.830322265625000000e-01
9.829101562500000000e-01
9.863739013671875000e-01
9.374542236328125000e-01
9.634399414062500000e-01
9.650726318359375000e-01
8.939819335937500000e-01
9.550323486328125000e-01
9.948272705078125000e-01
9.924774169921875000e-01
9.783325195312500000e-01
9.854431152343750000e-01
9.851074218750000000e-01
9.847412109375000000e-01
9.862823486328125000e-01
9.679565429687500000e-01
9.870910644531250000e-01
9.861145019531250000e-01
