8.396427878081925700e-01
8.279384261257373145e-01
7.328343638138626881e-01
7.390314255351450035e-01
6.462800799834517163e-01
1.000000000000000000e+00
2.319054652880354617e-01
8.327645051194538794e-01
4.778460886156455367e-01
1.000000000000000000e+00
9.735187424425635339e-01
3.715727731550947932e-01
9.949223636765031076e-01
5.315729352070770464e-01
6.052305308020147212e-01
8.027627922184077391e-01
1.000000000000000000e+00
6.857287734520254308e-01
8.286269695109473865e-01
9.782300884955752451e-01
9.961265832590928682e-01
7.789589093335875791e-01
5.399876960935097170e-01
8.248394863563403012e-01
7.594980284158477923e-01
9.498841861444514700e-01
9.982687729928586551e-01
7.568749006517246913e-01
6.675946547884187288e-01
1.000000000000000000e+00
2.990809137229089032e-01
1.000000000000000000e+00
4.210886943281309525e-01
9.992439135037047837e-01
4.110926628716002340e-01
9.936363636363636509e-01
6.016905295842677193e-01
3.971786559186892274e-01
7.650164358999900216e-02
1.000000000000000000e+00
1.000000000000000000e+00
5.067396798652064049e-01
7.818097997892518025e-01
3.890038809831823929e-01
8.351137947050627508e-01
7.430032756738118582e-01
9.794159885112494468e-01
1.000000000000000000e+00
9.780492122499557794e-01
4.330794341675734405e-01
9.515863689776733469e-01
9.940898345153664772e-01
9.529768676526355620e-01
8.800386193579531335e-01
6.685291241793546169e-01
5.714726767520840189e-01
9.882988298829883389e-01
1.255354340726918053e-02
5.800427655024946727e-01
6.193181818181817677e-01
8.792955326460480947e-01
9.994296306858690970e-01
9.867803837953091906e-01
7.491686460807600589e-01
8.017673653925194710e-01
1.000000000000000000e+00
7.295212950739943247e-01
5.950764006791171568e-01
8.236287870255659671e-01
1.466635227540674380e-01
9.206151288445553194e-01
7.455843667794062046e-01
3.352898463027955689e-01
6.131455399061033207e-01
9.966696269982238121e-01
9.617529880478087323e-01
1.000000000000000000e+00
8.236994219653178684e-01
7.666802522116468177e-01
8.239271226247242286e-01
8.529216467463479612e-01
2.186431764396528921e-01
6.576112412177985700e-01
9.649289099526066060e-01
6.725394896719320004e-01
9.841339797267518730e-01
4.900542495479204286e-01
7.897947864669994100e-01
6.672149122807017330e-01
8.707770270270269730e-01
8.611895000266226452e-01
5.272427555092833451e-01
7.523997741389045757e-01
8.686705202312138274e-01
4.811134339471347804e-02
6.756646216768915636e-01
8.387539830787825723e-01
9.290269828291087828e-01
7.000605326876513379e-01
5.527603377354405323e-01
9.865138233310856153e-01
6.170703575547866748e-01
8.302498569521266081e-01
8.727412165076930961e-01
7.339779447019337821e-01
9.609144542772861675e-01
8.910202946900194210e-01
6.474011078162591470e-01
1.954071869019774477e-01
9.099181073703366263e-01
9.835626911314985232e-01
1.000000000000000000e+00
9.832418804686341440e-01
6.274509803921568540e-01
2.294964028776978471e-01
8.727726300784034441e-01
7.547779651489601171e-01
8.803585147247119380e-01
7.847976770325965079e-01
7.543335325762103860e-01
9.813011297234125463e-01
7.120765832106038529e-01
9.020282186948853642e-01
9.500609013398294556e-01
8.924528301886792692e-01
7.978260869565216851e-01
7.034896322520048928e-01
9.276128507523383471e-01
7.880215596848969550e-01
9.677540307461567348e-01
5.348166460651009313e-01
6.964648290824131394e-01
8.550236313063929172e-01
8.729825037298249990e-01
9.778095919828203586e-01
4.861962058020226074e-01
6.196990424076607162e-01
8.052788844621513453e-01
5.186970963248687116e-01
9.605194805194805507e-01
9.435897435897435681e-01
1.598574519536718752e-01
6.716408472968700138e-01
6.423638516179952518e-01
1.000000000000000000e+00
9.215460051918085149e-01
6.337742980561554829e-01
5.203461762503120980e-01
8.514070006863417861e-01
8.688524590163934080e-01
3.721387283236994303e-01
9.988023952095808067e-01
6.969604332256091883e-01
5.690834473324213327e-01
3.899389790147343438e-01
9.709728551614820180e-01
9.235104669887278517e-01
5.932098218243063714e-01
4.564304575559499644e-01
8.587615283267456823e-01
7.417986425339366807e-01
6.999103317724419959e-01
6.816694867456288831e-01
6.457902999256383003e-01
6.897972638865996764e-01
6.629278951201748038e-01
8.397832817337461675e-01
5.713526441668881350e-01
6.166475127236906717e-01
9.440654843110505290e-01
6.886403766921718184e-01
6.139501524116908193e-01
8.406484776591538477e-01
6.729910714285713969e-01
5.051177703785917350e-01
7.411486436543720524e-01
7.780439991287301238e-01
8.526728308125650635e-01
9.775580068467097927e-01
2.212153791020324556e-01
6.844050258684404586e-02
7.521442709478777244e-01
4.382716049382716084e-01
9.570133602855247779e-02
9.991987179487179516e-01
9.173026760699449778e-01
9.497232472324723673e-01
5.758472296933835055e-02
7.966513786815494491e-01
8.226695730221823544e-01
7.527257266073434927e-01
4.649393005979344240e-01
6.657580075583916512e-01
6.265697290152015819e-01
8.494479846851807903e-01
3.540608113557545122e-01
6.644863030541484639e-01
9.609896782027929074e-01
8.602388323750552734e-01
8.605185428290121896e-01
8.812932392629632128e-01
8.588724933787362792e-01
7.800000000000000266e-01
8.076045627376425839e-01
9.837398373983740063e-01
8.598183881952327079e-01
7.515435259692757608e-01
9.033165531536867521e-01
9.010306717993294967e-01
9.220615964802011399e-01
9.670152043238874340e-01
8.964401294498381967e-01
9.375196232339089164e-01
5.342886386898669793e-01
8.669185558354324250e-01
9.923260121725324678e-01
9.516616314199395354e-01
9.588792423046567093e-01
9.340161301834273289e-01
9.927858683926644723e-01
8.379303459881913829e-01
9.917602996254681891e-01
7.835578262888992507e-01
8.799847599695199696e-01
9.717839805825242427e-01
9.972811310494834602e-01
6.055316863587539844e-01
9.613967643761012205e-01
4.622107969151670881e-01
8.171638337909121752e-01
9.950928846827900021e-01
4.720968550755784698e-01
9.975828284130462409e-01
8.325582638443446148e-01
9.976687388987566241e-01
8.316132134798209785e-01
9.835595538720538489e-01
9.977213266942358549e-01
9.866369710467706167e-01
9.827735207697182451e-01
1.000000000000000000e+00
6.030822124374208837e-01
8.309567021000777709e-01
8.349605586447691463e-01
9.680947352541861006e-01
9.639753294084665303e-01
8.240354413764005015e-01
6.097938857379997524e-01
8.538715116132766791e-01
5.596736796908544642e-01
9.942342342342341821e-01
9.525222551928783643e-01
9.252163765438101706e-01
9.973740082690802922e-01
9.983614575690877846e-01
9.343311900495414601e-01
8.459747407041557921e-01
9.800322061191626410e-01
3.965871612255628120e-01
8.935229985162247424e-01
6.219725785050862488e-01
8.373695050067466727e-01
8.844232263794826743e-01
1.000000000000000000e+00
9.998683517640863938e-01
8.415037593984961983e-01
7.480428863172225995e-01
8.705357142857143016e-01
9.372625866747060774e-01
6.523242668085389440e-01
7.185670889827369123e-01
8.249876053544868970e-01
9.992782389029231105e-01
9.990239934932899635e-01
7.919428334714166962e-01
9.380988825960507871e-01
7.606985223565534415e-01
9.860206211651590946e-01
9.962755001269716360e-01
9.763524457402008583e-01
4.920410514189967333e-01
7.254025044722719473e-01
8.814420517783692066e-01
9.722952724603999286e-01
9.996959408098109456e-01
8.378503949202416035e-01
9.526748971193416127e-01
9.640607632456464904e-01
9.992768866684196283e-01
9.013533960995292471e-01
9.486915044475957570e-01
5.851871705530241607e-01
9.132189707366297204e-01
8.195242727031567531e-01
9.194792671166827080e-01
8.118487901489709335e-01
9.478620689655172793e-01
9.670344384339349952e-01
6.925305126118795895e-01
1.000000000000000000e+00
9.950123753093826906e-01
8.366421109585050475e-01
9.535866477272727515e-01
7.372541247584600832e-01
9.478512359347462946e-01
9.981273408239700329e-01
9.897581792318634886e-01
7.725526294725045817e-01
9.745458442741546934e-01
9.751851851851851549e-01
7.279964005122347981e-01
1.000000000000000000e+00
8.202536367027228881e-01
4.144116041487951319e-01
8.940468227424749337e-01
8.871633017717883707e-01
9.905385735080057819e-01
8.600887954200256980e-01
9.707612608657476549e-01
3.542859001040582489e-01
9.884790568902384056e-01
8.026327492662100882e-01
9.951366225123183806e-01
6.388054306819979100e-01
9.997723996661861401e-01
7.548252477829943130e-01
8.266871165644171793e-01
8.700869163910468496e-01
9.517505383204402092e-01
9.910851521672302544e-01
9.009600808489135471e-01
9.785767313606956730e-01
5.241688761982459255e-01
9.819087305620489703e-01
9.994959423358031891e-01
9.996201780415430171e-01
8.657700594111118475e-01
9.972157092614302165e-01
7.464628542832446589e-01
5.978318733968930321e-01
9.732199735384916561e-01
8.338780258128842826e-01
9.328657612410472533e-01
8.852972683449383817e-01
9.979108962020561968e-01
7.622870124952669801e-01
9.293364895586753160e-01
8.994135082298039263e-01
9.929924534113661050e-01
8.889100973468219147e-01
9.998330829577699586e-01
9.998106956933270340e-01
7.550428721238665597e-01
8.095074455899198274e-01
9.904187748950371573e-01
9.995941558441558961e-01
9.978210982591966260e-01
8.104841104841105093e-01
9.924830410071502351e-01
9.275847140776890543e-01
8.847387717690192721e-01
6.199175614472546281e-01
9.995306541507773535e-01
9.911159511663896193e-01
7.970099359271984873e-01
9.968610816542947672e-01
9.824832980283526584e-01
7.478313935748224228e-01
9.618808599299175643e-01
9.097847154921777646e-01
9.458424922307284710e-01
9.687573225025384316e-01
9.702117183653372612e-01
8.727451449217608070e-01
8.975606591410406621e-01
9.930440042340843432e-01
9.764682420979160504e-01
8.064546016059296329e-01
9.991712811240441861e-01
9.990324141267536984e-01
7.925319693094629026e-01
8.896922506488691429e-01
9.792626728110599421e-01
6.491456631758280027e-01
9.906842539159109728e-01
8.586978431767788855e-01
7.865033827181638904e-01
9.237344311481701098e-01
6.602754052640753546e-01
8.706135629709365054e-01
9.506413831567205319e-01
5.586062226182519908e-01
8.850408850408850725e-01
8.357756685692298015e-01
7.643840451817860426e-01
5.547907149030744112e-01
9.962049335863377708e-01
9.931543624161073280e-01
6.370455466954993984e-01
9.694451439603793963e-01
1.000000000000000000e+00
7.402351156617368311e-01
9.737391397427435091e-01
9.130142737195633407e-01
9.465787679017958478e-01
7.823556952712192869e-01
9.699999999999999734e-01
9.333544292670921116e-01
9.056542810985460656e-01
6.929968061073459307e-01
9.987277859499861243e-01
7.554153031011375807e-01
7.830463576158940286e-01
8.942107995846313440e-01
9.703664921465968707e-01
9.248964668134164180e-01
9.076322493135275948e-01
9.887019940137431462e-01
1.000000000000000000e+00
4.581418805334528943e-01
9.393674072452664614e-01
5.883682954402713605e-01
9.991656933088602921e-01
5.909402882635552690e-01
8.944508559338334441e-01
3.292313367941184232e-01
9.413102328099620664e-01
9.779696115366383058e-01
6.773182957393483195e-01
8.367762853172765469e-01
9.988509810853809512e-01
7.245385203712507716e-01
9.531341192949690511e-01
6.732784131808365879e-01
9.453327685709747019e-01
8.966825976946865007e-01
7.990781479153572509e-01
8.938561233696989961e-01
6.820147545153905089e-01
6.789186758837745250e-01
8.741330478802881165e-01
7.494742744988083238e-01
6.500774926812468157e-01
5.836399122579754017e-01
6.418286537077033671e-01
8.153230606441372874e-01
9.077135972132751585e-01
9.416915422885572262e-01
8.733812949640288315e-01
9.015416958654519641e-01
9.512290794979079145e-01
9.788142917109063923e-01
8.714747356051704141e-01
9.487361545015620123e-01
9.288738624873609240e-01
9.582835873305709518e-01
8.227698715723706924e-01
9.110182143923559739e-01
8.850103683223067286e-01
8.596506941334527419e-01
9.698695136417556650e-01
8.852434077079107677e-01
7.908152054493517991e-01
2.139568693966561741e-01
1.000000000000000000e+00
9.202847688759651090e-01
9.856865506871217431e-01
9.754309490786605696e-01
8.012846058276096306e-01
9.564568830799830002e-01
9.990522674501255418e-01
8.892600962955684585e-01
8.440956118444523648e-01
1.000000000000000000e+00
4.929917834702755020e-01
8.501144164759725230e-01
5.172744721689059855e-01
9.964311206281227795e-01
8.780141843971631666e-01
5.937090432503276949e-01
9.237442922374429211e-01
9.507453013609851178e-01
9.481727574750830057e-01
1.262550737022003766e-01
6.293103448275861878e-01
9.663265306122449383e-01
9.857142857142857650e-01
4.292929292929292817e-01
9.581517000871839773e-01
6.380153738644304129e-01
8.765347885402455796e-01
7.370881046973591921e-01
7.186764321213706674e-01
9.537306201550387330e-01
3.936794582392776354e-01
9.551752241238793406e-01
7.877019748653500963e-01
9.736842105263158187e-01
9.331896551724138122e-01
8.983666061705989359e-01
7.274167987321711326e-01
9.042759961127307955e-01
2.639475908706677698e-01
7.709184026576233473e-01
6.437792329279700132e-01
5.119838872104732763e-01
9.825021872265966572e-01
9.993896236012207446e-01
9.723621254092168487e-01
1.000000000000000000e+00
7.853626517886446168e-01
7.845814977973568638e-01
7.171239356669820708e-01
9.031428571428571361e-01
9.243506493506493671e-01
9.737055016181229705e-01
9.019085663559698318e-01
9.985119047619047672e-01
4.154395359214636541e-01
9.978828510938603236e-01
8.029309679907442598e-01
9.538142189932538040e-01
5.797788309636651150e-01
8.067552602436323106e-01
9.276536864993081277e-01
8.247803975959315803e-01
9.331322272498743242e-01
9.773299748110830798e-01
8.860000000000000098e-01
6.837951917783079425e-01
9.953637660485021854e-01
9.881556683587140455e-01
7.644151565074135402e-01
8.648648648648649129e-01
8.846153846153845812e-01
9.547116556546282329e-01
9.952928870292887531e-01
8.853833865814696447e-01
8.535623767952689178e-01
6.276720351390921993e-01
7.630931458699472536e-01
8.769422001243007969e-01
5.258070751981441804e-01
8.356500408830743742e-01
7.638737758433079561e-01
9.781634938409854430e-01
7.201834862385321223e-01
9.602735265385867747e-01
7.531106745252128531e-01
9.319884726224784144e-01
8.886569241475296144e-01
9.210084033613444854e-01
6.118579800068941754e-01
9.446623093681917327e-01
8.419872992155398306e-01
5.192806221646143472e-01
6.928915091143186267e-01
9.746079163554891567e-01
5.949367088607594445e-01
9.159663865546218142e-01
8.408928315925024988e-01
8.268913115295671856e-01
9.836230788611740605e-01
9.925826028320970940e-01
1.000000000000000000e+00
6.054751309637808054e-01
3.244529019980970652e-01
8.803349226654262338e-01
8.667247386759582284e-01
8.108477666362807756e-01
9.482243611018917884e-01
8.275862068965517127e-01
6.481660231660231197e-01
6.625165562913907236e-01
8.915845337376800961e-01
8.891582958087980160e-01
9.738406658739595656e-01
9.901645925331192810e-01
9.050751879699248104e-01
9.575725026852845989e-01
7.592390848906394041e-01
7.861060329067641739e-01
8.834456928838951839e-01
9.144842924659438710e-01
9.974358974358974450e-01
9.599582172701950356e-01
9.954614220877457953e-01
9.048027444253858853e-01
1.000000000000000000e+00
6.629901960784313486e-01
6.279863481228669109e-01
9.426751592356688025e-01
7.890222984562607067e-01
8.819444444444444198e-01
6.475644699140401528e-01
5.314251639833035279e-01
9.127747252747252515e-01
4.452690166975881159e-01
8.528836754643206453e-01
6.299793449395101330e-01
