8.392868698634569080e-01
8.447705366134369287e-01
7.621217051740969417e-01
7.393730074388947804e-01
6.416603461352823334e-01
1.000000000000000000e+00
2.794682422451993942e-01
8.687319506432134020e-01
5.391138435446257704e-01
9.998722860791826594e-01
9.885126964933494964e-01
3.793707088619105994e-01
9.913165059974979876e-01
5.477512419307706271e-01
6.253390158853158187e-01
7.953653751839137032e-01
1.000000000000000000e+00
6.735590737506338410e-01
8.517495395948434522e-01
9.806489675516224525e-01
9.599488708990200347e-01
7.859185813709600454e-01
5.550907413103660648e-01
8.513242375601925982e-01
7.506728422106778709e-01
9.559907348915561709e-01
9.984851763687513371e-01
7.713400095374344234e-01
7.208240534521158649e-01
1.000000000000000000e+00
3.186084497428021134e-01
1.000000000000000000e+00
4.599923867529501220e-01
9.992439135037047837e-01
4.636701454775458697e-01
9.909090909090909616e-01
6.056088124399320316e-01
4.585122229037063013e-01
2.557027592389680137e-01
1.000000000000000000e+00
1.000000000000000000e+00
5.688711036225779782e-01
7.684733930453108153e-01
4.245795601552393439e-01
8.880631676730144086e-01
8.159301189586805059e-01
9.818094782192436920e-01
1.000000000000000000e+00
9.791113471410869407e-01
7.257889009793253576e-01
9.614571092831962762e-01
9.988179669030733399e-01
9.598028062191884535e-01
8.906589427950760696e-01
7.035200446989803291e-01
6.551404754553874499e-01
9.846984698469847253e-01
1.605241952584927217e-02
6.004276550249465494e-01
6.852272727272726849e-01
9.076460481099656308e-01
1.000000000000000000e+00
9.961620469083155571e-01
8.182106096595407330e-01
8.036169338265515272e-01
1.000000000000000000e+00
7.544639755436670647e-01
6.099320882852291570e-01
8.265570447122423392e-01
2.242395661400612972e-01
9.426433915211970271e-01
7.921833897031190785e-01
3.630642623744402830e-01
5.636840651753659559e-01
9.975577264653641141e-01
9.713147410358565770e-01
1.000000000000000000e+00
8.858381502890173564e-01
7.645225480089185011e-01
8.357768130382179361e-01
8.974103585657370319e-01
2.771496187220615082e-01
7.044496487119438211e-01
9.731437598736176753e-01
7.217496962332928812e-01
9.881004847950639602e-01
5.459614225437010582e-01
8.618968386023294626e-01
6.820175438596490780e-01
8.762668918918918859e-01
8.717853149459560136e-01
5.539215686274510109e-01
7.569169960474307901e-01
8.758381502890173476e-01
6.641083650734556920e-02
7.002044989775051409e-01
8.534227008021096905e-01
9.446715726355955356e-01
7.475786924939467060e-01
5.534964277982247216e-01
9.925826028320970940e-01
6.597462514417531398e-01
8.384512683578103642e-01
8.817044528591285735e-01
7.859197698577593538e-01
9.882005899705014196e-01
9.129830414234083591e-01
6.556631044965404165e-01
4.526897724856474570e-01
9.554140127388535131e-01
9.896788990825687859e-01
1.000000000000000000e+00
9.912501853774284832e-01
7.023599859105318366e-01
2.893285371702637998e-01
8.970064148253742431e-01
7.965148960089938335e-01
8.958770806658130637e-01
8.193143499437991473e-01
9.294680215182307137e-01
9.957148422282819933e-01
7.754050073637702711e-01
8.655202821869488750e-01
9.667072675598863407e-01
9.509433962264151052e-01
8.534782608695652417e-01
7.490065746694603011e-01
9.389995933306222176e-01
8.259017752817459090e-01
9.722534683164604230e-01
5.835540643946083295e-01
6.963257586293216672e-01
8.634359241084552661e-01
8.440763596907635558e-01
9.924838940586971914e-01
5.082306045618956158e-01
7.031463748290013305e-01
8.565737051792828849e-01
5.621986499517840352e-01
9.802597402597402754e-01
9.573717948717949122e-01
1.640320733104238260e-01
7.197597217831173122e-01
7.426006314127860941e-01
1.000000000000000000e+00
9.449091433516008109e-01
6.657667386609070759e-01
5.573770491803278215e-01
9.042553191489361986e-01
8.895491803278688936e-01
4.628901734104046151e-01
9.984031936127744089e-01
6.972661367805048638e-01
6.388508891928864619e-01
4.532668551867837237e-01
9.747374678026550221e-01
9.255233494363929170e-01
6.247229855509263130e-01
5.141335872905934412e-01
8.845849802371541504e-01
8.543552036199094646e-01
7.490950151107568233e-01
7.486745628877609082e-01
7.053623068660662687e-01
7.197956156255150839e-01
6.805535324107793160e-01
8.773219814241486336e-01
5.953228806803082529e-01
7.223772779510753139e-01
9.686221009549795813e-01
7.321954090641553670e-01
6.604805450959296831e-01
8.623962040332147083e-01
7.088994565217391353e-01
5.492662473794549527e-01
7.497967329440461404e-01
7.937813112611631361e-01
8.565305247688445034e-01
9.825028527957397895e-01
3.019505452311472826e-01
1.118994826311899421e-01
8.286782493952056239e-01
4.561199294532627957e-01
1.169261867913205521e-01
1.000000000000000000e+00
9.363346536566515832e-01
9.672509225092250640e-01
8.827326519634211277e-02
8.309112007515058185e-01
8.725477625336581777e-01
7.483524159504357787e-01
5.162167059249863632e-01
7.104268632674555217e-01
6.817580964970257895e-01
8.567644822070122901e-01
3.783369626582788747e-01
6.773717601927899956e-01
9.659987856709167930e-01
9.137549756744802743e-01
9.067935674433869053e-01
9.032810466470305721e-01
8.842224744608399023e-01
8.872727272727273240e-01
8.661596958174905270e-01
9.837398373983740063e-01
9.203556564510027016e-01
7.662326261887344447e-01
9.284868226236304700e-01
9.158077735005587527e-01
9.402891263356379925e-01
9.773197959286760161e-01
9.327084030800133485e-01
9.601255886970172515e-01
5.523118686306794922e-01
9.172963895885810626e-01
9.948399047367028070e-01
9.681406207085965221e-01
9.651144435674822164e-01
9.578902291057026508e-01
9.858414239482200525e-01
8.435494452209133520e-01
9.865168539325842589e-01
7.631212261960055310e-01
8.853611040555414702e-01
9.760315533980582492e-01
9.959216965742251348e-01
6.147511636233440324e-01
9.530674355277911625e-01
4.575835475578406419e-01
8.253385569300059066e-01
9.916879475239096520e-01
4.910810229959166051e-01
9.953590305530488624e-01
8.532980543083172886e-01
9.956427619893427616e-01
8.425997854474160942e-01
9.812973484848485084e-01
9.942189214279686382e-01
9.849214470595316628e-01
9.840986345566630211e-01
9.998866791319621639e-01
6.120393268592798641e-01
8.314752398236971986e-01
8.460170697012802110e-01
9.681701614119776478e-01
9.679702831511073358e-01
8.070882752801087356e-01
6.228800663992253295e-01
8.564634238405596234e-01
5.592958351223701330e-01
9.899099099099099019e-01
9.543905923727882268e-01
9.266750948166877500e-01
9.945804000446977211e-01
9.909024211298606000e-01
9.315905976599557770e-01
8.518309461652437964e-01
9.729468599033815890e-01
4.730653410448831253e-01
9.035546093800399525e-01
6.250685537372844269e-01
8.435835523045238649e-01
8.968579993338514633e-01
1.000000000000000000e+00
9.998683517640863938e-01
8.466165413533834894e-01
7.556160653505785696e-01
8.722778745644599319e-01
9.408200180886343578e-01
6.235507969231450787e-01
7.224568422612432927e-01
8.349033217649974858e-01
9.979249368459039982e-01
9.976413176087840506e-01
8.049917149958575324e-01
9.362314403796112572e-01
7.747457301861446766e-01
9.824783351255613750e-01
9.941028752010383496e-01
9.719792678976352240e-01
4.920148706670855465e-01
7.401610017889087567e-01
8.977336882006613505e-01
9.700935722585775078e-01
9.995945877464146312e-01
8.462134118011460648e-01
9.519890260631000967e-01
9.593676670371742432e-01
9.972390218248751159e-01
9.007649630127774198e-01
9.467577671780327275e-01
5.994371482176360511e-01
9.175075681130171468e-01
8.281899372181448227e-01
9.177697904795301120e-01
8.149057091190906599e-01
9.482298850574713001e-01
9.640083552032563396e-01
7.011554109031733484e-01
1.000000000000000000e+00
9.924623115577889676e-01
8.417613518125441896e-01
9.553622159090908728e-01
7.447852152801862635e-01
9.507885580008134108e-01
9.954661935738221556e-01
9.896159317211948858e-01
7.786360361802608931e-01
9.735812657413858151e-01
9.711111111111111471e-01
7.382410964593499880e-01
9.998426138688658593e-01
8.252144722118612830e-01
4.214822324469053028e-01
9.026755852842809347e-01
8.714827246463937582e-01
9.694131617252739197e-01
8.386493749269774423e-01
9.504492639096203677e-01
3.611147242455775008e-01
9.882706677383823468e-01
8.233567553144178763e-01
9.928009214820503470e-01
6.453565861702849071e-01
9.997723996661861401e-01
7.597436470675906772e-01
8.178680981595092270e-01
8.740866087224059555e-01
9.578515033096738351e-01
9.868839020391433348e-01
9.050025265285497333e-01
9.769328666878778211e-01
5.388537630022435243e-01
9.810956398007927293e-01
9.983870154745703163e-01
9.982908011869435772e-01
8.669452242606254799e-01
9.965416178194607122e-01
7.849051453528046451e-01
6.048976431302327539e-01
9.671191257901700089e-01
8.567551099540242632e-01
9.366697375850694396e-01
8.885913229780396660e-01
9.973240692925214868e-01
7.575160923892464426e-01
9.288911805376520725e-01
8.932122511614218885e-01
9.943015555213307044e-01
8.901826048228033139e-01
9.994157903521949660e-01
9.991954566966398943e-01
7.574178027265436874e-01
8.246849942726230953e-01
9.886963074604371293e-01
9.963474025974026205e-01
9.952249600148350694e-01
8.195426195426195326e-01
9.880828698893845408e-01
9.299854382305482448e-01
8.890009165902841293e-01
6.336573202381557968e-01
9.987679671457905251e-01
9.936378747062531991e-01
8.071315813910298065e-01
9.944856839872746601e-01
9.820759328662213017e-01
7.594699446405998033e-01
9.496164409508476290e-01
8.743942959988924013e-01
9.426210869400439840e-01
9.664141216902288889e-01
9.637288691941572338e-01
8.771020961185941323e-01
9.050862851952770072e-01
9.960683502192650973e-01
9.761691095822115916e-01
7.882334774552193224e-01
9.983802312879044294e-01
9.984276729559747876e-01
8.100255754475703673e-01
8.901248300580892892e-01
9.740340304856434095e-01
6.586661321841960071e-01
9.869744435284418804e-01
8.683733118322918276e-01
7.949815877365761230e-01
9.081394131807556391e-01
6.719539829179013157e-01
8.721205597416576971e-01
9.478527607361962870e-01
5.611309126011732040e-01
8.946608946608947122e-01
8.192137497595074480e-01
7.747970349452877326e-01
5.577849117174960014e-01
9.940077898731648487e-01
9.909619686800894556e-01
6.330247330720367716e-01
9.708721564677242899e-01
1.000000000000000000e+00
7.464109648409990028e-01
9.678518544948531144e-01
9.136859781696053950e-01
9.463514435098886457e-01
7.832252023276035091e-01
9.668965517241379093e-01
9.262697115131058867e-01
9.159935379644588149e-01
7.150424554023525614e-01
9.974158152109092734e-01
7.567399096150849713e-01
7.977483443708609512e-01
8.969366562824506728e-01
9.728795811518324843e-01
9.322836995858672093e-01
9.099149766764812464e-01
9.849922010033304032e-01
1.000000000000000000e+00
4.998318951025439993e-01
9.630075517128160456e-01
5.960306494159025581e-01
9.976639412648089511e-01
6.106726149622512256e-01
9.164262358145797149e-01
3.558196526917705160e-01
9.412380436744269829e-01
9.743768868042214093e-01
7.037907268170425779e-01
8.373320981936080987e-01
9.988067880502032869e-01
6.916096492134692353e-01
9.615968250262635353e-01
6.851155722626569577e-01
9.402763805792343499e-01
8.966825976946865007e-01
8.123611984077100390e-01
9.000628879227845491e-01
6.941617908929025305e-01
6.849322767380430221e-01
8.362436163332663819e-01
7.578391513622131370e-01
6.585155846392285461e-01
5.874397637183274012e-01
6.344492440604752037e-01
8.181998545069770756e-01
9.133920263402762751e-01
9.347263681592039575e-01
8.828776978417266497e-01
9.085494043447792656e-01
9.529288702928869759e-01
9.776537692288698178e-01
8.725029377203290526e-01
9.406418631070718739e-01
9.190786147623862812e-01
9.556850902451015095e-01
8.488719194724053674e-01
9.086294416243654304e-01
9.020934136466870479e-01
8.770264218540080314e-01
9.704626334519572683e-01
9.062373225152129397e-01
8.035596572181937791e-01
2.435425248364429252e-01
1.000000000000000000e+00
9.216634914268525547e-01
9.842399786820967833e-01
9.754309490786605696e-01
7.780304273424131223e-01
9.559596533598522239e-01
9.981993081552386071e-01
8.908322688415053481e-01
8.783446307527649211e-01
1.000000000000000000e+00
5.398743354277428796e-01
8.747139588100686369e-01
5.633397312859884654e-01
9.964311206281227795e-01
9.092198581560283488e-01
6.815203145478374580e-01
9.730593607305936255e-01
9.662994167206739871e-01
9.594684385382059588e-01
1.529587694936979381e-01
6.604774535809018188e-01
9.734693877551020558e-01
9.791208791208790840e-01
7.222222222222222099e-01
9.694856146469049696e-01
6.818658280922431647e-01
8.854024556616644226e-01
7.590558541715354268e-01
7.305780800418519849e-01
9.646317829457364823e-01
6.243792325056433112e-01
9.702073711853662630e-01
8.016157989228007708e-01
9.812030075187969658e-01
9.418103448275861878e-01
9.119782214156080258e-01
7.606973058637084284e-01
9.144800777453838680e-01
3.461538461538461453e-01
7.971485915980344172e-01
7.195509822263798094e-01
5.354481369587109629e-01
9.833770778652668465e-01
9.997965412004069519e-01
9.851422815411735590e-01
9.999208422385814643e-01
7.942238267148014064e-01
7.991189427312774818e-01
8.538315988647114940e-01
9.294285714285713818e-01
9.292207792207791694e-01
9.785598705501618033e-01
9.221038615179760756e-01
9.968998015873016261e-01
4.868362338241856158e-01
9.971771347918136907e-01
8.719629772464326800e-01
9.636741048261546760e-01
6.252764612954186951e-01
8.266888150609080776e-01
9.375370626606048807e-01
8.645399907535830097e-01
9.411764705882352811e-01
9.833753148614609030e-01
9.020000000000000240e-01
7.162782161864562624e-01
9.964336661911554760e-01
9.860406091370558235e-01
7.891268533772652916e-01
8.908908908908909074e-01
9.540337711069418747e-01
9.464365899031368379e-01
9.926778242677823938e-01
9.017571884984025843e-01
8.924246691072936777e-01
6.409956076134699643e-01
7.764499121265378001e-01
8.915475450590428785e-01
5.947225981055480615e-01
8.533660397928590768e-01
8.520130576713819126e-01
9.843225083986562041e-01
7.985821517931609437e-01
9.615760338651905270e-01
7.659899585243397091e-01
9.624399615754082316e-01
9.081419624217118569e-01
9.316526610644257911e-01
7.149258876249569017e-01
9.490196078431372140e-01
9.234217407545760592e-01
6.254050550874918901e-01
7.116622619773667058e-01
9.775952203136669683e-01
7.558770343580469842e-01
9.633307868601985735e-01
8.932608384604378005e-01
8.731417244796828570e-01
9.906777525825144481e-01
9.939312204989885213e-01
1.000000000000000000e+00
6.217822339886216465e-01
3.672692673644148420e-01
9.174322595650656886e-01
8.763066202090592505e-01
8.354603463992706924e-01
9.774311317623630702e-01
8.632788868723533238e-01
6.940154440154440163e-01
6.940397350993376957e-01
9.075056861258529173e-01
8.992033252511257846e-01
9.857312722948869954e-01
9.881573665194700595e-01
9.013157894736841813e-01
9.570354457572503026e-01
8.309729322048101663e-01
8.592321755027422236e-01
9.084644194756554825e-01
9.247150403113706396e-01
9.987179487179487225e-01
9.697075208913649158e-01
9.992435703479576325e-01
9.382504288164665862e-01
1.000000000000000000e+00
7.132352941176470784e-01
7.274500243783520448e-01
9.554140127388535131e-01
8.653516295025729388e-01
9.194444444444443976e-01
7.106017191977077596e-01
5.688729874776385920e-01
9.258241758241758657e-01
4.990723562152133419e-01
8.641251221896383283e-01
6.972558276777810482e-01
