6.113207547169811074e-01
9.133754823877165974e-01
1.979440210081342411e-01
1.489139651686126053e-01
6.831438457736035419e-01
7.748727846990700607e-01
8.135910224438902549e-01
7.166939826738468744e-01
2.818426752601828067e-01
3.799104922923918215e-01
8.107042837879887553e-01
8.910685094367661874e-01
7.314891846921797169e-01
4.295874822190611786e-01
8.105986261040235563e-01
1.340503239304788319e-01
4.302706824247045092e-01
2.113384442599736401e-01
6.379897785349233352e-01
8.912229159015790936e-01
8.528309141593770626e-01
7.493411717007906203e-01
2.267624152928087444e-01
3.887799836048044799e-01
2.685512367491166286e-01
8.126999753876446020e-01
8.964495998307654423e-01
6.783699435842035497e-01
7.443450346283030372e-01
2.178164848556906341e-01
6.125480487328164303e-01
5.496928080954102125e-01
4.679072276159654820e-01
8.297820528430537301e-01
8.666123336049986747e-01
7.316501211600093812e-01
8.489031303919152283e-01
0.000000000000000000e+00
7.123502847044963504e-01
8.803827751196172668e-01
1.347179343250070119e-02
2.584306977025027652e-01
4.041720990873532982e-01
1.426796805678793301e-01
9.100236247046912252e-01
8.856311548791405697e-01
8.423158390209460888e-01
3.988410596026489841e-01
4.745529209166777229e-01
5.810147635572164848e-01
7.578813962084807176e-01
8.665100704682893173e-01
8.654292343387470776e-01
8.519095230290116838e-01
0.000000000000000000e+00
8.884746815781298102e-01
3.668498760642310841e-01
2.148291737339471652e-01
6.406289308176100761e-01
7.568044725614241353e-01
6.181725251492693474e-01
5.279077160633998123e-01
9.167379770665753380e-01
9.596304917078848362e-01
7.334657961964234918e-01
4.979746617254158236e-01
1.903768665560559292e-01
2.774701639054951152e-01
7.974770327711504514e-01
5.905048048262870886e-01
6.481650236103057017e-01
7.898947368421053161e-01
8.410629654705483738e-01
7.656444157264277184e-01
3.540796963946868936e-01
7.204536667096275160e-01
8.181158734664269183e-02
8.485552115583074873e-01
8.650071377587437160e-01
2.930453643453782009e-01
3.519040095257722767e-01
8.195627157652474182e-01
8.208199488212555295e-01
4.154685176003966030e-01
5.003367003367003019e-01
6.963002395528347099e-01
8.968125337655321605e-01
5.666432419770438544e-01
7.563987496518214115e-01
9.817230336639850563e-01
8.433593750000000222e-01
9.034473286636450773e-01
9.058186532448715411e-01
9.575662619140880016e-01
5.190311418685120692e-01
6.315556539057313179e-01
0.000000000000000000e+00
9.647284201036736562e-01
9.031903190319031660e-01
8.937763219466542397e-01
4.968989155271843344e-02
9.119718309859154992e-01
5.990818668706962002e-01
9.224080267558528723e-01
8.170511321356436207e-01
6.068448833645496698e-01
8.679845489661440761e-01
8.339441322583271976e-01
8.152470032691608859e-01
8.689954078736906729e-01
9.506011500261369873e-01
9.080641517957984687e-01
7.590788308237378379e-01
8.388598022105875351e-01
9.438873626373626147e-01
9.004611404791361684e-01
9.203980099502487855e-01
3.821078049540426735e-01
9.639363846785634626e-01
9.526580861779518350e-02
9.618055555555555802e-01
5.961698584512905574e-01
8.312448764492329500e-01
9.692345078979344164e-01
8.637153297789492701e-01
8.454629040243298865e-01
2.340110407970917017e-01
8.446507363474872743e-02
8.902397510090940269e-01
1.751636263369469038e-01
8.588957055214724301e-01
8.998786973966594882e-01
8.461235733963006211e-01
8.756341024382261473e-01
4.851462609553439109e-01
2.001144303621894271e-01
3.064030941125913121e-01
4.422409519087753815e-01
7.775740110034058405e-01
2.220213693146970424e-01
4.982992182371546314e-02
5.128042663287396552e-01
7.398444252376836783e-01
9.146500981033355293e-01
9.618731346420614781e-01
6.909975669099757134e-01
9.445077298616761929e-01
7.936111804342400600e-01
5.951306149633686093e-01
5.809128630705394647e-01
0.000000000000000000e+00
2.993276527759286543e-01
2.119169321184285193e-01
1.710837988826815759e-01
8.500563697857947965e-01
3.774914435272800350e-01
0.000000000000000000e+00
1.448430303798537988e-01
2.241731186627360650e-01
3.269238150067165782e-01
2.656065496339447551e-01
6.740142864245819432e-01
7.957119741100323607e-01
7.234551296420832500e-01
1.207177814029363749e-01
9.239766081871344516e-01
4.490981001806085837e-01
6.461624061080027959e-01
9.542755344418052399e-01
5.386024712398806980e-01
9.094600081201786868e-01
9.430968034459306093e-01
8.255029620505601740e-01
1.996476487328906479e-01
9.302248126561198927e-01
1.427682829300079836e-01
8.525698025964787430e-01
9.027367856184599360e-01
5.325122170140620392e-01
7.738140286903574250e-01
7.492564865142036235e-01
5.418608832763938121e-01
9.131090303126487839e-01
9.631641487014089842e-01
7.870570107858243514e-01
4.649479298958598128e-01
8.459609392811003881e-01
8.965986394557823314e-01
8.950996832494876321e-01
9.735963879073419314e-01
5.313902150113068990e-01
3.604941605346654865e-01
8.358718861209963880e-01
8.010404267513115961e-01
6.285073763378652423e-01
1.544396177237185031e-01
