4.402173913043478382e-01
8.405621883028562280e-01
1.098434362282525584e-01
8.044680926036858193e-02
5.187687687687687621e-01
6.324835290747636840e-01
6.857593273778245235e-01
5.584747308885239514e-01
1.640377578944131887e-01
2.344996930632289867e-01
6.816675388103959898e-01
8.035379254891450440e-01
5.766519101492048049e-01
2.735507246376811530e-01
6.815181518151814943e-01
7.184026753221206540e-02
2.741050177296351920e-01
1.181545181545181483e-01
4.684177611006879460e-01
8.037890832008478537e-01
7.434221551868610556e-01
5.991571440149120464e-01
1.278804471822952427e-01
2.412954032650533043e-01
1.551020408163265307e-01
6.844941956882255596e-01
8.123322683706070135e-01
5.132827755324462782e-01
5.927942429694157411e-01
1.222188865539210745e-01
4.414913598797896577e-01
3.790181908796411703e-01
3.054039781728569158e-01
7.090833420039538426e-01
7.646212847555129422e-01
5.768519659805251276e-01
7.374732334047109372e-01
0.000000000000000000e+00
5.532174443427874122e-01
7.863247863247863068e-01
6.781576716586606123e-03
1.483895572582602240e-01
2.532679738562091387e-01
7.682017962927574495e-02
8.349021550656428037e-01
7.947378991765414735e-01
7.275869079081114243e-01
2.490952331713369994e-01
3.110910417173226028e-01
4.094579341880589252e-01
6.101521979423518705e-01
7.644620811287478057e-01
7.627811860940695299e-01
7.420229852237847368e-01
0.000000000000000000e+00
7.993292342090553282e-01
2.246271611455721295e-01
1.203409615332410310e-01
4.712686221893217509e-01
6.087573964497041690e-01
4.473586872457042674e-01
3.586104769544024018e-01
8.462753772019906418e-01
9.223939033769139595e-01
5.791125056028686435e-01
3.315354601790222455e-01
1.052024938439775764e-01
1.610829363249833557e-01
6.631698973774230454e-01
4.189477245812891493e-01
4.794705233484495843e-01
6.527487821851079008e-01
7.257192931210749709e-01
6.202786502375775557e-01
2.151256629006225440e-01
5.630539887187752113e-01
4.265044393291680253e-02
7.369482410934349303e-01
7.621256190551057852e-01
1.716773007461879497e-01
2.135215494484119236e-01
6.942873854552544799e-01
6.960938221442423135e-01
2.622027534418022721e-01
3.336326897171082440e-01
5.340955492037566810e-01
8.129285014691478573e-01
3.953260336656316265e-01
6.082325419341993999e-01
9.641021707448031997e-01
7.291455589327929809e-01
8.238977955911823692e-01
8.278505715082241645e-01
9.185871743486974106e-01
3.504672897196261516e-01
4.615135834411384086e-01
0.000000000000000000e+00
9.318602372918254328e-01
8.234704112337011273e-01
8.079526226734348171e-01
2.547794391132931699e-02
8.381877022653722031e-01
4.276351720371381893e-01
8.559900682805711147e-01
6.906901509705247744e-01
4.355903202151063525e-01
7.667603372139703000e-01
7.151836848721888629e-01
6.881155865557812001e-01
7.683394160583941757e-01
9.058530510585305340e-01
8.316094331816301644e-01
6.117059243397573454e-01
7.224448897795591185e-01
8.937374000130063889e-01
8.189443535188215550e-01
8.525345622119815392e-01
2.361763077441563774e-01
9.303833957912943653e-01
5.001527722283592020e-02
9.264214046822742965e-01
4.246737841043891071e-01
7.112224448897795925e-01
9.403055450773293300e-01
7.601223112610713262e-01
7.322960058809115935e-01
1.325099115584019438e-01
4.409477085078377517e-02
8.021910604732690464e-01
9.598867540399541598e-02
7.526881720430107503e-01
8.179813401187446820e-01
7.332878581173261079e-01
7.787803813127638364e-01
3.202594735392090830e-01
1.111817516279428181e-01
1.809185485917279845e-01
2.838956078930617299e-01
6.360908701243034313e-01
1.248729121278140952e-01
2.555157746565072524e-02
3.448128949797628073e-01
5.871056241426612088e-01
8.427237119614341410e-01
9.265468091998704248e-01
5.278810408921933428e-01
8.948504471168671204e-01
6.578402978899462461e-01
4.236198904340497395e-01
4.093567251461988077e-01
0.000000000000000000e+00
1.760054799882571630e-01
1.185162680218748293e-01
9.354381506280240455e-02
7.392156862745098422e-01
2.326591388509740566e-01
0.000000000000000000e+00
7.807588940008199085e-02
1.262359079134590945e-01
1.954028262066434263e-01
1.531408859840232284e-01
5.083118766092542540e-01
6.607322808196171016e-01
5.667291032545070939e-01
6.423611111111110494e-02
8.586956521739130821e-01
2.895722161620331025e-01
4.772820676743230184e-01
9.125496876774560340e-01
3.685530190384559424e-01
8.339538346984363137e-01
8.923208923208922894e-01
7.028565721134638622e-01
1.108936528965434182e-01
8.695516811955168457e-01
7.687155114669388944e-02
7.430254184748914525e-01
8.227167135346619142e-01
3.628733562132590573e-01
6.310739535405678335e-01
5.990488684814693210e-01
3.716112386408909063e-01
8.401109732058115176e-01
9.289456450556646816e-01
6.488821138211382511e-01
3.028873996856126238e-01
7.330435927828262699e-01
8.125770653514180486e-01
8.101180438448566390e-01
9.485512097159797262e-01
3.618321356992716398e-01
2.198797661203985843e-01
7.180239667400342141e-01
6.681129577879100223e-01
4.582652254152386195e-01
8.368169321733891219e-02
