1.000000000000000000e+00
9.968051118210862205e-01
1.000000000000000000e+00
4.982985963419821474e-01
8.052858683926644723e-01
1.000000000000000000e+00
1.000000000000000000e+00
6.977159880834160610e-01
1.000000000000000000e+00
6.843054720384846856e-01
7.541040866224240080e-01
9.987813659779537501e-01
6.043613707165108595e-01
1.000000000000000000e+00
9.921671018276762011e-01
1.000000000000000000e+00
1.000000000000000000e+00
9.726277372262773779e-01
4.939341421143847444e-01
9.918619791666666297e-01
8.488101628198246873e-01
7.355546995377504338e-01
1.000000000000000000e+00
9.938483806766781337e-01
8.414992650661440310e-01
7.145042414128771613e-01
9.555119891419092681e-01
7.418927444794952697e-01
6.562595966833861816e-01
1.000000000000000000e+00
7.095058098838022964e-01
5.131120206154312635e-01
5.222695035460992452e-01
7.813963167204245330e-01
8.707774798927614412e-01
6.142536755544480975e-01
8.471014492753623504e-01
0.000000000000000000e+00
8.350007466029565339e-01
8.651265500254798901e-01
1.085052274653856980e-01
9.992997198879551846e-01
5.948275862068965747e-01
1.000000000000000000e+00
9.116869381279746332e-01
8.741735537190082894e-01
9.912384776854978874e-01
8.471480268826468984e-01
9.982134881643590640e-01
8.126553953257086294e-01
1.000000000000000000e+00
1.000000000000000000e+00
9.052815728090636282e-01
9.434383085020965343e-01
0.000000000000000000e+00
8.746399125856759715e-01
4.322878076891413790e-01
4.921291508675169624e-01
7.664631005812669873e-01
8.947873361048929164e-01
8.286613791850820920e-01
6.506880473103605622e-01
9.293735962066383971e-01
9.878832656076838026e-01
6.697502312673450087e-01
1.000000000000000000e+00
8.762193800130066990e-01
9.323534060376165167e-01
8.368121442125237008e-01
9.830535069825827588e-01
9.929399899142713481e-01
6.997146932952924558e-01
8.239447921681912756e-01
7.338521029264333251e-01
5.288095934483767468e-01
9.907506225542511702e-01
1.000000000000000000e+00
7.980884109916367430e-01
1.000000000000000000e+00
5.903324584426946631e-01
1.000000000000000000e+00
7.073243946367820945e-01
9.320533599301832339e-01
8.166724921356168787e-01
9.872645263995755149e-01
7.606444188722669697e-01
9.964370546318289668e-01
4.652492406646417944e-01
9.999182605852542371e-01
9.859472049689440576e-01
8.880852683669585579e-01
1.000000000000000000e+00
1.000000000000000000e+00
1.000000000000000000e+00
1.000000000000000000e+00
9.993041057759221024e-01
7.282608695652173503e-02
9.980294424481279680e-01
9.738124238733252280e-01
9.639596347909659135e-01
1.000000000000000000e+00
9.456140350877193512e-01
4.767378215654077822e-01
9.923885465748459866e-01
7.878912685337726707e-01
5.880551301684533438e-01
8.791554357592092916e-01
1.000000000000000000e+00
9.643489932885905835e-01
1.000000000000000000e+00
9.644248247208517810e-01
9.995039682539682557e-01
7.473426001635322669e-01
8.494143892916898864e-01
1.000000000000000000e+00
1.000000000000000000e+00
9.769041769041768575e-01
2.536586553680570955e-01
9.925133689839572559e-01
1.000000000000000000e+00
9.987154784842645627e-01
9.992050874403816119e-01
8.357435786747248185e-01
9.575318986859645554e-01
8.403978749858709296e-01
9.896449704142011861e-01
2.493191103041307310e-01
1.000000000000000000e+00
9.973372459515270627e-01
1.000000000000000000e+00
8.405797101449274944e-01
9.962886597938144240e-01
1.000000000000000000e+00
9.045663600525624126e-01
9.979073011936133719e-01
1.000000000000000000e+00
1.000000000000000000e+00
5.021739130434782483e-01
7.351816443594646477e-01
1.000000000000000000e+00
9.760479041916167997e-01
9.940500615510874383e-01
6.203778135048231279e-01
9.975764487846603412e-01
9.588514397905759656e-01
9.998473398977176796e-01
9.400864731315626832e-01
9.987466053895968088e-01
1.000000000000000000e+00
9.450274862568716072e-01
1.990915972747918372e-01
9.603165878861162907e-01
1.000000000000000000e+00
9.921630094043887294e-01
7.794309579744191918e-01
1.000000000000000000e+00
0.000000000000000000e+00
1.000000000000000000e+00
1.000000000000000000e+00
1.000000000000000000e+00
2.202707647274057823e-01
9.970009832841690844e-01
9.797054009819967657e-01
1.000000000000000000e+00
6.979166666666666297e-01
9.666153055983564002e-01
9.037874708310895677e-01
9.885079125847776593e-01
9.915517455584544892e-01
9.758865248226950007e-01
9.907834101382488878e-01
9.968839884947267027e-01
8.824761266543810212e-01
3.524575671852899772e-01
8.906574394463667721e-01
9.995850622406639019e-01
9.884773662551440410e-01
1.000000000000000000e+00
9.897716894977168778e-01
9.494462761011074337e-01
7.132603624618697458e-01
1.000000000000000000e+00
8.726072117524855676e-01
9.985920450545582305e-01
9.964006259780907593e-01
1.000000000000000000e+00
9.976905311778291319e-01
1.000000000000000000e+00
8.566956521739130803e-01
9.955237242614145554e-01
9.838059356203318062e-01
1.000000000000000000e+00
7.475320829220137853e-01
1.000000000000000000e+00
1.000000000000000000e+00
1.984687083888149184e-01
