9.490670700958143691e-01
9.108416547788873441e-01
8.334135772749157178e-01
6.745118632739771636e-01
9.997075168177830262e-01
7.709000355745286859e-01
1.000000000000000000e+00
9.899641577060931397e-01
9.471184977336498667e-01
8.361264521043610953e-01
8.103196156256528004e-01
6.736608244877807516e-01
8.805597201399300022e-01
9.489023467070401008e-01
9.332747059470154483e-01
6.005593101841062431e-01
6.946185997910135912e-01
7.713390759592795298e-01
9.594666666666666899e-01
6.995587645407139732e-01
8.080513418903150225e-01
3.164739884393063529e-01
9.416138373640134951e-01
6.407793633369923691e-01
7.329400196656833399e-01
9.541734860883797076e-01
9.033856317093311716e-01
8.263888888888888395e-01
9.365601503759398705e-01
9.942196531791906988e-01
9.783386327503974522e-01
9.495697418451071181e-01
4.700162074554294911e-01
6.457532331352673349e-01
9.867914144193725701e-01
9.996548153261994862e-01
7.022636484687083680e-01
4.361462484837982934e-01
1.000000000000000000e+00
7.869565217391304435e-01
9.043977055449330393e-01
9.810991567316080797e-01
9.377245508982036126e-01
9.583443884319448047e-01
9.769850402761794950e-01
9.726840855106888561e-01
7.772020725388600892e-01
9.743166580711707381e-01
9.794400699912511055e-01
8.166319625195210818e-01
7.145659637076998694e-01
9.512422360248447006e-01
7.007993909402360222e-01
1.000000000000000000e+00
9.998316214850985206e-01
9.975456776656667079e-01
9.961904761904761818e-01
9.839944328462073564e-01
9.749999999999999778e-01
9.434334067462617490e-01
1.000000000000000000e+00
8.563190773666506939e-01
9.547445255474452663e-01
8.929824561403508776e-01
9.447181171319102289e-01
1.000000000000000000e+00
9.180395387149917763e-01
9.724349157733537252e-01
8.463611859838274798e-01
1.000000000000000000e+00
8.759731543624160732e-01
9.748248426552665880e-01
8.997662944689690523e-01
9.682539682539682557e-01
9.599345870809484760e-01
9.135527049637479635e-01
9.411593570441486589e-01
9.897704590818363624e-01
9.538083538083538260e-01
9.471351693573916153e-01
9.714285714285714191e-01
9.718309859154929953e-01
6.345755693581780488e-01
9.655670103092783840e-01
1.000000000000000000e+00
7.784165571616293855e-01
7.560843280111610998e-01
9.405448174522437199e-01
9.505259697567389754e-01
9.283363595097594567e-01
9.715061058344640621e-01
9.435930877078578805e-01
9.985004686035613419e-01
9.410703547805171487e-01
7.626615438351379561e-01
9.865396333019442743e-01
8.353828496474832166e-01
8.768211920529801473e-01
7.423846823324630195e-01
3.975903614457831359e-01
1.000000000000000000e+00
8.859489051094890932e-01
7.874586418780525898e-01
9.908854166666666297e-01
8.964036500268384167e-01
9.524268104776579813e-01
9.771037763901279094e-01
9.466256558711778624e-01
1.000000000000000000e+00
6.313447364761507474e-01
9.754184889156990446e-01
2.320504731861198766e-01
8.392363599140136854e-01
9.828056768558951495e-01
9.444211115777684240e-01
8.417462482946793667e-01
8.434042553191489766e-01
9.962542919571324429e-01
8.498659517426273569e-01
8.109892848243209773e-01
1.000000000000000000e+00
9.573475887170154186e-01
7.158429147379423707e-01
7.869882792593850818e-01
8.871150042384854384e-01
6.276844070961717925e-01
9.616379310344828069e-01
7.555404794210763830e-01
8.746694870438921354e-01
4.987603305785123786e-01
8.832709683307474746e-01
9.944856108909184700e-01
1.000000000000000000e+00
9.987568373943311872e-01
9.855769230769231282e-01
9.630868612296689113e-01
9.530989670109963896e-01
9.601213310732447104e-01
8.619556285949054875e-01
5.991910277624563630e-01
9.678736244231451735e-01
7.686458501860540249e-01
7.286261165461506151e-01
7.405609492988133313e-01
9.628623188405797118e-01
9.890278132176575365e-01
7.165839126117179436e-01
9.783450879109962806e-01
6.151313081419280682e-01
2.472710559577157297e-01
8.678537267309248682e-01
6.165653981451870713e-01
9.760852455046316045e-01
8.788809280109177724e-01
8.469345312370019085e-01
9.471739933505726183e-01
9.079555966697502312e-01
8.369678089304257718e-01
4.903533492304357200e-01
3.624150466255729452e-01
1.000000000000000000e+00
8.896908834144044986e-01
9.995896594173163674e-01
5.956591639871382515e-01
9.748378359113265557e-01
8.592113874345549407e-01
9.830547286466682078e-01
8.826436071649166326e-01
6.779661016949152241e-01
7.248249865374259970e-01
9.457422758100979543e-01
9.988818486768542559e-01
9.919621749408983336e-01
7.903225806451612545e-01
9.748322147651006242e-01
7.505863628748533634e-01
7.991513437057990998e-01
6.280276816608996171e-01
8.900414937759335565e-01
9.905349794238683669e-01
9.985138950809927527e-01
9.702283105022830867e-01
1.101530137796939701e-01
6.195944733536694615e-01
9.998978966714314742e-01
9.512538952366820233e-01
9.549454417458641542e-01
9.996870109546165395e-01
9.306200491668943364e-01
9.944928051163617333e-01
9.960979839583784523e-01
9.437681159420290289e-01
9.498657117278423989e-01
7.981360301407892655e-01
9.567415730337078816e-01
9.259624876604145571e-01
