9.089660644531250000e-01
9.825286865234375000e-01
9.882812500000000000e-01
7.262420654296875000e-01
7.032012939453125000e-01
9.523620605468750000e-01
9.603576660156250000e-01
9.903259277343750000e-01
9.624023437500000000e-01
9.796752929687500000e-01
6.116943359375000000e-01
5.260314941406250000e-01
9.661712646484375000e-01
7.707519531250000000e-01
8.054199218750000000e-01
6.896514892578125000e-01
8.312530517578125000e-01
7.659301757812500000e-01
9.509735107421875000e-01
9.877319335937500000e-01
5.865020751953125000e-01
8.374938964843750000e-01
7.677459716796875000e-01
9.619293212890625000e-01
7.307281494140625000e-01
9.914550781250000000e-01
9.709777832031250000e-01
9.154968261718750000e-01
9.424285888671875000e-01
9.822082519531250000e-01
7.182464599609375000e-01
9.557189941406250000e-01
7.341156005859375000e-01
9.915008544921875000e-01
7.390594482421875000e-01
9.984741210937500000e-01
6.340484619140625000e-01
9.575500488281250000e-01
8.542938232421875000e-01
9.433898925781250000e-01
7.316436767578125000e-01
9.669036865234375000e-01
7.738494873046875000e-01
9.201812744140625000e-01
9.941253662109375000e-01
9.461669921875000000e-01
9.976501464843750000e-01
9.976348876953125000e-01
9.968566894531250000e-01
9.911346435546875000e-01
9.918212890625000000e-01
9.978027343750000000e-01
9.871520996093750000e-01
9.918518066406250000e-01
8.216552734375000000e-01
9.769134521484375000e-01
9.977416992187500000e-01
2.919311523437500000e-01
8.618774414062500000e-01
9.725494384765625000e-01
9.941406250000000000e-01
9.581146240234375000e-01
9.908142089843750000e-01
9.577941894531250000e-01
9.028778076171875000e-01
6.681365966796875000e-01
9.045257568359375000e-01
9.854278564453125000e-01
9.836730957031250000e-01
9.440155029296875000e-01
9.945983886718750000e-01
9.918518066406250000e-01
8.431091308593750000e-01
6.422576904296875000e-01
9.794769287109375000e-01
9.985961914062500000e-01
8.599395751953125000e-01
9.986419677734375000e-01
7.729034423828125000e-01
8.944549560546875000e-01
9.907989501953125000e-01
9.136962890625000000e-01
9.280548095703125000e-01
9.966430664062500000e-01
9.934997558593750000e-01
9.983825683593750000e-01
9.460601806640625000e-01
9.941253662109375000e-01
9.650573730468750000e-01
9.955139160156250000e-01
9.590759277343750000e-01
7.062225341796875000e-01
9.858245849609375000e-01
9.900360107421875000e-01
4.811859130859375000e-01
9.885406494140625000e-01
9.352264404296875000e-01
9.612579345703125000e-01
9.854278564453125000e-01
6.991882324218750000e-01
9.965972900390625000e-01
9.952239990234375000e-01
9.542846679687500000e-01
9.490661621093750000e-01
9.686279296875000000e-01
9.974060058593750000e-01
9.946899414062500000e-01
6.639099121093750000e-01
9.274749755859375000e-01
9.975433349609375000e-01
9.983825683593750000e-01
8.696594238281250000e-01
9.703826904296875000e-01
9.281005859375000000e-01
9.099731445312500000e-01
9.595642089843750000e-01
9.695587158203125000e-01
9.573059082031250000e-01
9.047546386718750000e-01
9.938964843750000000e-01
9.973754882812500000e-01
9.947662353515625000e-01
7.203063964843750000e-01
9.961242675781250000e-01
9.988250732421875000e-01
9.590606689453125000e-01
9.212036132812500000e-01
9.964294433593750000e-01
9.151306152343750000e-01
9.972229003906250000e-01
8.267974853515625000e-01
7.967071533203125000e-01
8.363952636718750000e-01
6.958618164062500000e-01
9.960327148437500000e-01
6.712036132812500000e-01
9.945068359375000000e-01
9.953765869140625000e-01
9.288482666015625000e-01
9.965820312500000000e-01
9.969024658203125000e-01
4.937286376953125000e-01
9.018249511718750000e-01
9.146270751953125000e-01
5.127716064453125000e-01
9.513854980468750000e-01
9.548797607421875000e-01
7.943725585937500000e-01
9.893493652343750000e-01
6.160888671875000000e-01
9.209899902343750000e-01
9.971771240234375000e-01
8.144989013671875000e-01
9.953918457031250000e-01
8.333892822265625000e-01
9.879302978515625000e-01
9.947662353515625000e-01
8.678588867187500000e-01
8.205566406250000000e-01
9.880523681640625000e-01
9.916992187500000000e-01
8.149871826171875000e-01
9.546813964843750000e-01
8.872222900390625000e-01
9.244079589843750000e-01
7.672729492187500000e-01
9.780731201171875000e-01
8.567199707031250000e-01
9.759063720703125000e-01
9.967041015625000000e-01
9.930267333984375000e-01
8.690185546875000000e-01
9.938507080078125000e-01
8.760070800781250000e-01
9.394073486328125000e-01
9.472503662109375000e-01
9.557189941406250000e-01
9.605255126953125000e-01
9.969787597656250000e-01
7.920532226562500000e-01
9.056701660156250000e-01
9.817504882812500000e-01
7.074890136718750000e-01
5.366821289062500000e-01
9.951629638671875000e-01
9.821319580078125000e-01
9.966735839843750000e-01
5.966491699218750000e-01
9.569549560546875000e-01
9.703216552734375000e-01
8.473815917968750000e-01
9.551544189453125000e-01
9.195861816406250000e-01
8.366546630859375000e-01
8.978881835937500000e-01
8.768920898437500000e-01
8.168792724609375000e-01
9.920806884765625000e-01
9.969940185546875000e-01
9.959869384765625000e-01
9.747009277343750000e-01
9.918975830078125000e-01
9.971160888671875000e-01
9.966583251953125000e-01
9.950408935546875000e-01
9.647064208984375000e-01
8.175506591796875000e-01
9.891204833984375000e-01
9.866485595703125000e-01
9.957580566406250000e-01
9.475402832031250000e-01
9.618072509765625000e-01
9.945983886718750000e-01
7.840270996093750000e-01
9.885711669921875000e-01
9.645385742187500000e-01
9.948577880859375000e-01
9.707946777343750000e-01
9.595031738281250000e-01
9.320983886718750000e-01
8.321075439453125000e-01
9.923400878906250000e-01
8.910675048828125000e-01
9.510345458984375000e-01
9.213714599609375000e-01
9.660644531250000000e-01
9.029846191406250000e-01
9.847259521484375000e-01
3.739624023437500000e-01
8.294067382812500000e-01
9.506530761718750000e-01
6.861877441406250000e-01
9.612731933593750000e-01
9.043121337890625000e-01
9.818878173828125000e-01
9.188385009765625000e-01
9.572601318359375000e-01
9.735260009765625000e-01
9.727935791015625000e-01
9.898071289062500000e-01
9.114685058593750000e-01
7.469635009765625000e-01
9.771728515625000000e-01
8.982849121093750000e-01
9.815826416015625000e-01
9.770965576171875000e-01
8.632659912109375000e-01
7.317352294921875000e-01
8.724517822265625000e-01
4.949645996093750000e-01
9.959106445312500000e-01
9.871520996093750000e-01
9.324188232421875000e-01
9.867095947265625000e-01
9.297180175781250000e-01
9.863586425781250000e-01
9.610595703125000000e-01
9.970397949218750000e-01
7.809753417968750000e-01
9.401855468750000000e-01
7.390441894531250000e-01
9.029083251953125000e-01
9.786376953125000000e-01
9.949340820312500000e-01
9.465332031250000000e-01
8.869934082031250000e-01
9.523010253906250000e-01
9.812622070312500000e-01
9.338989257812500000e-01
5.293426513671875000e-01
8.654632568359375000e-01
9.938049316406250000e-01
9.709930419921875000e-01
9.829406738281250000e-01
9.655303955078125000e-01
9.403991699218750000e-01
8.339843750000000000e-01
9.795227050781250000e-01
9.399261474609375000e-01
9.905853271484375000e-01
6.771087646484375000e-01
9.263610839843750000e-01
9.544067382812500000e-01
9.822387695312500000e-01
9.724426269531250000e-01
9.678344726562500000e-01
9.876556396484375000e-01
9.924926757812500000e-01
9.921417236328125000e-01
8.609924316406250000e-01
9.400634765625000000e-01
8.311309814453125000e-01
9.822235107421875000e-01
9.344177246093750000e-01
9.477691650390625000e-01
8.739776611328125000e-01
9.871063232421875000e-01
9.462738037109375000e-01
8.368835449218750000e-01
9.055480957031250000e-01
9.587860107421875000e-01
9.273834228515625000e-01
9.694824218750000000e-01
9.046630859375000000e-01
9.081573486328125000e-01
9.936370849609375000e-01
9.937591552734375000e-01
8.590240478515625000e-01
9.830627441406250000e-01
9.933166503906250000e-01
8.686828613281250000e-01
9.432525634765625000e-01
8.793182373046875000e-01
7.127532958984375000e-01
9.759063720703125000e-01
8.751373291015625000e-01
9.143676757812500000e-01
7.454681396484375000e-01
7.466888427734375000e-01
6.933898925781250000e-01
9.738159179687500000e-01
9.535980224609375000e-01
9.395599365234375000e-01
6.417236328125000000e-01
9.813995361328125000e-01
9.432525634765625000e-01
9.882202148437500000e-01
9.565124511718750000e-01
9.736785888671875000e-01
9.953918457031250000e-01
9.942932128906250000e-01
9.719085693359375000e-01
9.589691162109375000e-01
9.843444824218750000e-01
9.780273437500000000e-01
9.146118164062500000e-01
9.416046142578125000e-01
9.439697265625000000e-01
9.151000976562500000e-01
8.786926269531250000e-01
9.491882324218750000e-01
6.944580078125000000e-01
9.266204833984375000e-01
9.172363281250000000e-01
9.721069335937500000e-01
8.007354736328125000e-01
9.301452636718750000e-01
7.929840087890625000e-01
9.904174804687500000e-01
9.625549316406250000e-01
9.932861328125000000e-01
9.710693359375000000e-01
8.496398925781250000e-01
9.490966796875000000e-01
9.853363037109375000e-01
9.935302734375000000e-01
9.408721923828125000e-01
8.909454345703125000e-01
9.900512695312500000e-01
9.357757568359375000e-01
9.250793457031250000e-01
8.625640869140625000e-01
9.916076660156250000e-01
9.042358398437500000e-01
8.745727539062500000e-01
9.554443359375000000e-01
9.806518554687500000e-01
9.053192138671875000e-01
8.890838623046875000e-01
7.401733398437500000e-01
9.609375000000000000e-01
9.773864746093750000e-01
9.834289550781250000e-01
9.050445556640625000e-01
9.575195312500000000e-01
9.726257324218750000e-01
9.864044189453125000e-01
7.841949462890625000e-01
9.743804931640625000e-01
9.794158935546875000e-01
9.689636230468750000e-01
8.995056152343750000e-01
9.769897460937500000e-01
8.788452148437500000e-01
9.738006591796875000e-01
9.850006103515625000e-01
9.525299072265625000e-01
8.676147460937500000e-01
9.623718261718750000e-01
9.363708496093750000e-01
9.956512451171875000e-01
6.658477783203125000e-01
9.942474365234375000e-01
7.827301025390625000e-01
7.850189208984375000e-01
7.376251220703125000e-01
9.890594482421875000e-01
9.735107421875000000e-01
8.247222900390625000e-01
9.901885986328125000e-01
7.476501464843750000e-01
9.196472167968750000e-01
9.675598144531250000e-01
9.139862060546875000e-01
9.921875000000000000e-01
9.423828125000000000e-01
9.968719482421875000e-01
8.661499023437500000e-01
9.935455322265625000e-01
9.443969726562500000e-01
9.486083984375000000e-01
9.459838867187500000e-01
9.668884277343750000e-01
9.768218994140625000e-01
9.902801513671875000e-01
9.605102539062500000e-01
9.271392822265625000e-01
9.775695800781250000e-01
9.149780273437500000e-01
8.337860107421875000e-01
9.888305664062500000e-01
4.252777099609375000e-01
9.875030517578125000e-01
9.482879638671875000e-01
9.625091552734375000e-01
7.243957519531250000e-01
9.590301513671875000e-01
9.628295898437500000e-01
9.655456542968750000e-01
9.647674560546875000e-01
9.616088867187500000e-01
4.310607910156250000e-01
9.857940673828125000e-01
9.319152832031250000e-01
8.730468750000000000e-01
9.812316894531250000e-01
9.219512939453125000e-01
8.905944824218750000e-01
8.938903808593750000e-01
9.025115966796875000e-01
5.407867431640625000e-01
9.118347167968750000e-01
9.638366699218750000e-01
5.542907714843750000e-01
8.510894775390625000e-01
8.759613037109375000e-01
9.073028564453125000e-01
9.767456054687500000e-01
9.688568115234375000e-01
9.836120605468750000e-01
9.603118896484375000e-01
9.146575927734375000e-01
9.848937988281250000e-01
9.857177734375000000e-01
9.267120361328125000e-01
6.950683593750000000e-01
9.512939453125000000e-01
9.924468994140625000e-01
9.566345214843750000e-01
9.727783203125000000e-01
9.898376464843750000e-01
9.436492919921875000e-01
9.792938232421875000e-01
3.719635009765625000e-01
8.604888916015625000e-01
9.222564697265625000e-01
9.794006347656250000e-01
9.831695556640625000e-01
7.793884277343750000e-01
9.725799560546875000e-01
9.918212890625000000e-01
9.778442382812500000e-01
9.928131103515625000e-01
9.950256347656250000e-01
9.810638427734375000e-01
9.962158203125000000e-01
9.919433593750000000e-01
9.987945556640625000e-01
9.978485107421875000e-01
9.933166503906250000e-01
9.926605224609375000e-01
9.977569580078125000e-01
9.972229003906250000e-01
9.360961914062500000e-01
9.779052734375000000e-01
9.993133544921875000e-01
9.973297119140625000e-01
9.979858398437500000e-01
9.962005615234375000e-01
9.640960693359375000e-01
9.949493408203125000e-01
9.589233398437500000e-01
9.687042236328125000e-01
9.919281005859375000e-01
9.900207519531250000e-01
9.927062988281250000e-01
9.842529296875000000e-01
9.970550537109375000e-01
9.982299804687500000e-01
9.961853027343750000e-01
9.929809570312500000e-01
9.962005615234375000e-01
9.545745849609375000e-01
9.557037353515625000e-01
9.672546386718750000e-01
8.703765869140625000e-01
9.986114501953125000e-01
9.929962158203125000e-01
9.859313964843750000e-01
9.669342041015625000e-01
9.895782470703125000e-01
9.919433593750000000e-01
9.894561767578125000e-01
9.937591552734375000e-01
9.968109130859375000e-01
9.982299804687500000e-01
9.929046630859375000e-01
9.090728759765625000e-01
8.997192382812500000e-01
9.982757568359375000e-01
9.920654296875000000e-01
9.922180175781250000e-01
9.785614013671875000e-01
9.935302734375000000e-01
9.943695068359375000e-01
9.911499023437500000e-01
9.966735839843750000e-01
9.979248046875000000e-01
9.981536865234375000e-01
9.731140136718750000e-01
9.960021972656250000e-01
9.984130859375000000e-01
9.929046630859375000e-01
9.976654052734375000e-01
9.839782714843750000e-01
9.579010009765625000e-01
9.978790283203125000e-01
9.932250976562500000e-01
9.894409179687500000e-01
9.612579345703125000e-01
9.891815185546875000e-01
9.934234619140625000e-01
8.690032958984375000e-01
9.898223876953125000e-01
9.978790283203125000e-01
9.962005615234375000e-01
9.804229736328125000e-01
9.979400634765625000e-01
9.822540283203125000e-01
9.566192626953125000e-01
9.969482421875000000e-01
9.982147216796875000e-01
9.797821044921875000e-01
9.970855712890625000e-01
9.877471923828125000e-01
9.462738037109375000e-01
9.252014160156250000e-01
9.969024658203125000e-01
9.963684082031250000e-01
9.981079101562500000e-01
9.526519775390625000e-01
9.754486083984375000e-01
9.442901611328125000e-01
9.849090576171875000e-01
7.849884033203125000e-01
7.837982177734375000e-01
7.669982910156250000e-01
9.869079589843750000e-01
9.978942871093750000e-01
9.924011230468750000e-01
9.941253662109375000e-01
9.954071044921875000e-01
9.893798828125000000e-01
9.825592041015625000e-01
9.972839355468750000e-01
9.931488037109375000e-01
9.989471435546875000e-01
9.953155517578125000e-01
9.966735839843750000e-01
9.976654052734375000e-01
9.271697998046875000e-01
9.987640380859375000e-01
9.878082275390625000e-01
9.748382568359375000e-01
9.985656738281250000e-01
9.970092773437500000e-01
8.310241699218750000e-01
9.978790283203125000e-01
9.897308349609375000e-01
9.963226318359375000e-01
9.902954101562500000e-01
9.984741210937500000e-01
9.960021972656250000e-01
9.980163574218750000e-01
9.671478271484375000e-01
9.386138916015625000e-01
9.986572265625000000e-01
9.861755371093750000e-01
9.941558837890625000e-01
9.657897949218750000e-01
