9.442679757435749055e-01
9.999829307843304260e-01
1.000000000000000000e+00
9.941588785046728827e-01
8.160416096359156546e-01
9.753862681285349057e-01
1.000000000000000000e+00
1.000000000000000000e+00
9.999506733093276312e-01
9.793435691262607490e-01
5.589529563790032185e-01
9.985150812064965686e-01
9.740697249119294465e-01
9.894597210769726647e-01
1.000000000000000000e+00
6.422762247978961447e-01
8.396106303083047395e-01
9.550817804540646661e-01
9.984577310713389497e-01
9.898736261474498921e-01
5.589516352375437647e-01
9.374523093496117676e-01
1.000000000000000000e+00
9.802814110186286456e-01
7.902149961288785773e-01
9.982726569825784990e-01
9.791841090043503781e-01
9.797748989689164523e-01
9.756170874885069511e-01
9.861472696300581653e-01
9.984092670391973012e-01
9.520039410253703371e-01
1.000000000000000000e+00
9.932623932929416366e-01
9.559145129224652093e-01
9.990222856788131267e-01
1.000000000000000000e+00
9.933854368752655928e-01
1.000000000000000000e+00
9.507422821293247672e-01
7.033419913419913794e-01
1.000000000000000000e+00
8.160416666666666652e-01
1.000000000000000000e+00
9.997633434832683408e-01
9.887192271735742999e-01
9.988021498258389252e-01
9.989563050081782247e-01
9.995658490156461573e-01
1.000000000000000000e+00
9.984497642009758644e-01
9.993352913897047829e-01
9.990976138828633335e-01
1.000000000000000000e+00
8.731305400445156240e-01
1.000000000000000000e+00
9.990997283663174411e-01
1.000000000000000000e+00
9.991908475871524864e-01
1.000000000000000000e+00
1.000000000000000000e+00
9.587170855902807931e-01
9.968982924783592603e-01
1.000000000000000000e+00
9.469737416881036651e-01
6.093119241143353237e-01
9.987095008114502681e-01
1.000000000000000000e+00
9.984997440739891150e-01
1.000000000000000000e+00
1.000000000000000000e+00
9.999681908548707643e-01
1.000000000000000000e+00
1.000000000000000000e+00
9.841317577129917726e-01
9.997510928579207423e-01
8.968335210018084647e-01
9.999845783727099313e-01
9.967681007345225996e-01
9.981033285248704923e-01
9.999200307082080075e-01
1.000000000000000000e+00
9.991951461119366051e-01
9.993426432155969596e-01
1.000000000000000000e+00
9.998577457442268113e-01
1.000000000000000000e+00
9.999843095413678551e-01
1.000000000000000000e+00
1.000000000000000000e+00
9.996150144369586599e-01
1.000000000000000000e+00
1.000000000000000000e+00
1.000000000000000000e+00
1.000000000000000000e+00
1.000000000000000000e+00
9.969106137580667770e-01
9.679599923714267140e-01
1.000000000000000000e+00
1.000000000000000000e+00
9.984387928746506491e-01
1.000000000000000000e+00
1.000000000000000000e+00
1.000000000000000000e+00
9.979631096525970468e-01
9.997351199750701412e-01
9.995317974135843331e-01
9.504069816228917222e-01
1.000000000000000000e+00
1.000000000000000000e+00
9.996662428480610485e-01
8.799974973409246948e-01
9.924310717262259107e-01
9.993861695224398600e-01
1.000000000000000000e+00
9.958711940060577250e-01
1.000000000000000000e+00
1.000000000000000000e+00
1.000000000000000000e+00
1.000000000000000000e+00
9.999364766790007630e-01
1.000000000000000000e+00
7.642248215701823444e-01
9.997304710414915974e-01
1.000000000000000000e+00
9.708546671918077964e-01
1.000000000000000000e+00
1.000000000000000000e+00
1.000000000000000000e+00
9.984252970462390575e-01
1.000000000000000000e+00
9.979380049352668536e-01
9.939479239971851232e-01
7.815934065934065922e-01
9.990118262089190404e-01
1.000000000000000000e+00
1.000000000000000000e+00
1.000000000000000000e+00
1.000000000000000000e+00
9.994969423527377828e-01
9.995994616764931617e-01
1.000000000000000000e+00
1.000000000000000000e+00
1.000000000000000000e+00
5.077894802833677890e-01
9.653933525592486298e-01
1.000000000000000000e+00
9.999277143270204338e-01
9.995369039634632857e-01
5.811461355842785226e-01
1.000000000000000000e+00
9.975408925766686696e-01
1.000000000000000000e+00
1.000000000000000000e+00
1.000000000000000000e+00
9.977995021824609401e-01
9.995876419463299856e-01
1.000000000000000000e+00
1.000000000000000000e+00
9.995302959135744514e-01
1.000000000000000000e+00
1.000000000000000000e+00
1.000000000000000000e+00
9.998877098422322973e-01
1.000000000000000000e+00
9.744431146971392899e-01
9.968029419560031634e-01
1.000000000000000000e+00
1.000000000000000000e+00
9.998105372846834982e-01
1.000000000000000000e+00
1.000000000000000000e+00
9.999841287475994545e-01
1.000000000000000000e+00
1.000000000000000000e+00
1.000000000000000000e+00
1.000000000000000000e+00
9.999796768621075360e-01
9.984262482712575881e-01
9.880007825576593294e-01
1.000000000000000000e+00
1.000000000000000000e+00
1.000000000000000000e+00
1.000000000000000000e+00
9.963102019678923282e-01
9.983510011778563564e-01
9.997948491352102174e-01
1.000000000000000000e+00
9.999789202976453462e-01
9.999134004191420066e-01
9.994173387715048484e-01
1.000000000000000000e+00
1.000000000000000000e+00
1.000000000000000000e+00
9.400430609787249203e-01
1.000000000000000000e+00
1.000000000000000000e+00
9.997116102327474607e-01
9.999209798498617241e-01
9.999519915505128420e-01
9.974870918978345768e-01
9.992526990285087729e-01
1.000000000000000000e+00
1.000000000000000000e+00
9.979068132430014559e-01
9.954190871369295035e-01
1.000000000000000000e+00
9.997788438637678077e-01
9.996868639423829306e-01
9.995621237000547055e-01
9.662651129233258418e-01
9.738223596995139175e-01
9.988933617744703009e-01
1.000000000000000000e+00
9.987174209076226106e-01
9.681277270924236733e-01
9.992790194664743497e-01
9.919712272033713862e-01
9.954683584795009921e-01
9.188224799286351940e-01
9.974078813531515042e-01
9.947163656750649396e-01
1.000000000000000000e+00
1.000000000000000000e+00
9.820169252468264887e-01
9.878403903667558605e-01
9.984732543595026266e-01
9.955138043276609006e-01
9.967259120673526152e-01
1.000000000000000000e+00
9.779655437287391173e-01
1.000000000000000000e+00
9.364205401645995241e-01
9.158250355618776650e-01
9.822396963123644076e-01
1.000000000000000000e+00
9.907340116279069742e-01
9.727759453128734801e-01
9.657691117301144823e-01
9.981112102783370466e-01
8.865871739720592171e-01
1.000000000000000000e+00
1.000000000000000000e+00
9.998844064270026033e-01
9.999808714947013843e-01
9.993758289771397241e-01
9.612223485179679505e-01
9.300466129087135991e-01
9.782920494631158759e-01
1.000000000000000000e+00
9.976418476442376893e-01
9.999822811276289913e-01
9.921947965310207174e-01
9.863764221839708135e-01
9.429927777326949645e-01
9.997680600902781878e-01
9.999610614644782736e-01
9.999839823164773378e-01
1.000000000000000000e+00
9.991023339317773866e-01
8.194429031184108370e-01
9.987424412693316489e-01
9.999823099647968672e-01
9.951622556190983238e-01
9.052969959035047642e-01
8.868913088144647627e-01
1.000000000000000000e+00
1.000000000000000000e+00
9.933263300994871203e-01
1.000000000000000000e+00
1.000000000000000000e+00
1.000000000000000000e+00
9.659195720346799297e-01
9.816494806633985215e-01
1.000000000000000000e+00
9.999087341425573205e-01
9.349053975329905120e-01
9.968226516781627522e-01
9.120119621199535009e-01
9.984670327819143987e-01
1.000000000000000000e+00
1.000000000000000000e+00
9.894423847789676207e-01
9.991460811222934169e-01
9.670545597449948794e-01
1.000000000000000000e+00
9.995662389300560280e-01
9.989728233430247295e-01
9.924688021619902933e-01
9.942067736185383753e-01
1.000000000000000000e+00
1.000000000000000000e+00
9.998958477989168259e-01
9.992543920965561988e-01
9.995084499789336219e-01
1.000000000000000000e+00
9.999634108413677502e-01
9.478967156132510619e-01
1.000000000000000000e+00
6.219667205916339370e-01
9.673527141754566516e-01
9.996627237466573224e-01
9.982341609589041598e-01
1.000000000000000000e+00
9.953943039759375333e-01
9.989709333814768000e-01
9.983762349160769656e-01
1.000000000000000000e+00
9.999360000000000470e-01
9.999833710256751385e-01
1.000000000000000000e+00
8.914916930731187072e-01
9.993802613231420606e-01
9.966379724387630645e-01
9.998220851619025185e-01
8.460994162391650697e-01
9.662263584509156455e-01
9.997884642504583086e-01
7.823328764066435070e-01
1.000000000000000000e+00
9.644701831272499692e-01
1.000000000000000000e+00
9.437605740621900496e-01
1.000000000000000000e+00
9.838219845286982901e-01
1.000000000000000000e+00
1.000000000000000000e+00
9.999619301418102291e-01
9.974047160017796010e-01
9.994262868207325345e-01
1.000000000000000000e+00
9.951833213515456356e-01
1.000000000000000000e+00
9.896762841804764843e-01
9.855132722060528927e-01
7.794199308017598637e-01
9.874151217666620184e-01
9.119556913674560228e-01
9.997015268051888670e-01
1.000000000000000000e+00
9.690154518242860560e-01
6.006360171008571225e-01
9.753818170414275679e-01
9.970563200453964603e-01
9.336792535100724155e-01
1.000000000000000000e+00
9.944029034938125511e-01
9.936543278597272932e-01
9.949952426260704197e-01
9.996186194022360638e-01
9.929417037009373725e-01
9.629104175111471431e-01
1.000000000000000000e+00
1.000000000000000000e+00
9.926104178201797801e-01
9.964570720968629614e-01
8.419736548336682613e-01
9.981171154208247076e-01
9.996746181847762092e-01
9.724125900266653577e-01
9.974608838869063465e-01
9.999782063855290337e-01
9.905755707244643382e-01
9.060699952172014404e-01
1.000000000000000000e+00
9.567693810919662978e-01
9.980970040011710731e-01
9.994835074539265563e-01
9.329613733905579576e-01
9.589783281733745834e-01
9.986206896551723666e-01
9.847344167788670832e-01
9.982567947516400864e-01
9.983509589532174600e-01
9.991620446111487697e-01
9.887593194417892972e-01
1.000000000000000000e+00
9.639884183858125066e-01
9.853291954140911413e-01
9.793673469387754738e-01
1.000000000000000000e+00
9.369629193643319587e-01
9.858438398584383755e-01
1.000000000000000000e+00
9.942339373970345839e-01
1.000000000000000000e+00
9.999628660019681536e-01
9.749086479902557834e-01
1.000000000000000000e+00
1.000000000000000000e+00
9.999515738498789830e-01
9.937435721631813212e-01
1.000000000000000000e+00
9.478508217446270923e-01
1.000000000000000000e+00
1.000000000000000000e+00
9.952812348035948720e-01
9.777705737970638911e-01
9.357262103505843420e-01
9.992913488614959538e-01
7.477212991284833965e-01
1.000000000000000000e+00
9.716334493303806497e-01
9.883772910147519131e-01
9.999836432929322116e-01
1.000000000000000000e+00
9.999521042212146105e-01
9.534265572633768837e-01
1.000000000000000000e+00
1.000000000000000000e+00
9.323230072060024742e-01
1.000000000000000000e+00
1.000000000000000000e+00
1.000000000000000000e+00
9.995713214017790671e-01
9.964113288410398894e-01
9.672887932255231913e-01
9.955757503288293897e-01
9.074215761285386872e-01
1.000000000000000000e+00
9.995744605400804783e-01
4.099174989144593884e-01
9.894194111818349624e-01
1.000000000000000000e+00
9.943004023245417544e-01
1.000000000000000000e+00
9.953477306970474059e-01
9.950893734040463512e-01
1.000000000000000000e+00
1.000000000000000000e+00
9.473058637083994205e-01
1.000000000000000000e+00
9.993595305979091625e-01
1.000000000000000000e+00
8.337295583891650708e-01
1.000000000000000000e+00
1.000000000000000000e+00
9.866726513137451526e-01
1.000000000000000000e+00
1.000000000000000000e+00
9.981638076830152695e-01
9.998867163604232555e-01
1.000000000000000000e+00
9.781384998036392053e-01
1.000000000000000000e+00
1.000000000000000000e+00
9.655420564703890429e-01
9.998182148700236471e-01
9.993415446587652351e-01
9.999498562545965363e-01
9.853728399699474005e-01
9.979230738507010035e-01
9.999829723470916587e-01
1.000000000000000000e+00
9.871635977337110956e-01
7.120104489541299042e-01
9.990807924742328705e-01
9.999839194686992450e-01
9.978137008082681447e-01
9.998344705817439060e-01
9.998423983469337806e-01
9.998253885105640171e-01
1.000000000000000000e+00
1.000000000000000000e+00
8.596502992405826715e-01
9.624473561066916316e-01
9.943463977385590402e-01
9.958329199325329784e-01
9.668225728898020011e-01
9.904193711376267917e-01
9.927531339319874970e-01
9.998735526292020781e-01
9.999840594264581828e-01
9.953225705525311495e-01
1.000000000000000000e+00
1.000000000000000000e+00
1.000000000000000000e+00
9.992983550323536468e-01
1.000000000000000000e+00
1.000000000000000000e+00
9.988160262684305790e-01
9.999374931633147057e-01
9.999843825646952400e-01
1.000000000000000000e+00
1.000000000000000000e+00
9.998450957308383513e-01
9.989327641408751735e-01
1.000000000000000000e+00
1.000000000000000000e+00
9.999832809469672013e-01
1.000000000000000000e+00
9.993184634448575299e-01
1.000000000000000000e+00
9.998603351955307472e-01
9.999842074509246448e-01
9.986236764355054252e-01
1.000000000000000000e+00
9.998058629392351238e-01
9.997817410825642348e-01
9.997789427145834518e-01
1.000000000000000000e+00
1.000000000000000000e+00
1.000000000000000000e+00
9.999021277428700172e-01
1.000000000000000000e+00
9.273100025177138939e-01
9.999844703616852515e-01
9.944573662592171015e-01
9.900708934181906562e-01
9.641608226376575663e-01
1.000000000000000000e+00
1.000000000000000000e+00
9.971934029201223737e-01
9.998871622928622305e-01
9.999839887280645989e-01
9.997938602055055357e-01
9.999836146157627947e-01
9.991904145077720178e-01
1.000000000000000000e+00
9.993293719490322635e-01
9.999364504392863617e-01
9.968086277099152959e-01
1.000000000000000000e+00
1.000000000000000000e+00
9.999834647882666072e-01
1.000000000000000000e+00
1.000000000000000000e+00
9.999842646063791252e-01
9.999845047725300917e-01
1.000000000000000000e+00
9.981668048205062371e-01
9.998417020198822058e-01
1.000000000000000000e+00
9.999845050126283663e-01
9.997318781149454603e-01
9.852844014655535165e-01
9.986954608323902471e-01
1.000000000000000000e+00
9.992256191013955124e-01
1.000000000000000000e+00
1.000000000000000000e+00
1.000000000000000000e+00
1.000000000000000000e+00
9.999353451759419587e-01
1.000000000000000000e+00
9.994666666666666144e-01
1.000000000000000000e+00
9.999199551748979564e-01
1.000000000000000000e+00
9.872655371331132690e-01
1.000000000000000000e+00
9.996862794309109290e-01
1.000000000000000000e+00
9.997153745196944996e-01
9.956410378784262827e-01
1.000000000000000000e+00
1.000000000000000000e+00
9.991276850943190402e-01
1.000000000000000000e+00
9.999377208961962582e-01
9.775564930739405467e-01
9.999831881913856524e-01
9.996006805791868288e-01
9.892960204013153680e-01
8.044715510888822418e-01
1.000000000000000000e+00
1.000000000000000000e+00
9.993325956759224749e-01
1.000000000000000000e+00
9.999526380600549658e-01
9.975529005326040366e-01
9.998434638323184798e-01
1.000000000000000000e+00
1.000000000000000000e+00
1.000000000000000000e+00
1.000000000000000000e+00
9.998299714042816477e-01
9.967797337913267830e-01
1.000000000000000000e+00
1.000000000000000000e+00
1.000000000000000000e+00
1.000000000000000000e+00
9.996772056200200485e-01
1.000000000000000000e+00
9.998764593242325249e-01
9.997925443635898857e-01
8.408446756159092539e-01
1.000000000000000000e+00
9.951563256824111914e-01
1.000000000000000000e+00
1.000000000000000000e+00
9.999071121156763997e-01
1.000000000000000000e+00
9.999845717106886633e-01
1.000000000000000000e+00
1.000000000000000000e+00
9.999843945068663809e-01
1.000000000000000000e+00
1.000000000000000000e+00
1.000000000000000000e+00
