8.620332621497444059e-01
8.244856855128758211e-01
7.149365440937195393e-01
6.535220889631091490e-01
5.419913121423153290e-01
9.620196604110813343e-01
1.932053175775479970e-01
8.075610396429508953e-01
4.148823404706381002e-01
9.991060025542783940e-01
1.000000000000000000e+00
2.433046878552266590e-01
9.490764589005813434e-01
5.868554578540499111e-01
4.403332041844246203e-01
7.606261239169527233e-01
9.716088328075709324e-01
7.202471500741826071e-01
6.325966850828729227e-01
9.824188790560471896e-01
5.939884572181121092e-01
6.188387834874630178e-01
5.206705629037219341e-01
8.057784911717496001e-01
6.740627151530325101e-01
9.277742682670035990e-01
9.987015797446440191e-01
5.743125099348275198e-01
6.827394209354120669e-01
9.984894259818730688e-01
5.376776615714669028e-01
1.000000000000000000e+00
3.074229158736200840e-01
9.969756540148192459e-01
4.227941176470588203e-01
9.936363636363636509e-01
3.528918898937874471e-01
8.089021291509681522e-01
1.703356908058571706e-02
1.000000000000000000e+00
1.000000000000000000e+00
4.871524852569503183e-01
7.737585616438356073e-01
2.999999999999999889e-01
8.109614491407338699e-01
8.052985460605712742e-01
9.837242699856391104e-01
9.701715137956749002e-01
9.729155602761551114e-01
2.219804134929271033e-01
9.008225616921269330e-01
9.728132387706855955e-01
9.078498293515357975e-01
8.626599082790248341e-01
6.345159938538902367e-01
4.813213954924359106e-01
9.720972097209721330e-01
1.157809915602866883e-02
5.522927061059633713e-01
6.310064935064935154e-01
8.505154639175257492e-01
9.981462997290745376e-01
9.364605543710021740e-01
2.894695170229611980e-01
8.101931771475544553e-01
1.000000000000000000e+00
5.618008754255541248e-01
5.823429541595925851e-01
8.757742989075346651e-01
9.290261730723885225e-02
8.283458021612635225e-01
7.508455467869221689e-01
3.356529105651700484e-01
3.237503452085059297e-01
9.948934280639432082e-01
9.537848605577688987e-01
7.529615718000577385e-01
8.049132947976878061e-01
6.378173623264846714e-01
7.463169881147249107e-01
7.832005312084993065e-01
1.964238758874572721e-01
6.851873536299766254e-01
9.554502369668246287e-01
6.786148238153097978e-01
9.541648303217276084e-01
4.281193490054249762e-01
7.304492512479201505e-01
6.713267543859648967e-01
8.652871621621621712e-01
8.468665140301367966e-01
1.496182543813985855e-01
7.365894974590626587e-01
8.515606936416184602e-01
9.192703112918467964e-03
6.699386503067484844e-01
8.622129436325678409e-01
9.722540201689833239e-01
6.552663438256658424e-01
1.122753842823121934e-01
9.777478084962912819e-01
6.078431372549019107e-01
8.111768071714666739e-01
8.369841345923405562e-01
8.077353364232060517e-01
9.505899705014749790e-01
8.996385877119822405e-01
5.955911150898002271e-01
0.000000000000000000e+00
7.916287534121928537e-01
9.583333333333333703e-01
1.000000000000000000e+00
8.334569182856295111e-01
4.196313255841258583e-01
1.661870503597122350e-01
6.642908054169636145e-01
6.933670601461495719e-01
8.456338028169013699e-01
6.847133757961783029e-01
3.239689181111775063e-01
9.236462797039345363e-01
6.936671575846833360e-01
7.089947089947089554e-01
9.078359723913925761e-01
7.471698113207546621e-01
7.780434782608696143e-01
5.992341593815475598e-01
8.950793005286702408e-01
7.572650861256643440e-01
9.771278590176227796e-01
3.055506504208605478e-01
6.333546574694740583e-01
7.510911105583319980e-01
6.688763054387630858e-01
9.828203292770222310e-01
1.890086365985088890e-01
3.584131326949384633e-01
7.963147410358565326e-01
4.793742633665488140e-01
9.064935064935064624e-01
9.403846153846153744e-01
1.523482245131729806e-01
5.683212140373063992e-01
3.996645619573796493e-01
1.000000000000000000e+00
9.126045572541101603e-01
5.881479481641468388e-01
3.750520096529915692e-01
7.059025394646534224e-01
1.000000000000000000e+00
3.384971098265895928e-01
9.988023952095808067e-01
4.445366407546510468e-01
4.897400820793433862e-01
1.329066825420449349e-01
9.443233604121260560e-01
8.796296296296296502e-01
5.860739296161687761e-01
4.661270074888532733e-01
7.984189723320158638e-01
5.729638009049773384e-01
5.759024941051442692e-01
6.240270727580372601e-01
3.636288523506568393e-01
6.951266413933300248e-01
0.000000000000000000e+00
7.631578947368421462e-01
4.842412968376295646e-01
6.130356263339352685e-01
8.753979081400636852e-01
6.833431430253089633e-01
1.648735879505110191e-01
8.121787267694741130e-01
5.768633540372670732e-01
4.693550376125292800e-01
7.347919284499963011e-01
8.143106077107383767e-01
8.418345477925417430e-01
9.836439710916697887e-01
3.296984590180719876e-01
5.942350332594235202e-02
6.478997140972069246e-01
2.953791887125220561e-01
9.349041407409747206e-03
9.935897435897436125e-01
8.855183074099121088e-01
9.072878228782287335e-01
2.427918235610543318e-01
8.011272586616566826e-01
7.276573919733299034e-01
6.934127008230327460e-01
4.325058887479615866e-01
6.337897280218077745e-01
3.671513549239920904e-01
8.522277292633676504e-01
3.312363900314541643e-01
3.578419318349481126e-01
9.318457802064359363e-01
8.642193719593100898e-01
8.674105677715786555e-01
8.774573600931571127e-01
8.286038592508513378e-01
4.381818181818181723e-01
7.825095057034220369e-01
9.756097560975609539e-01
8.229284903518728767e-01
6.140453547915142307e-01
8.819958543085578695e-01
8.830249596423692671e-01
8.434946574481457793e-01
9.040258625044198526e-01
9.351634862180560059e-01
9.218210361067503689e-01
3.570379600373815299e-01
7.653232577665827208e-01
9.873643821116697694e-01
9.578412524031859610e-01
9.493817416469350068e-01
8.984012561558775145e-01
9.757618662351672523e-01
6.998203029179382861e-01
9.859176029962546384e-01
4.065644836662021810e-01
8.595377190754381891e-01
8.798076923076922906e-01
9.537112561174551084e-01
4.433404940923738047e-01
9.096588178760210974e-01
1.737591457385801730e-01
6.576179165252798997e-01
8.942466576535976763e-01
2.499820904076223149e-01
9.982918654118860813e-01
8.580286508445584825e-01
9.860401865008880939e-01
7.962490289645988151e-01
9.432081228956229468e-01
9.847666469744281725e-01
9.834166014566905201e-01
9.695799965431813883e-01
9.986401495835458553e-01
4.939984317510103251e-01
8.055483536427274771e-01
7.778675804991594944e-01
9.084326444410921741e-01
8.966918979534622691e-01
8.233322394636913844e-01
5.644487480979388794e-01
7.972017413623896376e-01
4.370115929583512360e-01
9.863063063063063352e-01
9.039454885152214958e-01
8.048721190314110929e-01
9.952508660185495071e-01
9.409146490584494593e-01
9.048171181616949665e-01
8.202215480138290715e-01
9.362318840579709756e-01
3.094020362315376693e-01
8.641055415779627102e-01
7.126404245908889434e-01
7.727434131098643855e-01
8.452314866215165923e-01
9.990713224368499290e-01
9.997696155871511614e-01
9.068421052631578938e-01
7.231960517358747564e-01
8.628048780487804770e-01
8.847452517334941646e-01
3.013012347321052387e-01
6.702230125213010092e-01
7.778879524045612115e-01
9.961205341032118854e-01
9.950386335908906199e-01
7.546603148301573860e-01
8.817388642277667055e-01
7.212819036653234095e-01
9.315579733063444889e-01
9.719251714116419194e-01
9.376417233560090381e-01
4.532411770866059397e-01
6.224657125819916814e-01
8.610371804177756605e-01
9.352333190630542914e-01
9.976182030101859999e-01
6.651695833978628070e-01
9.273956496178717979e-01
9.559095961467209968e-01
9.975677097028661233e-01
8.178169132481506454e-01
8.273387477976881232e-01
5.014294648440990043e-01
8.529263370332996752e-01
8.055530993014413665e-01
8.590777592706233534e-01
6.621028158098682947e-01
9.207356321839080815e-01
9.526002892185743143e-01
6.455655004068348024e-01
1.000000000000000000e+00
9.581489537238431220e-01
8.023057393765347101e-01
9.314275568181817899e-01
6.860228905514541564e-01
8.652447015228885707e-01
9.726000394244036507e-01
9.684210526315789602e-01
6.087008724885936140e-01
9.401425432720647013e-01
9.177777777777778034e-01
6.966739348631156847e-01
1.000000000000000000e+00
7.103319656844461205e-01
4.983753151888533628e-01
8.880936454849498451e-01
8.976504183157156813e-01
9.288669271431855279e-01
6.632005296568913577e-01
7.315245704919951519e-01
3.422216441207076021e-01
9.869012533118990405e-01
7.208930000889441914e-01
9.534779548217827694e-01
4.696500779361600930e-01
9.967377285486684890e-01
7.197257619792830630e-01
6.993865030674846217e-01
7.738635489577724291e-01
9.340457771752133098e-01
9.824777128804180748e-01
8.165740272865082972e-01
9.583731042528369493e-01
4.301448093004283102e-01
9.651387336111393322e-01
9.730833207318917433e-01
9.881068249258160296e-01
8.019194359208722256e-01
9.902110199296599857e-01
7.219416769027796610e-01
6.070754488699607876e-01
9.452148772480031269e-01
9.952362488229102855e-01
8.833843502035721995e-01
8.522763792179968156e-01
9.963616731608844201e-01
4.845513063233623519e-01
8.958680010312419784e-01
7.215950894452503039e-01
9.835207146157399771e-01
8.417000699879111369e-01
9.989984977466199734e-01
9.981069569332702285e-01
6.907346863241009549e-01
7.953035509736540165e-01
9.752395306276240294e-01
9.905303030303029832e-01
9.911684940080202066e-01
7.852984852984853381e-01
9.713377742467762532e-01
8.910622220473061184e-01
8.010082493125573189e-01
5.285736094855223444e-01
9.973599295981225854e-01
9.212472058233507344e-01
6.089701922184046490e-01
9.650053022269352576e-01
9.553935147466188216e-01
7.268209755459656973e-01
8.713656596268586352e-01
7.723245188979648290e-01
9.054043811111953666e-01
9.602436928844801933e-01
9.302478253733792446e-01
8.365877633431630933e-01
8.194498507850006552e-01
9.370179948586118135e-01
9.105593778043673536e-01
5.958925262507720477e-01
9.698647681470599080e-01
9.910498306724722095e-01
7.799488491048592875e-01
8.846042928356609991e-01
9.746543778801843860e-01
6.018439645237260160e-01
9.401896125309150420e-01
7.976214472888530915e-01
7.215038109103365516e-01
8.614066915535708580e-01
5.637092557085584543e-01
7.721743810548977738e-01
9.347462353597323359e-01
5.858394594193212512e-01
8.124098124098123597e-01
7.874687359712692070e-01
3.615425344158136323e-01
4.599333251018644098e-01
9.641466094077698612e-01
9.769127516778522979e-01
6.771861062305717383e-01
9.513976328380761016e-01
1.000000000000000000e+00
7.115770085053361171e-01
9.705100529855672509e-01
8.871326616288832678e-01
8.822459649920436631e-01
7.461708246940004230e-01
9.289655172413793238e-01
8.654782623982560930e-01
8.542810985460419504e-01
6.934642050323284179e-01
9.902596111795809453e-01
7.234689107059373292e-01
7.090066225165563285e-01
7.916666666666666297e-01
9.426178010471204516e-01
9.135544528597544511e-01
8.902636715519237631e-01
9.512668099995784665e-01
1.000000000000000000e+00
3.844559004819007031e-01
9.106927875670350891e-01
5.415148850646903655e-01
9.884865676622726083e-01
4.075154426904598615e-01
8.675706866705135134e-01
5.165353500751007632e-01
9.115322144017324879e-01
9.489783189042189093e-01
6.356516290726816898e-01
7.801760074108383680e-01
9.988951741205586154e-01
2.207660665192136829e-01
9.447881405392786203e-01
6.342477805326721674e-01
8.955630857203367157e-01
8.255552431824570991e-01
7.760737481667714377e-01
8.125393049517403155e-01
5.435639786313914978e-01
6.296296296296296502e-01
3.330657211034544485e-01
7.219963549698583671e-01
5.873945238505252631e-01
4.992659377860683700e-01
5.512059035277178110e-01
7.335824350241386682e-01
8.547467372891465187e-01
6.833830845771143858e-01
8.499999999999999778e-01
8.185003503854240137e-01
9.288702928870292697e-01
8.677498209832341658e-01
8.560517038777908372e-01
8.652371485373473448e-01
8.805927704752275487e-01
7.189409368635437669e-01
7.952099965289829431e-01
8.521946849805912549e-01
8.574602547644909478e-01
8.347514554411106236e-01
9.241992882562277689e-01
8.075557809330629055e-01
6.886398593715666872e-01
0.000000000000000000e+00
9.889549702633815276e-01
8.976737190414117995e-01
9.613232327077544381e-01
9.490126147546397162e-01
6.889519210483133760e-01
9.288251172041482873e-01
9.972989622328578552e-01
8.547705610690773392e-01
8.141277202996789475e-01
1.000000000000000000e+00
3.702271628806186321e-01
8.421052631578946901e-01
4.500959692898272579e-01
9.964311206281227795e-01
7.631205673758865160e-01
3.197903014416775824e-01
8.351598173515981660e-01
9.196370706416072682e-01
8.631229235880398809e-01
8.310190130314035195e-02
6.390362511052166683e-01
9.673469387755102566e-01
9.620879120879121116e-01
0.000000000000000000e+00
7.410636442894507070e-01
5.679594689028650834e-01
8.772169167803547385e-01
7.993690114512737033e-01
7.174993460633011244e-01
9.316860465116278966e-01
4.428893905191873537e-01
9.583446527211808563e-01
7.583034111310592573e-01
9.422663802363050456e-01
9.303160919540229834e-01
8.965517241379310498e-01
7.274167987321711326e-01
8.605442176870747861e-01
2.778951817413355951e-01
7.682884628694027773e-01
5.431244153414406250e-01
4.905337361530714979e-01
9.072615923009623717e-01
9.987792472024414892e-01
9.647443968773609102e-01
9.998416844771630396e-01
7.659993436166721015e-01
7.480176211453744006e-01
6.693472090823083809e-01
8.768571428571428905e-01
9.214285714285713746e-01
9.595469255663430230e-01
8.799378606302707961e-01
6.251240079365079083e-01
0.000000000000000000e+00
9.816513761467889898e-01
7.770921712302352180e-01
9.439543331603529319e-01
5.257503949447077662e-01
7.508305647840531893e-01
9.203399881399486615e-01
7.092001849283402493e-01
8.627450980392157298e-01
9.193954659949622465e-01
8.669999999999999929e-01
6.533308864011745376e-01
9.757489300998573034e-01
9.644670050761421365e-01
7.259747391543107664e-01
8.338338338338338041e-01
8.916510318949343317e-01
8.665725832317660027e-01
9.905857740585773952e-01
8.007188498402555421e-01
8.121655871585469200e-01
6.168374816983894782e-01
7.465729349736379694e-01
8.539465506525792948e-01
1.211096075778078512e-01
8.105750885799944960e-01
7.529923830250272454e-01
8.829787234042553168e-01
6.484570475396163047e-01
9.599478997069358366e-01
7.360838244924688967e-01
8.666666666666666963e-01
8.482950591510090010e-01
9.490196078431372140e-01
4.708721130644605291e-01
9.350762527233115184e-01
7.885692939858049977e-01
4.008425145819831670e-01
6.535203632174561017e-01
9.327856609410007938e-01
4.412296564195298254e-01
8.892284186401833157e-01
7.639147231363571100e-01
6.937561942517344038e-01
4.377676996724615965e-01
9.907282535401213952e-01
9.868945868945868671e-01
5.809440657916972173e-01
6.792472777249181082e-02
8.885916967089196872e-01
8.606271777003484669e-01
7.556973564266180610e-01
9.283106538333886215e-01
8.094373865698729631e-01
6.158301158301158207e-01
6.606622516556290847e-01
8.407884761182714550e-01
8.375476272947696144e-01
9.417360285374554163e-01
9.851465274989963383e-01
7.509398496240601295e-01
9.087003222341568653e-01
5.464677784295650653e-01
7.842778793418647698e-01
8.632209737827715168e-01
9.023630803447316717e-01
9.025641025641025772e-01
9.449860724233983822e-01
1.000000000000000000e+00
8.490566037735849392e-01
1.000000000000000000e+00
6.433823529411765163e-01
6.036079960994636950e-01
9.065817409766454560e-01
7.324185248713550589e-01
7.874999999999999778e-01
5.939659531434350326e-01
4.931425163983303439e-01
9.292582417582417875e-01
3.939393939393939226e-01
8.005865102639295738e-01
6.048982000590145125e-01
