8.168927628752071790e-01
8.352991944764096566e-01
7.500813537260005992e-01
6.599055977859079603e-01
4.558552005818832797e-01
4.027166634780944832e-01
2.324963072378138929e-01
8.336831059811122824e-01
4.835464263257178708e-01
8.544580419580419806e-01
2.452695889435909660e-01
2.941256675377798002e-01
8.561137071651090391e-01
6.038705935085822984e-01
5.059279349089500499e-01
4.783935578180699144e-01
2.345123555063335086e-01
7.143601966333978925e-01
6.796290756805264399e-01
9.540203591444583742e-01
3.601633886619601821e-01
5.535339984908191902e-01
5.318055982774531065e-01
6.318429983768628633e-01
5.475012179799482182e-01
8.874145556895858267e-01
7.081926971463639031e-01
5.977044893215167631e-01
6.389819156061621319e-01
7.393831023692445381e-01
5.500182770805409627e-01
7.498275862068966013e-01
3.366958507803577971e-01
9.220433869839048668e-01
3.862910461151982666e-01
9.161073825503355250e-01
4.096782927609717850e-01
7.756270666989273366e-01
4.880964239466082516e-02
2.350515463917525749e-01
3.068616245615418126e-01
5.431760741364785039e-01
7.586745908979890540e-01
3.232858990944372790e-01
8.285077951002227659e-01
8.074340920255445031e-01
9.303797468354430000e-01
8.936899862825788965e-01
9.638786603541995568e-01
3.691639522258414741e-01
8.780432309442548489e-01
8.538071065989847330e-01
8.955594145373356740e-01
8.711078928312816494e-01
4.494323802345847607e-01
5.331687750694230621e-01
8.793806030969845144e-01
1.598880359642054425e-02
5.704048217929855724e-01
7.097450790577605195e-01
8.422997946611909814e-01
7.186923549907767717e-01
7.917675544794189335e-01
5.619952494061757342e-01
7.588284328584419258e-01
3.212769941330670398e-01
5.704969796814937100e-01
5.946519524617996932e-01
8.812298812298812178e-01
1.348738505069559113e-01
8.532338308457710907e-01
7.998500749625186979e-01
3.778288757110008222e-01
3.572133574601085715e-01
8.698597000483793140e-01
9.296636085626911461e-01
3.666597667839646690e-01
8.717579250720460804e-01
6.435209580838323618e-01
7.548640890243469848e-01
8.007270323859880801e-01
2.563765448330265762e-01
7.293651704741132002e-01
9.329472721731179030e-01
7.413479052823315207e-01
9.538729329852044803e-01
4.672995780590717407e-01
7.877618522601984585e-01
6.861293859649122417e-01
8.758445945945946276e-01
8.572948813451101158e-01
1.648013187575915195e-01
7.377188029361942956e-01
8.491568491568491917e-01
2.628941264068272374e-02
6.928425357873210233e-01
8.839498072664643269e-01
8.761584235684323207e-01
7.109564164648910500e-01
1.463953236631305443e-01
8.681253696037847245e-01
6.389850057670126704e-01
8.095238095238095344e-01
8.400038345396155792e-01
8.400995489189609922e-01
8.869680851063830307e-01
9.050995364057813353e-01
5.935562444641275803e-01
8.596153846153846423e-02
8.540344514959201661e-01
9.600301659125188847e-01
1.580918588606347319e-01
7.513132607303011357e-01
4.538078126811174173e-01
2.925659472422062479e-01
4.710578842315369386e-01
7.200392927308447710e-01
8.566965428937259874e-01
7.076620457100037953e-01
7.738835500282645885e-01
9.339984650805832622e-01
7.474226804123711432e-01
6.331505423688107426e-01
8.992063492063492314e-01
8.547169811320755040e-01
5.867221195317313676e-01
6.269055704067625356e-01
9.049939098660170211e-01
7.904058484380299676e-01
9.346499102333931663e-01
3.318617929248336984e-01
6.300502596284675016e-01
7.576784866770628346e-01
6.683913687257724279e-01
9.145860709592641413e-01
2.046947663689377694e-01
5.075239398084815390e-01
8.507389162561576068e-01
5.003750133933354549e-01
8.898721730580138045e-01
9.361233480176210930e-01
1.554282805141911639e-01
5.931710401517547027e-01
4.481159992108897372e-01
5.145114814484745558e-02
5.102229054573405032e-01
6.008369330453563473e-01
4.402492211838006098e-01
7.923237131806010192e-01
1.624500665778961517e-01
4.013872832369942412e-01
9.311243484735666209e-01
4.690802690191283042e-01
5.868673050615594855e-01
1.874534901026938538e-01
9.232187924674820634e-01
8.641584158415841488e-01
6.161687793635316490e-01
4.909311285225747556e-01
7.985074626865671377e-01
8.567667193259610459e-01
5.973232373551193852e-01
6.649746192893400965e-01
3.895771390815989665e-01
7.279217926186292154e-01
1.910090681072737842e-02
7.459784337988333291e-01
5.009301089556205122e-01
7.422461638916095783e-01
9.030955585464334190e-01
7.313345091122869235e-01
2.304106150259996322e-01
8.429462197973499604e-01
6.056871118012422395e-01
5.102972006412628270e-01
7.444748318427082401e-01
8.419820310372991834e-01
8.415896148429367063e-01
9.292098677154093656e-01
3.418332850381531896e-01
8.617886178861788871e-02
7.382932166301969801e-01
3.238095238095238249e-01
4.096522535611635957e-02
9.219404087663136682e-01
8.881886756421273343e-01
9.023734885803851302e-01
2.899430536155581661e-01
8.443242646653054129e-01
7.510877911441002919e-01
6.962371306222856493e-01
4.674759920275411984e-01
6.735022613220990051e-01
4.103877506058603020e-01
8.305565402339596393e-01
3.493023630937978630e-01
4.097772094624502204e-01
9.225488733024921340e-01
9.139737991266375650e-01
9.151065203357005018e-01
8.878669011226836272e-01
8.100858369098712375e-01
6.563636363636363713e-01
8.334600760456273294e-01
8.985326256634404984e-01
6.737198476512907819e-01
6.505742423799643070e-01
8.954545454545455030e-01
8.928746327130264726e-01
8.313106796116505048e-01
8.407522349344573875e-01
7.755358263832839993e-01
8.945801072066705828e-01
3.701214899203417730e-01
7.174651075066013073e-01
8.656880309772871929e-01
9.547286405158517120e-01
9.500143636885952647e-01
9.060098452385167977e-01
8.659638554216867457e-01
6.867116539961846122e-01
9.288750354207990778e-01
4.473602724880012538e-01
8.641520616374566144e-01
8.809848257385037851e-01
8.564790913784202653e-01
4.370462192314503169e-01
8.497222639243356967e-01
1.887049890253307272e-01
6.551298661237584531e-01
8.468097200511581768e-01
2.633426463213697222e-01
9.240438139701920850e-01
8.410634630981346227e-01
9.675319346809266863e-01
8.032404838530684543e-01
9.269621903520208761e-01
9.306527039450017691e-01
9.479932329949830594e-01
9.618721461187215160e-01
7.521360218728639913e-01
4.998793654623318594e-01
8.060668913663469048e-01
7.844950213371265635e-01
9.090429540316503632e-01
8.953715321343929112e-01
7.940852061216048252e-01
5.388469205749658597e-01
7.940676504643886524e-01
4.315500214684414027e-01
9.102778707733512054e-01
9.075740944017562928e-01
7.896861199487155147e-01
9.532599946337536601e-01
8.910570259466874532e-01
9.062204972201824971e-01
8.201423638029459173e-01
9.377007064868336794e-01
3.138951292959227812e-01
8.737642095771744888e-01
7.039998615365976598e-01
7.747371402272807961e-01
8.447893569844789896e-01
9.417646027012804844e-01
8.965639390719093438e-01
7.653433034441240457e-01
7.340027229407760645e-01
8.663328616523348069e-01
8.705242393448502369e-01
3.162421582319168145e-01
6.733718604134252272e-01
7.987109568666336257e-01
9.197246737891136004e-01
9.159335288367546068e-01
7.660521955260977123e-01
8.804590665646518932e-01
6.364365434739023275e-01
9.162558502340093503e-01
8.972438273216056803e-01
9.026813880126183243e-01
4.460761216690225517e-01
6.408424499516260919e-01
7.808580858085808485e-01
9.290935672514619714e-01
9.159413544333255830e-01
6.735326002787672683e-01
9.211731462535320825e-01
9.400949713868257396e-01
9.670800306826898840e-01
8.094381458394344087e-01
8.312062223368140712e-01
5.056285178236398226e-01
8.535143970828618087e-01
8.103684094418707184e-01
8.503606557377049180e-01
6.519595448798988224e-01
9.223844952695875454e-01
9.097988984244907984e-01
6.520748576078112535e-01
8.862362389957912923e-01
9.041348713398402737e-01
8.023014290461947251e-01
9.293111370303608343e-01
6.904325422385175770e-01
8.642075578116187318e-01
9.592733665397011888e-01
9.432417429919511820e-01
6.302329304410470012e-01
9.405686138030733279e-01
9.189789123196447918e-01
7.021423874294812073e-01
8.950679984199537698e-01
7.057006772345016943e-01
5.114196729820918996e-01
8.946631087391594406e-01
8.652471758390145595e-01
8.935851489466598574e-01
6.753153223294923180e-01
5.973269944453877267e-01
3.465790842872008559e-01
9.507406131588012066e-01
7.295205905897003129e-01
8.819303684273279709e-01
4.695823073621433474e-01
9.148386195333240156e-01
7.228556524331172239e-01
7.039877300613497368e-01
7.808535178777393782e-01
9.317858272698512634e-01
9.692902176123652236e-01
8.111111111111111160e-01
9.513181902319063354e-01
4.515602692229247483e-01
9.023972602739726012e-01
9.304784434895958523e-01
8.805600614701613038e-01
7.617802676626206360e-01
9.014704303960502374e-01
7.472632296161707544e-01
6.152543193147170797e-01
9.200633731816217908e-01
4.727196123867705713e-01
8.597672994488670950e-01
8.547791164658634644e-01
9.586799276672693937e-01
5.055282090117380056e-01
8.930373831775700877e-01
7.155526668903052778e-01
9.531587976430222486e-01
8.442201485431346519e-01
9.644960865004438277e-01
9.173532104093108375e-01
6.960705693664795968e-01
8.089347079037800814e-01
9.494503182368102534e-01
9.447557003257328612e-01
9.168454935622317725e-01
7.880674910298609559e-01
9.602971623431981740e-01
8.435025097601784871e-01
7.804507243784654102e-01
5.416984684272121431e-01
9.686126804770872623e-01
7.164671334989834994e-01
6.184198310277597699e-01
8.858438562883615974e-01
9.484950647873593432e-01
7.295235604376444360e-01
8.343172338340208993e-01
7.060641107524469051e-01
9.034581589169212723e-01
8.921318873280442707e-01
9.122849527501817324e-01
8.348285380613653661e-01
8.199922410448726717e-01
8.741759012484219271e-01
9.112019134941199416e-01
5.797153130664765008e-01
9.383468585906804549e-01
9.237551574068840754e-01
7.919181585677749213e-01
8.671025284016384838e-01
8.786806114239742449e-01
6.021446109134639402e-01
9.300497025992014999e-01
8.018544648256400453e-01
7.335788301789842869e-01
8.489501723597617788e-01
5.701586194875369884e-01
7.755651237890204275e-01
9.208113364823562463e-01
5.943427682276229973e-01
8.186628186628186477e-01
7.722197338111083109e-01
3.783533356865513841e-01
4.692245956290900244e-01
9.307981855033298224e-01
9.259480441922962601e-01
6.438802083333333703e-01
9.463540797597196352e-01
2.803408756979135913e-02
7.147191072105747445e-01
9.622138489975827769e-01
8.824204246798214024e-01
8.840579710144927938e-01
7.474416426994849871e-01
9.297704693388146868e-01
8.461133624546076648e-01
8.634162092347432704e-01
7.161330528939783280e-01
8.808167309529707500e-01
7.241701729780271046e-01
7.126969416126042178e-01
8.028296988577362514e-01
9.337286724927174042e-01
9.048529411764706376e-01
8.488924050632911111e-01
9.387755102040816757e-01
6.563251711589465076e-01
3.896111173372184266e-01
9.211546747091771126e-01
1.027870414483087191e-01
8.782337198929527355e-01
4.184969114619080388e-01
8.847074280887804454e-01
5.240705119759689889e-01
9.041345329905741135e-01
9.395788377111392586e-01
6.463032581453633796e-01
7.861244905520563542e-01
8.998288012103355937e-01
2.292618393038013958e-01
9.459537907813769797e-01
6.431256498440374170e-01
8.020367374131531779e-01
8.271014900196794750e-01
7.856693903205531626e-01
8.055804116163670647e-01
5.577461205800050559e-01
6.409262069353116598e-01
3.292995475919859305e-01
7.302646935250455273e-01
5.918718787670053105e-01
4.960404409861803865e-01
5.608801295896328476e-01
7.312016401031677937e-01
8.573307343650924395e-01
6.999409332545776241e-01
8.536183030911568270e-01
8.121392338639146224e-01
8.909068031205436000e-01
8.622074402562207585e-01
8.549875494360626993e-01
8.671209540034071628e-01
8.527680706271840716e-01
3.096109997927175006e-01
7.845426932163347411e-01
8.531592999110055864e-01
8.607135855714566075e-01
8.404007872606906737e-01
9.214530015331996449e-01
8.136072275778529761e-01
7.018237749945066550e-01
2.689605039980615467e-03
3.857987370683864103e-01
8.751041819875471361e-01
9.491295500791318007e-01
9.287329585837048596e-01
6.706455874982915066e-01
8.781777506609721451e-01
9.751322260369305051e-01
8.576191410080408195e-01
8.324439701173959039e-01
8.316115702479338623e-01
4.001933301111648134e-01
8.581235697940503560e-01
4.932821497120921106e-01
9.464043419267299528e-01
8.005657708628005631e-01
4.259501965923984113e-01
8.034327748263179192e-01
9.076633165829145478e-01
8.808900523560209139e-01
1.053193762016663149e-01
6.799292661361626688e-01
9.552238805970149071e-01
9.090436590436590247e-01
3.333333333333333148e-01
7.844155844155844548e-01
5.900696864111498741e-01
8.871077762619372642e-01
8.431692397320128540e-01
7.317551660999215279e-01
9.361727799227799185e-01
7.059352517985612030e-01
9.575639204545454142e-01
7.684021543985637415e-01
9.485470541189016114e-01
9.185964912280701888e-01
8.891352549889135481e-01
7.569994717379819882e-01
8.791262135922329746e-01
3.708791208791208938e-01
7.992253959471609104e-01
5.985032740879326907e-01
3.721359940872135952e-01
9.210754553339115525e-01
9.145092195939653612e-01
9.443807685347167524e-01
8.535612920664954473e-01
7.758450935346242749e-01
7.674008810572686690e-01
7.260111022997620678e-01
8.846262341325811240e-01
9.322088874472915787e-01
9.536000000000000032e-01
8.979591836734693855e-01
6.360916030534351506e-01
2.246021121523129535e-02
9.250165892501659437e-01
8.053892215568861923e-01
7.820512820512820484e-01
5.560821484992101160e-01
7.652270210409745088e-01
9.271470878578479402e-01
7.318539066111882097e-01
8.904522613065326553e-01
9.319319319319319117e-01
8.797216699801192474e-01
6.766379152138006781e-01
9.128119800332779032e-01
9.566666666666666652e-01
7.446457990115321612e-01
8.474576271186440302e-01
6.628131021194605399e-01
8.345824090173271648e-01
9.315270935960591192e-01
8.229665071770334572e-01
8.142780461621040855e-01
6.282576866764275625e-01
7.507908611599296567e-01
8.661074867971420010e-01
1.702107094529286546e-01
8.184540010887316752e-01
8.510182207931403786e-01
8.679745493107104970e-01
5.661143050388908193e-01
9.562114823224132643e-01
7.461253001528050932e-01
7.668716687166872159e-01
8.608211551844119347e-01
9.362745098039215730e-01
5.432609445018958816e-01
9.188615123194562306e-01
7.512391573729864103e-01
4.295204147764095648e-01
6.678186623297418523e-01
8.615279672578445291e-01
5.696202531645570000e-01
9.105339105339105288e-01
6.560248309500055219e-01
7.347947914949728432e-01
5.758103868943882375e-01
8.561035937727339284e-01
1.096297232402375782e-01
6.009406860812257500e-01
1.928322232794164315e-01
9.031274697978999288e-01
8.797909407665505110e-01
7.746606334841629193e-01
8.828362751065125247e-01
8.224188790560471585e-01
6.640926640926640978e-01
6.972185430463576639e-01
8.651515151515151159e-01
8.445290858725761352e-01
9.218573046432616547e-01
9.409842368319877304e-01
7.953051643192488029e-01
9.178302900107411233e-01
6.000167602446995208e-01
8.532608695652174058e-01
8.808529674917984220e-01
9.083124826244092231e-01
8.852258852258851896e-01
9.328996918863402543e-01
1.066473055824459504e-01
8.818027210884353817e-01
6.951992753623188470e-01
7.046568627450980893e-01
6.899073622623110857e-01
8.966942148760330689e-01
7.762596071733560699e-01
8.211829436038514674e-01
6.371144446317208443e-01
5.202146690518784089e-01
9.398084815321476881e-01
4.397031539888682783e-01
8.128054740957967317e-01
6.692239598701681391e-01
