9.707000162416761224e-01
9.918296067608445288e-01
9.678273332771266668e-01
9.957837134719325078e-01
9.784761015503002923e-01
9.901952969310482411e-01
9.575180186491072387e-01
9.830972600283613971e-01
9.847298162652086129e-01
9.994912236072246436e-01
9.735304284844195077e-01
9.805968935512726636e-01
9.698276540489494391e-01
9.581200114478328755e-01
9.908751040946862654e-01
9.829863662339782815e-01
9.598269268166201851e-01
9.991410744672231115e-01
9.668857022626484721e-01
8.900433037767873090e-01
9.013819686001691700e-01
9.837135124685868481e-01
9.477245588430409651e-01
9.792506043513296010e-01
9.740021240817771098e-01
9.585871504055464287e-01
9.709022605944770401e-01
9.905942118226600535e-01
9.211298258894776714e-01
9.910131426295648582e-01
9.749783674646668175e-01
8.908213604119404883e-01
9.828392593236546793e-01
9.737299415810101166e-01
9.481851517245044603e-01
8.880259168501059008e-01
9.603491962942434235e-01
9.956496277085250535e-01
9.439396510497817250e-01
9.603968057447072049e-01
9.921347960406027289e-01
9.788093695659586535e-01
8.867405449683930518e-01
9.937830880567293246e-01
9.877268879902191268e-01
9.936572072918624654e-01
9.911910442282987344e-01
9.871062480972762065e-01
9.872875795551473432e-01
9.835442162760146267e-01
9.857228621815316005e-01
9.935429960498328716e-01
9.943251363080004568e-01
9.910999726894468287e-01
9.847307750390120740e-01
9.958945513908419311e-01
9.942468132617932053e-01
9.925427853788670873e-01
9.499504766621270635e-01
9.948690013881811289e-01
9.929883870159952330e-01
9.934914506343077711e-01
9.318591849007725747e-01
9.942431425668811773e-01
9.962799604451489932e-01
9.867467384551666942e-01
9.940013183915622497e-01
9.930215196858060978e-01
9.989575106618228117e-01
9.794425317796610075e-01
9.869327023512608488e-01
9.993346756543814990e-01
9.976331360946745219e-01
9.945843828715364987e-01
9.875257568552860965e-01
9.498768492226596916e-01
9.802266978199162262e-01
9.923937069301781433e-01
9.960158107746335254e-01
9.099677142506845673e-01
9.955077893237951336e-01
9.738155661249390249e-01
9.948761188221558749e-01
9.946939986158257474e-01
9.908497144479853080e-01
9.915220024222850537e-01
9.916593836683512686e-01
9.592513538781773930e-01
9.625580300074009221e-01
9.546668892970445741e-01
9.630201991820424023e-01
9.401281452879025613e-01
9.575754555572166815e-01
9.970566593083148854e-01
9.993646547400100166e-01
9.033548849061769914e-01
9.678651345121725980e-01
9.984755597810051064e-01
9.836768291735908942e-01
9.400491241677978449e-01
9.735862287746481769e-01
9.855550644102045732e-01
9.728496849076686548e-01
9.571996228448276245e-01
9.679383455385590640e-01
9.723491441833478355e-01
6.510864844868351486e-01
9.674215534336516598e-01
8.861099358870049292e-01
9.970691575970520582e-01
9.550063128897731124e-01
9.796119631284466722e-01
9.439758250358710745e-01
9.740755107318335160e-01
9.642422893155001562e-01
9.699859176436654851e-01
9.746335327603167231e-01
9.069468037550290074e-01
9.770696235334768165e-01
9.816553642844723093e-01
9.532379959606489539e-01
9.427428450585083608e-01
9.425890990669454350e-01
9.964794045164210301e-01
9.882992917992404758e-01
9.966694965062364853e-01
9.319476082004556350e-01
9.767810976208397555e-01
9.900814186158835017e-01
9.639679715302491569e-01
9.678997416588798197e-01
9.678067399929687342e-01
7.572993990809473441e-01
9.093795502345898285e-01
9.778641763050953672e-01
9.689274974941530783e-01
9.935365762534559275e-01
9.404899957663777066e-01
9.446508807661810891e-01
9.120921177429821558e-01
9.309371974224567303e-01
9.983489175301154539e-01
9.929644606634447923e-01
9.864482899406425975e-01
9.846671298635674141e-01
9.633262851398661786e-01
9.962314672484752220e-01
9.849645748075501750e-01
1.000000000000000000e+00
1.000000000000000000e+00
9.704495139089421851e-01
1.000000000000000000e+00
8.105428507313490183e-01
9.907820646506777518e-01
9.973278520041110040e-01
9.687506009499817772e-01
9.814434941774229371e-01
9.759968466038753121e-01
1.000000000000000000e+00
9.996791028390954459e-01
9.487121444855853847e-01
9.347414283008145253e-01
9.732122251162177440e-01
9.980350066050198699e-01
9.598695322965810073e-01
9.953293817527010257e-01
9.520549251454181183e-01
9.976082699284085642e-01
9.977826353614618338e-01
9.585432216788616344e-01
8.407501820830298733e-01
9.935115765303459412e-01
9.885516406161298786e-01
9.914375564342871039e-01
9.892933967798709372e-01
9.726356216994719306e-01
9.999262319268220622e-01
1.000000000000000000e+00
9.704559135696860794e-01
9.550355389211275803e-01
9.840155083578485673e-01
7.631443959989741010e-01
9.534138939058223183e-01
9.283724963727632007e-01
8.318098720292504966e-01
9.083906412078834869e-01
9.962357444772310666e-01
9.856795049538430442e-01
9.515797979797979700e-01
9.314771228737876996e-01
9.854078098583457512e-01
9.830964136985820279e-01
9.980354342771660114e-01
9.902196123554267704e-01
9.864007583491323228e-01
9.982759742371999367e-01
