4.362252366546306437e-01
9.286640726329442597e-01
8.493901361145483886e-01
7.594753940560702299e-01
6.891660552702372211e-01
8.570304818092429056e-01
8.327225695192929100e-01
8.056211354693647575e-01
6.353152076486405786e-01
7.638992769882821943e-01
8.924255319148935994e-01
9.005094396164219361e-01
8.182088664088068564e-01
9.098896389156755360e-01
7.621309806582965418e-01
1.397712833545108058e-01
8.879622344610542672e-01
9.116741652853421751e-01
8.375884136072752062e-01
5.662411870420718252e-01
8.746438746438746081e-01
7.100470785737746926e-01
5.163337978015172247e-01
8.567979197622584975e-01
9.159379736504604796e-01
8.805285658764088197e-01
9.239677197553649579e-01
8.084697535198255292e-01
8.414722542887057566e-01
8.712478293227486903e-01
6.935020686298369874e-01
7.886944818304172378e-01
7.825974696617609139e-01
8.714644733835961166e-01
8.929421094369548451e-01
8.453053908727423682e-01
4.378867206092336706e-01
9.100116045996413661e-01
5.844430352990911404e-01
9.162164341585355976e-01
9.088701722437210195e-01
7.144068595119192899e-01
5.935963863425003373e-01
6.988377225246432678e-01
9.222819065751003409e-01
9.140241909120627728e-01
9.034836672258955703e-01
9.047364672364672789e-01
6.262061250174800753e-01
9.204581518132771700e-01
9.111583558819740247e-01
8.222000664672648451e-01
7.968951257541861954e-01
9.011773392952373563e-01
9.352989352989352634e-01
9.158144719623902974e-01
8.604068720066786469e-01
3.146785437645236438e-01
8.736707783921735526e-01
7.662260800946932848e-01
8.993400766548514946e-01
8.807433006628520022e-01
8.590599078341013550e-01
9.128466904883444366e-01
7.587312900926586057e-01
6.752254317591318555e-01
8.552905198776757922e-01
8.734543541173375170e-01
4.087761094797495720e-01
9.376996159288457644e-01
7.657858431497399643e-01
8.976727004063539406e-01
8.297366495976591372e-01
9.647418558155944623e-01
9.275716809349096037e-01
5.643891287782575317e-01
7.961904761904762262e-01
9.529506499482341964e-01
9.293370385073441708e-01
9.639496775557669928e-01
9.147564469914040153e-01
8.616491182460245257e-01
8.390473138951191068e-01
9.178384988007336487e-01
8.610049955921246223e-01
8.937596699329550809e-01
9.243845252051582362e-01
9.146968139773895556e-01
8.403413984809333659e-01
9.590506838294449166e-01
7.825107054315979527e-01
9.147545543039911076e-01
9.252219971958248745e-01
9.625836943678613977e-01
9.539863325740318700e-01
9.740394600207684661e-01
4.929197572488199786e-01
9.754835675230759673e-01
9.297450424929178947e-01
8.584224931575018536e-01
4.545454545454545303e-01
9.098497495826377568e-01
9.751162154771670920e-01
9.727722772277227481e-01
9.560718271279293745e-01
9.371886769529825800e-01
9.255014326647564848e-01
9.032371879685984206e-01
8.572909362519435250e-01
9.661086637298090807e-01
9.370350690754516432e-01
9.442307692307692069e-01
8.862418106015484964e-01
8.567667193259610459e-01
9.306667678645971220e-01
9.399858790303601275e-01
9.348303636807420158e-01
6.359128623847145612e-01
9.720653565243581040e-01
9.591267998142126716e-01
9.781525488692985881e-01
8.485676471843913715e-01
6.710601719197707427e-01
9.207295145132288194e-01
8.529470729751403857e-01
8.480058543724844355e-01
5.166398713826366729e-01
8.806912595546693145e-01
9.288759635203432952e-01
9.152872444011684872e-01
8.374795173543869709e-01
9.379736737136019631e-01
8.984538236523192944e-01
8.205851914573336625e-01
7.707097258730755129e-01
5.996117447221548380e-01
5.537459283387622389e-01
7.591022443890274030e-01
8.778908418131360358e-01
8.135655586900527592e-01
7.530249110320285100e-01
9.663286004056794720e-01
7.322580645161290702e-01
9.311479860192066749e-01
8.525837276185175284e-01
9.613772794200928784e-01
9.349926314065826194e-01
8.397151408814118589e-01
4.939914956553891900e-01
7.428460943542150030e-01
4.850917431192660612e-01
8.763506625891946955e-01
7.505978337318891525e-01
7.838957963291888209e-01
9.043796648359385681e-01
9.255386166057704145e-01
7.673155273879583849e-01
6.769865841073271495e-01
1.507215392838054391e-01
8.626837924623964593e-01
8.158719108945353682e-01
8.845636521876730773e-01
9.448437373818945328e-01
9.506002337193243390e-01
4.372469635627530549e-01
7.199211045364891648e-01
7.962804355805701562e-01
7.275373367060535834e-01
9.557679748263373520e-01
9.589813967673070927e-01
4.971336849346479903e-01
9.509665252239509758e-01
8.112208102260575204e-01
8.528402762307863982e-01
8.558803535010197638e-01
7.192479286169535246e-01
8.871253281240460975e-01
9.031478622726357708e-01
8.259550299540963092e-01
6.195164579085348233e-01
7.097658480868075381e-01
9.189971986135511139e-01
8.984253085544048334e-01
9.734388742304309616e-01
9.256174404287680346e-01
8.989179202955924763e-01
8.736613378860779155e-01
9.398818015080496746e-01
9.524453459544737211e-01
9.679201841903299908e-01
9.175439179092086395e-01
9.667119247155765427e-01
9.508196721311474864e-01
8.804555942854337403e-01
8.764401865624605881e-01
7.065734928343005983e-01
