4.569344430936126411e-01
9.241238516502211509e-01
8.422218435849377904e-01
7.912765471568851128e-01
7.122182680901542051e-01
8.235070368961582288e-01
8.240992069828091404e-01
8.140582097748489954e-01
6.160884925001447465e-01
6.788678442221749432e-01
8.825010150223304706e-01
8.932019606872307893e-01
8.169537559859909592e-01
8.699178748859373034e-01
6.353071389042611594e-01
3.871614844533600719e-01
8.704775129213916385e-01
9.104987474379412360e-01
8.121054344288968219e-01
5.417750540099642853e-01
8.610400682011934981e-01
7.051802854369629836e-01
4.632565834826968265e-01
8.405746012161804392e-01
8.972088330904607334e-01
9.071622028287691375e-01
9.215120473236185772e-01
8.308436169445045927e-01
8.312995076000856409e-01
8.356374807987710929e-01
6.671648762260625753e-01
7.890345649582837240e-01
7.751803034071126364e-01
8.530975032381973300e-01
8.842210552638160026e-01
8.508476812454647265e-01
4.218678351250828018e-01
8.870464199805516703e-01
6.218746784648626624e-01
8.944621855284679013e-01
9.231912048729757903e-01
6.729899060215802642e-01
5.849954960751512223e-01
7.496826963756875184e-01
9.241212447073056113e-01
9.223657947263368406e-01
8.971926239478421605e-01
9.179018372237507384e-01
6.280504908835904399e-01
9.109017956233459445e-01
8.998569839504211298e-01
8.073428691236080867e-01
7.869951399363164235e-01
8.848015488867376765e-01
8.607412738395106011e-01
9.097538742023700831e-01
8.581086863500213546e-01
3.824923334262614882e-01
8.676976542137272430e-01
8.321821915251073065e-01
8.942982330536384250e-01
8.745581563639399647e-01
8.525731694048526155e-01
9.017782391748434545e-01
7.317903335602450321e-01
6.891651865008880939e-01
8.845310877840580899e-01
8.923888983483738713e-01
3.986815086998811153e-01
9.305783142160585220e-01
7.394245330641090463e-01
8.914646996838777593e-01
8.320385748727564534e-01
9.566027193145837382e-01
8.833656957928802678e-01
6.293929712460063497e-01
7.274261603375526963e-01
9.227368188349729383e-01
9.218297056944921852e-01
9.490672814923496459e-01
9.080561977592033207e-01
8.388858547241944130e-01
8.127642024951026167e-01
9.051513442376386553e-01
8.321583920803959922e-01
8.624627606752730546e-01
9.150437482359582431e-01
9.097439675815067739e-01
8.238331984429799748e-01
9.550381372942593483e-01
7.603933839964237551e-01
8.843775208389351716e-01
9.196345617838339592e-01
9.504411001556823946e-01
9.364368845120859541e-01
9.543010752688172449e-01
4.590979782270606657e-01
9.718696999824550931e-01
8.983516483516483797e-01
8.626320845341017840e-01
3.951543120853763802e-01
8.692962103634956916e-01
9.392121054004696212e-01
9.596083231334149310e-01
9.576974290689337366e-01
9.242153001551497438e-01
9.428238039673279003e-01
8.984032286366029352e-01
8.628533300982651477e-01
9.552579424659179974e-01
9.368571800546803274e-01
9.394592007657334154e-01
8.968992248062015449e-01
7.692994199018295953e-01
9.125611995104039309e-01
9.253212921153177728e-01
9.191797346200241137e-01
6.417254824539756486e-01
9.680195889292869671e-01
7.434591747146619412e-01
9.738720367066020511e-01
8.330964127435404043e-01
7.663576158940397232e-01
9.190182170740419654e-01
8.306727755003616709e-01
8.349292553951693785e-01
6.146200348625894261e-01
8.035817446562680821e-01
9.045624234134108654e-01
8.786610878661087476e-01
8.897812240376626880e-01
9.292424545272836012e-01
8.923013073251712113e-01
8.312149532710280120e-01
7.617390016293882349e-01
6.596882466719763416e-01
5.029982363315697036e-01
7.634961439588688892e-01
8.494041170097508253e-01
7.774971297359356548e-01
3.874557410217501219e-01
9.500149060916227572e-01
7.336744639376218124e-01
9.196371362088152646e-01
8.536350726098309583e-01
9.611870422109793921e-01
9.486115544206830119e-01
8.302706974906145510e-01
5.834596597608219248e-01
7.375913092339388966e-01
7.010816125860374060e-01
8.667033461711599607e-01
7.441988191679252962e-01
7.896302592435189283e-01
9.164009427422709075e-01
9.136106325375338288e-01
7.678199249687369665e-01
6.597318539066111542e-01
3.220174587778855679e-01
8.652429434649449025e-01
8.102077946950110299e-01
8.815665796344647198e-01
9.370408405087289339e-01
9.452944875288199489e-01
8.635607321131447689e-01
7.862453531598513345e-01
8.030309104758850403e-01
7.222355563175039128e-01
9.409632920271218115e-01
9.440556823709912448e-01
3.074437678638001770e-01
9.352920601608953888e-01
8.280878787136594088e-01
8.504876349703935912e-01
8.416230366492146731e-01
6.829046898638426732e-01
8.708769829392397632e-01
8.991781920224494185e-01
7.936757708590911342e-01
6.788828789049563550e-01
7.628708551483420752e-01
9.107677792192475641e-01
8.924277799073073725e-01
9.594337994130847092e-01
9.198099625683846536e-01
8.784056508577194888e-01
8.448146480564310279e-01
9.310727621354324413e-01
9.431724592324164380e-01
9.719588256173622431e-01
9.030575656822478203e-01
9.617327844311377438e-01
9.671656812177632512e-01
8.691983122362869629e-01
8.768159806295399150e-01
7.044266212411574024e-01
