2.961212121212121184e-01
8.589500316255535006e-01
7.274466519499631634e-01
6.546382013980729386e-01
5.530582166543847045e-01
6.999676689298415244e-01
7.008237530551281180e-01
6.864234117429153237e-01
4.451791094743890453e-01
5.138530927835051054e-01
7.897107978491498814e-01
8.070144045808356204e-01
6.905509908168196986e-01
7.697828817513009403e-01
4.655312246553122701e-01
2.400497512437810843e-01
7.706597459363474512e-01
8.357023411371237165e-01
6.836511067280297560e-01
3.715305073471609210e-01
7.559880239520958556e-01
5.446165805985896391e-01
3.014534362102996856e-01
7.249923989054424256e-01
8.135799959341329934e-01
8.300977557483133484e-01
8.544481605351170739e-01
7.106351459786433011e-01
7.113024363436526443e-01
7.176781002638522589e-01
5.005606952621249883e-01
6.515748031496062520e-01
6.328934010152283962e-01
7.438274008879196542e-01
7.924697445091887227e-01
7.404133180252583379e-01
2.673209788855168689e-01
7.970201416352432622e-01
4.512468269374346752e-01
8.090742567281949960e-01
8.573399558498896456e-01
5.071475409836065928e-01
4.134230629319752826e-01
5.995939544326640558e-01
8.589455272363818450e-01
8.559173328134138670e-01
8.135533398041119302e-01
8.482611548556430181e-01
4.577795951748108716e-01
8.363816889632107454e-01
8.179454587474001004e-01
6.769278849910149720e-01
6.487980105001381892e-01
7.934027777777777901e-01
7.555274794693619400e-01
8.344481605351170561e-01
7.514801768717679353e-01
2.364701826956221997e-01
7.663126879872321773e-01
7.125959079283887831e-01
8.088060088060088360e-01
7.770798298545850136e-01
7.430305329034705419e-01
8.211258156979935885e-01
5.770263016639828324e-01
5.257452574525744993e-01
7.929679420889348407e-01
8.056879323597232467e-01
2.489707768104204577e-01
8.701696688840721006e-01
5.865769662021463882e-01
8.041825095057034689e-01
7.123853211009174569e-01
9.168154230631917478e-01
7.910966844423834576e-01
4.592074592074592010e-01
5.716180371352784784e-01
8.565565360147753271e-01
8.549945315348158603e-01
9.030714000797765983e-01
8.315960912052117182e-01
7.224835371589840571e-01
6.845853234910985741e-01
8.267364986691851936e-01
7.125610069355252651e-01
7.581841990397206743e-01
8.433922996878251421e-01
8.344314918060483643e-01
7.004390851300871246e-01
9.139454475605071071e-01
6.134150739271546637e-01
7.927211376235236973e-01
8.512254550666475961e-01
9.055624227441285701e-01
8.804713804713805159e-01
9.125964010282776595e-01
2.979410577311263353e-01
9.452787258248008806e-01
8.154613466334164062e-01
7.584459459459459429e-01
2.462257368799424806e-01
7.688098495212037919e-01
8.853910477127397982e-01
9.223529411764705976e-01
9.188286163522012551e-01
8.591080541380075042e-01
8.918322295805739541e-01
8.155463523415100724e-01
7.587880727583079521e-01
9.143481260059783677e-01
8.812147930443301469e-01
8.858303249097473353e-01
8.130709768095573109e-01
6.250906453952139730e-01
8.391839606049946720e-01
8.610213316095669533e-01
8.504464285714286031e-01
4.724563953488372103e-01
9.380212827149841948e-01
5.916713247624371119e-01
9.490746491119115280e-01
7.139376567538516793e-01
6.212153747047455266e-01
8.501699395770392353e-01
7.103852181803184118e-01
7.166339548577036478e-01
4.436472666916528307e-01
6.716562047320134843e-01
8.257544224765869245e-01
7.835820895522388474e-01
8.014467448241456848e-01
8.678364756393504020e-01
8.055451479955039185e-01
7.111786342555573848e-01
6.151683713140737586e-01
4.921901528013582494e-01
3.360037700282751949e-01
6.174636174636174424e-01
7.382297551789077650e-01
6.359879789631855962e-01
2.402760351317440313e-01
9.047889456748059445e-01
5.793727150279006644e-01
8.512298664002996285e-01
7.446451406649616800e-01
9.252744057570690961e-01
9.022465088038859049e-01
7.097972972972973471e-01
4.118906064209274520e-01
5.842729970326409061e-01
5.397426192278577117e-01
7.647629976167358290e-01
5.926087907281871736e-01
6.523876404494381998e-01
8.457011258955987598e-01
8.409605799728138154e-01
6.231393775372124910e-01
4.922387030010348385e-01
1.919075144508670394e-01
7.624917937121599154e-01
6.809657947686116319e-01
7.882155196563638277e-01
8.815398335315101086e-01
8.962639109697932982e-01
7.598828696925329362e-01
6.477794793261868467e-01
6.708869239013933727e-01
5.652337251113616068e-01
8.885086654156088004e-01
8.940392657169182744e-01
1.816446402349486122e-01
8.784494086727989703e-01
7.066126065875271145e-01
7.398681918036512650e-01
7.265536723163842359e-01
5.184929933379278655e-01
7.712861838617325327e-01
8.168244719592133718e-01
6.579290639170134458e-01
5.138703208556150148e-01
6.166460941632868620e-01
8.361557451600328816e-01
8.057513214195821671e-01
9.220305242203052920e-01
8.515260562441689940e-01
7.831758884390462860e-01
7.313238924256203477e-01
8.710347432024169168e-01
8.924563591022444120e-01
9.454473710170662182e-01
8.232497325567573743e-01
9.262863837073083140e-01
9.364190012180267919e-01
7.686567164179104461e-01
7.806521153327944385e-01
5.437180423666909679e-01
