9.532256185832903572e-01
9.884811859370304932e-01
9.896554628927638486e-01
9.902850379721865881e-01
9.864953990138500828e-01
9.860251389590702908e-01
9.443828208950050263e-01
9.939835705194955962e-01
8.901513263899271111e-01
9.774396067195841864e-01
9.806888480187259116e-01
9.094202135501127104e-01
9.633729831586385073e-01
9.829033209848211383e-01
9.795455604392191429e-01
9.940533902139486733e-01
9.719833703437797956e-01
9.968426370295528915e-01
9.530487083748669930e-01
8.250101023706896131e-01
9.818005905216274920e-01
8.617457209167391774e-01
8.748170427677609551e-01
9.824859604392673917e-01
9.863800566277215465e-01
9.987659610934955801e-01
9.677086123120480776e-01
9.929356357927786592e-01
9.500413061437453788e-01
9.795868890612877689e-01
8.779819498912541098e-01
9.567858294168547495e-01
9.774233603715469787e-01
9.422798390701833116e-01
9.942517001460633441e-01
9.881064162754303881e-01
8.151833995700045188e-01
9.633265191033413277e-01
1.000000000000000000e+00
9.797146641184261151e-01
9.970919292483492180e-01
9.454548422908639616e-01
9.497279169830422640e-01
9.998200085086886846e-01
9.924101290278065646e-01
9.952385659681033392e-01
9.931109034610381414e-01
9.950948386988767158e-01
8.125132555673383328e-01
9.383594887558647235e-01
9.422475773679275246e-01
9.273743999155925621e-01
8.862175894791900488e-01
9.518655548806302935e-01
9.943096130225905771e-01
9.766536263498530879e-01
9.775983816891119504e-01
1.000000000000000000e+00
9.480219462893445526e-01
9.999839766700315824e-01
9.431240947387747875e-01
9.451094890510949309e-01
9.290292441371578169e-01
9.449625968731371062e-01
9.753211096033073124e-01
9.998132857557777697e-01
9.963560560051212267e-01
9.969937002820516980e-01
8.200721134412339852e-01
9.880090926311801969e-01
9.630177034269936653e-01
9.972557457822683880e-01
9.947896467414214516e-01
9.672340711834757077e-01
9.856078046267527926e-01
9.969390195296931045e-01
9.849779728825168723e-01
9.887858388616322936e-01
9.771314983614189931e-01
9.927498195656453417e-01
9.736223466777294000e-01
9.311331964999459698e-01
9.392506302703642618e-01
9.962471345115728738e-01
9.979924555183188328e-01
9.913320166776388165e-01
9.962726304579340164e-01
9.946278716695307054e-01
9.432479081460357628e-01
9.974361896080218282e-01
9.976791873976696978e-01
9.861840731280222538e-01
9.825830159236202954e-01
9.938903166367647479e-01
9.978600006202896777e-01
9.981434967784208467e-01
9.759038009161817850e-01
9.971357781721695845e-01
9.943187153723354044e-01
9.954771097628239973e-01
9.676643382523014703e-01
9.975217806237108853e-01
9.967665478974713222e-01
9.965592494066297657e-01
9.961766644693473838e-01
9.904411048719530264e-01
9.993839835728952625e-01
9.808328919491525744e-01
9.973993306473961651e-01
9.951501356911494067e-01
9.962389559860581612e-01
9.968513853904281685e-01
9.936598510064986733e-01
9.848610827855607264e-01
9.910016027188290888e-01
9.897120010401768697e-01
9.967717043826080925e-01
9.912951080959581107e-01
9.930667389940838197e-01
9.771322230633358030e-01
9.953940191511835289e-01
9.298565041822901556e-01
9.996059307423279527e-01
9.983646473089362594e-01
9.422110109545062118e-01
9.652156361434434118e-01
9.780222073801970728e-01
9.906809028753394974e-01
9.826452242542538240e-01
9.775634022957597757e-01
9.976488519911791419e-01
9.916455195597007055e-01
9.918120720663868850e-01
9.972244650787243092e-01
9.274803359045483697e-01
9.980088680665941681e-01
9.782638878175956565e-01
9.919060294663860633e-01
9.911260324065317429e-01
9.357291418050394105e-01
9.636327104681534639e-01
9.932577231215587998e-01
9.963507265521797107e-01
9.613838895684081454e-01
9.945978391356542492e-01
9.874892724325354809e-01
9.991010947381938623e-01
9.813494872343577757e-01
9.974953240627795203e-01
9.784528212796096414e-01
1.000000000000000000e+00
9.604528783288152072e-01
9.953955424932647844e-01
9.928048227134245174e-01
9.987521270561542375e-01
9.892532288868027823e-01
9.926558063543929888e-01
9.814327347936447898e-01
1.000000000000000000e+00
9.823347675278151225e-01
9.726576807559885740e-01
9.761483317107708668e-01
9.896005115605963631e-01
9.969023924075660625e-01
9.983528325123153246e-01
9.998112881158690568e-01
9.303967349340001025e-01
8.540240349599417247e-01
9.824308104441004108e-01
9.731483934451046203e-01
9.142510197091883173e-01
9.935792973078677592e-01
9.988478156505040673e-01
9.651630274417232203e-01
9.896242377805446466e-01
9.692202895795710704e-01
9.632421110462521252e-01
9.743397894808440984e-01
9.056717839739126807e-01
9.974118829947679066e-01
9.983656588229408158e-01
9.238051710629406887e-01
9.536286449729147741e-01
9.972406092989871684e-01
9.811821594021573611e-01
9.873131313131313647e-01
9.654798270652845682e-01
9.887891272589990344e-01
9.824462757639120802e-01
9.984860227457058590e-01
9.663340409070169112e-01
9.923982791308152418e-01
9.991379871185999129e-01
9.544206479956067746e-01
8.985754039124476122e-01
7.553250455301290245e-01
