9.861907958984375000e-01
9.956512451171875000e-01
9.713745117187500000e-01
9.071502685546875000e-01
9.898376464843750000e-01
9.891662597656250000e-01
9.868164062500000000e-01
9.922332763671875000e-01
9.841766357421875000e-01
9.755249023437500000e-01
9.629974365234375000e-01
9.901885986328125000e-01
9.722595214843750000e-01
9.609222412109375000e-01
9.615325927734375000e-01
9.852142333984375000e-01
9.690399169921875000e-01
9.891967773437500000e-01
9.904785156250000000e-01
9.859161376953125000e-01
9.484558105468750000e-01
9.711914062500000000e-01
9.496612548828125000e-01
9.319305419921875000e-01
9.089202880859375000e-01
9.845581054687500000e-01
9.939880371093750000e-01
9.966278076171875000e-01
9.924163818359375000e-01
9.950256347656250000e-01
8.847503662109375000e-01
9.712219238281250000e-01
9.593658447265625000e-01
9.329376220703125000e-01
9.594116210937500000e-01
9.227142333984375000e-01
8.575744628906250000e-01
9.532165527343750000e-01
9.747467041015625000e-01
9.880981445312500000e-01
9.915161132812500000e-01
9.714965820312500000e-01
8.427429199218750000e-01
9.816436767578125000e-01
9.913330078125000000e-01
9.968414306640625000e-01
9.795379638671875000e-01
9.932403564453125000e-01
9.963378906250000000e-01
9.822387695312500000e-01
9.110107421875000000e-01
9.901428222656250000e-01
9.894104003906250000e-01
9.936370849609375000e-01
9.862365722656250000e-01
9.963531494140625000e-01
9.962158203125000000e-01
9.964447021484375000e-01
9.662322998046875000e-01
9.930419921875000000e-01
9.946899414062500000e-01
9.917449951171875000e-01
9.757080078125000000e-01
9.980621337890625000e-01
9.977569580078125000e-01
9.961700439453125000e-01
9.917449951171875000e-01
9.957733154296875000e-01
9.953308105468750000e-01
9.819488525390625000e-01
9.397277832031250000e-01
9.920349121093750000e-01
9.933929443359375000e-01
9.956512451171875000e-01
9.899902343750000000e-01
9.835510253906250000e-01
9.763336181640625000e-01
9.958953857421875000e-01
9.966735839843750000e-01
9.591522216796875000e-01
9.936676025390625000e-01
9.909210205078125000e-01
9.922027587890625000e-01
9.932098388671875000e-01
9.915161132812500000e-01
9.790496826171875000e-01
9.287567138671875000e-01
9.536437988281250000e-01
9.684600830078125000e-01
9.530181884765625000e-01
9.959259033203125000e-01
9.575958251953125000e-01
9.863128662109375000e-01
9.889221191406250000e-01
9.768371582031250000e-01
9.522705078125000000e-01
9.663238525390625000e-01
9.733886718750000000e-01
9.945678710937500000e-01
9.309997558593750000e-01
9.844970703125000000e-01
9.951019287109375000e-01
9.705505371093750000e-01
9.760284423828125000e-01
9.716949462890625000e-01
8.415679931640625000e-01
9.491424560546875000e-01
9.689483642578125000e-01
9.817810058593750000e-01
9.644470214843750000e-01
9.729461669921875000e-01
7.581481933593750000e-01
8.672485351562500000e-01
9.835968017578125000e-01
9.587097167968750000e-01
9.650115966796875000e-01
9.810485839843750000e-01
9.537811279296875000e-01
9.926452636718750000e-01
9.544067382812500000e-01
9.402618408203125000e-01
9.773254394531250000e-01
9.802246093750000000e-01
9.832305908203125000e-01
9.781646728515625000e-01
9.590301513671875000e-01
9.517822265625000000e-01
9.325256347656250000e-01
9.775238037109375000e-01
9.849853515625000000e-01
9.698791503906250000e-01
9.787445068359375000e-01
8.538818359375000000e-01
9.553985595703125000e-01
9.795074462890625000e-01
9.796905517578125000e-01
9.462890625000000000e-01
9.419097900390625000e-01
9.964447021484375000e-01
8.990631103515625000e-01
9.874267578125000000e-01
9.794464111328125000e-01
9.800567626953125000e-01
9.813995361328125000e-01
9.887390136718750000e-01
9.681243896484375000e-01
9.747314453125000000e-01
9.739990234375000000e-01
8.851470947265625000e-01
8.907012939453125000e-01
9.560394287109375000e-01
9.861145019531250000e-01
9.450073242187500000e-01
9.397583007812500000e-01
9.737701416015625000e-01
9.826202392578125000e-01
9.555206298828125000e-01
9.224700927734375000e-01
9.711914062500000000e-01
9.468078613281250000e-01
9.501647949218750000e-01
9.604339599609375000e-01
9.925842285156250000e-01
9.661560058593750000e-01
9.710083007812500000e-01
9.602661132812500000e-01
9.838104248046875000e-01
9.954223632812500000e-01
9.910888671875000000e-01
9.719390869140625000e-01
9.467468261718750000e-01
9.863281250000000000e-01
9.906311035156250000e-01
9.961700439453125000e-01
9.943084716796875000e-01
9.039001464843750000e-01
8.273925781250000000e-01
9.889221191406250000e-01
9.677429199218750000e-01
9.772338867187500000e-01
9.836425781250000000e-01
9.732971191406250000e-01
9.435119628906250000e-01
9.633178710937500000e-01
9.393005371093750000e-01
9.549407958984375000e-01
9.981079101562500000e-01
9.843750000000000000e-01
9.835662841796875000e-01
9.775695800781250000e-01
9.879455566406250000e-01
9.821014404296875000e-01
9.909362792968750000e-01
9.051208496093750000e-01
9.820709228515625000e-01
9.943695068359375000e-01
