9.203227433182047390e-01
9.015691868758916039e-01
9.619643716899374253e-01
7.095049410416766067e-01
9.970751681778298181e-01
8.744219139096407467e-01
9.845797995373939404e-01
9.902031063321385940e-01
8.072523203108137313e-01
8.505046657779470332e-01
8.167954877794025847e-01
9.096519377931374661e-01
9.955022488755622678e-01
1.000000000000000000e+00
9.270089040342970321e-01
8.578419948729899547e-01
9.736154649947753592e-01
8.363351605324980120e-01
8.935999999999999499e-01
8.592057761732851962e-01
9.498249708284713932e-01
5.546242774566474409e-01
9.006809110119746720e-01
6.832235638492498708e-01
7.246312684365782131e-01
9.446808510638298184e-01
9.461189099917423073e-01
8.975694444444444198e-01
7.767857142857143016e-01
9.929351316634553726e-01
9.860890302066772639e-01
9.788873323994397024e-01
6.812118189751901198e-01
6.160433414889898707e-01
9.838194826637314261e-01
9.787136117823035386e-01
8.797603195739014392e-01
4.687229249696759914e-01
1.000000000000000000e+00
8.434782608695652328e-01
9.832695984703633263e-01
7.726083163710381063e-01
1.000000000000000000e+00
9.068718492968956824e-01
1.000000000000000000e+00
9.845605700712588559e-01
8.308022154725746011e-01
9.832903558535327493e-01
9.805336832895887866e-01
9.113742842269650923e-01
5.299983652117050692e-01
9.559782608695651662e-01
8.009135896459840254e-01
1.000000000000000000e+00
9.969691867317730383e-01
9.989091900736296603e-01
1.000000000000000000e+00
9.979123173277661962e-01
9.891304347826086474e-01
9.568795641590356338e-01
1.000000000000000000e+00
8.779432964920711457e-01
1.000000000000000000e+00
9.473684210526315264e-01
9.841269841269840724e-01
9.996375498368974544e-01
9.433690280065898381e-01
9.826442062276671274e-01
8.670260557053010020e-01
1.000000000000000000e+00
8.038657718120805207e-01
9.845624035150219999e-01
9.137886263308231394e-01
9.930555555555555802e-01
9.525756336876533004e-01
9.023982152816508728e-01
9.193395883336969998e-01
9.852794411177644429e-01
9.778869778869778706e-01
9.600896096622592024e-01
9.761650114591291505e-01
9.330571665285832816e-01
9.047619047619047672e-01
9.839175257731959112e-01
1.000000000000000000e+00
7.899145860709592126e-01
8.074717098124322145e-01
8.546399909573866305e-01
9.335963182117028580e-01
9.660689968225147917e-01
9.396200814111261845e-01
9.583740897728507679e-01
9.990627928772258803e-01
9.573060733613950601e-01
7.616136919315403819e-01
9.921342713122472956e-01
8.483357927529102671e-01
9.735099337748344128e-01
9.225413402959095066e-01
0.000000000000000000e+00
9.659755449229133761e-01
9.210766423357664712e-01
9.123995588466992102e-01
9.734700520833333703e-01
8.693862945070675030e-01
7.861132511556240265e-01
9.345822182575082016e-01
7.452505880224352675e-01
9.301812836844683963e-01
6.837713808927826653e-01
9.572462675312923830e-01
0.000000000000000000e+00
5.548674378134916818e-01
8.266921397379912717e-01
8.982220355592888117e-01
8.346217977868728433e-01
8.260992907801418816e-01
9.979190510872958386e-01
9.495978552278820928e-01
6.562422128083728046e-01
9.992753623188406209e-01
8.891037306642401994e-01
9.172763924145139747e-01
8.177339901477832518e-01
8.187341056795705008e-01
9.000933706816059976e-01
1.000000000000000000e+00
0.000000000000000000e+00
8.537810682178741395e-01
8.409090909090909394e-01
8.697636214292233658e-01
9.121144235740133999e-01
1.000000000000000000e+00
9.963948284435604208e-01
9.668338907469342658e-01
9.825816126427500130e-01
9.301899366877707243e-01
9.556606298510126329e-01
9.712407559572719951e-01
5.217870932156646324e-01
9.868654597089101532e-01
8.668500242679177958e-01
7.877498936622713277e-01
7.680690399137001245e-01
9.741847826086956763e-01
9.882623118142382923e-01
6.901688182720953080e-01
9.022548922221118595e-01
3.803408248950357895e-01
1.769504768470642198e-01
8.936796409388565454e-01
7.128237927726255307e-01
9.820185263667736697e-01
8.133742749914705250e-01
8.828716412944014325e-01
9.654968599926117001e-01
9.967622571692876798e-01
7.324910580362293810e-01
6.087145024929546677e-01
4.490279753437648180e-01
9.512062889671998311e-01
9.217009257806371147e-01
9.944604021337710709e-01
5.604903536977492440e-01
9.634328890156105274e-01
7.894306282722513002e-01
9.900007633005114549e-01
9.098208770846201165e-01
7.005649717514124131e-01
8.676180218991204063e-01
8.761303692539562649e-01
9.992545657845695040e-01
9.694247438928289551e-01
8.387096774193548709e-01
9.952061361457334998e-01
7.405344278773663413e-01
0.000000000000000000e+00
7.487889273356401754e-01
9.946058091286307246e-01
9.945130315500685381e-01
9.982166740971912811e-01
9.216438356164383672e-01
7.502747484994505278e-01
6.660685447694240091e-01
9.844292423933019842e-01
9.298857397239946865e-01
9.802886307638155605e-01
9.879499217527386579e-01
9.527451515979240559e-01
9.923609877420500602e-01
9.995664426620420873e-01
9.392463768115941747e-01
9.614045558539738856e-01
5.944213100667592453e-01
8.980337078651685623e-01
9.175715695952616491e-01
