8.532700779396814594e-01
8.815789473684210176e-01
8.306878306878306972e-01
8.338158334261218663e-01
8.212653355785421994e-01
8.316610925306577862e-01
6.447597709733632332e-01
9.124836316019205862e-01
8.958009331259719765e-01
9.185238192598650375e-01
7.443929564411492228e-01
9.073430623117906269e-01
6.533877551020408347e-01
6.781314168377823304e-01
8.166146458583433132e-01
8.884697005423248806e-01
7.646584726979649416e-01
9.139490271307207925e-01
9.171597633136094885e-01
8.223567105731577342e-01
4.787531245405087232e-01
6.371652514696276581e-01
8.714807571676321807e-01
7.728414916071967289e-01
8.351961551357997005e-01
9.090628377335185917e-01
9.541906327033689017e-01
7.394736842105262831e-01
9.099573614246300179e-01
9.772956609485368151e-01
7.112065878983172551e-01
8.842737956400825716e-01
8.202430876394910531e-01
7.676442152755398318e-01
8.578560798809466981e-01
8.622224470183602607e-01
7.383720930232557933e-01
7.203991130820399658e-01
4.061520934206778732e-01
6.385110952040086163e-01
7.916745506149479583e-01
8.565070595457335845e-01
1.310214969402165308e-01
8.434029049188331850e-01
8.295942720763722633e-01
9.185792349726775718e-01
8.619589977220957211e-01
9.718002134037904138e-01
9.613056636402940169e-01
9.133940182054616219e-01
7.319926123537862095e-01
9.738120630406446043e-01
8.682230368512444674e-01
9.317280453257790196e-01
9.246757305829035323e-01
9.609538784067086503e-01
8.540056933712891762e-01
8.845798707294552088e-01
4.091726618705036067e-01
9.706296992481202590e-01
8.994795946316077595e-01
8.719596145020651612e-01
3.887627695800227046e-01
8.580246913580247270e-01
9.335727109515260524e-01
9.425641025641026127e-01
9.383361204013378476e-01
9.582662538699689980e-01
9.514018691588784771e-01
8.896611642050390456e-01
8.862205642340872380e-01
9.638367590110217265e-01
9.469656992084433123e-01
9.258747697974217816e-01
8.563685636856368522e-01
6.892722585762443011e-01
9.293735775845987090e-01
9.619047619047619291e-01
9.294916842351839126e-01
9.578255867179671368e-01
9.623531172816406354e-01
9.129662522202486308e-01
9.190743888089946134e-01
9.512928442573661547e-01
8.786268900694728101e-01
8.809631574183036662e-01
8.194185323383084141e-01
8.225176743695262749e-01
8.386291920452043636e-01
9.019306248011031979e-01
8.153931957612938763e-01
9.121471121471121934e-01
8.903538050734312037e-01
7.331560283687943436e-01
8.466417910447761042e-01
9.122753501614174754e-01
7.933771830347017273e-01
7.825092380784797186e-01
7.569935962251432837e-01
1.420261754726127035e-01
9.160151324085750169e-01
8.983492615117288915e-01
8.270708795900939547e-01
8.342626149986061002e-01
8.267527522556079589e-01
6.192885955262192876e-01
6.182123530509423537e-01
7.999270139585804573e-01
8.453830406206227499e-01
8.173773129525342407e-01
9.322164664388845612e-01
0.000000000000000000e+00
7.492975734355045159e-01
8.335279615933567365e-01
8.127520161290322509e-01
8.244975240314593723e-01
8.206302181524374184e-01
8.426137361672229042e-01
8.464022140221402202e-01
7.919501539783714295e-01
6.347746090156394239e-01
9.012443438914027327e-01
9.014207016526529781e-01
9.101892155991827549e-01
9.020722675245006483e-01
7.189247699801551983e-01
5.625606207565470029e-01
0.000000000000000000e+00
8.994898662622363705e-01
8.980149143997478989e-01
8.878157503714709797e-01
8.698335363377994733e-01
6.422603894008390713e-01
8.980312973245835328e-01
9.472027373823781460e-01
9.308795669824087016e-01
8.424235552027818930e-01
8.172678434382194546e-01
7.967266775777414045e-01
4.738201455740784218e-01
8.974277041060871873e-01
9.076394986828451028e-01
8.525400064439909720e-01
7.248929081389814399e-01
8.397423384735506202e-01
8.779909706546275006e-01
8.251131221719456565e-01
9.123553269363933182e-01
6.176169341072038632e-01
3.662474188098366890e-01
8.926456951280404839e-01
8.754676643506146272e-01
8.932869164770702586e-01
8.768377922390937496e-01
9.380286552736061267e-01
9.563255204542145949e-01
5.453627760252366397e-01
8.300662079709204555e-01
7.340723596053112532e-01
6.792531553144883771e-01
6.743879472693031785e-01
8.754663483062229412e-01
9.256576439191764871e-01
7.187103325717186797e-01
9.229388825620319370e-01
8.796560307761936981e-01
9.521406895543124138e-01
9.743429286608260576e-01
8.965902738960312979e-01
9.209547145839005466e-01
8.328931149850326010e-01
9.351781873146910451e-01
9.685841229898163318e-01
9.123979213066072402e-01
9.411764705882352811e-01
8.469106839345988957e-01
3.636057570911539749e-02
8.682049276495893420e-01
6.380775358470526237e-01
8.919233359867736466e-01
9.235419385862471131e-01
9.042122228514178905e-01
8.144064349948032522e-01
7.756780573778517818e-01
8.972303377351875664e-01
8.897176716626001847e-01
9.642119752236751884e-01
9.218612818261633368e-01
8.306902985074626766e-01
8.496662621359223344e-01
9.121835443037974445e-01
9.242996448903669782e-01
9.655786350148367614e-01
7.420485953549771363e-01
9.274930472785061220e-01
9.651321503908673050e-01
