9.819717394835146829e-01
9.953534786540680912e-01
9.634600792513279277e-01
1.000000000000000000e+00
9.761578955841395677e-01
9.863371861299322640e-01
9.778172138420585524e-01
9.869928770517187866e-01
9.944666108401885030e-01
9.986008649198677700e-01
9.672916426607844897e-01
9.891680897779946413e-01
9.665853466593216092e-01
9.601233821986199235e-01
9.428586615638122614e-01
9.930933137398971766e-01
9.626790691644518949e-01
9.978607892391215817e-01
9.955329686336710227e-01
9.870723157210158361e-01
9.458023878913227600e-01
9.885140795154326865e-01
9.523304080820333972e-01
9.766134349131931902e-01
9.888706965218161393e-01
9.839127654561976577e-01
9.959302708758980271e-01
9.941194581280787812e-01
9.992903103709310786e-01
9.944070232550086264e-01
8.569728872223825178e-01
9.560152677253249687e-01
9.951664783100060419e-01
9.994823633809065688e-01
9.502046022213955778e-01
8.938198280516675975e-01
8.462863251247129126e-01
1.000000000000000000e+00
9.678354904894868049e-01
9.848025256902315228e-01
9.826461131076225097e-01
9.902315114732858081e-01
8.288125376732972116e-01
9.843120112681529310e-01
9.888084265964450781e-01
9.953799411138257724e-01
9.891890088256394264e-01
9.924249207571497200e-01
9.961780723049669106e-01
9.883841526654221221e-01
9.976736332595399492e-01
9.979109693102400369e-01
9.951358311211432328e-01
9.922566549391939050e-01
9.841938352601641293e-01
9.951833713168145579e-01
9.944329001643767985e-01
9.941496747219145114e-01
9.594837192026742789e-01
9.976277917376864535e-01
9.942561116849782943e-01
9.940587818138838516e-01
9.667854003793310280e-01
9.973832466213096160e-01
9.960445149037028267e-01
9.946795801009924443e-01
9.963249835201054561e-01
9.953260410918887136e-01
9.997156847259516255e-01
9.789790783898305593e-01
9.897039073991175107e-01
9.951851527619715032e-01
9.977304044743454670e-01
9.950094458438286660e-01
9.886035821841813176e-01
9.762797483645263563e-01
9.884333906192673824e-01
9.960505785983617688e-01
9.960630541251318526e-01
9.569659569250889009e-01
9.934396772389008090e-01
9.831431404514210382e-01
9.956220002594370344e-01
9.937053027057310972e-01
9.906288454863849680e-01
9.984356075898264127e-01
9.565869969981380949e-01
9.592160736650849895e-01
9.692356859315077733e-01
9.357363499749540292e-01
9.898535793450095044e-01
9.448593372088088804e-01
9.781731200478397392e-01
9.812909993267890929e-01
9.923758568801204216e-01
9.296169155276625684e-01
9.683530460824065766e-01
9.608399173851752684e-01
9.892058956000434611e-01
9.351367073880162417e-01
9.865760606414772926e-01
9.945693356908310578e-01
9.680008109614962608e-01
9.626380657327586743e-01
9.750112599462859020e-01
8.469321148825065260e-01
9.349878564650250246e-01
9.825026246063091051e-01
9.792365020991310454e-01
9.972748307481360541e-01
9.757049393579982910e-01
1.000000000000000000e+00
9.989564763685377935e-01
9.865690457719161754e-01
9.609713493055674904e-01
9.749910924854510164e-01
9.862282498266436992e-01
9.362181493071077831e-01
9.900111510734871390e-01
9.929055816379760424e-01
9.224053684279106546e-01
9.837692090793740407e-01
9.850269379153282490e-01
9.958591091216952851e-01
9.955523623798282484e-01
9.540096649905309700e-01
9.429258415590989761e-01
1.000000000000000000e+00
9.927896225764162308e-01
9.933109265849479064e-01
9.813298154968027598e-01
9.806472134331106760e-01
8.236656062212796003e-01
9.280254004206438534e-01
9.798374492028758542e-01
9.787750364886489418e-01
9.381865052678771688e-01
9.226535608445156633e-01
9.903449991448871614e-01
9.282659700151422166e-01
9.788487863510400011e-01
9.888636172184315232e-01
9.894795673472071007e-01
9.870450048679375588e-01
9.879358261748357739e-01
9.635515962425040826e-01
9.973884729178029707e-01
9.832699345580414585e-01
1.000000000000000000e+00
1.000000000000000000e+00
9.627875637693714683e-01
9.995353234309154455e-01
9.251310716252881816e-01
9.780187695516162627e-01
9.947117630570867508e-01
9.845579892694371615e-01
9.431628112475147763e-01
9.856852412762956428e-01
9.904305434729083757e-01
9.999324427029674389e-01
9.458340744094296815e-01
9.559575677211593625e-01
9.874385941775740694e-01
9.988276089828269644e-01
9.694022171743646998e-01
9.971301020408163129e-01
9.765614570420521057e-01
9.993579248129955683e-01
9.995753982607055166e-01
9.862484832885980435e-01
9.519300801165331283e-01
9.807086819628785257e-01
9.919388411611096412e-01
9.974624030887069281e-01
9.921615279316863267e-01
9.950072011521843285e-01
9.934899675420477694e-01
9.999361491555726067e-01
9.569274150112473398e-01
9.698176698829104048e-01
9.811927151529580282e-01
9.701755028761953614e-01
9.759994041745023718e-01
9.886763504160899219e-01
9.128797771393749594e-01
9.529563179530523565e-01
9.973044102400510091e-01
9.834646468062083757e-01
9.781333333333332991e-01
9.673827766371209114e-01
9.854406381826239514e-01
9.838871219975048321e-01
9.927004668096534035e-01
9.976590552899399222e-01
9.978489135190315995e-01
9.980808015093357577e-01
