9.700665908721780584e-01
1.000000000000000000e+00
9.861394486131017656e-01
1.000000000000000000e+00
9.002205515398361557e-01
9.340773216420884539e-01
8.819408770373138307e-01
9.983537350654431153e-01
9.938262482964714817e-01
9.999818294145437214e-01
8.208859405093087425e-01
6.726843945677807302e-01
8.929723774297630978e-01
9.259388812923331491e-01
1.625294565814419112e-01
3.731406645440444314e-01
3.786705127374084268e-01
4.422007941009642451e-01
8.307059851746350088e-01
8.818901384769125551e-01
7.708940490739870643e-01
4.550873123268251996e-01
5.202903769972895553e-02
9.826203208556150148e-01
7.102398442340029927e-01
9.959108807592635948e-01
8.881730705859092190e-01
1.000000000000000000e+00
6.097653292959879234e-01
9.948572319094041161e-01
9.093055956158061504e-01
9.221850131432068887e-01
9.859862644527515041e-01
6.596724099682023112e-01
9.248197551859134169e-01
5.833990945715827880e-01
3.914997228600839430e-01
3.900945369363340021e-01
3.472841429739444430e-01
9.901417605546614098e-01
9.968003278481810669e-01
7.724607044222442376e-01
1.346810713899321554e-01
9.965029870319102034e-01
9.848427850402834416e-01
9.944872517697174175e-01
9.728891039223209747e-01
9.832918464927203894e-01
8.812741946066531273e-01
9.689898361335822496e-01
8.545645566770477819e-01
9.987845639623215144e-01
9.122065205296538970e-01
9.929474512827927146e-01
9.849489068241690237e-01
9.983190289159352693e-01
9.950842043234190415e-01
9.981278959110126969e-01
9.560016095084808985e-01
9.934281045177388858e-01
9.969167683976586369e-01
9.962493105350248568e-01
7.503045442630028594e-01
1.000000000000000000e+00
1.000000000000000000e+00
9.943450626821924709e-01
9.905405405405405261e-01
9.975494173780389273e-01
9.965566261254146241e-01
9.766783633474576121e-01
7.846986847434503920e-01
9.785520441215092013e-01
9.974223879387209557e-01
9.960957178841309823e-01
9.941512125534950339e-01
9.959681847418540013e-01
9.787398381833278815e-01
9.849174359641138521e-01
9.976850758255775276e-01
7.957006824962197244e-01
9.953043684629858667e-01
6.646610981328044954e-01
9.987514593332468271e-01
9.875918663283129728e-01
9.939892089735903324e-01
9.900585385547032713e-01
7.132841889273093816e-01
9.874049639259820932e-01
9.649296911794388310e-01
7.300467523793621183e-01
6.503543442290281584e-01
9.539186150125175123e-01
6.949054002425208987e-01
9.250700609021026422e-01
9.999331215515799842e-01
9.250047385380030240e-01
9.999831754630953418e-01
9.898534570370127739e-01
9.997670337179865863e-01
2.722836274319694883e-01
8.750104352762426707e-01
6.131598888608233988e-01
9.999324198753146709e-01
9.951171875000000000e-01
7.774033729794651570e-01
1.000000000000000000e+00
6.800218744471072663e-01
7.029612224832941791e-01
7.170403879324372953e-01
9.998971634244580020e-01
9.383823698205608910e-01
7.179487179487179516e-01
1.000000000000000000e+00
7.302495474528057917e-01
9.554398643673043257e-01
9.945876244931199928e-01
9.910015964909451025e-01
9.906660706303084263e-01
9.960735656735405508e-01
9.978264649626151783e-01
9.941201381197471987e-01
5.287255040180459664e-01
9.330376111082785417e-01
7.562071451323576499e-01
5.273358650655171065e-01
3.733102592568405820e-01
7.266198430777018880e-01
4.860424779919494953e-01
9.918581384116470501e-01
5.368887570844865786e-01
4.729108265083640239e-01
7.858302780707481228e-01
2.074584658890067101e-01
9.790689208865879234e-01
8.605032822757111566e-01
9.740095310109553317e-01
6.618471194799372403e-01
6.321718482522502569e-01
6.278082681633731510e-02
8.691615222057673673e-01
9.802844646255550742e-01
6.632802628253727795e-01
3.197718381168425661e-01
9.895260827235325962e-01
9.887253663466397668e-01
9.564109674512114578e-01
9.934215963372505787e-01
9.965926914132218206e-01
5.198823727734177558e-01
1.612091566519451846e-01
9.988834344017710754e-01
9.975324071848611363e-01
8.489769273138987327e-01
7.797080291970802657e-01
4.681117443707371595e-01
6.916020845752965940e-01
9.483542146621642965e-01
6.163852122318576043e-01
7.397206309603926444e-01
6.314580553632048732e-01
9.941791841156402132e-01
9.421291911346846293e-01
6.504895981009528594e-01
9.981836195508586584e-01
9.197973091036170112e-01
9.991183973589435885e-01
7.731667779155144693e-01
1.000000000000000000e+00
1.000000000000000000e+00
7.360554472919806912e-01
7.203568827385287143e-01
9.855271626628628878e-01
5.906028838511901968e-01
9.995640937821091976e-01
9.977348282380549271e-01
9.322611617858856947e-01
4.759700501622897706e-01
9.965041662675988565e-01
4.992554573392896655e-01
9.628987398276276366e-01
9.797132994371418047e-01
2.543142930421720127e-01
9.169940603645707622e-01
9.899604756266364713e-01
2.241882127622529808e-01
5.171731530216296946e-01
9.993300901188292285e-01
9.560071687011800767e-01
9.960080808080807868e-01
7.977197990218171109e-01
9.912840799041412465e-01
9.991565778144823051e-01
9.967737865652541718e-01
8.125657150792549022e-01
9.709056438675806033e-01
9.986663196929282948e-01
