8.604278564453125000e-01
9.425506591796875000e-01
9.509735107421875000e-01
6.942291259765625000e-01
9.645843505859375000e-01
9.436492919921875000e-01
9.470520019531250000e-01
9.364471435546875000e-01
9.205169677734375000e-01
7.397460937500000000e-01
9.497985839843750000e-01
9.006500244140625000e-01
8.696441650390625000e-01
9.256896972656250000e-01
9.519958496093750000e-01
6.869659423828125000e-01
9.717864990234375000e-01
8.055725097656250000e-01
9.786071777343750000e-01
9.114379882812500000e-01
8.748626708984375000e-01
8.813171386718750000e-01
8.303985595703125000e-01
9.550018310546875000e-01
9.634399414062500000e-01
9.237823486328125000e-01
9.015197753906250000e-01
8.437957763671875000e-01
8.083801269531250000e-01
6.306304931640625000e-01
9.642486572265625000e-01
8.800201416015625000e-01
8.983764648437500000e-01
9.637298583984375000e-01
8.143615722656250000e-01
9.368743896484375000e-01
8.961639404296875000e-01
5.682830810546875000e-01
9.808349609375000000e-01
8.972473144531250000e-01
9.420623779296875000e-01
9.795379638671875000e-01
7.697448730468750000e-01
6.070556640625000000e-01
9.887847900390625000e-01
9.603118896484375000e-01
9.379272460937500000e-01
9.730834960937500000e-01
7.440490722656250000e-01
9.306030273437500000e-01
8.834381103515625000e-01
9.560241699218750000e-01
9.064178466796875000e-01
9.143371582031250000e-01
2.976989746093750000e-01
8.817443847656250000e-01
8.148956298828125000e-01
8.367614746093750000e-01
8.821105957031250000e-01
9.797058105468750000e-01
9.293212890625000000e-01
8.944091796875000000e-01
8.776855468750000000e-01
9.459838867187500000e-01
9.629669189453125000e-01
8.793640136718750000e-01
9.658050537109375000e-01
9.618377685546875000e-01
9.090576171875000000e-01
9.393005371093750000e-01
9.605712890625000000e-01
9.531250000000000000e-01
9.747314453125000000e-01
7.687988281250000000e-01
9.669952392578125000e-01
9.660339355468750000e-01
8.993530273437500000e-01
9.145050048828125000e-01
9.663848876953125000e-01
9.579162597656250000e-01
9.515228271484375000e-01
9.320220947265625000e-01
9.341125488281250000e-01
8.714141845703125000e-01
9.893188476562500000e-01
9.186248779296875000e-01
8.969726562500000000e-01
9.664154052734375000e-01
5.871429443359375000e-01
9.175567626953125000e-01
8.777770996093750000e-01
9.463806152343750000e-01
9.436492919921875000e-01
9.485168457031250000e-01
9.940185546875000000e-01
9.957580566406250000e-01
8.887939453125000000e-01
9.661407470703125000e-01
9.222717285156250000e-01
7.368469238281250000e-01
9.550018310546875000e-01
9.313964843750000000e-01
9.884490966796875000e-01
8.977203369140625000e-01
9.750976562500000000e-01
8.695983886718750000e-01
9.904327392578125000e-01
9.488677978515625000e-01
7.361450195312500000e-01
9.791564941406250000e-01
9.893493652343750000e-01
9.602661132812500000e-01
9.862518310546875000e-01
8.945770263671875000e-01
9.106140136718750000e-01
9.906311035156250000e-01
9.858093261718750000e-01
6.637115478515625000e-01
9.670867919921875000e-01
9.675292968750000000e-01
8.966217041015625000e-01
8.457794189453125000e-01
9.468383789062500000e-01
8.723602294921875000e-01
8.550872802734375000e-01
9.186706542968750000e-01
9.536590576171875000e-01
9.544525146484375000e-01
8.604583740234375000e-01
8.975830078125000000e-01
9.832000732421875000e-01
9.545593261718750000e-01
9.950408935546875000e-01
9.321136474609375000e-01
9.207305908203125000e-01
9.568939208984375000e-01
9.326019287109375000e-01
9.309692382812500000e-01
8.720703125000000000e-01
7.496795654296875000e-01
8.610534667968750000e-01
5.924377441406250000e-01
9.387817382812500000e-01
7.738037109375000000e-01
8.741455078125000000e-01
9.173889160156250000e-01
9.370117187500000000e-01
9.557342529296875000e-01
7.335357666015625000e-01
8.223419189453125000e-01
6.425018310546875000e-01
8.648986816406250000e-01
9.812469482421875000e-01
9.304199218750000000e-01
9.517059326171875000e-01
9.772491455078125000e-01
4.905395507812500000e-01
9.391479492187500000e-01
9.734802246093750000e-01
9.372558593750000000e-01
8.956146240234375000e-01
8.609008789062500000e-01
9.811248779296875000e-01
9.679718017578125000e-01
9.758148193359375000e-01
9.469146728515625000e-01
9.060668945312500000e-01
8.624877929687500000e-01
9.289245605468750000e-01
8.544616699218750000e-01
9.867248535156250000e-01
9.316253662109375000e-01
7.786560058593750000e-01
7.624053955078125000e-01
9.951629638671875000e-01
9.700317382812500000e-01
8.955535888671875000e-01
9.808044433593750000e-01
8.905944824218750000e-01
9.207305908203125000e-01
9.139099121093750000e-01
8.518524169921875000e-01
8.050079345703125000e-01
9.798431396484375000e-01
9.720306396484375000e-01
9.793243408203125000e-01
8.984985351562500000e-01
9.406890869140625000e-01
9.768981933593750000e-01
8.471527099609375000e-01
9.269714355468750000e-01
9.670257568359375000e-01
6.429748535156250000e-01
7.969665527343750000e-01
8.038940429687500000e-01
8.351898193359375000e-01
