2.790954219525648150e-01
9.316648917287895237e-01
9.789678045623685376e-01
1.000000000000000000e+00
4.827400215749730328e-01
9.166666666666666297e-01
7.988007144679765137e-01
8.023833167825222823e-02
7.570759137769447200e-01
1.000000000000000000e+00
8.885784142507858752e-01
6.550711793053786147e-01
9.829480242662731460e-01
8.426048565121412315e-01
9.660574412532637600e-01
1.000000000000000000e+00
9.695197589934432258e-01
1.000000000000000000e+00
8.791555065385221468e-01
9.104817708333333703e-01
8.944354983002326120e-01
9.301810477657935783e-01
8.917633065715134810e-01
9.643567939207527140e-02
7.599216070553650448e-01
5.894868585732164767e-01
7.865329512893982633e-01
7.325552050473186361e-01
3.083222438325314840e-01
9.937227074235808200e-01
8.959820803583928850e-01
8.785811732605729452e-01
9.361702127659574657e-01
7.887836853605243448e-01
1.000000000000000000e+00
8.493645651632195648e-01
9.980676328502415817e-01
1.184030937215650586e-01
9.365387486934447780e-01
6.371666383556989777e-01
4.071771686917208255e-01
8.137254901960784270e-01
1.000000000000000000e+00
1.000000000000000000e+00
9.106292966684293999e-01
6.778925619834710314e-01
6.471661951264031654e-01
9.377907978631742081e-01
5.215497990174184917e-01
7.395574341123819506e-01
7.112597547380156149e-01
8.461183527511824121e-01
4.022825724758413712e-01
4.317958783120706689e-01
1.000000000000000000e+00
9.400019866891824449e-01
9.147114513871738017e-01
7.730667585889923199e-01
8.760208961812964157e-01
7.377678285897025789e-01
7.865835200096870095e-01
6.057090867735699380e-01
0.000000000000000000e+00
7.827853712596970492e-01
1.000000000000000000e+00
6.437060113072574641e-01
2.941686538044656629e-01
4.834834834834834671e-01
9.997289238275955947e-01
7.470579005178095144e-01
9.657085224407463420e-01
9.486447931526390542e-01
6.859252126464452370e-01
1.989306344583949837e-01
6.847031295700497511e-01
7.531127712557809106e-01
9.722436391673091594e-01
0.000000000000000000e+00
7.815368746776688580e-01
1.000000000000000000e+00
9.030452889120249571e-01
7.316389833900339701e-01
4.327390599675851046e-01
4.598042642432715876e-01
9.456089148315203197e-01
9.976985040276179495e-01
9.394299287410926569e-01
5.120600321600857763e-01
4.617459538989701073e-01
6.027173913043478715e-01
9.314807765511990967e-01
1.000000000000000000e+00
8.690015154066340619e-01
5.145895827652031684e-01
9.638095238095237827e-01
9.366736256089074342e-01
1.000000000000000000e+00
7.529848151153355484e-01
1.000000000000000000e+00
9.995194617972128492e-01
6.773722627737226443e-01
9.736842105263158187e-01
4.909688013136289109e-01
1.000000000000000000e+00
1.000000000000000000e+00
9.216436957631444216e-01
9.213836477987421558e-01
1.966796875000000056e-01
0.000000000000000000e+00
9.896686854292838786e-01
9.753310828356270834e-01
9.940476190476190688e-01
9.010629599345870711e-01
9.470161740100390135e-01
5.891337551821950180e-01
9.568363273453094342e-01
4.461916461916461962e-01
4.581050478486375921e-01
9.877769289533995245e-01
0.000000000000000000e+00
0.000000000000000000e+00
0.000000000000000000e+00
0.000000000000000000e+00
9.855265663683107635e-02
0.000000000000000000e+00
5.938527284681131002e-01
8.865751248297776277e-01
0.000000000000000000e+00
5.183132268231713802e-01
9.980115990057994990e-01
7.331780538302277161e-01
1.000000000000000000e+00
9.372093023255814170e-01
9.428383705650460189e-02
5.372810416989614035e-01
9.873505458326112816e-01
1.000000000000000000e+00
1.000000000000000000e+00
1.000000000000000000e+00
9.997092177958708525e-01
9.748502994011976064e-01
9.989741485432909185e-01
3.808279742765273146e-01
9.942975265521419859e-01
3.211714659685863671e-01
6.766659033661552858e-01
9.854848672019764777e-01
2.889074576979319131e-01
3.868180696124413620e-01
8.980509745127436272e-01
1.000000000000000000e+00
7.437616796746180370e-01
7.890934514099277042e-01
9.955590386624869614e-01
6.348211955103105764e-01
8.850666666666666682e-01
1.000000000000000000e+00
9.679113185530922037e-01
6.069364161849710726e-01
9.088205369022461788e-01
3.390962312477131535e-01
5.608652900688299026e-01
7.947626841243862206e-01
9.128819157720892141e-01
0.000000000000000000e+00
0.000000000000000000e+00
6.405492730210016195e-01
8.918613413715147376e-01
6.218163747049323398e-01
9.948778565799842877e-01
0.000000000000000000e+00
6.373441994247363018e-01
7.012899983246775326e-01
9.844413012729844592e-01
9.017301038062284224e-01
8.755186721991701226e-01
0.000000000000000000e+00
9.399613612721058331e-01
7.895890410958904537e-01
5.638684588722631119e-01
0.000000000000000000e+00
5.528895241984889131e-01
0.000000000000000000e+00
7.831749384019711657e-01
9.964006259780907593e-01
9.519257033597378070e-01
7.427607034997335544e-01
9.915456319098200355e-01
8.431304347826087398e-01
0.000000000000000000e+00
8.865754511203648436e-01
9.855805243445693309e-01
8.807996051332674936e-01
2.361034672537149215e-01
1.775399838913818973e-01
2.093874833555259551e-01
