2.586919523462192783e-01
7.245189141728251014e-01
7.907521979811136248e-01
3.193968005977651514e-01
4.222056260891212109e-01
4.103464793230081620e-01
7.646180979514313192e-01
3.304934897926378179e-01
6.112976643534064891e-01
1.459188783174762138e-01
7.618358187346170318e-01
7.802194092827003935e-01
5.801759300211312143e-01
6.030322791000978233e-01
4.152416356877323689e-01
2.625543693159351766e-01
8.550145063906531284e-01
2.559850519677683289e-01
8.909967345669413952e-01
6.518296340731853933e-01
5.216123198973341424e-01
7.100790219173996887e-01
3.368534097010918438e-01
6.828009035172636354e-01
7.248507119889756600e-01
6.369121174674711172e-01
7.662949015063731384e-01
6.857791829092360070e-01
5.402694391565382448e-01
2.278715192497846875e-01
8.501822367159025395e-01
5.931177231565329944e-01
4.998498047461700233e-01
8.685651092065247436e-01
2.346502264720684572e-01
7.742674742183663916e-01
5.454545454545454142e-01
1.095830055074744347e-01
9.098737083811710979e-01
5.501670006680027258e-01
6.356395739372421305e-01
8.519377277244120084e-01
2.351748606183476920e-01
2.556364897676031700e-01
9.512243679076248792e-01
7.301587301587301182e-01
7.830631399317405927e-01
8.624024960998439848e-01
3.544488916256157696e-01
8.427820796460177011e-01
7.260730806468963516e-01
8.256503327283726268e-01
6.568951048951049421e-01
6.659128778862175579e-01
5.022699133305819075e-02
7.106913543377632037e-01
6.474263957915540324e-01
5.524972810173178761e-01
7.517511728038044350e-01
8.212365591397849940e-01
8.500970873786407589e-01
7.656620386048086369e-01
5.016165133051480041e-01
8.624601756158210009e-01
6.404977040438453173e-01
7.469594162079119526e-01
6.828923164001697854e-01
7.588932806324110159e-01
5.530893821235752794e-01
8.182897862232778596e-01
7.519201228878648058e-01
4.677754677754678014e-01
8.546093064091307978e-01
4.334006431830080275e-01
6.630316248636859422e-01
6.840760715299460948e-01
2.360435487607134564e-01
2.667190158356236296e-01
8.725041958446669854e-01
7.682742396235926474e-01
8.075828235721640436e-01
7.653904892306071517e-01
6.444920138317141722e-01
5.606589854543558848e-01
9.124999999999999778e-01
3.904446222425420054e-01
3.007456503728251906e-01
7.689238845144357182e-01
3.035700496769709877e-01
7.348481130686558283e-01
2.778579156148575646e-01
6.518034086405073424e-01
7.260182506120631540e-01
5.250563063063062863e-01
8.352941176470588536e-01
9.062710721510451872e-01
2.015775635407537347e-01
8.524110409045559944e-01
3.638861138861138600e-01
1.936599962595848268e-01
2.986920332936979783e-01
1.683314835368109608e-01
7.452036351396835734e-01
4.512484650020466836e-01
8.560592697124713712e-01
3.800957493108951257e-01
8.740710986141795313e-01
5.135723617361009907e-01
1.335805190900891948e-01
9.205074487895716917e-01
9.168651738923296879e-01
6.030487804878048586e-01
8.354938835128720154e-01
3.281143635125935987e-01
7.292975970425138454e-01
9.258095698405026663e-01
7.118959107806691611e-01
6.453958906534086326e-01
8.581387701414008307e-01
0.000000000000000000e+00
2.517945886250690379e-01
3.956087429532192750e-04
5.227397260273972668e-01
3.690125971185034270e-01
0.000000000000000000e+00
5.763789540613575291e-01
9.111754555292328472e-01
1.842033342443290533e-01
6.693662099135905263e-01
6.426365669257799729e-01
8.408729585200173107e-01
7.651049061366146375e-01
9.186483103879850010e-01
4.675044883303411392e-01
7.492881617682544126e-01
8.031496062992126150e-01
2.440527126476125241e-01
2.891263356379635274e-01
3.329089751750477499e-01
4.555441239919020280e-01
1.491310035507381893e-01
2.658457478973118571e-01
4.763769250848342574e-01
6.476181420557193258e-01
4.908641975308641880e-01
7.733969529549640232e-01
6.099773242630385228e-01
6.694017094017093994e-01
1.737402413058906914e-01
2.306218198638736450e-01
1.794557489580779486e-01
6.019958644250651414e-01
8.485893803129235247e-01
6.243203163618388229e-01
6.100776148823456868e-01
8.225633702249196544e-01
1.299317246052014430e-01
4.535489175116470539e-01
7.249999999999999778e-01
8.515201848775908466e-01
5.449950116395078092e-01
7.111899632492713064e-01
8.910612065169528639e-01
8.015130023640661960e-01
4.804804804804804763e-02
1.823736780258519430e-01
6.912118780096307979e-01
6.783037052902120001e-01
6.310202788339670521e-01
7.257146143670558658e-01
4.982698961937715998e-01
5.234499627778368414e-01
7.018661624465636351e-01
5.886238144302660125e-01
9.455607075390691785e-01
6.754791804362194618e-01
1.171159551141493643e-01
9.028271280704465163e-01
7.114688128772636011e-01
7.460526958987143686e-01
3.884180790960452181e-03
6.791155765607957973e-01
9.861042533681314837e-02
7.829087921117502402e-01
8.737516357875886319e-01
8.396259912415670046e-01
5.423775454045128841e-01
6.915324180620585626e-01
9.067963555774439799e-01
7.136485280999108234e-03
8.484003801076971385e-01
9.070737475811653239e-01
2.059322609108803492e-01
2.952330508474576010e-01
4.134720700985761166e-01
4.630375341784737642e-01
