9.670257568359375000e-01
9.932861328125000000e-01
9.732666015625000000e-01
8.867340087890625000e-01
9.118194580078125000e-01
9.552917480468750000e-01
9.357299804687500000e-01
9.824676513671875000e-01
9.748077392578125000e-01
9.669189453125000000e-01
8.623046875000000000e-01
8.080902099609375000e-01
9.637603759765625000e-01
9.168090820312500000e-01
5.122222900390625000e-01
7.064971923828125000e-01
6.168518066406250000e-01
9.831542968750000000e-01
9.582672119140625000e-01
9.816284179687500000e-01
8.317260742187500000e-01
6.224517822265625000e-01
4.264984130859375000e-01
8.502197265625000000e-01
6.983032226562500000e-01
9.718170166015625000e-01
9.798126220703125000e-01
9.931640625000000000e-01
6.768035888671875000e-01
9.914550781250000000e-01
8.387451171875000000e-01
9.659271240234375000e-01
9.518127441406250000e-01
7.146911621093750000e-01
9.277343750000000000e-01
6.344146728515625000e-01
6.512908935546875000e-01
5.514068603515625000e-01
5.303192138671875000e-01
9.830627441406250000e-01
9.858093261718750000e-01
7.074890136718750000e-01
2.435150146484375000e-01
9.915313720703125000e-01
9.827423095703125000e-01
9.940643310546875000e-01
9.374084472656250000e-01
9.819030761718750000e-01
9.699859619140625000e-01
9.739379882812500000e-01
8.022308349609375000e-01
9.917907714843750000e-01
9.895782470703125000e-01
9.900970458984375000e-01
9.830322265625000000e-01
9.976501464843750000e-01
8.854217529296875000e-01
9.402008056640625000e-01
9.619903564453125000e-01
9.923553466796875000e-01
9.951477050781250000e-01
9.927062988281250000e-01
6.094665527343750000e-01
9.984436035156250000e-01
9.969787597656250000e-01
9.928131103515625000e-01
9.652557373046875000e-01
9.941253662109375000e-01
9.917449951171875000e-01
9.760589599609375000e-01
9.515838623046875000e-01
9.729614257812500000e-01
9.915618896484375000e-01
9.949035644531250000e-01
9.838867187500000000e-01
9.940032958984375000e-01
9.844512939453125000e-01
9.941711425781250000e-01
9.958343505859375000e-01
9.263610839843750000e-01
9.942474365234375000e-01
5.708312988281250000e-01
9.858551025390625000e-01
9.860687255859375000e-01
9.905395507812500000e-01
9.758453369140625000e-01
7.057647705078125000e-01
9.726257324218750000e-01
9.663696289062500000e-01
9.241180419921875000e-01
7.570800781250000000e-01
9.493560791015625000e-01
5.777587890625000000e-01
9.442443847656250000e-01
9.633178710937500000e-01
9.367370605468750000e-01
9.660339355468750000e-01
9.894714355468750000e-01
9.914550781250000000e-01
2.940368652343750000e-01
6.315612792968750000e-01
9.820251464843750000e-01
9.546966552734375000e-01
9.309692382812500000e-01
9.692687988281250000e-01
9.148406982421875000e-01
6.550140380859375000e-01
7.930908203125000000e-01
4.097137451171875000e-01
9.620361328125000000e-01
9.527435302734375000e-01
5.868682861328125000e-01
8.279876708984375000e-01
4.929809570312500000e-01
8.992919921875000000e-01
9.606323242187500000e-01
9.561157226562500000e-01
9.733886718750000000e-01
9.949035644531250000e-01
9.661560058593750000e-01
9.053497314453125000e-01
8.658447265625000000e-01
9.330749511718750000e-01
9.624786376953125000e-01
8.858184814453125000e-01
5.532379150390625000e-01
7.299652099609375000e-01
3.609466552734375000e-01
9.741363525390625000e-01
9.840087890625000000e-01
8.388824462890625000e-01
8.468170166015625000e-01
3.979644775390625000e-01
8.208465576171875000e-01
9.227600097656250000e-01
9.764099121093750000e-01
9.424591064453125000e-01
8.935546875000000000e-01
9.444580078125000000e-01
8.308563232421875000e-01
9.846191406250000000e-01
5.145416259765625000e-01
4.373168945312500000e-01
9.797210693359375000e-01
9.865875244140625000e-01
7.392578125000000000e-01
9.589080810546875000e-01
9.009857177734375000e-01
7.220764160156250000e-01
4.475097656250000000e-01
9.048156738281250000e-01
9.746093750000000000e-01
8.392028808593750000e-01
8.894958496093750000e-01
9.284667968750000000e-01
9.643707275390625000e-01
9.022064208984375000e-01
8.119201660156250000e-01
3.645935058593750000e-01
7.666320800781250000e-01
9.773101806640625000e-01
9.173126220703125000e-01
9.337310791015625000e-01
9.658050537109375000e-01
9.156341552734375000e-01
9.627380371093750000e-01
8.977966308593750000e-01
9.936981201171875000e-01
9.909362792968750000e-01
9.602813720703125000e-01
8.813018798828125000e-01
9.869689941406250000e-01
7.636413574218750000e-01
9.951934814453125000e-01
9.957885742187500000e-01
8.937683105468750000e-01
6.426239013671875000e-01
9.851989746093750000e-01
7.850799560546875000e-01
9.770202636718750000e-01
9.799346923828125000e-01
4.983062744140625000e-01
9.317779541015625000e-01
9.593353271484375000e-01
7.602691650390625000e-01
9.477386474609375000e-01
9.981536865234375000e-01
9.599304199218750000e-01
9.852752685546875000e-01
9.789733886718750000e-01
9.893493652343750000e-01
9.693145751953125000e-01
9.918823242187500000e-01
6.067657470703125000e-01
7.213134765625000000e-01
9.951477050781250000e-01
