6.196092237282169179e-01
6.984235777930088984e-01
7.389749702026221501e-01
6.458492366412214025e-01
3.715062533985861726e-01
4.362131999230325352e-01
2.354329279361045690e-01
7.419137466307277329e-01
7.361355282084065532e-01
7.935631308322224076e-01
3.434225844004656358e-01
2.436252104883329384e-01
4.290865384615384359e-01
3.214685749844430340e-01
2.173966264352339139e-01
1.823939471223327280e-01
1.322828115280945405e-01
7.177914110429447492e-01
5.760347232987134136e-01
5.762055614220344957e-01
1.345157746036728941e-01
1.224641793162150605e-01
2.106313269206535888e-01
1.456175472190791298e-01
4.898075037415492439e-01
7.455922865013774326e-01
7.548638132295719672e-01
2.222222222222222099e-01
9.129520785962504104e-02
9.325301204819277379e-01
4.846637733456868324e-01
7.953066275552296283e-01
6.101715837550919508e-01
3.777703826955075006e-01
6.573330439186745311e-01
4.204542705788442691e-01
3.965885987378871547e-01
1.381372577760839604e-01
2.263923286975296975e-02
2.947903430749682085e-01
6.055979643765903031e-01
2.422325875563285658e-01
1.656351662302626288e-02
8.670658682634730940e-01
6.053733426378227200e-01
8.118045476536042138e-01
3.841765500675574097e-01
8.899406087602078630e-01
5.897810218978102315e-01
8.035652673950546276e-01
4.821606935954292905e-01
9.585292530640561193e-01
7.603508771929824439e-01
8.351955307262569628e-01
8.422695035460993074e-01
9.595694407981096852e-01
1.226778829302488660e-01
2.647279549718574154e-01
2.054226475279106734e-01
9.441222395717153715e-01
8.361669242658423817e-01
7.918118466898954599e-01
2.606644088435633097e-02
8.346839546191248127e-01
8.926829268292683084e-01
8.541795665634674961e-01
5.905412695558353020e-01
9.075408261287223333e-01
7.644754026991728013e-01
7.654357901031544342e-01
8.452497073741709332e-01
8.261552045521436405e-01
8.611250627825213222e-01
8.534444931987713590e-01
6.233951497860199531e-01
7.939171473518615851e-01
9.307744565217391797e-01
9.119815668202765346e-01
8.800527240773285964e-01
8.899103497045874889e-01
9.445261918775750276e-01
1.765429207167115710e-01
7.663810483870967527e-01
8.408298465829846524e-01
7.761732851985559956e-01
7.626686656671664011e-01
3.998817378314452609e-01
8.065351019087674267e-01
7.211538461538461453e-01
7.755258644037194005e-01
1.019646854016413758e-02
8.468036002769443460e-01
1.616323810100887826e-01
2.678821879382889404e-01
5.801606706252182555e-01
8.111935880504577145e-01
6.355599214145383202e-01
8.492791612057667416e-01
5.176571920757967460e-01
7.315998237108858882e-02
1.894323407969384643e-01
6.457142857142856851e-01
5.338357669963887941e-01
5.723199092456040526e-01
6.531174646916982907e-01
5.421657095980311203e-01
1.294855998767903971e-01
2.834117211858585006e-01
9.544742441602169225e-02
6.540600667408231761e-01
8.106505258009293335e-01
3.675986265853829482e-01
4.230218036646534729e-01
9.931692507860782893e-02
4.291151284490961060e-01
6.119133574007220577e-01
5.007811143898628359e-01
8.248820162666934408e-01
8.229994700582935474e-01
7.294792047810708668e-01
3.594589012804625949e-01
0.000000000000000000e+00
5.587969017201488420e-01
5.829375848032564145e-01
4.523164751518700122e-01
1.276405565652653229e-01
8.305699481865284894e-02
9.550137140142107850e-02
7.880190095047523435e-01
7.880258899676375606e-01
4.959182699193201982e-01
3.323357275871242078e-01
1.849992770238169104e-01
4.329936736369343619e-01
7.387354838709677685e-01
8.464899215569456903e-01
7.243421052631578982e-01
5.875118259224219042e-01
7.355561211504199615e-02
3.138771973260708337e-01
8.384097467136902848e-01
1.626750184229918961e-01
1.130886526528452479e-01
4.913892078071182556e-01
7.145177005521272662e-01
3.143407431185298306e-01
5.634624736586156812e-01
5.764360313315927131e-01
2.558120531154238764e-01
1.807218011087227127e-01
6.236273681670085889e-01
5.611814345991561481e-01
5.316652593218079703e-01
6.062632523242538207e-01
7.059340107891105554e-01
8.513874745417515655e-01
2.223974763406940114e-01
5.642213187201696734e-01
9.972975894497891625e-02
1.419434470377019808e-01
6.660678194475634362e-01
6.918921992267454968e-01
5.272153276725451976e-01
5.659500290528762800e-01
7.169550527285758479e-01
8.007181328545780463e-01
6.612895069532237491e-01
8.724521309450278261e-01
6.949152542372881713e-01
7.757580978635424396e-01
5.693644818423383436e-01
9.027445621227651040e-01
4.503193754435770302e-01
7.631578947368421462e-01
9.373723621511231840e-01
7.729511137201187099e-01
8.170946873162125701e-02
6.924540266328471638e-01
1.461048802667475055e-01
8.264377088855595632e-01
8.363817344780390961e-01
2.498174682851145301e-01
7.177755333922484215e-01
5.648269105160026449e-01
5.483008452647921693e-01
7.780154254974398498e-01
9.578397212543553474e-01
6.997484564372284943e-01
7.516726711271229933e-01
7.996801860735571754e-01
8.685499058380414805e-01
7.677829099307159622e-01
9.476171721150059568e-01
3.678775540238907182e-01
3.689883913764510637e-01
9.219440353460972570e-01
