4.546650298141003410e-01
8.743107362958157935e-01
2.773376394005147016e-01
6.806636229181403652e-02
5.005658242172764671e-01
6.919460984017549166e-01
6.031562740569669234e-01
4.260366630722478010e-01
2.765173147811640364e-01
3.274375414547866514e-01
7.431560592850915414e-01
8.044151115157032184e-01
7.955984323183599161e-01
9.146183699870633621e-01
7.409406322282189317e-01
7.393011862828455238e-02
2.933104631217838820e-01
8.042986425339366807e-01
5.440212300967842696e-01
7.347355769230768940e-01
7.581463893892255168e-01
5.888309529207285120e-01
1.568856129874976746e-01
2.993679582302830600e-01
3.475132937128557753e-01
6.729699666295884120e-01
7.711228702680700264e-01
3.790411540093339138e-01
4.232777152216193883e-01
2.229299363057324901e-01
2.571176124091890669e-01
6.209165968649036360e-01
5.740976645435243997e-01
8.684796732875440517e-01
8.117588932806324431e-01
8.438290048264767140e-01
7.269743589743590251e-01
1.804427912300153869e-01
5.615392244371715247e-01
7.527260526757255654e-01
6.174060469059056144e-02
2.328007825236387274e-01
1.456748171677624271e-01
1.160296296296296353e-01
8.177608927935414718e-01
7.652667883952120054e-01
8.627342013337567783e-01
5.565767486273573983e-01
2.011906099067730103e-01
4.556048834628190769e-01
6.956184567661884977e-01
7.900405007363769938e-01
7.719637742859354335e-01
6.616063868392403347e-01
4.145660171685515427e-02
7.832849986817822519e-01
2.108831308903212631e-01
2.533329452174419294e-01
5.192963648767177087e-01
5.086016762240846978e-01
6.207091335708698754e-01
6.818552716340992026e-01
5.432477678571429047e-01
8.573063716138877854e-01
6.572934973637961642e-01
3.902342199285430691e-01
2.748998837359514225e-01
2.771647410099960934e-02
5.953113900071039799e-01
8.511842693281692629e-01
5.443803242649078999e-01
6.836879432624113351e-01
7.081380485726459506e-01
5.539430971930494607e-01
2.717834631071561202e-01
4.649776453055141645e-01
1.672253739040742704e-01
6.731346731346731227e-01
7.122392007052600338e-01
6.180631120783459942e-02
4.156435224386113569e-01
6.798907476954592077e-01
5.510103499260720072e-01
6.964695874096129558e-01
8.638168652184069485e-01
6.267580238009375915e-01
7.526833631484793896e-01
3.686507243847093607e-01
6.054637236464416317e-01
9.649391410855087114e-01
6.823529411764706065e-01
8.208135762415772474e-01
8.258934779585592745e-01
9.384615384615384581e-01
9.251101321585902815e-01
9.347536617842876483e-01
2.055498458376156263e-03
9.343832020997375754e-01
8.878504672897196137e-01
7.704851202609049876e-01
2.875976152489713791e-02
8.094405594405594817e-01
0.000000000000000000e+00
8.145851786241511405e-01
7.028277634961439535e-01
8.962242297892054621e-01
8.029896512073591008e-01
7.578448786264061487e-01
8.687624508041397187e-01
8.058373205741626855e-01
8.826543059282752068e-01
8.481067125645438409e-01
4.969444444444444664e-01
8.081676518001075227e-01
8.944867538892143921e-01
7.968190854870775830e-01
8.122253296044745774e-01
8.860688099266779139e-01
9.226936218678815083e-01
1.185185185185185230e-01
9.178389880600543727e-01
8.037979797979798446e-01
7.347662771285475847e-01
9.532772155490399912e-01
7.717302173021730605e-01
7.184003808616995501e-01
5.449930351338801993e-01
0.000000000000000000e+00
8.842527679736982282e-01
1.832864082175675313e-01
7.915879017013232044e-01
7.801967424608934332e-01
7.512229210342418195e-01
8.086219081272084663e-01
5.436077658252260747e-01
1.190637799882972442e-01
2.808524047740969948e-02
3.001936733376371902e-01
6.518302828618968148e-01
2.013760796369492012e-01
2.234950884612296393e-02
3.813174777030198803e-01
5.641316685584563118e-01
7.696024599165385283e-01
9.341690254751313649e-01
7.366257461425835817e-01
9.181538461538462093e-01
5.815879201169020796e-01
5.534825870646765955e-02
4.370729556975975205e-01
3.565452091767881138e-01
2.106420913700882136e-01
6.292451431113748050e-01
6.440677966101694858e-03
7.211171388386578007e-01
4.417481446577924409e-01
6.250903832248734249e-01
9.913818034588466055e-02
1.520812271988044584e-01
2.621084374423041652e-01
8.885638541000091817e-02
4.777078502815501615e-01
7.811140732425985167e-01
6.516836086404066419e-01
5.798045602605863547e-01
8.522388059701492269e-01
3.721084454846889100e-01
6.585675315612510294e-01
8.547308059891685073e-01
4.336386003280481294e-01
7.836644591611479083e-01
9.021691973969631073e-01
6.614329441106450158e-01
2.712114255334573953e-01
8.008836524300442239e-01
1.486736582356570080e-01
7.015605311621595508e-01
8.160320155226776784e-01
2.054447550610705719e-01
2.819944143256119529e-01
5.933192800389167632e-01
5.425287356321839560e-01
6.618323664732946865e-01
9.512776831345826078e-01
6.346115636797139414e-01
7.568870523415978102e-01
8.436958917047064910e-01
7.841237463878972802e-01
8.206187869987713324e-01
9.542611415168099631e-01
3.261825708248889399e-01
2.954520305411088010e-01
9.332362223840737769e-01
6.842144901340563301e-01
4.715553023520794307e-01
3.276624982822591847e-01
