9.007437975273308028e-01
9.911188274181162994e-01
7.702636677617723526e-01
5.660321530722951522e-01
9.874846895512076062e-01
9.844776402223345269e-01
9.107074768622829275e-01
9.146129816036098203e-01
7.686749389545024513e-01
9.552236469243655659e-01
9.998495234910550478e-01
9.175073184086935951e-01
9.909988727560273825e-01
9.982296823263285823e-01
9.977013993508005996e-01
2.607782302372180228e-01
7.729951747282653995e-01
9.927380651679716950e-01
9.990031931608913673e-01
9.633620689655172376e-01
9.913590338132016733e-01
9.483427618218740474e-01
7.093111157576439396e-01
7.888983319168790809e-01
9.623783643050086711e-01
9.999828605707430373e-01
9.247235719478134053e-01
6.074346898522722249e-01
1.000000000000000000e+00
8.080068528575122810e-01
9.478875892658366054e-01
9.701386178930758719e-01
9.808904871716308538e-01
9.792042914617791194e-01
9.975027877683717570e-01
9.882455225178229385e-01
9.880285360609811773e-01
6.622197941632596008e-01
9.424531348255408281e-01
9.987594092105483989e-01
1.000000000000000000e+00
7.695095670345457606e-01
8.225607441154138000e-01
5.201099584383284125e-01
9.851825018974676995e-01
9.985336760247792709e-01
9.699701350336209504e-01
9.568915005106055638e-01
3.715270413573700803e-01
9.609286523216308273e-01
8.773054079399812411e-01
9.614011641197882652e-01
9.829074198610177060e-01
9.019824396708818748e-01
5.625087454717890845e-01
9.763471488579206214e-01
4.981363202157748082e-01
5.486601094434571113e-01
8.665704110116468906e-01
9.774551747344133457e-01
8.674595564985005947e-01
8.811470281543274385e-01
8.227973465383536800e-01
9.578661948808676607e-01
9.982011550478113726e-01
9.937969378863947822e-01
9.486565008289151724e-01
8.466618250603793472e-01
9.913657897715330014e-01
9.871187724947906306e-01
9.462075686210816849e-01
9.998752611719212702e-01
9.863417924289689109e-01
9.999775729439996930e-01
9.247870953201217104e-01
9.485372658429652715e-01
8.994536029514780262e-01
9.976528499942951544e-01
9.298544080514317134e-01
9.996227281674431309e-01
9.695084007467330567e-01
9.162615678225487503e-01
9.983482569764409176e-01
9.942505361236412265e-01
9.917107840756390624e-01
9.837769209066115073e-01
9.913550084570569298e-01
9.977977610570747391e-01
8.504371318149412939e-01
9.965246125797629917e-01
9.836589359233177676e-01
9.884653075650232656e-01
9.789922311525748322e-01
9.962339782443550007e-01
9.986818844400334738e-01
9.989859436184651553e-01
9.690633898724774209e-01
9.909153209509918847e-01
9.989044354712492968e-01
9.941375778110471684e-01
6.432900032381921873e-01
9.999692146661330883e-01
1.000000000000000000e+00
9.899963362377941500e-01
9.838661832564271625e-01
9.935246194293875233e-01
9.939504027799715979e-01
9.729210805084745894e-01
9.583040225107117838e-01
9.644751816510548359e-01
9.959795736402691224e-01
9.951511335012594994e-01
9.817086701537486304e-01
9.989332161962881651e-01
9.688338772278757283e-01
9.833896762449616524e-01
9.926300373222468609e-01
7.943929053087580572e-01
9.918801173060297627e-01
7.503942720161493884e-01
9.883292064206680161e-01
9.583393423709258840e-01
9.973892911679227424e-01
9.987098884326053305e-01
9.839651431494645939e-01
9.610105631433761841e-01
6.935840707964602281e-01
1.000000000000000000e+00
9.516060593202358975e-01
5.582259121695433146e-01
9.940329485017511679e-01
9.777378637577035514e-01
9.887672356671820539e-01
9.833972547436414802e-01
8.018201162746513289e-01
3.816782397724420850e-01
6.193634975240269736e-01
9.902655688993438066e-01
9.950822772839038599e-01
5.349824405878140787e-01
4.354646759710050774e-01
8.696383238271075955e-01
9.948811096433288759e-01
9.187877375890655118e-01
9.973551920768307655e-01
9.111852770096309229e-01
9.998073774438986927e-01
9.436204711188661554e-01
9.089696673985524500e-01
9.600849925238057470e-01
9.241899068273603524e-01
3.959850458016619945e-01
9.599640787003020925e-01
8.230051208919426653e-01
9.814277611214650143e-01
9.232997766484316582e-01
9.956696223212727626e-01
7.559618940177368351e-01
6.892357755009987930e-01
3.182205879565571660e-01
9.998718042634239245e-01
7.820603593238339979e-01
9.828862787332144357e-01
9.760759243392869156e-01
9.994150246305418817e-01
9.990092626083127980e-01
7.335551715262712547e-01
9.062818645302257448e-01
9.762033155322072941e-01
6.863717216061764326e-01
9.991126194850079578e-01
9.928622645199139951e-01
7.261641862698031691e-01
4.454669519032162794e-01
9.919388308910385144e-01
7.813896017488831669e-01
9.480307660611887455e-01
9.742037512541024125e-01
2.241783607518411381e-01
9.935762563539203285e-01
9.900938912329270147e-01
6.405284234351875661e-01
8.747934995581850837e-01
9.985006778849988551e-01
9.378487133533967013e-01
9.887676767676767398e-01
9.879146009648288596e-01
9.791540140833511208e-01
9.942366150656287704e-01
9.967737865652541718e-01
3.799869065804352686e-01
5.357299110398133779e-01
9.989102856027584076e-01
9.257231935661015543e-01
5.954853179382813000e-01
5.770646923746931556e-01
