4.278558733236387246e-01
8.457886676875957521e-01
2.468248262640785895e-01
7.147489946815410722e-02
5.211895910780669494e-01
6.352128883774453838e-01
5.662476520733997765e-01
4.137708544566319202e-01
2.938908169448575802e-01
2.956915207554593472e-01
8.339674852992043919e-01
7.950082748132576427e-01
7.676007249407500455e-01
8.707350360694092739e-01
6.309037900874635563e-01
7.657789893059341324e-02
2.884969325153374231e-01
5.391670798215171256e-01
5.687269372693727343e-01
6.126971451387502876e-01
7.450714823175319523e-01
5.745951781216265264e-01
1.510103277952402345e-01
2.927647340680402666e-01
3.277808370044053010e-01
6.921367046401778467e-01
7.331527447620100890e-01
3.995588832781937216e-01
4.577745931006244051e-01
1.946870003689583073e-01
2.488787265851728214e-01
6.097862767154105246e-01
5.300629891200611121e-01
8.491864831038798966e-01
7.583626760563380031e-01
7.978182588434653555e-01
6.311164713990351505e-01
1.746204692380329826e-01
5.715126545026486538e-01
8.124897825731567380e-01
2.733024040489245299e-01
2.209386281588447687e-01
1.453628745916773213e-01
1.203630747896246300e-01
8.146235078053259970e-01
7.936141565685709276e-01
7.084438692979617702e-01
5.290372159402788599e-01
2.125094912680333958e-01
4.766878432217077632e-01
6.601048661576671694e-01
7.764377643776437798e-01
7.678809418036428580e-01
6.353823953823953818e-01
4.102062828636915404e-02
7.766604698326854406e-01
2.211685530743346673e-01
2.550030765624542450e-01
5.134166470172129015e-01
5.118418477197103078e-01
6.074682021313165814e-01
6.598919899410479184e-01
5.769549734133372354e-01
8.183523999757883471e-01
7.009159697331740491e-01
3.970782904689864057e-01
1.873851806491120542e-01
8.727876812983195731e-02
6.134743619222809974e-01
7.925072046109510326e-01
4.958739684921230073e-01
7.237299930410577842e-01
7.007200108680885497e-01
5.487932843651626147e-01
2.570938215102974711e-01
3.754006410256410242e-01
1.170808148645623437e-01
5.137999558401412648e-01
6.811156386117745987e-01
1.640930615606341347e-01
4.567363530778165148e-01
6.209832805022065250e-01
5.794763908368396610e-01
5.565178100760599378e-01
8.197725284339457685e-01
5.448275862068965303e-01
6.555079797586609303e-01
3.744239631336405694e-01
5.659958362248438402e-01
9.603497663199155321e-01
4.566596194503171335e-01
8.083067092651756713e-01
8.118933697881066669e-01
9.192577733199598367e-01
7.423704755145493772e-01
8.147502903600464252e-01
1.987142022209234526e-02
9.056087551299589755e-01
7.916188289322617644e-01
7.598303777949113602e-01
2.880087453750420495e-02
8.541666666666666297e-01
1.763100436681222793e-01
7.838068181818181879e-01
6.823204419889502548e-01
8.570480194733347545e-01
7.187603033300362654e-01
7.346821638685607780e-01
8.330933246620523258e-01
7.627026537451317978e-01
8.712245375790212965e-01
8.342425514057910663e-01
4.489795918367346927e-01
7.673104097974564608e-01
8.660534274193548709e-01
7.117741076185402083e-01
7.489878542510121084e-01
8.547489662040745895e-01
8.962018373783079417e-01
1.190156599552572719e-01
8.578355741679524193e-01
7.248462929475587568e-01
7.836687306501547434e-01
9.561592505854801249e-01
7.650940608687087918e-01
6.653854601361739451e-01
5.479234222998253800e-01
2.221235006663704913e-04
8.534041166061283601e-01
1.799981716793125630e-01
7.799554565701558584e-01
7.414768384039137628e-01
7.365536142514559348e-01
7.986677542142468500e-01
5.369339741968125468e-01
1.157772566853786239e-01
3.064294309781674316e-02
2.683461117196057066e-01
6.520890277235454890e-01
1.982977495672244572e-01
2.367585346489735690e-02
3.426602924634420955e-01
5.541689274733224702e-01
7.183531339614911415e-01
9.329595704358812913e-01
6.688281848353331283e-01
9.601460298144204319e-01
5.265243231344926000e-01
9.644819466248037709e-02
3.984468339307049023e-01
3.322434607645875504e-01
2.145367073084451515e-01
5.499869144203087812e-01
1.209009605829745003e-02
4.943927789934354222e-01
3.939489442168295219e-01
5.248571428571429109e-01
9.500055426227690947e-02
1.457578566012300847e-01
2.709250632803692493e-01
1.330241862156755772e-01
4.495653600131211958e-01
7.351309508450522001e-01
6.325120192307692735e-01
5.595703125000000000e-01
7.093373493975904109e-01
4.028306571759642241e-01
6.380476509658156159e-01
7.906679764243614850e-01
4.034463025370382261e-01
8.022788203753351555e-01
8.587943848059454988e-01
6.450222587688206888e-01
2.820384461353624417e-01
7.410597755155311495e-01
1.314282598025849347e-01
6.532685909540508762e-01
8.087740384615385025e-01
2.089096632643327178e-01
2.849193099610461966e-01
6.086014851485148647e-01
5.557259278189510265e-01
6.290787174765075651e-01
9.198036006546644883e-01
6.106702361602447393e-01
6.568059164501298675e-01
8.003870199464125923e-01
7.412823397075365417e-01
8.255775758239352058e-01
9.273016467065868795e-01
3.404901762203767501e-01
2.950846848838173386e-01
9.082819986310746163e-01
6.096398665668186778e-01
4.707634807572515512e-01
3.273909631124565789e-01
