9.737084022798307981e-01
9.802981895633652298e-01
8.331985115677075227e-01
4.687367077839217355e-01
7.562028047464940395e-01
1.000000000000000000e+00
1.000000000000000000e+00
8.915590863952334022e-01
1.000000000000000000e+00
9.037883343355381793e-01
8.421236465246245695e-01
9.845455049022323601e-01
9.027709460567305833e-01
9.858719646799116720e-01
9.416884247171453115e-01
1.000000000000000000e+00
1.000000000000000000e+00
9.922445255474452441e-01
5.827950212698912447e-01
9.990234375000000000e-01
8.858471998568616668e-01
7.688751926040061635e-01
1.000000000000000000e+00
9.949339605572643519e-01
5.832925036746692271e-01
6.928104575163398504e-01
1.000000000000000000e+00
8.686435331230284440e-01
4.577745931006244051e-01
8.640829694323144405e-01
3.961920761584768469e-01
8.217371532514778920e-01
7.878014184397162945e-01
9.883466860888565630e-01
9.238605898123324334e-01
9.385746324445551902e-01
8.847826086956521729e-01
5.468607825295723757e-01
8.699417649693892418e-01
8.442330558858501810e-01
3.662051426956767219e-01
1.000000000000000000e+00
8.823275862068965525e-01
8.636363636363636465e-01
9.382601797990480774e-01
8.524793388429752206e-01
9.992698731404581203e-01
8.304325348957435349e-01
1.000000000000000000e+00
5.503480855295872498e-01
1.000000000000000000e+00
9.951551505363940286e-01
8.639620126624458774e-01
9.820679810866268511e-01
1.000000000000000000e+00
9.129830138074898072e-01
6.547295628550259261e-01
1.000000000000000000e+00
8.010448090648223385e-01
8.362647905340582222e-01
8.559060362051219562e-01
9.102126691686568405e-01
9.838615755760752313e-01
9.988917620982638024e-01
8.140610545790933905e-01
4.845390561901465332e-01
4.643399089529590129e-01
2.159001106369527467e-01
7.232312279750610085e-01
8.630158481092107259e-01
1.000000000000000000e+00
7.417974322396576614e-01
8.277965013641469527e-01
5.492910679333555812e-01
6.572097104416495528e-01
1.000000000000000000e+00
8.064764841942945184e-01
5.560334528076463778e-01
1.000000000000000000e+00
1.743219597550306199e-01
6.141332639250390857e-01
9.996998198919351264e-01
6.181274155342226795e-01
6.457532331352673349e-01
9.944282302998143086e-01
1.000000000000000000e+00
1.000000000000000000e+00
4.064677505806681967e-01
1.000000000000000000e+00
9.891304347826086474e-01
9.866768176627331854e-01
1.000000000000000000e+00
1.000000000000000000e+00
9.997272975184073873e-01
9.961904761904761818e-01
9.763395963813500389e-01
7.391304347826087306e-02
9.975657818476875160e-01
8.398294762484774800e-01
9.471407976934166362e-01
1.000000000000000000e+00
8.631578947368421240e-01
1.767925561029009274e-01
1.000000000000000000e+00
8.647034596375617888e-01
9.885145482388973948e-01
9.793351302785264778e-01
1.000000000000000000e+00
9.628993288590603772e-01
1.000000000000000000e+00
9.662425344066476463e-01
9.861111111111111605e-01
7.735077677841373234e-01
9.085331846068042116e-01
9.997818023128954845e-01
1.000000000000000000e+00
1.000000000000000000e+00
9.613558331507049415e-01
9.986249045072574937e-01
1.000000000000000000e+00
9.998715478484264674e-01
9.957273449920508446e-01
8.741636088927260406e-01
9.719101123595506042e-01
8.780377529105911627e-01
9.958908612754766576e-01
9.971062187925555653e-01
6.784260515603798662e-04
9.958700141288990837e-01
9.787903893951946932e-01
9.063146997929606430e-01
1.000000000000000000e+00
1.000000000000000000e+00
9.650131406044678561e-01
9.870562703456828846e-01
8.469935886328192609e-01
1.000000000000000000e+00
5.326086956521739468e-01
7.982791586998088107e-01
9.992730444896772424e-01
1.000000000000000000e+00
1.000000000000000000e+00
6.157556270096462558e-01
9.999287190819017290e-01
9.665412303664921989e-01
9.998473398977176796e-01
9.746757257566398547e-01
9.993733026947984044e-01
2.426561342878301719e-01
1.000000000000000000e+00
1.000000000000000000e+00
1.000000000000000000e+00
9.794919599161034940e-01
5.721003134796238260e-02
9.436178543461237744e-01
1.000000000000000000e+00
7.368632170076213628e-01
1.000000000000000000e+00
1.000000000000000000e+00
9.968693746575878478e-01
1.338272960117087573e-01
6.737954768928220428e-01
9.325695581014730173e-01
8.691164327002477430e-01
9.947916666666666297e-01
9.676425269645608784e-01
8.736313049721773361e-01
9.863413715146948091e-01
1.000000000000000000e+00
1.000000000000000000e+00
9.193548387096773800e-01
9.971236816874400333e-01
9.527559055118109965e-01
9.961103253182460593e-01
9.823529411764705399e-01
1.000000000000000000e+00
9.965706447187928640e-01
1.000000000000000000e+00
1.000000000000000000e+00
3.029841913940315989e-01
7.059034631257850023e-01
9.991321217071676974e-01
9.884255824306277249e-01
9.890883491728265087e-01
9.995305164319249203e-01
8.975689702267140024e-01
9.552318351394564200e-01
1.000000000000000000e+00
8.742028985507246386e-01
9.858748632249080268e-01
1.000000000000000000e+00
1.000000000000000000e+00
9.824777887462980974e-01
9.856906989543202657e-01
1.000000000000000000e+00
7.776298268974700667e-01
