7.062347030787067270e-01
8.431512725193022195e-01
7.094044907256752408e-01
6.820059891588643453e-01
3.560301813313861419e-01
4.548254620123203251e-01
2.319054652880354617e-01
8.708071278825996187e-01
7.736842105263157521e-01
8.271526677231907376e-01
5.553326646606485673e-01
2.909491571629787554e-01
6.354969785371952229e-01
5.474261892826046694e-01
3.709802402169701807e-01
5.086343892361478991e-01
3.616094576376646108e-01
7.229139911031696730e-01
7.445692883895130842e-01
9.477743124468386293e-01
4.171663120795994217e-01
2.182762894460863745e-01
5.132821813957754165e-01
7.135874877810362005e-01
5.351795157250208712e-01
9.015136622763908480e-01
8.242760100107258125e-01
4.689959080893925103e-01
5.982134281048890889e-01
7.433191107118796159e-01
3.038454989905869374e-01
7.684424419118296434e-01
4.963456414160639651e-01
9.188438021122845578e-01
4.893658998540030836e-01
8.769968051118210983e-01
4.258653094840875730e-01
5.651461194957888567e-01
4.374681702437249742e-01
1.386523960107030051e-01
2.568450221019990543e-01
5.183235046335299412e-01
7.567726930258459328e-01
4.637774902975420610e-01
8.509786476868327343e-01
6.659847002312755393e-01
9.241131567130669300e-01
8.932253313696613128e-01
9.603873239436619969e-01
3.482045701849836861e-01
9.033548100422128524e-01
8.920086393088553223e-01
9.349694780117104864e-01
8.679700699975863021e-01
5.337404031787366110e-01
6.282803334362457859e-01
8.630024610336340940e-01
1.522541244327579694e-02
5.636768960774083403e-01
6.693130265716137339e-01
8.414948453608247503e-01
7.539312438997939347e-01
4.095753975187838569e-01
8.528928090895500080e-01
7.658849246044977521e-01
5.416710512469746774e-01
7.022749074962313376e-01
6.069609507640068014e-01
9.085720680393912785e-01
3.331761377033718441e-01
9.262463947259991226e-01
8.740629685157421669e-01
3.419460244463269905e-01
3.746842394288852351e-01
8.986797359471894175e-01
8.813920454545454142e-01
3.607462997706900043e-01
9.033557046979865390e-01
6.021912684903263369e-01
6.934955878166808585e-01
8.547909120842936970e-01
3.106757822771495925e-01
6.342134535448744614e-01
9.472059277554800705e-01
7.281553398058252524e-01
9.402423735896364709e-01
5.204942736588306085e-01
7.285318559556787088e-01
6.954495614035087758e-01
8.966680725432306653e-01
8.551906779661017088e-01
5.007156178167151417e-01
7.786561264822133843e-01
9.178398338333717543e-01
2.113462584839199271e-02
6.691206543967279652e-01
8.315569717613449097e-01
8.947076612903225312e-01
6.664648910411622440e-01
4.333463220331644772e-01
8.797619047619047450e-01
7.116493656286043690e-01
8.408671879966940210e-01
8.866270715585784501e-01
7.671014953865733510e-01
8.482714468629961591e-01
9.162360620070709727e-01
5.974524644637253523e-01
2.095064148253741876e-01
9.301503094606542454e-01
9.585201793721973562e-01
1.833352383129500385e-01
7.229522558037669855e-01
5.916773516726890891e-01
1.244604316546762540e-01
3.800831792975970513e-01
7.403765102556898459e-01
8.541944074567243694e-01
7.732765080554514503e-01
6.277533039647577029e-01
9.048714998082086902e-01
7.650957290132547328e-01
8.508450676641663435e-01
9.194110809763657022e-01
8.740601503759398705e-01
5.778409988936304975e-01
6.957589769525323042e-01
9.512096774193548043e-01
7.687987637103765870e-01
9.388124547429399502e-01
5.331096591912414251e-01
6.519481953994421541e-01
8.062724378513852486e-01
5.930946762397282246e-01
9.597741707833451485e-01
4.481065918653576174e-01
4.897400820793433862e-01
8.281327389796929728e-01
4.908389585342333716e-01
9.141164856860809484e-01
9.513412351840299097e-01
1.591701667303041801e-01
6.408067779463834102e-01
6.416811450318523624e-01
7.083844580777096112e-02
5.731866492634719590e-01
6.498380129589632626e-01
5.512182993535554854e-01
5.239944521497919006e-01
1.918540651045761991e-01
4.146820809248554784e-01
9.477325134511913607e-01
4.559151054631206401e-01
7.783857729138167203e-01
3.912784640571513872e-01
9.487847222222222099e-01
9.114624505928853315e-01
6.313598724704423404e-01
4.445262109865373845e-01
8.614993646759847579e-01
6.149972020145495488e-01
7.137800252844500593e-01
7.104569420035149463e-01
6.145388907121759337e-01
7.006810193321616476e-01
3.901325214899713512e-01
7.043368154479265897e-01
5.312250863672601797e-01
6.616368705920945281e-01
9.132519616390584183e-01
7.405882352941176583e-01
3.017751479289940697e-01
8.843797856049004924e-01
6.994371118012422395e-01
5.534591194968553340e-01
7.560218708438007917e-01
0.000000000000000000e+00
8.557274784416855073e-01
8.844984802431611337e-01
6.948396371387498549e-01
1.593495934959349714e-01
7.018469656992084582e-01
5.654613684985796418e-01
9.601718202204605201e-02
8.828106578637113788e-01
9.061965405816384544e-01
8.922942206654991271e-01
9.386767079074771758e-02
8.386936613890880743e-01
8.215552178318136223e-01
7.041822096867134118e-01
5.696778711484593583e-01
6.846082378445339511e-01
6.565528634361234017e-01
8.579873951768320905e-01
3.736591660617791799e-01
5.503419452887537977e-01
9.497826412831659182e-01
8.568904593639575795e-01
8.495575221238937935e-01
7.697296559257236215e-01
8.376886271623114055e-01
8.636363636363636465e-01
8.494296577946768290e-01
9.073611977542108686e-01
8.065124250214223967e-01
7.514410275916552084e-01
8.802598553078399002e-01
8.902439024390244038e-01
8.675937122128174472e-01
6.329656242620517181e-01
8.360741049125728352e-01
9.292807703882034476e-01
7.611907580341092938e-01
7.762183235867445852e-01
9.205604592309116763e-01
9.526934645884604924e-01
9.385439811789308973e-01
8.737122557726465510e-01
4.720007938345516241e-01
7.586422738782826469e-01
8.443718021603183743e-01
0.000000000000000000e+00
8.850988192475348626e-01
1.610343539955190343e-03
8.348300557008070388e-01
5.003956043956043764e-01
8.956142985881646590e-01
2.409857430591208771e-01
5.179998149119289241e-01
8.796255409343813891e-01
4.564080521527330014e-01
9.054247278881788485e-01
7.447514087667680416e-01
9.516689201728572023e-01
8.260086720070551891e-01
9.608699061609640157e-01
8.770591937215415079e-01
9.348883800801374155e-01
9.532572272391662827e-01
1.385347611762706155e-01
6.026410202297325380e-01
7.463054187192118549e-01
7.923576762680631935e-01
9.508670520231213841e-01
9.121487930352196738e-01
8.215554855831946890e-01
3.708950062249273816e-01
8.405971173644475325e-01
3.494197638157558461e-01
8.821801566579634546e-01
8.946269640698824022e-01
8.767559468065180273e-01
9.635557478101005602e-01
9.342093172838371595e-01
9.354203379288897890e-01
8.450197516930022523e-01
9.747075561176098413e-01
3.652311074996414941e-01
8.561250805931657215e-01
6.972136222910216286e-02
7.708259356579788557e-01
7.770622848895303303e-01
9.498055850123718891e-01
9.046938289254229382e-01
8.205941628722848158e-01
6.643975493533015309e-01
8.820775261324041994e-01
9.125984484233503613e-01
1.531555496442109365e-01
7.464992220493442687e-01
8.086266732771443255e-01
9.331809910710507916e-01
8.926988739556847019e-01
7.684352052952735379e-01
9.038202522346027168e-01
6.303281202085250223e-01
9.607541125007701410e-01
9.138831437435367411e-01
9.297998749218261416e-01
4.960345320747848175e-01
7.497392340932796939e-01
7.904420363296171814e-01
9.623623381338496374e-01
9.434696918713647573e-01
8.021266759130837309e-01
9.122343030659222363e-01
8.417869924719240116e-01
9.708719259022676740e-01
8.567914616859835242e-01
7.920158136736711318e-01
5.825069239703386526e-01
9.056580259222333229e-01
8.211719060006172910e-01
9.167431493378785934e-01
6.902178592956169645e-01
9.166819768510012789e-01
8.799713459446552033e-01
6.984385165907611714e-01
8.924170089930054672e-01
9.471114437435403932e-01
7.856102534226624412e-01
9.337010787976119941e-01
7.313580736263192161e-01
9.344915595755161064e-01
9.580651268458917347e-01
8.853811149032991823e-01
7.404546546065796653e-01
9.344762925261184128e-01
9.287161539878430183e-01
7.241200290727858313e-01
8.994620611551529255e-01
7.531195291838939099e-01
4.277730120356650900e-01
8.462207357859531376e-01
5.467494948482874983e-01
8.843508248671824168e-01
4.781670844750189331e-01
2.932785716042399238e-01
3.497658688865764587e-01
9.108152205582424887e-01
7.418838388330516453e-01
9.237042569081403975e-01
6.827949722935532373e-01
9.421994515803145953e-01
7.475966912586631263e-01
9.171023151605676160e-01
8.212913143735588450e-01
9.273543313341542360e-01
9.728096676737160164e-01
9.055078322385042844e-01
9.572041408718435784e-01
3.459106669386090016e-01
9.141504969238050116e-01
9.381280505311513362e-01
0.000000000000000000e+00
8.147506258424802583e-01
9.101273953538164818e-01
6.296801783358354498e-01
6.168513768571843858e-01
9.437541496727687163e-01
7.288006111535523246e-01
8.331473836884971673e-01
8.570515721930829223e-01
9.561837615528890888e-01
2.518742900416509056e-01
9.351545382499650838e-01
8.780900283948555041e-01
9.636432637571157311e-01
8.470550981633945264e-01
9.368108234926096900e-01
9.237462288487604534e-01
6.957312935660970865e-01
7.991408934707904255e-01
9.583553535567064241e-01
9.546808235141783783e-01
9.356448704982190945e-01
7.892770298321570843e-01
9.754147631642221539e-01
8.854870468321686117e-01
7.996796338672769178e-01
6.254706421084766932e-01
9.198100480276293345e-01
7.933206386406913557e-01
4.998142817346086231e-01
8.587624341720304644e-01
9.717308844080654318e-01
6.964047936085219215e-01
8.859919742061190817e-01
1.389138861968711169e-01
9.374907475943745627e-01
8.653591121658407159e-01
9.301521438450899293e-01
8.730499840815026946e-01
9.064966222615064018e-01
9.107406314547064063e-01
9.597182260144855315e-01
5.715994282547183225e-01
9.547550432276656895e-01
9.123765381007559183e-01
7.623529411764705666e-01
8.677964748388127258e-01
8.846342259960809917e-01
6.372200230495564943e-01
9.242121570386073737e-01
8.248337028824833661e-01
8.444558521560574516e-01
9.489482186593478641e-01
7.127418511417117353e-01
8.196986006458557572e-01
8.907119021134594083e-01
5.492294282376068981e-01
8.273208273208273456e-01
7.783839999999999648e-01
3.060801270737734114e-01
4.781763180639584943e-01
9.421965317919075433e-01
9.192359249329759008e-01
0.000000000000000000e+00
9.571121046530882692e-01
2.905878769418215185e-02
7.445148707947343292e-01
9.684294164385980341e-01
8.832002341430781334e-01
9.404841216966466355e-01
7.872283517218321425e-01
9.574905725059993378e-01
3.589356017997750170e-01
8.733441033925686270e-01
5.459998442003582975e-01
8.953154188820232617e-01
7.355462053919277210e-01
7.862251655629138858e-01
8.550103842159917367e-01
9.606950765411667037e-01
4.884154758795657414e-01
8.808099104052786732e-01
9.413308937591980952e-01
6.807394613957653551e-01
3.846240053793567037e-01
8.746990588750274132e-01
1.096898670858939551e-01
8.809135399673735378e-01
4.684282772820864693e-01
7.765571264807030749e-01
0.000000000000000000e+00
8.921491958790928045e-01
9.319179722582576764e-01
2.933897243107769226e-01
8.617080400148202646e-01
9.009727316217509552e-01
5.016111487387886481e-01
9.507591063903481077e-01
6.344077421418859997e-01
7.601747978085050539e-01
8.941523755974135623e-01
7.245757385292268538e-01
8.916756756756756275e-01
5.475069956754006206e-01
6.503681222952846230e-01
5.404426469934670019e-01
7.218224299065421068e-01
6.170139486826243802e-01
0.000000000000000000e+00
5.689794816414687206e-01
8.505151234975564245e-01
8.566011011354031091e-01
8.852613700698245269e-01
8.825544059935782615e-01
7.417659425367905124e-01
9.160044433051354185e-01
9.499169354050620573e-01
8.498824911868390064e-01
9.452666852834403777e-01
6.249368048533872066e-01
9.006994835588677528e-01
7.581080146601203440e-01
9.047202797202796853e-01
8.312284163788850044e-01
8.407443857922519692e-01
9.544498948843728181e-01
8.635471698113207362e-01
6.963304768182817517e-01
0.000000000000000000e+00
2.430211430459200406e-01
8.787168205772857288e-01
9.525336053331390218e-01
9.619010212097407475e-01
5.024403913967445678e-01
9.025662424368871006e-01
9.690075984342619853e-01
9.080557927697124887e-01
8.106276747503566860e-01
8.618843683083511342e-01
5.287578540357660284e-01
8.948571428571429065e-01
5.575815738963532109e-01
9.121093750000000000e-01
9.090909090909090606e-01
7.444298820445609532e-01
8.703220191470844025e-01
8.854568854568855008e-01
8.814229249011857892e-01
1.452681051057466421e-01
6.463306808134394732e-01
9.500978473581213057e-01
8.847656250000000000e-01
8.479262672811059831e-01
8.540983606557377428e-01
6.478896922818228044e-01
8.639154160982264186e-01
7.189763963542883385e-01
7.208998168977243104e-01
9.530306689205505499e-01
4.232851985559566987e-01
9.339325842696629687e-01
7.823159784560144159e-01
9.623981067578227799e-01
9.246624022743425986e-01
8.833634719710669048e-01
7.812995245641838338e-01
9.143272023233300905e-01
2.605663567202028963e-01
7.734375000000000000e-01
6.199135758012243036e-01
3.277770788778462951e-01
9.264828738512949080e-01
8.710992907801418106e-01
9.199434750552961670e-01
8.750952545895392953e-01
8.106334099113882141e-01
8.207048458149779346e-01
6.547765477654776678e-01
9.266572637517630495e-01
9.292896529354525148e-01
9.568119356105221351e-01
8.546705125360549715e-01
8.585488545027065710e-01
5.905101889037631807e-02
8.459701492537313738e-01
7.788461538461538547e-01
8.509057129586623525e-01
6.341080402010049744e-01
8.290929203539822989e-01
9.504540071061982065e-01
8.025889967637540590e-01
9.445554445554446010e-01
9.433237271853986972e-01
9.268774703557312034e-01
7.227014131033216993e-01
7.966970387243735852e-01
9.333862014274385555e-01
7.440966501922020582e-01
8.665338645418326768e-01
3.385449904275685817e-01
6.408706761006289776e-01
9.084406294706723894e-01
8.226837060702875126e-01
8.429796355841372435e-01
6.632503660322108807e-01
7.854634831460673983e-01
8.676607642124883890e-01
5.000966183574879764e-01
8.611261505143475992e-01
8.179848320693391406e-01
8.801518438177874382e-01
7.368640533778147983e-01
9.662053427743804157e-01
7.605326347958960564e-01
8.171628077912531651e-01
9.174184594031922213e-01
9.285336156696665233e-01
7.240315392526568417e-01
9.222222222222222765e-01
7.109050207866964843e-01
4.554439403758911431e-01
6.988547807820018054e-01
8.474462365591397539e-01
6.726943942133815080e-01
8.763277693474962327e-01
3.506939476319931304e-01
8.074412532637075257e-01
7.897980143786375029e-01
9.048131631554666710e-01
1.484660491204215227e-01
5.250661859967329370e-01
1.733798498784226705e-02
8.232423009877978259e-01
9.189895470383275811e-01
7.851685393258427403e-01
9.090340731478586678e-01
8.609656777196044164e-01
6.134169884169884401e-01
7.030463576158940686e-01
9.084084084084084187e-01
9.130434782608695121e-01
9.254587155963303058e-01
9.279279279279278869e-01
9.215328467153284242e-01
9.566137566137565829e-01
6.249057236235648904e-01
8.571428571428570953e-01
8.723529411764705532e-01
9.099249374478731722e-01
8.903150525087514255e-01
9.458178123941753945e-01
1.072094720622820546e-01
9.074702886247877354e-01
6.356107660455486696e-01
8.378048780487804548e-01
7.598294647086688558e-01
9.062500000000000000e-01
7.791095890410958402e-01
8.546433378196500730e-01
6.376200910163491997e-01
5.327370304114490418e-01
9.522835719154737477e-01
5.244279529993816080e-01
8.621700879765396008e-01
6.416875645375423876e-01
