8.608093261718750000e-01
9.832611083984375000e-01
9.863739013671875000e-01
7.439880371093750000e-01
6.770324707031250000e-01
9.594879150390625000e-01
9.603271484375000000e-01
9.924774169921875000e-01
9.829406738281250000e-01
9.750366210937500000e-01
9.391174316406250000e-01
5.237579345703125000e-01
8.932342529296875000e-01
7.382659912109375000e-01
7.522735595703125000e-01
7.169189453125000000e-01
9.060668945312500000e-01
7.728424072265625000e-01
9.583740234375000000e-01
9.859466552734375000e-01
5.861663818359375000e-01
7.497711181640625000e-01
7.570495605468750000e-01
9.776458740234375000e-01
7.451629638671875000e-01
9.923553466796875000e-01
9.850006103515625000e-01
8.712921142578125000e-01
9.361724853515625000e-01
9.825592041015625000e-01
5.632781982421875000e-01
9.600067138671875000e-01
7.981109619140625000e-01
9.910888671875000000e-01
8.025360107421875000e-01
9.976501464843750000e-01
5.851593017578125000e-01
8.826141357421875000e-01
8.820190429687500000e-01
8.919372558593750000e-01
6.562500000000000000e-01
9.651031494140625000e-01
7.734069824218750000e-01
9.367523193359375000e-01
9.948883056640625000e-01
8.854064941406250000e-01
9.974212646484375000e-01
9.977874755859375000e-01
9.965667724609375000e-01
9.908599853515625000e-01
9.933624267578125000e-01
9.984741210937500000e-01
9.920349121093750000e-01
9.916534423828125000e-01
8.415374755859375000e-01
9.816284179687500000e-01
9.974517822265625000e-01
2.913818359375000000e-01
8.596343994140625000e-01
9.688568115234375000e-01
9.943695068359375000e-01
9.653778076171875000e-01
9.484405517578125000e-01
9.849853515625000000e-01
9.035797119140625000e-01
8.670806884765625000e-01
9.337005615234375000e-01
9.858703613281250000e-01
9.875335693359375000e-01
9.568481445312500000e-01
9.972686767578125000e-01
9.948730468750000000e-01
8.340606689453125000e-01
6.524963378906250000e-01
9.845428466796875000e-01
9.974517822265625000e-01
8.128356933593750000e-01
9.989013671875000000e-01
7.468109130859375000e-01
8.685607910156250000e-01
9.932708740234375000e-01
9.199981689453125000e-01
9.046630859375000000e-01
9.973907470703125000e-01
9.931640625000000000e-01
9.978179931640625000e-01
9.514465332031250000e-01
9.925231933593750000e-01
9.660949707031250000e-01
9.962615966796875000e-01
9.582824707031250000e-01
8.243408203125000000e-01
9.880371093750000000e-01
9.945678710937500000e-01
4.784393310546875000e-01
9.876556396484375000e-01
9.064331054687500000e-01
9.681243896484375000e-01
9.831848144531250000e-01
8.002929687500000000e-01
9.969177246093750000e-01
9.961853027343750000e-01
9.618072509765625000e-01
9.638824462890625000e-01
9.553222656250000000e-01
9.963836669921875000e-01
9.953002929687500000e-01
6.672668457031250000e-01
7.292327880859375000e-01
9.987945556640625000e-01
9.983062744140625000e-01
8.909759521484375000e-01
9.613952636718750000e-01
9.465484619140625000e-01
8.885803222656250000e-01
9.590606689453125000e-01
9.718017578125000000e-01
9.565582275390625000e-01
9.261322021484375000e-01
9.896850585937500000e-01
9.962158203125000000e-01
9.951324462890625000e-01
8.837890625000000000e-01
9.968261718750000000e-01
9.989776611328125000e-01
9.592437744140625000e-01
9.357452392578125000e-01
9.981536865234375000e-01
9.064025878906250000e-01
9.974212646484375000e-01
8.789672851562500000e-01
8.076782226562500000e-01
8.690795898437500000e-01
6.290130615234375000e-01
9.982604980468750000e-01
7.718353271484375000e-01
9.943084716796875000e-01
9.947052001953125000e-01
9.274902343750000000e-01
9.973449707031250000e-01
9.976196289062500000e-01
4.959716796875000000e-01
9.133148193359375000e-01
9.339141845703125000e-01
6.533508300781250000e-01
9.650726318359375000e-01
9.604187011718750000e-01
8.347473144531250000e-01
9.738159179687500000e-01
6.863403320312500000e-01
9.227447509765625000e-01
9.979248046875000000e-01
8.098907470703125000e-01
9.975280761718750000e-01
8.751831054687500000e-01
9.918975830078125000e-01
9.965820312500000000e-01
8.729705810546875000e-01
8.041992187500000000e-01
9.916839599609375000e-01
9.790039062500000000e-01
8.618164062500000000e-01
9.597778320312500000e-01
9.283142089843750000e-01
9.168395996093750000e-01
7.921447753906250000e-01
9.714965820312500000e-01
8.654174804687500000e-01
9.685211181640625000e-01
9.969635009765625000e-01
9.932708740234375000e-01
8.811645507812500000e-01
9.953918457031250000e-01
9.054870605468750000e-01
9.447479248046875000e-01
9.496154785156250000e-01
7.197875976562500000e-01
9.640045166015625000e-01
9.947814941406250000e-01
9.060668945312500000e-01
9.132232666015625000e-01
9.793090820312500000e-01
8.109436035156250000e-01
5.632781982421875000e-01
9.924163818359375000e-01
9.849395751953125000e-01
9.962463378906250000e-01
4.859313964843750000e-01
9.553833007812500000e-01
9.785003662109375000e-01
8.511657714843750000e-01
9.624938964843750000e-01
9.223022460937500000e-01
9.048309326171875000e-01
9.167938232421875000e-01
8.815002441406250000e-01
8.555297851562500000e-01
9.948883056640625000e-01
9.950561523437500000e-01
9.929962158203125000e-01
9.485321044921875000e-01
9.932708740234375000e-01
9.988555908203125000e-01
9.969787597656250000e-01
9.954681396484375000e-01
9.827728271484375000e-01
8.703765869140625000e-01
9.876251220703125000e-01
9.864044189453125000e-01
9.966583251953125000e-01
8.339843750000000000e-01
9.759674072265625000e-01
9.964141845703125000e-01
9.168853759765625000e-01
9.912414550781250000e-01
9.803619384765625000e-01
9.947204589843750000e-01
9.641265869140625000e-01
9.457550048828125000e-01
7.564239501953125000e-01
8.705596923828125000e-01
9.832916259765625000e-01
8.028869628906250000e-01
9.585723876953125000e-01
3.472442626953125000e-01
9.556579589843750000e-01
9.132843017578125000e-01
9.893951416015625000e-01
4.134826660156250000e-01
7.615814208984375000e-01
9.584045410156250000e-01
7.684326171875000000e-01
9.505462646484375000e-01
8.437957763671875000e-01
9.721832275390625000e-01
9.277496337890625000e-01
9.771575927734375000e-01
9.493255615234375000e-01
9.652862548828125000e-01
9.874420166015625000e-01
7.680053710937500000e-01
7.988891601562500000e-01
9.701385498046875000e-01
9.019927978515625000e-01
9.898834228515625000e-01
9.796752929687500000e-01
8.789367675781250000e-01
6.530303955078125000e-01
9.007720947265625000e-01
4.174499511718750000e-01
9.944915771484375000e-01
9.853668212890625000e-01
9.598388671875000000e-01
9.897155761718750000e-01
9.562988281250000000e-01
9.904937744140625000e-01
9.664764404296875000e-01
9.987792968750000000e-01
7.973632812500000000e-01
9.319000244140625000e-01
1.976318359375000000e-01
9.015197753906250000e-01
9.693603515625000000e-01
9.956665039062500000e-01
9.511718750000000000e-01
9.266510009765625000e-01
9.398193359375000000e-01
9.834747314453125000e-01
9.547882080078125000e-01
4.170837402343750000e-01
8.955841064453125000e-01
9.941101074218750000e-01
9.759063720703125000e-01
9.774627685546875000e-01
9.658355712890625000e-01
9.520568847656250000e-01
8.528442382812500000e-01
9.902801513671875000e-01
9.491729736328125000e-01
9.931488037109375000e-01
7.042694091796875000e-01
9.487457275390625000e-01
9.589843750000000000e-01
9.905090332031250000e-01
9.820556640625000000e-01
9.804077148437500000e-01
9.863281250000000000e-01
9.804382324218750000e-01
9.930419921875000000e-01
8.951721191406250000e-01
9.261474609375000000e-01
8.573913574218750000e-01
9.884490966796875000e-01
9.381103515625000000e-01
9.709320068359375000e-01
8.902130126953125000e-01
9.861602783203125000e-01
9.309692382812500000e-01
8.585510253906250000e-01
9.112854003906250000e-01
9.773559570312500000e-01
9.213867187500000000e-01
9.710235595703125000e-01
9.172668457031250000e-01
9.553527832031250000e-01
9.932403564453125000e-01
9.877014160156250000e-01
9.010467529296875000e-01
9.813385009765625000e-01
9.940948486328125000e-01
8.783721923828125000e-01
9.458160400390625000e-01
8.988647460937500000e-01
6.641082763671875000e-01
9.649200439453125000e-01
5.858459472656250000e-01
9.053344726562500000e-01
5.902557373046875000e-01
5.615234375000000000e-01
6.948852539062500000e-01
9.532928466796875000e-01
9.557189941406250000e-01
9.610290527343750000e-01
7.851257324218750000e-01
9.877777099609375000e-01
9.483184814453125000e-01
9.966125488281250000e-01
9.645233154296875000e-01
9.720916748046875000e-01
9.958801269531250000e-01
9.971466064453125000e-01
9.745788574218750000e-01
9.510650634765625000e-01
9.861602783203125000e-01
9.802703857421875000e-01
3.572235107421875000e-01
9.559631347656250000e-01
9.487609863281250000e-01
8.757934570312500000e-01
8.791961669921875000e-01
9.638061523437500000e-01
9.187469482421875000e-01
9.087219238281250000e-01
9.180755615234375000e-01
9.704132080078125000e-01
6.985168457031250000e-01
9.575500488281250000e-01
9.109039306640625000e-01
9.926910400390625000e-01
9.631500244140625000e-01
9.876708984375000000e-01
9.733886718750000000e-01
8.494720458984375000e-01
9.464874267578125000e-01
9.879760742187500000e-01
9.946594238281250000e-01
9.553375244140625000e-01
8.915710449218750000e-01
9.937591552734375000e-01
9.547424316406250000e-01
9.332122802734375000e-01
8.876800537109375000e-01
9.773254394531250000e-01
9.354095458984375000e-01
8.356170654296875000e-01
9.410705566406250000e-01
9.891967773437500000e-01
8.851928710937500000e-01
9.250030517578125000e-01
2.407684326171875000e-01
9.742279052734375000e-01
9.705657958984375000e-01
9.861297607421875000e-01
9.269866943359375000e-01
9.774017333984375000e-01
9.815368652343750000e-01
9.938049316406250000e-01
7.759094238281250000e-01
9.808349609375000000e-01
9.757690429687500000e-01
9.645538330078125000e-01
8.989410400390625000e-01
9.784393310546875000e-01
8.895263671875000000e-01
9.716339111328125000e-01
9.867401123046875000e-01
9.722595214843750000e-01
9.551544189453125000e-01
9.748535156250000000e-01
9.488830566406250000e-01
9.940032958984375000e-01
6.291198730468750000e-01
9.945220947265625000e-01
7.886505126953125000e-01
7.600250244140625000e-01
7.420501708984375000e-01
9.906921386718750000e-01
9.705810546875000000e-01
5.484008789062500000e-01
9.920959472656250000e-01
7.568054199218750000e-01
9.280395507812500000e-01
9.727172851562500000e-01
9.147491455078125000e-01
9.959106445312500000e-01
9.514465332031250000e-01
9.981079101562500000e-01
4.434509277343750000e-01
9.940185546875000000e-01
9.110717773437500000e-01
9.555358886718750000e-01
9.482116699218750000e-01
9.753723144531250000e-01
9.829559326171875000e-01
9.942016601562500000e-01
7.907714843750000000e-01
9.437713623046875000e-01
9.774932861328125000e-01
9.238433837890625000e-01
8.324279785156250000e-01
9.825286865234375000e-01
4.296722412109375000e-01
9.877471923828125000e-01
9.527282714843750000e-01
9.286193847656250000e-01
4.209442138671875000e-01
9.515991210937500000e-01
9.583587646484375000e-01
9.311676025390625000e-01
9.772186279296875000e-01
9.620971679687500000e-01
6.294708251953125000e-01
9.869842529296875000e-01
9.302520751953125000e-01
8.316802978515625000e-01
9.885101318359375000e-01
8.997039794921875000e-01
9.388427734375000000e-01
8.914337158203125000e-01
9.050750732421875000e-01
6.844329833984375000e-01
9.091644287109375000e-01
9.660644531250000000e-01
1.165618896484375000e-01
8.538360595703125000e-01
9.309234619140625000e-01
9.042205810546875000e-01
9.907226562500000000e-01
9.748840332031250000e-01
9.775085449218750000e-01
9.700012207031250000e-01
9.687194824218750000e-01
9.844055175781250000e-01
9.940185546875000000e-01
8.188781738281250000e-01
9.768218994140625000e-01
9.466247558593750000e-01
9.950103759765625000e-01
9.477996826171875000e-01
9.728393554687500000e-01
9.940490722656250000e-01
9.586181640625000000e-01
9.789123535156250000e-01
3.702697753906250000e-01
7.202911376953125000e-01
9.234466552734375000e-01
9.801177978515625000e-01
9.911193847656250000e-01
6.748962402343750000e-01
9.786224365234375000e-01
9.897308349609375000e-01
9.852142333984375000e-01
9.918975830078125000e-01
9.960632324218750000e-01
9.851226806640625000e-01
9.971923828125000000e-01
9.929656982421875000e-01
9.979400634765625000e-01
9.989776611328125000e-01
9.970245361328125000e-01
9.954528808593750000e-01
9.972839355468750000e-01
9.972534179687500000e-01
9.389495849609375000e-01
9.755859375000000000e-01
9.992218017578125000e-01
9.963989257812500000e-01
9.994964599609375000e-01
9.972839355468750000e-01
9.680480957031250000e-01
9.939117431640625000e-01
9.266052246093750000e-01
9.674377441406250000e-01
9.940643310546875000e-01
9.804992675781250000e-01
9.887847900390625000e-01
9.851989746093750000e-01
9.978179931640625000e-01
9.983825683593750000e-01
9.960632324218750000e-01
9.936828613281250000e-01
9.972991943359375000e-01
9.466094970703125000e-01
9.499969482421875000e-01
9.677886962890625000e-01
8.369293212890625000e-01
9.986572265625000000e-01
9.889068603515625000e-01
9.801177978515625000e-01
9.724884033203125000e-01
9.911956787109375000e-01
9.937896728515625000e-01
9.871520996093750000e-01
9.960327148437500000e-01
9.966735839843750000e-01
9.983215332031250000e-01
9.900054931640625000e-01
9.605255126953125000e-01
9.034729003906250000e-01
9.960632324218750000e-01
9.912261962890625000e-01
9.951019287109375000e-01
9.822235107421875000e-01
9.952850341796875000e-01
9.961700439453125000e-01
9.934844970703125000e-01
9.983062744140625000e-01
9.981994628906250000e-01
9.988708496093750000e-01
9.769439697265625000e-01
9.891052246093750000e-01
9.974365234375000000e-01
9.928894042968750000e-01
9.979553222656250000e-01
9.367370605468750000e-01
8.884735107421875000e-01
9.970703125000000000e-01
9.932250976562500000e-01
9.910583496093750000e-01
9.649047851562500000e-01
9.906768798828125000e-01
9.934997558593750000e-01
9.210510253906250000e-01
9.921722412109375000e-01
9.974365234375000000e-01
9.966278076171875000e-01
9.903717041015625000e-01
9.983978271484375000e-01
9.832611083984375000e-01
9.696350097656250000e-01
9.981842041015625000e-01
9.979400634765625000e-01
9.877166748046875000e-01
9.972229003906250000e-01
9.862060546875000000e-01
9.487152099609375000e-01
9.321899414062500000e-01
9.965362548828125000e-01
9.972381591796875000e-01
9.975128173828125000e-01
9.307556152343750000e-01
9.819946289062500000e-01
9.718933105468750000e-01
9.905548095703125000e-01
8.471069335937500000e-01
7.426910400390625000e-01
7.163391113281250000e-01
9.767913818359375000e-01
9.985809326171875000e-01
9.927062988281250000e-01
9.955596923828125000e-01
9.963531494140625000e-01
9.877777099609375000e-01
9.828948974609375000e-01
9.981384277343750000e-01
9.961547851562500000e-01
9.990081787109375000e-01
9.941406250000000000e-01
9.986877441406250000e-01
9.987487792968750000e-01
9.317016601562500000e-01
9.987792968750000000e-01
9.867553710937500000e-01
9.752807617187500000e-01
9.985656738281250000e-01
9.975585937500000000e-01
8.320159912109375000e-01
9.983367919921875000e-01
9.865722656250000000e-01
9.979705810546875000e-01
9.922637939453125000e-01
9.985809326171875000e-01
9.960632324218750000e-01
9.983520507812500000e-01
9.671936035156250000e-01
9.402160644531250000e-01
9.989318847656250000e-01
9.882659912109375000e-01
9.956970214843750000e-01
9.629364013671875000e-01
