6.899894423649102215e-01
8.559635639054938849e-01
7.312072892938497048e-01
6.832669322709162829e-01
3.852357320099255578e-01
2.546306883146581268e-01
2.844903988183161148e-01
9.058762350494019566e-01
7.671207658321060885e-01
8.049357326478149277e-01
5.577257388281010586e-01
2.897058154867457880e-01
6.249936756893498258e-01
5.507761708902746411e-01
3.952344052692755016e-01
5.247740477727566022e-01
3.076312307013674419e-01
7.225941188536053605e-01
7.358189081225032790e-01
9.419329477171898279e-01
4.126153512105091847e-01
2.903517971207932313e-01
5.248021911138162077e-01
7.451245414172620318e-01
5.413441728381312990e-01
8.645813822813260829e-01
7.749201546478399205e-01
5.199900670474298936e-01
6.231938804419681066e-01
6.890878800499792289e-01
3.116630143657170837e-01
7.627817241076909616e-01
5.336070559610706088e-01
8.958926392842618824e-01
5.087883030020220465e-01
8.522550544323483912e-01
4.417361420479857248e-01
5.320647207439660464e-01
4.444287828599619572e-01
1.067215877176558719e-01
2.524234073593775163e-01
5.768744734625105286e-01
7.403803481319548574e-01
5.150064683053040548e-01
8.013562026326286336e-01
6.849540957304572908e-01
8.980392156862745390e-01
8.370629370629371069e-01
9.536551241692899916e-01
6.631016042780748521e-01
8.971265628427286254e-01
8.077294685990338285e-01
9.240444498717792499e-01
8.745476477683956640e-01
5.451106066675568407e-01
7.043638598647817828e-01
8.043310131477184877e-01
1.904236820899953345e-02
5.784802316199154637e-01
7.397392563978754110e-01
8.651781880635466271e-01
7.302969881414629327e-01
3.460233141508041732e-01
8.294573643410853014e-01
7.740746202624981809e-01
5.101585728444003598e-01
7.117232976851225468e-01
6.260611205432937698e-01
9.213085764809902933e-01
5.281773166705965306e-01
9.078267779102106028e-01
9.005934718100889746e-01
3.690548227036185569e-01
3.848847004317152987e-01
8.672199170124481604e-01
8.237243207422133562e-01
3.475597509540068186e-01
8.702290076335877922e-01
6.310565558246026274e-01
7.008358527476435951e-01
8.842276422764228094e-01
4.267683407835918818e-01
6.717597471022128675e-01
9.321676213445885262e-01
7.762611275964391711e-01
9.195261437908496260e-01
5.802432067257168313e-01
7.235323632714500963e-01
7.242324561403509220e-01
9.046424090338770485e-01
8.665889583554096109e-01
5.161709312897778679e-01
7.876905702992659242e-01
9.284571428571428697e-01
4.407342707408574284e-02
6.977505112474438054e-01
8.428744094055597991e-01
8.669390137146192332e-01
7.188256658595642001e-01
4.469677307725581916e-01
8.049972840847365863e-01
7.511520737327188613e-01
8.514209422086591594e-01
9.016087331226658730e-01
8.146657194727286999e-01
7.585034013605441716e-01
9.092821456744675235e-01
6.052334720295885484e-01
2.009829059829059961e-01
8.592885375494071498e-01
9.296336597751179154e-01
1.720291720291720339e-01
6.396664110429447492e-01
6.943119692916133179e-01
1.508393285371702752e-01
3.696739347869573700e-01
7.722703155543144682e-01
8.633804258804258502e-01
8.080741850880479582e-01
6.849736379613357018e-01
8.771929824561403022e-01
8.653986832479882985e-01
8.126113427693271163e-01
8.863552776756160601e-01
8.862815884476534789e-01
6.078951474488999418e-01
7.398338750451426415e-01
9.382178217821781629e-01
8.004371914220027584e-01
9.342908438061041654e-01
5.690152451586321103e-01
6.726098476484875244e-01
7.986929286990344101e-01
5.844751158573443517e-01
9.298008774890313965e-01
4.471838783494500591e-01
6.279069767441860517e-01
8.596237337192474959e-01
5.159112825458052054e-01
8.700460829493087411e-01
9.239555154794109049e-01
1.624793178057782894e-01
6.723310170562223353e-01
6.409591194968553562e-01
6.839361870162691259e-02
5.265913925707740306e-01
6.896598272138229069e-01
5.897700532551707342e-01
5.945218879921740918e-01
2.004930156121610407e-01
5.764278639815120231e-01
9.274102079395084575e-01
4.813990044537594937e-01
8.611111111111111605e-01
4.684128283354416222e-01
9.339265429761454129e-01
8.909090909090908728e-01
6.761235582659419485e-01
4.670360590450629568e-01
8.422712933753943032e-01
6.601803512102515370e-01
7.387917279354253575e-01
7.415104445634708163e-01
6.654438738077769200e-01
7.316926112694585038e-01
3.601132940700444984e-01
6.889054355919582706e-01
5.449906989104438271e-01
7.680830360038922722e-01
8.905800082270670659e-01
7.964809384164223127e-01
3.396987627756858363e-01
8.440042447824549487e-01
7.304882179319688307e-01
5.990874337156245621e-01
7.709872893881170031e-01
6.164234371596601786e-02
8.631064998474213823e-01
8.381317978246960454e-01
7.001940805434254678e-01
1.807834441980783469e-01
7.832864256332539021e-01
5.973512688947441029e-01
1.133887116641925374e-01
8.180030587721214275e-01
9.090824232241202507e-01
8.157480314960630086e-01
1.082840236686390539e-01
8.713964087639338718e-01
8.330034636318653929e-01
7.035653547133139396e-01
4.651772483756981824e-01
7.389771813740646511e-01
7.024507922583475006e-01
8.580836608792982156e-01
4.118880554883458389e-01
5.713947430736443511e-01
9.406654888103651579e-01
8.990384615384615641e-01
8.866213151927437863e-01
7.592214509323533811e-01
8.101353696633113444e-01
9.126050420168067001e-01
8.735465116279069742e-01
8.505275498241500198e-01
7.320232896652110188e-01
7.659132773895500623e-01
8.985315712187958992e-01
8.838134265397131761e-01
8.566413107080164124e-01
6.394186166374600244e-01
8.260784121057286322e-01
9.014367816091953811e-01
7.749654457498271753e-01
7.315436241610738799e-01
9.022080115830115599e-01
9.496306245802551560e-01
9.455940905280805220e-01
8.881407858644152498e-01
4.682236330655610290e-01
7.524921674736542165e-01
8.328890136102147235e-01
0.000000000000000000e+00
8.914321980114237043e-01
3.998232311485323820e-02
8.184708047515476537e-01
5.068899354613640718e-01
8.711964549483013354e-01
2.551484248389264131e-01
5.266989542523984325e-01
8.612326215946988217e-01
4.410416218926856979e-01
9.039902066513160195e-01
7.675225892082291335e-01
9.475246475140464142e-01
8.351184799354413046e-01
9.515725890439491463e-01
8.736531365313653374e-01
9.280620865431427058e-01
9.433462859717294258e-01
1.566094396283075618e-01
6.090037389940899937e-01
7.488981073373087716e-01
7.972649683175998536e-01
9.405496766607878145e-01
8.950768833182581874e-01
8.081749006756301368e-01
3.760409461889611116e-01
8.304350980724115594e-01
3.541169247561224975e-01
8.312302839116719744e-01
8.943151887620719442e-01
8.665615727002967672e-01
9.547119009154549918e-01
9.307240704500978623e-01
9.236852917009038544e-01
8.471723360800056390e-01
9.590240850797622230e-01
3.758424549495721911e-01
8.641692971719384664e-01
8.803184431667403220e-02
7.740905057675243617e-01
7.748667850799288992e-01
9.391182645206438417e-01
9.013979994657327355e-01
8.163024652688212202e-01
6.794588155207623714e-01
8.864329268292683306e-01
9.072578285045361790e-01
1.735275210037463267e-01
7.596132473883084879e-01
8.249876053544868970e-01
9.312362218076988274e-01
8.837226066897346799e-01
7.870542156256441491e-01
9.034752575113854656e-01
6.171988112474281474e-01
9.449188727583262004e-01
9.092456040839478337e-01
9.048496009821976882e-01
4.945511157239231848e-01
7.637187198336674587e-01
7.827027027027027017e-01
9.536407912933677622e-01
9.365974945012910391e-01
7.979211250382146625e-01
9.127077223851417509e-01
8.328409650418513444e-01
9.657874617737003398e-01
8.563743275365944818e-01
7.968716428172403221e-01
5.966228893058160843e-01
8.992209719302584059e-01
8.281587175760778408e-01
9.138096484340922920e-01
7.010247136829415027e-01
9.139351767075627464e-01
8.614793771043770532e-01
7.071045358478296183e-01
8.993005688706519063e-01
9.370995716965770939e-01
7.863080887854352330e-01
9.307633428432259270e-01
7.378982311846603581e-01
9.340028694404590714e-01
9.456644144144144004e-01
8.772029562251278945e-01
7.254062274873929184e-01
9.314401839670570782e-01
9.151271263947320378e-01
7.320458242480877287e-01
8.999460549104227880e-01
7.657274895646988266e-01
4.391535758577924664e-01
8.438440446733097566e-01
5.199138319723460855e-01
8.754602029565119459e-01
4.761775695506553219e-01
3.054208902600264453e-01
3.550338189386056387e-01
8.892695389617930601e-01
7.569154140353998583e-01
9.145141634218113547e-01
6.965531252116204941e-01
9.107593163351078713e-01
7.534093449586407587e-01
7.978898780085723619e-01
8.259600614439324140e-01
9.260802285442208959e-01
9.643107769423558961e-01
8.948163059889280291e-01
9.484166602667485346e-01
3.624311645931062587e-01
9.044943820224718989e-01
9.273626164670089045e-01
1.979449627967402869e-02
8.088478676002546219e-01
8.981966259453170176e-01
6.240844365588462672e-01
6.258045782316217220e-01
9.320577806334927606e-01
7.147521809055021880e-01
8.268954441720902659e-01
8.543357539513029009e-01
9.495400432900432675e-01
2.754259750094660841e-01
9.334777443924253681e-01
8.757854742072190835e-01
9.550654824627426986e-01
8.244610646722393410e-01
9.306506849315068219e-01
9.201202771604131136e-01
7.027327123558078092e-01
8.111111111111111160e-01
9.491864567426675503e-01
9.384299640841456958e-01
9.324577035619211474e-01
7.966720056949635476e-01
9.645805911212157469e-01
8.780039093940439354e-01
8.074517145335828872e-01
6.384451002340491010e-01
9.167653072204885456e-01
7.413490593625109426e-01
5.079394558454823905e-01
8.482456457978780895e-01
9.621976804021691310e-01
6.482055826318121605e-01
8.819570162001578728e-01
1.445032700093428768e-01
9.196642685851319499e-01
8.514749363955167460e-01
9.118359315877100357e-01
8.796900705832404466e-01
8.964298995909260048e-01
8.839912125292325173e-01
9.469853447427952764e-01
5.588454269514918638e-01
9.471742711840126505e-01
9.052573932092004005e-01
7.714578005115089177e-01
8.717146809406387531e-01
8.481910617167178756e-01
6.358671142957358358e-01
9.177776877254123500e-01
8.306792985285225139e-01
8.549156585448969281e-01
9.412727146139385770e-01
7.317413282203242275e-01
8.262296846410505102e-01
8.668508287292817638e-01
5.546346257254640699e-01
8.364598364598364588e-01
7.495799126218253283e-01
3.096099541122485088e-01
4.949993826398320640e-01
9.261788922155688164e-01
9.053845833506850571e-01
0.000000000000000000e+00
9.449368127359264458e-01
2.882871993230992289e-02
7.533994257543745743e-01
9.649604277696134380e-01
8.825450662646818767e-01
9.271378708551483161e-01
7.875751503006012122e-01
9.382841641234316299e-01
3.482164821648216502e-01
8.794714792136641979e-01
5.729531822076808778e-01
8.844936145992672305e-01
7.370266479663394321e-01
7.968770676194256719e-01
8.617960031144562549e-01
9.505578871941856578e-01
4.932283699585867098e-01
8.802323705018557654e-01
9.305725205878876416e-01
6.637974051896207150e-01
3.917404460383279163e-01
8.962995306189280864e-01
1.105506115261980643e-01
8.665691294806144862e-01
4.857584076870281597e-01
7.946836890243902385e-01
0.000000000000000000e+00
8.907329630131418652e-01
9.209443793473112150e-01
3.479010025062656553e-01
8.609620721554116507e-01
8.904212143898498910e-01
5.163391976323578048e-01
9.469532411112381309e-01
6.457650163960649836e-01
7.658290354438713754e-01
8.928872645487770932e-01
7.330400167609469886e-01
8.990790899241603018e-01
5.663953192571864470e-01
6.577305682009778609e-01
5.392826169138740244e-01
7.279988789237668012e-01
6.206302738074737091e-01
0.000000000000000000e+00
5.758189344852411296e-01
8.556170886075948889e-01
8.640632497772090526e-01
8.640595903165735336e-01
8.920090999573438983e-01
7.268907563025209795e-01
9.058062880324543320e-01
9.383761682242990343e-01
8.557170115954791934e-01
9.224838221120749138e-01
6.267285470733093833e-01
8.267640490130983011e-01
7.787475755056801896e-01
8.733997155049786354e-01
8.247310766801539961e-01
8.504147712068503839e-01
9.450485886163813021e-01
8.535461336955466605e-01
7.082967515364354538e-01
0.000000000000000000e+00
2.401060791513667803e-01
8.797301545083057173e-01
9.415348015715675478e-01
9.557217165149545224e-01
5.023018859105886635e-01
8.855088495575220708e-01
9.632329344886076949e-01
8.874410867757138721e-01
8.402703664176449649e-01
8.476541908276226112e-01
5.848235862735621238e-01
9.065841305571187281e-01
6.161228406909788902e-01
8.902361199744734943e-01
8.794233289646133933e-01
8.163001293661060753e-01
8.112764291307752451e-01
8.553034947884733397e-01
8.441396508728179482e-01
1.788079470198675469e-01
6.768346595932802634e-01
9.164292497625831091e-01
8.452214452214452667e-01
6.501650165016501504e-01
7.874720357941834559e-01
6.596385542168674565e-01
8.724420190995907376e-01
7.351600841318064461e-01
7.339785508762751709e-01
9.583133684714901790e-01
6.555904804669959729e-01
9.390482979860987900e-01
7.984739676840215683e-01
9.493051981471950507e-01
9.148044692737430372e-01
8.911870503597122406e-01
8.077126254622292167e-01
9.163461538461538103e-01
3.529163144547760034e-01
8.012430939226519166e-01
6.746755524377411328e-01
3.377953241626056591e-01
9.026763990267639981e-01
8.423037367158039412e-01
9.327433628318584358e-01
8.640623931039200789e-01
8.168690515260912388e-01
8.317180616740088572e-01
6.331930246542393226e-01
9.183060109289618023e-01
9.352541275493687634e-01
9.381957773512475951e-01
8.780004404316229527e-01
8.128132265564453895e-01
1.351814804229780065e-01
8.224027858386535605e-01
8.067164179104477917e-01
7.750210260723296996e-01
6.849701914025729810e-01
8.483516483516483353e-01
9.550827423167849162e-01
8.227731864095499947e-01
9.435084241823588069e-01
9.257169722614010388e-01
9.182083739045764359e-01
7.735364287025142671e-01
7.064613831398284249e-01
9.091962905718701249e-01
7.575259989053092502e-01
8.631889763779527769e-01
1.985472154963680291e-01
6.333780160857909181e-01
8.861940298507462455e-01
8.340646190666134441e-01
8.374256913931248381e-01
6.926793557833089698e-01
8.071528751753155317e-01
8.865116279069767957e-01
5.612500000000000266e-01
8.756058158319870444e-01
8.416243654822335163e-01
8.081308874566187628e-01
8.495754144763445481e-01
9.472513504925326178e-01
7.742850905915739101e-01
8.429223744292237974e-01
9.280328992460589177e-01
9.014300306435137911e-01
7.978933508887425807e-01
4.702445358147587240e-01
6.752375628842929300e-01
5.251134154244977426e-01
7.153893067696686092e-01
7.883165829145728498e-01
8.040885860306643540e-01
8.826055833929850047e-01
5.707077785564120820e-01
8.591774683949432445e-01
7.641388174807197675e-01
8.745918670228554070e-01
1.337457989611976761e-01
5.368106798850897921e-01
1.907706945765937079e-01
8.607624360762435867e-01
9.238754325259516120e-01
7.882249560632689223e-01
8.812610489098409161e-01
8.421052631578946901e-01
6.718146718146718044e-01
7.425165562913906836e-01
9.102844638949671996e-01
9.166666666666666297e-01
8.856209150326797008e-01
9.075197646626218528e-01
8.794014084507042472e-01
9.438909281594126677e-01
7.057739042990027745e-01
8.474576271186440302e-01
8.426611796982167446e-01
9.192329071706503152e-01
7.865284974093263992e-01
9.242125984251968740e-01
9.638378536016331544e-02
9.078189300411522167e-01
3.782651552488910940e-01
8.683574879227052845e-01
7.591958939264328299e-01
8.791423001949317806e-01
8.206202849958088574e-01
8.254777070063694655e-01
6.851508511714141658e-01
5.705426356589147208e-01
9.412157648630594675e-01
5.976586568083795958e-01
8.715328467153284908e-01
6.993435448577680624e-01
