9.898642795264221972e-01
9.987198088247845051e-01
1.000000000000000000e+00
9.989096573208722241e-01
9.114700246372844372e-01
8.971847451736232326e-01
1.000000000000000000e+00
9.994005864532538030e-01
9.882438053897630859e-01
9.671611270925033477e-01
9.736492857891244634e-01
1.000000000000000000e+00
8.811095924692474712e-01
9.984942458681389521e-01
1.000000000000000000e+00
6.905619947404304515e-01
8.735193153797804477e-01
9.689152900968345250e-01
9.732613607833291436e-01
9.823611740007409665e-01
4.904705556534655897e-01
1.000000000000000000e+00
9.894022891055531677e-01
9.967796274276654600e-01
8.819605741170865043e-01
9.902939773306792537e-01
9.781991299351555647e-01
9.334139064093364135e-01
9.715503218049367229e-01
9.760228843248802688e-01
9.979198107435657272e-01
9.524085998803617503e-01
9.991341109356695060e-01
9.870339256317567367e-01
9.895626242544731666e-01
9.971134148612577075e-01
7.371478943783307258e-01
8.671544445060325179e-01
9.252211831270158449e-01
8.518230946021492223e-01
6.007099567099567494e-01
1.000000000000000000e+00
9.785416666666666430e-01
1.000000000000000000e+00
9.944149062051338417e-01
8.953568089747584446e-01
9.967531955805633004e-01
9.986135991899680597e-01
9.988478300799840115e-01
9.997523871427024256e-01
9.950392454431226108e-01
9.970783737826557358e-01
9.951757049891539753e-01
9.999674229961070804e-01
8.408957788277559020e-01
9.997592179398686607e-01
9.971750097012029856e-01
1.000000000000000000e+00
9.994605650581016576e-01
9.991073834545944887e-01
9.999841792178205679e-01
9.570083556892161614e-01
9.298634299188175412e-01
9.846507151179479944e-01
9.321943406300053914e-01
8.210568237359932020e-01
9.925503001388263913e-01
1.000000000000000000e+00
9.970171382176959973e-01
1.000000000000000000e+00
9.982417234278473384e-01
9.994433399602385970e-01
1.000000000000000000e+00
9.393712064379731164e-01
9.760295782621002392e-01
9.960485991194909516e-01
7.783123485856621171e-01
9.985503670347295468e-01
1.000000000000000000e+00
9.996527221242720307e-01
9.989923869234214049e-01
1.000000000000000000e+00
9.999587254416377746e-01
9.975629699700181430e-01
9.993895758334637724e-01
9.971707209129562210e-01
9.995755517826825365e-01
9.970188128598999056e-01
1.000000000000000000e+00
9.996358915906787823e-01
9.980109079242861503e-01
9.989407777045475889e-01
1.000000000000000000e+00
9.991831533547891331e-01
1.000000000000000000e+00
1.000000000000000000e+00
1.000000000000000000e+00
9.530207031001673990e-01
1.000000000000000000e+00
9.994580712047312909e-01
9.944108784912494281e-01
9.999845366404305214e-01
1.000000000000000000e+00
9.994851476283213021e-01
9.970766851495606042e-01
9.936428794016827215e-01
9.966741471447714273e-01
9.617353360745154456e-01
6.926503706869626686e-01
9.974238403401772812e-01
9.977590591226954686e-01
8.792466996183444516e-01
9.372544350517918454e-01
9.985969589084340292e-01
1.000000000000000000e+00
9.650406504065041080e-01
9.992125984251968296e-01
9.997609267349112372e-01
1.000000000000000000e+00
9.905579130325853354e-01
9.973161396877828766e-01
9.998597650285144800e-01
7.164452815226011184e-01
9.959412109777558975e-01
9.996308033104636115e-01
9.703131153997637259e-01
9.999226230776671054e-01
9.989536598126099731e-01
9.999487245224971677e-01
9.981230813278404446e-01
1.000000000000000000e+00
9.905689078186796781e-01
1.000000000000000000e+00
9.126984126984126755e-01
9.973064295049568484e-01
1.000000000000000000e+00
1.000000000000000000e+00
9.989768291147210766e-01
1.000000000000000000e+00
9.961484648881482329e-01
9.966835426813637211e-01
1.000000000000000000e+00
9.996983166066651938e-01
9.533574007220216862e-01
6.302426180176791126e-01
9.574022458876412234e-01
1.000000000000000000e+00
9.954460026022842190e-01
9.812366261058413919e-01
6.791743603270904428e-01
9.923179692718770983e-01
9.977788707144104041e-01
9.999061869693700588e-01
9.996142272972764475e-01
9.999808054051978479e-01
9.915226723422675414e-01
9.983981475607435208e-01
9.984409177642294964e-01
1.000000000000000000e+00
9.947198782008713769e-01
9.890645161290322340e-01
9.477205363443895747e-01
9.917065165604983523e-01
9.969307356876836446e-01
9.990915812823492059e-01
8.356754043933135589e-01
9.743738404452689794e-01
1.000000000000000000e+00
9.987383295483219792e-01
9.963370541705480754e-01
9.999060106207998677e-01
1.000000000000000000e+00
9.952703667846429791e-01
9.986867877492877632e-01
1.000000000000000000e+00
9.999423154575345363e-01
1.000000000000000000e+00
9.989025505538055016e-01
9.920994483920708706e-01
9.765884833597808790e-01
1.000000000000000000e+00
9.988194592467494193e-01
9.867154305383746271e-01
1.000000000000000000e+00
9.865192905230451004e-01
9.934402464437800395e-01
9.941295290998610756e-01
1.000000000000000000e+00
9.975969139315752354e-01
9.950638238910923805e-01
9.999693336195528692e-01
9.457820284252794751e-01
9.993926510780443140e-01
9.982482059940903651e-01
9.896361712221289908e-01
1.000000000000000000e+00
9.827002632568634377e-01
9.965393227929700837e-01
9.995732911892533101e-01
9.993598873401718929e-01
9.981349510179241546e-01
9.962157950805335949e-01
9.993075431631428529e-01
9.990501549337443832e-01
9.926498785632110744e-01
9.737095435684647304e-01
9.991709448040559938e-01
9.990473274131537185e-01
9.957552667745246389e-01
9.981546641645163698e-01
7.965412448894816366e-01
9.785064074237737053e-01
9.952687206299818401e-01
9.841866945315220772e-01
9.928903949076859359e-01
9.710432368107894119e-01
9.972019088817934973e-01
9.939693380803603651e-01
9.986938209735032324e-01
9.663247100802854206e-01
9.983266069495029260e-01
9.923208915920558315e-01
1.000000000000000000e+00
9.996898411032113518e-01
9.935648801128349472e-01
9.366637808909177298e-01
9.945920094179971915e-01
9.911119356416440151e-01
9.981290926099157801e-01
1.000000000000000000e+00
9.315702842093712688e-01
1.000000000000000000e+00
9.049205981221745132e-01
9.373399715504978635e-01
9.423806941431670525e-01
9.940524115004025774e-01
9.857558139534883246e-01
9.186863616807686705e-01
9.476013618074899947e-01
9.916976275970859067e-01
1.000000000000000000e+00
9.998146889863487319e-01
1.000000000000000000e+00
1.000000000000000000e+00
9.933050231454914059e-01
9.763985331980963300e-01
9.174171548482993321e-01
1.000000000000000000e+00
9.376671706012327245e-01
9.437833401723429994e-01
9.937062825640127217e-01
9.997696546591774425e-01
9.777184789859906244e-01
9.858936143414921416e-01
8.967378073521058424e-01
9.955574586522507596e-01
9.994937990382182225e-01
9.985263731159199629e-01
1.000000000000000000e+00
9.987258933225227064e-01
1.000000000000000000e+00
9.996521646064108202e-01
9.999823099647968672e-01
9.944806490224763484e-01
9.059228493400091065e-01
9.862081364290117280e-01
1.000000000000000000e+00
1.000000000000000000e+00
9.691033800902181250e-01
1.000000000000000000e+00
1.000000000000000000e+00
1.000000000000000000e+00
9.672569636598413734e-01
9.703799703236227758e-01
9.991768074445239733e-01
9.984180584709926309e-01
9.951622299333856558e-01
9.882357672894001022e-01
8.888519687655757062e-01
9.942387385869748684e-01
9.874177029992684540e-01
9.990214888718341735e-01
9.896305775636562441e-01
9.943072074819558903e-01
9.742156627295155413e-01
9.985612484977741676e-01
9.995662389300560280e-01
9.995299361061299459e-01
9.903823225498767924e-01
9.791666666666666297e-01
1.000000000000000000e+00
1.000000000000000000e+00
9.972399666712956634e-01
9.979262780185469417e-01
9.973783998876457613e-01
1.000000000000000000e+00
9.991401547721410203e-01
9.760942044406610840e-01
9.991382034414408864e-01
6.887566443263231086e-01
9.592230511962953621e-01
9.992531740104555471e-01
9.844285102739726012e-01
1.000000000000000000e+00
9.835510856283484760e-01
9.907925618342661167e-01
9.998974464157521780e-01
1.000000000000000000e+00
9.991893333333333738e-01
9.988858587202341655e-01
1.000000000000000000e+00
8.977700121420321144e-01
9.994319062128802500e-01
9.913178409132892277e-01
9.999406950539675432e-01
1.000000000000000000e+00
9.026568598018612777e-01
9.789169369623466066e-01
7.872103031655456329e-01
1.000000000000000000e+00
9.732978556894662514e-01
1.000000000000000000e+00
9.303132839390934050e-01
9.984014293102637660e-01
9.790850921592970657e-01
1.000000000000000000e+00
9.932462496821764519e-01
9.996383363471971206e-01
9.969103761925948159e-01
9.961274360399448025e-01
9.998741287348364981e-01
9.515815959741192875e-01
1.000000000000000000e+00
9.849004434709229816e-01
9.738057202879838448e-01
9.910298577591730718e-01
9.921742766681933556e-01
8.822892793481028617e-01
1.000000000000000000e+00
1.000000000000000000e+00
9.511770892322627402e-01
9.480656234863004128e-01
9.421707906043215175e-01
9.958859412682650181e-01
9.236940786605040143e-01
1.000000000000000000e+00
9.883685338230793205e-01
9.816309490676314864e-01
9.942911512844909705e-01
9.961059033702001075e-01
9.838294058333644232e-01
9.590821060217087357e-01
1.000000000000000000e+00
1.000000000000000000e+00
9.912049065122023883e-01
9.930517336268575024e-01
8.967626702388925564e-01
9.986192179752714226e-01
9.928619364285278248e-01
9.830039624193186443e-01
9.981471314850397514e-01
9.999346191565871012e-01
9.682209069724279082e-01
9.361392418224542267e-01
1.000000000000000000e+00
9.036724577583946649e-01
9.825558700107348553e-01
9.027350628007981825e-01
9.635193133047210701e-01
9.981940144478844701e-01
9.709833971902936955e-01
9.670035840934518845e-01
9.807310215557638600e-01
9.983868076716256867e-01
9.856350504768365273e-01
9.830816287516727092e-01
9.975138270848721289e-01
9.233321269151888444e-01
9.647336428223345361e-01
9.648163265306122227e-01
1.000000000000000000e+00
9.214243672748675396e-01
9.741392022413920548e-01
1.000000000000000000e+00
9.898972768679135115e-01
1.000000000000000000e+00
9.988674130600271317e-01
9.846528623629720034e-01
1.000000000000000000e+00
9.999574069341511384e-01
9.994511702986279555e-01
9.946006170723346029e-01
1.000000000000000000e+00
9.636536030341340542e-01
1.000000000000000000e+00
1.000000000000000000e+00
9.878428759252921854e-01
9.614921502338721337e-01
1.000000000000000000e+00
9.949089010312739401e-01
7.530088073902150292e-01
1.000000000000000000e+00
9.550775071180006570e-01
9.931269557443004325e-01
9.969740091924693681e-01
9.996243945833744871e-01
9.992177022798390817e-01
9.968796949035017008e-01
9.998718790538267953e-01
1.000000000000000000e+00
9.267513557685164161e-01
1.000000000000000000e+00
9.998792812058082680e-01
9.999654170701341993e-01
9.960883077912334738e-01
1.000000000000000000e+00
9.785323855107762592e-01
9.603491570010761480e-01
9.018107625605712441e-01
1.000000000000000000e+00
9.995744605400804783e-01
4.083369518019974165e-01
9.858589590715952644e-01
1.000000000000000000e+00
9.956191327670987912e-01
1.000000000000000000e+00
9.519177394200523112e-01
9.988214496169711687e-01
1.000000000000000000e+00
9.997259823532635981e-01
9.358860818495385869e-01
9.837403112069468269e-01
9.925622908144291490e-01
1.000000000000000000e+00
7.193645990922844513e-01
1.000000000000000000e+00
1.000000000000000000e+00
9.880191969063978341e-01
1.000000000000000000e+00
1.000000000000000000e+00
9.938149311427880717e-01
9.997960894487618599e-01
1.000000000000000000e+00
1.000000000000000000e+00
1.000000000000000000e+00
9.973366577888592710e-01
9.216864919781568855e-01
9.942985572871048117e-01
9.967851886280889584e-01
9.999331416727953448e-01
9.830954169797144759e-01
9.764748172704397211e-01
9.999148617354584045e-01
9.962218347180907818e-01
9.992327667610954034e-01
9.546172290777238389e-01
9.993937141851323425e-01
9.973306318040747742e-01
9.997349940373658761e-01
9.991539607511357168e-01
9.962525829159808444e-01
9.804871660555264379e-01
9.999180126260556190e-01
1.000000000000000000e+00
6.877671790917168071e-01
9.428716268912805676e-01
9.624621183181806261e-01
9.952574660184542177e-01
9.942300126764872514e-01
9.924987368339227567e-01
9.840208853779848219e-01
9.883668418865947380e-01
9.998724754116653513e-01
9.955415806269946044e-01
1.000000000000000000e+00
9.995453690349281883e-01
1.000000000000000000e+00
9.974117096749044453e-01
9.991053662599682639e-01
9.998456146851311122e-01
9.942537808227828178e-01
9.986248495929241908e-01
9.984538739048273159e-01
1.000000000000000000e+00
1.000000000000000000e+00
9.988691988351199313e-01
9.948992403791826478e-01
9.983929719305764117e-01
9.969870630076566043e-01
9.902360730288236601e-01
1.000000000000000000e+00
1.000000000000000000e+00
1.000000000000000000e+00
9.983938547486033155e-01
9.998104894110958485e-01
9.967151744260730473e-01
1.000000000000000000e+00
9.973791496796738931e-01
9.993764030930406550e-01
9.996842038779764072e-01
1.000000000000000000e+00
9.996534232332461301e-01
1.000000000000000000e+00
9.993931920057940177e-01
9.940688807296771401e-01
8.870445635363090053e-01
9.986023325516748539e-01
9.848402368816087105e-01
9.899097720132119527e-01
9.624974009035404121e-01
1.000000000000000000e+00
1.000000000000000000e+00
9.808899120179117581e-01
9.974208524082790461e-01
9.998558985525810572e-01
9.978910313332487458e-01
9.994265115516959286e-01
9.346866904145078037e-01
9.953241630251814520e-01
9.952276236372994411e-01
9.986177970544778404e-01
9.929098083604521729e-01
9.996472719693447750e-01
9.997803232386630601e-01
9.997189014005324337e-01
9.997633061398387699e-01
9.995436448612837754e-01
9.977655741058362171e-01
9.995816288583115883e-01
1.000000000000000000e+00
9.815405215838806097e-01
9.964541252453619213e-01
9.999058306521226847e-01
9.997365852146830045e-01
8.642672386600214196e-01
8.939075419945141654e-01
9.963535772664403600e-01
9.999524051275542336e-01
9.948697265467452144e-01
1.000000000000000000e+00
9.998883412292035588e-01
9.998876729034950062e-01
9.990215618771516315e-01
9.992726332293467850e-01
9.989785969636473251e-01
9.963764705882353079e-01
9.988121258196331897e-01
9.987833186584487155e-01
1.000000000000000000e+00
9.902042593331640274e-01
9.996567809170190388e-01
9.972863170773791364e-01
9.978127245150475444e-01
9.632200629338562026e-01
9.856663325856281910e-01
1.000000000000000000e+00
1.000000000000000000e+00
9.960590058725485862e-01
9.994767862364002386e-01
9.986298597163186797e-01
9.975062770082155916e-01
9.967216973201976637e-01
9.757283239001354191e-01
9.864774176229783587e-01
8.222511406218152574e-01
1.000000000000000000e+00
1.000000000000000000e+00
9.999121836415687525e-01
9.998757532459464636e-01
9.987054403081683240e-01
9.939062425027589409e-01
9.976206502512405816e-01
1.000000000000000000e+00
1.000000000000000000e+00
9.991902455736020316e-01
9.995371035451483532e-01
9.988097998299714231e-01
9.924530171417247359e-01
9.988832361335153731e-01
9.992932751201432096e-01
1.000000000000000000e+00
9.993383495668497485e-01
9.895516555953857152e-01
9.998948497402788682e-01
9.971431218728766810e-01
9.971913698455253661e-01
8.069891300962407366e-01
9.992387758272487375e-01
9.605787409571725499e-01
9.998145859085290077e-01
9.954792470662361392e-01
9.986995696194692629e-01
9.995805499456268395e-01
9.989971611947666696e-01
1.000000000000000000e+00
1.000000000000000000e+00
9.993601747815230585e-01
9.999061311972965438e-01
9.998582453929752978e-01
9.986895401477245970e-01
