8.018018018018018278e-01
8.771742988995384627e-01
7.277139621420481985e-01
7.949808592088473125e-01
7.195253505933117966e-01
9.868659420289854767e-01
9.769073743301862622e-01
5.519364448857994043e-01
9.973758200562323761e-01
8.346361996392062110e-01
8.794970310862731955e-01
9.573478092283831398e-01
8.229217904574520626e-01
8.726269315673289562e-01
9.817232375979112469e-01
3.091456736035049224e-01
9.875952507531454705e-01
8.353102189781022036e-01
8.938080983141641900e-01
9.842122395833333703e-01
8.364644838074789535e-01
8.994607087827426462e-01
1.000000000000000000e+00
9.978288402388275635e-01
9.946104850563449729e-01
6.249478514810179464e-01
9.062735635650731592e-01
8.403785488958990246e-01
6.545193980960180014e-01
8.960152838427947186e-01
6.920061598768024735e-01
7.201758375018948444e-01
6.161702127659574035e-01
9.986473832067422896e-01
9.967828418230563203e-01
7.957886867680039611e-01
8.835748792270531338e-01
9.580300272975432740e-01
5.076900104524414425e-01
9.590623407508068743e-01
7.827069793727041702e-01
9.915966386554622147e-01
8.810344827586207295e-01
3.405698778833107232e-01
8.654151242728714832e-01
7.991735537190082228e-01
8.057862553618690971e-01
9.040151645700499339e-01
9.756587762393925667e-01
9.683615116857284821e-01
9.697603121516165103e-01
9.858115122851539569e-01
9.457680773075641811e-01
9.227406548309394774e-01
7.658175842235004360e-01
8.449389093076388191e-01
4.833292170906396401e-01
2.065954268642996583e-01
7.830917518946362010e-01
4.653022065877838176e-01
8.120724102439910164e-01
7.089161833276469427e-01
8.777971882538890824e-01
9.552271887698559061e-01
9.814986123959297259e-01
4.606553594092535064e-01
2.828961630175590991e-01
6.887940572151098895e-01
1.000000000000000000e+00
9.668131178408913007e-01
9.783156833081190218e-01
8.680456490727531671e-01
8.143155191783020275e-01
6.229054279849143283e-01
9.982451009066978243e-01
8.413376022767697915e-01
1.000000000000000000e+00
7.837514934289128155e-01
9.124290871583290441e-01
9.315398075240595155e-01
7.779802186361269856e-01
9.553732239343606381e-01
6.504176536591447233e-01
7.069206571128976158e-02
8.453170602281772084e-01
9.505178365937859697e-01
9.038004750593824355e-01
8.018581382883687159e-01
8.361124734346901954e-01
9.280279503105589578e-01
4.845831747240197940e-01
9.890544238370325703e-01
9.973059437615759970e-01
9.880010908099263744e-01
9.361904761904762395e-01
9.429366736256089565e-01
7.684782608695651662e-01
9.183957343224758985e-01
9.506699147381242332e-01
8.395002402691014165e-01
9.970802919708029455e-01
8.894736842105263053e-01
9.239189928845100708e-01
9.927509967379485323e-01
8.657331136738055655e-01
9.515058703420112840e-01
7.246181491464510627e-01
1.000000000000000000e+00
7.407248322147651498e-01
9.016743854649091894e-01
8.483510776421708810e-01
9.340277777777777901e-01
9.088307440719541885e-01
8.683770217512548628e-01
9.168666812131791577e-01
9.341317365269461437e-01
8.570024570024570298e-01
6.585336157985730576e-01
9.367456073338426004e-01
9.473684210526315264e-01
9.788053949903661177e-01
9.890699523052464137e-01
7.848046622059140498e-01
7.889925728432679586e-01
8.729512829207640712e-01
9.385272846811307801e-01
8.175783023150249296e-01
9.579375848032564145e-01
8.343658298011086272e-01
8.329743164871582506e-01
6.415631469979296009e-01
8.997938144329896692e-01
9.995348837209302451e-01
4.686268068331143066e-01
8.326616028522709767e-01
2.763819095477386689e-01
8.190743338008414920e-01
8.010869565217391131e-01
7.949330783938814982e-01
7.284094213434137988e-01
5.628742514970059840e-01
9.893311448502256633e-01
5.554662379421221319e-01
9.746239931570318538e-01
7.344568062827224741e-01
9.348904663766124390e-01
8.659666460778258079e-01
9.956131188635889417e-01
3.848432485805973746e-01
9.050474762618690994e-01
3.046934140802422530e-01
8.547872925140156397e-01
5.863435096714052497e-01
6.925287356321838672e-01
7.478465152701644358e-01
9.330666666666667108e-01
6.931407942238266839e-01
6.785297549591599031e-01
7.716763005780347129e-02
7.054864209125772945e-01
6.760885473838272874e-01
7.984759095378564098e-01
8.553191489361702260e-01
9.496284062758051370e-01
2.812500000000000000e-01
4.966615305598356400e-01
7.951893735415545006e-01
9.741899020346647120e-01
9.911790284507392412e-01
9.068557919621749175e-01
7.273425499231951363e-01
9.638063279002876405e-01
5.265119785558719512e-01
8.531647807637906533e-01
7.775086505190311748e-01
8.962655601659751392e-01
9.928669410150892105e-01
9.967305691781840338e-01
9.156164383561643527e-01
5.440020289119958941e-01
8.795980620850529785e-01
9.662548499081069497e-01
9.577088588811396574e-01
9.042590637099612305e-01
9.981220657276995700e-01
9.847036328871893174e-01
9.840113696926630071e-01
9.882939518751354679e-01
9.442318840579709827e-01
9.262906595046255243e-01
9.440809042236764093e-01
7.464419475655430514e-01
8.534057255676209541e-01
9.466152999449641836e-01
9.995397537682659816e-01
8.520639147802929747e-01
