5.340232236327537851e-01
9.015226596990719710e-01
8.669582649899763016e-01
7.785777690107505977e-01
7.008973080757726626e-01
8.355877309963802846e-01
8.214094175694518496e-01
7.605217819345311270e-01
6.813791338834517264e-01
7.862214041546147225e-01
9.221816918533958241e-01
9.197852434616202721e-01
8.591956396069039270e-01
8.732758620689655693e-01
5.372924947393032946e-01
5.251066622907778481e-01
9.091057308225319877e-01
9.086935405536668009e-01
8.722358722358722893e-01
6.028079259185502581e-01
8.387324565274958399e-01
6.856725146198829890e-01
2.948706707584392572e-01
6.416608513607815478e-01
7.681076981418278882e-01
7.762463842096307687e-01
9.264330471106985154e-01
8.564875282724347949e-01
8.162674229167923290e-01
8.339446060452763154e-01
8.306648789336698036e-01
7.277807143396511913e-01
6.365202411714039332e-01
8.523397649146151611e-01
5.162719844896829224e-01
8.776276771004942745e-01
8.083690987124463323e-01
8.670182805059142295e-01
7.005233572397751018e-01
8.699415382279249709e-01
8.840333539221741921e-01
4.404817284333488181e-01
6.869565217391304657e-01
5.950754567116759430e-01
9.160252886201208922e-01
8.441586280814576959e-01
8.521018125723101022e-01
8.709412922269597068e-01
7.946396233248822494e-01
9.523089941972920913e-01
9.462292404029404302e-01
8.879813905401913177e-01
8.565925142576575890e-01
8.900905540534741478e-01
8.981132075471698339e-01
8.968534232857218180e-01
6.649291075896580638e-01
4.004778533357838399e-01
8.379810481531618782e-01
7.319545823195457990e-01
8.973745430375540399e-01
8.381908888013653858e-01
9.128771780705482453e-01
9.578110556479940696e-01
8.240260986374976504e-01
6.417489421720733445e-01
4.808167297875843849e-01
8.356313497822931424e-01
5.770825185764567600e-01
9.098816851572002484e-01
7.309625768013405800e-01
8.058631921824104261e-01
8.808441279917645916e-01
7.682235342257555111e-01
6.387356214345834005e-01
8.384294068504595243e-01
4.587902370003537067e-01
8.935791481246027068e-01
9.496410586092360884e-01
9.565414214576731800e-01
8.915370343941771969e-01
9.151238963258331305e-01
8.015454342818931766e-01
3.107240386744409277e-01
9.020222158929079859e-01
8.713605082053996753e-01
9.345399698340874917e-01
8.451181621316260495e-01
8.769552060691301332e-01
9.589803573589319452e-01
6.291748526522593643e-01
9.689103531542408998e-01
9.342385726691402326e-01
9.824989824989824871e-01
9.432692307692307487e-01
9.532184312346113630e-01
3.676126008851861582e-01
9.506135525599951341e-01
9.417626907505449729e-01
8.302497687326549913e-01
6.819313091090094536e-01
8.919148936170212538e-01
9.430222956234517451e-01
9.623475340286370416e-01
9.129035837124154229e-01
9.532156205696610263e-01
8.421599169262720119e-01
9.311379969071227336e-01
8.541839525521649490e-01
9.201105388770255411e-01
9.129949804796430035e-01
9.330037082818294358e-01
9.018756169792695454e-01
7.392961219457521160e-01
9.344035840955758898e-01
9.481234789291661524e-01
8.985129141664492947e-01
7.897585223094797380e-01
9.640412306239672935e-01
3.532669839896148689e-01
9.808251016850668691e-01
7.240388462517731716e-01
8.166503640908596706e-01
8.829442110301547464e-01
8.647616970225761035e-01
8.488397953888353609e-01
8.679561650398227579e-01
4.474133913313655397e-01
8.675099675874136107e-01
9.246950680572741943e-01
8.336854814367642419e-01
9.237224314147390869e-01
9.380453752181501237e-01
7.019189765458422325e-01
8.587365006527156730e-01
4.781118143459915371e-01
6.002565198802907176e-01
7.688888888888888440e-01
8.469410962019559008e-01
8.343261954596683516e-01
2.084769823565199853e-01
9.584443786398183507e-01
7.064336372847010992e-01
9.406149482931552841e-01
8.474433018735033629e-01
8.558921379793381634e-01
9.433778067035469839e-01
7.300786920314767947e-01
5.754396335155903541e-01
7.407987470634299632e-01
6.523845957663860773e-01
8.749028749028748830e-01
7.404011461318051879e-01
8.305628463108778448e-01
8.664206642066420994e-01
9.393500855150638262e-01
7.912932138284251016e-01
6.263068319961099251e-01
3.659976387249114782e-01
8.498876404494382086e-01
7.672070969715509836e-01
8.852156947756341099e-01
9.230237580993519986e-01
9.451113163024520425e-01
9.003267973856209361e-01
6.861896838602329352e-01
8.628177714421477740e-01
7.417673956967140159e-01
9.760147601476014678e-01
9.418604651162790775e-01
8.210609659540776262e-01
9.482411465119033878e-01
7.201828765848861114e-01
8.303985171455050551e-01
8.844375963020030262e-01
6.620754421662231604e-01
8.753476000483617625e-01
9.279491080071912146e-01
8.838093592014863997e-01
7.170380803863373176e-01
8.592088472990216941e-01
9.373215090936419802e-01
9.030453697949036851e-01
9.534756431308155644e-01
9.436671848397364393e-01
6.952344350499615189e-01
9.069729553600521799e-01
9.464005851008253645e-01
9.468230471418811467e-01
9.620123203285421143e-01
9.428975311482954424e-01
8.437973587356570881e-01
9.416525257799243098e-01
8.461002785515320257e-01
8.829538524090262408e-01
7.125250473497845016e-01
