7.747747747747747438e-01
9.648562300319488694e-01
7.888691150299304011e-01
6.484474691620587539e-01
7.853290183387270362e-01
9.325181159420289356e-01
9.889002296504210143e-01
5.463753723932472939e-01
1.000000000000000000e+00
8.610944076969332395e-01
8.258819420188613369e-01
9.906386750124632767e-01
9.591736350221348184e-01
9.474613686534216761e-01
9.904264577893820976e-01
4.277108433734939652e-01
9.998227892964735020e-01
7.915145985401459416e-01
9.538364581692138078e-01
1.000000000000000000e+00
8.495258543567721921e-01
9.664869029275808821e-01
1.000000000000000000e+00
6.703455762619866531e-01
9.686428221460068322e-01
8.132387706855791487e-01
9.244457849494797097e-01
5.103470031545741525e-01
5.921793428191216568e-01
9.151200873362445032e-01
6.670866582668346645e-01
9.502804304987115813e-01
8.524822695035461084e-01
9.998959525543648086e-01
8.804289544235924803e-01
7.181659606279591213e-01
1.000000000000000000e+00
8.937670609645131936e-01
5.605494997760190889e-01
9.692542891116018300e-01
8.217010454930770980e-01
9.593837535014005935e-01
9.379310344827586077e-01
6.714156490275893230e-01
9.176361713379164176e-01
9.411157024793388448e-01
7.281190106781053606e-01
9.841461313113906151e-01
1.000000000000000000e+00
9.704748881153655304e-01
9.942168338907468872e-01
9.990771715307417145e-01
9.707597467510830080e-01
9.727005085199393886e-01
1.988496302382908865e-01
9.522201251614185180e-01
7.109574380505474522e-01
2.630127542226818327e-01
7.168714590537855758e-01
5.155100735529261069e-01
7.050311799963673298e-01
8.313431138405550369e-01
9.737958572498128795e-01
9.782046545991872621e-01
9.773358001850138699e-01
6.090919580016153079e-01
7.621938001300672116e-01
5.271060534218429128e-01
1.000000000000000000e+00
9.316648360269889073e-01
1.000000000000000000e+00
8.837375178316690949e-01
5.050553683196918886e-01
7.724733852102926290e-01
9.727990640538168865e-01
9.124866595517608925e-01
9.884348496530455108e-01
9.290322580645161699e-01
9.906137184115523242e-01
8.530183727034120755e-01
9.564029151483601776e-01
9.698819291574944934e-01
7.396833312554543793e-01
4.558720727018524821e-01
8.585831785619527645e-01
9.781357882623705757e-01
9.115201900237529520e-01
7.160979095944255413e-01
4.957495504332188885e-01
9.447981366459626829e-01
5.348306052531404120e-01
9.987838248707814337e-01
9.924229668294325402e-01
9.978183801472593206e-01
9.485714285714286209e-01
9.693806541405706190e-01
9.108695652173912638e-01
9.705575518720296335e-01
9.378806333739342360e-01
7.582892839980778232e-01
1.000000000000000000e+00
9.473684210526315264e-01
8.938149972632730700e-01
9.333091699891264970e-01
8.523476112026359131e-01
9.754977029096477681e-01
8.620844564240790486e-01
1.000000000000000000e+00
7.118389261744966223e-01
9.757748485928037230e-01
8.743183588678264950e-01
9.553571428571429047e-01
9.644317252657399475e-01
9.224762967094255472e-01
8.551894683249691154e-01
9.663173652694611038e-01
8.525798525798525818e-01
4.631212408990186824e-01
9.779984721161191219e-01
9.050751879699248104e-01
9.908798972382787396e-01
9.735691573926867903e-01
4.966544355709043845e-01
8.129880022852790100e-01
8.329377190007912768e-01
9.556213017751479244e-01
8.886177939173853790e-01
8.785617367706920477e-01
8.250733615911314267e-01
9.126760563380281743e-01
5.988612836438923503e-01
8.993814432989690744e-01
9.972093023255813593e-01
6.806833114323258549e-01
8.003410323980778562e-01
4.328539247963957837e-01
9.116409537166900723e-01
6.423913043478260976e-01
7.925430210325047353e-01
8.649316661820296570e-01
2.898203592814371232e-01
9.950759130077965198e-01
5.269292604501607524e-01
9.597975621926010392e-01
8.692735602094240344e-01
9.233646286543012449e-01
8.366275478690550216e-01
9.960309170670565981e-01
2.283386818069612356e-01
7.171414292853572903e-01
5.355791067373202319e-01
9.356930856326260981e-01
5.742251223491027234e-01
5.415360501567397788e-01
7.969198642652048914e-01
9.829333333333333256e-01
7.348576012835940086e-01
8.191365227537923399e-01
3.300578034682080664e-01
8.505126398998199555e-01
7.864983534577387747e-01
7.925270403146509324e-01
9.436988543371521709e-01
9.469446738232865091e-01
6.388888888888888395e-01
3.821263482280431445e-01
8.165499910249506277e-01
9.606254709871892006e-01
9.967697850664678505e-01
9.847911741528763141e-01
8.195084485407065911e-01
9.551773729626078513e-01
6.161417322834645827e-01
8.577616690240452701e-01
8.574394463667820432e-01
8.091286307053942028e-01
9.802469135802469591e-01
9.995541685242977925e-01
9.117808219178081819e-01
8.462253783075492919e-01
8.268437107482504711e-01
9.410353277516847470e-01
9.703962012167977047e-01
9.412178810278071239e-01
9.998435054773082697e-01
9.041245561322043267e-01
9.896962160241605799e-01
9.846087145024929876e-01
9.971014492753623726e-01
9.434994528996319962e-01
9.486416815387666013e-01
8.611423220973782877e-01
9.286771964461993933e-01
9.952669235002751247e-01
9.940743297664250688e-01
7.886817576564580934e-01
