4.483889202939513874e-01
6.928480204342273296e-01
5.990903922683342708e-01
4.982102801508137002e-01
2.044859029451839560e-01
3.462039045553145233e-01
9.612391610464685043e-02
9.714285714285714191e-02
6.761549230051330239e-01
9.307126696832579427e-01
3.676368942477536428e-01
1.961292214456771543e-01
1.853635942566002892e-01
2.627809826934553450e-01
1.531352579749179488e-01
1.197232220083145060e-01
6.859846244825547334e-02
2.166740971912617109e-01
3.090489533542112865e-01
9.090909090909091161e-02
6.654501688861280684e-02
9.371614301191766305e-02
2.191649226335471989e-01
4.371535035899300203e-02
4.716455563147106678e-01
1.794939610332363655e-01
6.172444671869002919e-01
6.815561959654178326e-01
8.354927365528072580e-02
8.906232067026282895e-01
2.553925798101812084e-01
7.940423352680096025e-01
4.517176551016920394e-01
2.458278602037080873e-01
5.940041983731304542e-01
4.516917000155917239e-01
6.229202715293491455e-02
3.629629629629629872e-02
3.066271018793274156e-02
2.190431519699812257e-01
6.654530744336569770e-01
1.913775267704867500e-01
1.876952817677074101e-02
8.128431606588684133e-01
5.676028739386022037e-01
6.801292407108239235e-01
4.120284477427334502e-01
8.203430123959924991e-01
6.199836199836199491e-01
6.830027572711909745e-01
6.005959665833022765e-01
9.655382274629136230e-01
2.971719457013574650e-01
8.487741935483871236e-01
8.279479647503147355e-01
9.116255912372417392e-01
5.446521287642782649e-01
6.497201492537313383e-01
2.243313201035375404e-02
9.345989246131899408e-01
8.196218702095043884e-01
7.820996978851963988e-01
3.284269070336098134e-02
9.095652173913043592e-01
5.686918445539135281e-01
7.642659279778393211e-01
7.757453813791842512e-01
8.091116173120729282e-01
7.399228881878724406e-01
7.802499238037183815e-01
5.839080459770115139e-01
8.697812070605643875e-01
8.362810707456979076e-01
8.350041771094403042e-01
6.261336916358750670e-01
7.822057460611677726e-01
8.659066574289853158e-01
7.569405099150141591e-01
7.440585009140767703e-01
3.409629953715430650e-01
9.309749784296807995e-01
3.120638675340035584e-01
8.038202247191010841e-01
7.498067109942786468e-01
7.989594946116684859e-01
8.371428571428571885e-01
5.422925913280983723e-01
6.723140495867768740e-01
6.537178521467771342e-01
4.706621401267074845e-01
1.705131007776146748e-02
7.163656181874805684e-01
2.217920353982300863e-01
3.864494806421152062e-01
8.716478326867936888e-01
8.274955394872758330e-01
7.333543704638687544e-01
8.142908959013420711e-01
6.431924882629107554e-01
7.553101280221712066e-02
3.076377909829362545e-01
2.707428996651370379e-01
5.673942909479469110e-01
8.297728501892914776e-01
7.090729783037474920e-01
4.703781853595195850e-01
8.090163342875700270e-02
2.681895504252733708e-01
1.300693703308431204e-01
6.769954350532577658e-01
6.930755160700287076e-01
3.735796962939365029e-01
5.951765719207580130e-01
1.043751110058611098e-01
1.873265841769778672e-01
6.329757199322416650e-01
5.083408071748879431e-01
7.543241843604350239e-01
6.897106109324758760e-01
7.800409786669880718e-01
3.255386671120761855e-01
0.000000000000000000e+00
5.795000867904878117e-01
6.831246273106738043e-01
8.381903968914793113e-02
1.283480136616933220e-01
1.873413575698026634e-01
1.107021233974359031e-01
8.450264296011532617e-01
7.404220779220779258e-01
3.983476488571844332e-01
5.261107601600336636e-01
1.760531540563385899e-01
5.015878230398598259e-01
8.469538497902263652e-01
8.205372451895599495e-01
4.931371669507491062e-01
3.206982090997095858e-01
1.117777076097252881e-01
4.223153971581644628e-01
7.217627293874385730e-01
1.950286806883365087e-01
1.186831560437026090e-01
5.242608036391205317e-01
5.445129469790381815e-01
7.033381191672648525e-01
5.375354107648725455e-01
7.976397401884548488e-01
2.880554802216109267e-01
1.699837887458739427e-01
4.521460745263001235e-01
4.184397163120567309e-01
5.464103966017580527e-01
6.127458016362853366e-01
8.610084282123318111e-01
7.230867960853522014e-01
6.904259805989033660e-01
4.382071034500292228e-01
1.112999403697078060e-01
1.291435336381450139e-01
6.217105263157894912e-01
4.327286470143613117e-01
3.699992408714795622e-01
5.689847526961695490e-01
7.554559204840103348e-01
9.024968394437421493e-01
4.543751950889605706e-01
9.413202933985329590e-01
6.895664952240999623e-01
3.064828463250383050e-01
4.260485651214128144e-01
8.803456195996937073e-01
7.360361927962415507e-01
1.750705929810407457e-01
8.851623859053279197e-01
8.080845729000779576e-01
2.591649337601346081e-01
1.604753178966072391e-01
6.495956873315364422e-02
7.278315195485691724e-01
8.353643372295448399e-01
2.355091945370469952e-01
6.251347854216088296e-01
5.247710730218361208e-01
3.744957461045789193e-01
3.878243697738282814e-01
9.326109041652557163e-01
6.614296119030277366e-01
5.383141762452107182e-01
6.665763813651137681e-01
8.049206072238701548e-01
8.246212929379134193e-01
9.307647740440324613e-01
3.890003085467448329e-01
5.059776137175517885e-01
3.894503327581957386e-01
