6.147350029120559611e-01
8.116817724068479123e-01
7.783924503742271073e-01
7.404926370122969503e-01
8.721299041577604827e-01
8.261840929401250699e-01
2.945347119645495004e-01
8.810711472827513768e-01
9.330082679669281509e-01
1.000000000000000000e+00
5.648125755743651499e-01
4.797208202609921091e-01
8.672455662668334675e-01
2.486783731371038364e-01
3.325067803177063075e-01
6.048716691188491534e-01
9.985661026670490381e-01
7.467838563674948915e-01
8.416206261510128517e-01
9.870796460176991527e-01
6.914436224193361014e-01
0.000000000000000000e+00
4.835742848354352419e-01
8.725922953451042963e-01
6.582274519621956754e-01
9.620972836386607607e-01
9.989179831205367011e-01
8.851533937370846816e-01
6.354120267260578991e-01
1.000000000000000000e+00
3.432311855481606222e-01
1.000000000000000000e+00
4.914350970688998732e-01
9.992439135037047837e-01
6.249209361163819976e-01
9.945454545454545103e-01
6.234998398186254454e-01
9.198282660124419419e-01
2.542085865126008648e-01
1.000000000000000000e+00
6.805805291548934211e-01
5.657118786857624482e-01
6.659312434141201331e-01
3.209573091849935444e-01
8.899210404087319892e-01
7.802425147980001086e-01
9.607467687888942010e-01
9.888143176733781292e-01
9.879624712338467285e-01
6.267682263329705794e-01
9.522914218566392863e-01
9.834515366430259808e-01
9.713057767665276288e-01
9.478638667632151016e-01
8.571727894957396066e-01
7.252238345168261491e-01
9.792979297929792493e-01
1.738835404385257952e-02
6.221905440722261815e-01
6.254870129870130357e-01
9.231099656357388827e-01
9.957222301440182832e-01
9.957356076759061869e-01
9.452098178939034590e-01
8.999588984792437074e-01
9.912578921806701748e-01
7.284096435767386524e-01
6.260611205432937698e-01
9.146300259038180336e-01
2.704550813487385241e-01
9.679966749792185965e-01
9.071777527245395989e-01
4.204889265399975873e-01
4.348246340789836961e-01
1.000000000000000000e+00
9.768924302788845049e-01
1.000000000000000000e+00
8.901734104046242768e-01
6.620795473616072346e-01
8.303679453419685608e-01
9.103585657370517614e-01
2.829345253747042044e-01
6.649297423887587932e-01
9.870458135860979976e-01
7.065613608748481100e-01
9.841339797267518730e-01
4.980409885473176534e-01
7.897947864669994100e-01
6.895559210526315264e-01
8.796452702702702853e-01
8.477184388477716492e-01
5.389987853548499075e-01
7.617165443252399415e-01
9.003468208092485492e-01
0.000000000000000000e+00
6.768916155419223424e-01
8.531754752225030325e-01
9.267375306623057973e-01
7.224576271186440302e-01
7.538428231218878561e-02
9.932569116655428632e-01
6.366782006920415071e-01
8.343823510712696789e-01
8.837655179025067920e-01
7.677001758031005707e-01
9.882005899705014196e-01
9.471782040589380447e-01
5.967660717283053140e-01
8.096959387624920179e-01
8.926296633303002492e-01
9.751529051987767316e-01
1.000000000000000000e+00
9.826486726976123576e-01
4.509803921568627527e-01
2.588729016786570636e-01
8.161083392729864272e-01
7.692523889825745309e-01
8.870166453265044826e-01
7.727144998126639353e-01
7.686790197250448209e-01
9.298792364627970208e-01
7.326951399116347075e-01
9.236111111111111605e-01
9.642712139667072302e-01
9.245283018867924696e-01
8.228260869565217073e-01
7.652626255328371929e-01
9.410329402196014881e-01
8.072820474162301085e-01
9.966254218222722061e-01
3.837777385367002192e-01
5.922454315356159293e-01
6.895592591755048684e-01
1.969686694696866913e-01
9.878310665712241034e-01
5.723407396471543729e-01
5.923392612859097461e-01
8.102589641434262413e-01
4.880531447551698099e-01
9.558441558441558294e-01
9.509615384615384137e-01
1.579992363497518260e-01
7.104015175466329435e-01
6.470994475138122093e-01
1.000000000000000000e+00
9.287568503028554856e-01
6.445734341252700172e-01
5.895814263127235888e-01
0.000000000000000000e+00
1.000000000000000000e+00
3.315606936416184980e-01
9.988023952095808067e-01
6.229801729408681599e-01
6.826265389876881029e-01
5.741181723470754061e-01
9.778085991678224786e-01
9.243156199677938778e-01
6.341636379753567976e-01
4.261720271849703257e-01
8.716732542819499718e-01
7.036199095022624972e-01
8.000398525455812981e-01
7.637901861252115454e-01
8.867223002561348544e-01
7.067743530575243405e-01
2.242534595775673711e-01
7.823142414860680960e-01
7.104437948445389006e-01
9.993432933836808862e-01
9.754433833560709477e-01
7.357268981753972703e-01
6.964317733548502920e-01
8.782127323052589807e-01
6.401882763975155211e-01
4.903193981995314088e-01
7.254046862295808751e-01
7.784796340666521042e-01
8.655930439042311964e-01
9.821224800304297897e-01
1.539446065632519289e-01
7.420546932742054513e-02
6.481196393226302810e-01
7.417283950617283850e-01
1.612077950791194203e-01
9.994658119658119677e-01
9.433871123562941330e-01
9.100553505535055043e-01
4.464228079612694855e-01
8.140023208266563559e-01
7.243236312347737238e-01
7.614723479211589208e-01
5.044392100018119107e-01
6.440121429899015038e-01
4.273518396122493734e-01
6.006608449374557512e-01
3.442213081700137289e-01
5.459597698322923298e-01
9.782938676381299770e-01
8.947368421052631637e-01
8.818510009845750286e-01
8.770463730392492607e-01
8.569807037457434218e-01
9.436363636363636065e-01
8.707224334600760507e-01
9.891598915989160412e-01
9.222474460839954480e-01
7.596488661302120970e-01
9.210838021912940432e-01
9.302123432261268920e-01
9.088623507228158482e-01
9.290296509572157913e-01
9.579288025889967084e-01
9.654631083202511732e-01
7.383739041431177652e-01
8.635600335852224863e-01
9.921937020375760641e-01
9.684152705300741459e-01
9.611944225203893355e-01
9.439012204696309860e-01
9.807847896440129443e-01
7.571237057531590153e-01
9.842696629213483206e-01
1.705372348660783299e-01
8.995427990855981992e-01
8.658280433159073475e-01
9.989124524197933175e-01
6.101861797350519590e-01
9.835015217043088231e-01
1.511765869092347170e-01
4.281087083937440418e-01
9.969956436833408153e-01
3.302528834443728134e-01
9.999677710455072699e-01
8.739042121017746023e-01
9.908414742451154833e-01
7.795287241519623933e-01
9.668034511784511231e-01
1.000000000000000000e+00
9.810088484921447582e-01
9.526415855274529276e-01
1.405745368009518881e-01
5.470474696905723855e-01
7.963443090484833009e-01
7.394284236389500053e-01
9.232915975260220787e-01
9.795346229324362053e-01
5.522244620505367685e-01
3.857518328952828646e-01
8.367850222703138163e-01
1.186947187634177781e-01
9.913513513513513287e-01
8.969117485437960724e-01
9.478265097734124289e-01
9.979327299139568730e-01
9.988016629982880978e-01
9.636344471381891319e-01
8.274888873209623741e-01
9.877616747181964252e-01
8.245303761770469420e-01
8.952648216244113444e-01
7.359575409111013267e-02
7.919892053121226905e-01
8.411235705562339904e-01
1.000000000000000000e+00
9.998354397051079090e-01
8.932330827067669343e-01
6.698434309053777902e-01
8.785932055749129388e-01
9.259873379559843132e-01
4.390060074039591198e-01
7.354967770615692402e-01
8.701041150223103315e-01
1.000000000000000000e+00
9.879625864172427718e-01
7.430613090306544821e-01
8.936782488902494936e-01
6.362694300518134671e-01
9.975330507938515723e-01
9.982506136960017651e-01
9.760285066407515808e-01
5.366006911718504968e-01
7.734048896839594844e-01
8.598274054359222873e-01
9.755366644241942886e-01
9.994932346830183167e-01
8.835372463992565706e-01
9.217127180090143312e-01
9.476349265159935698e-01
1.000000000000000000e+00
8.980959986550101082e-01
8.420351510463667255e-01
7.564995979630125822e-01
9.026236125126134713e-01
8.170483685560173681e-01
9.748838432541422350e-01
5.926547834323603325e-01
9.328735632183907667e-01
9.742113437951903654e-01
7.288201790073229880e-01
9.920585551961516035e-01
9.963249081227030235e-01
8.074249802305739632e-01
9.433593750000000000e-01
7.285339146806718569e-01
9.544263184057120153e-01
9.973388527498521228e-01
9.752489331436700049e-01
8.215400624349635805e-01
9.506457317399924500e-01
8.868518518518518912e-01
6.439275949191846093e-01
9.999685227737731275e-01
7.481536740022379783e-01
7.914684551197067597e-01
8.489632107023411534e-01
0.000000000000000000e+00
8.943537884011338868e-01
7.348405187521906967e-01
4.919952000468287845e-01
3.588384495317377687e-01
9.229853234497336079e-01
7.461531619674464100e-01
9.997120368592820050e-01
6.171414371879729854e-01
9.877854487519914795e-01
7.620538043073253887e-01
8.757668711656442229e-01
7.669410045381124252e-01
9.572932450753648403e-01
9.943641766574443652e-01
9.085396664982314796e-01
9.593541202672605239e-01
4.081174790944319675e-01
9.925805468035369117e-01
9.938000907303795595e-01
5.734599406528190224e-01
7.893843441927270721e-01
9.909730363423212562e-01
6.615713570811154742e-01
6.365968155640516768e-01
9.545499093448326366e-01
9.048357613693015500e-01
7.319385420071918835e-01
8.901446170326727803e-01
9.950002347307638217e-01
3.769405528209011647e-01
9.430707572597089028e-01
8.705724075592272682e-01
9.904512551979054447e-01
8.567156582044919144e-01
9.994992488733099867e-01
1.000000000000000000e+00
6.957312935660970865e-01
8.280068728522336219e-01
9.749703950909678341e-01
9.998647186147185950e-01
9.984469530145337890e-01
8.281556281556281540e-01
9.952331479557537941e-01
8.779172734070604944e-01
7.308890925756187373e-01
6.859192916391023687e-01
9.999413317688471414e-01
5.058176190749126278e-01
3.087566162132045489e-01
9.985153764581123914e-01
9.819537233175819058e-01
8.238960812519070531e-01
8.721469836158727285e-01
3.513083206423923688e-01
9.571363601910103380e-01
9.786768726079825287e-01
8.895453799441982445e-01
8.620121675832204122e-01
9.159854677565849590e-01
8.364584908513533756e-01
9.910260245288662340e-01
6.758492896849906950e-01
9.970241458545221480e-01
1.000000000000000000e+00
7.973401534526853851e-01
8.989824084373583268e-01
9.805919886565047650e-01
5.438693190359272789e-01
9.593981863149216860e-01
8.161660955452529898e-01
8.348890982272844097e-01
6.487632138994522402e-01
7.021091162628551041e-01
7.850914962325080682e-01
9.419966536530953727e-01
6.444271181406401316e-01
8.504088504088503919e-01
1.052555633938305618e-01
5.618160960112954516e-01
4.852450919866650447e-01
9.874163587336463044e-01
9.841163310961968946e-01
1.788417353696445389e-01
9.468647695794509822e-01
1.000000000000000000e+00
7.389349368871552803e-01
9.786808912993060217e-01
9.138119227539882594e-01
9.493066606046828282e-01
7.939268276369473298e-01
9.427586206896552135e-01
5.309319128737935989e-01
8.756058158319870444e-01
6.869985199034042145e-01
9.989265693953007785e-01
7.377279102384292075e-01
8.678145695364238854e-01
9.483385254413291277e-01
9.694240837696335156e-01
8.250942058724769490e-01
9.234459258279021920e-01
9.987774545761139988e-01
1.000000000000000000e+00
3.780118794127535486e-01
9.519535952719710981e-01
6.234141439517648653e-01
9.996662773235441835e-01
4.627659574468084847e-01
8.676668590113483237e-01
1.039289572847769405e-01
9.613788124887204800e-01
9.744018362815298762e-01
6.492794486215538452e-01
8.871699861046781210e-01
9.989835601909139440e-01
7.902102238667134682e-01
9.673748103186646796e-01
6.352075501879549391e-01
9.515804521628633550e-01
9.034298566207478176e-01
8.119002723653886422e-01
9.362644573865966935e-01
5.901806156194352448e-01
6.919013095037374050e-01
4.633705760353248326e-01
8.414411888406000406e-01
6.001377647666609194e-01
4.047705407879509942e-01
6.847552195824333499e-01
8.150254612790159836e-01
6.433087586190442408e-01
8.933333333333333126e-01
9.087769784172662346e-01
8.929572529782761059e-01
9.441248256624825697e-01
8.867379441467690970e-01
8.441539365452408461e-01
9.644987219539903345e-01
2.075960566228513687e-02
0.000000000000000000e+00
8.397778549114890412e-01
9.435652433562257135e-01
8.526710773180605774e-01
8.562472010747872453e-01
9.897983392645314238e-01
8.948782961460446383e-01
6.974291364535266657e-01
5.267748970196268338e-02
1.000000000000000000e+00
9.106086433370099709e-01
9.950892687197837594e-01
9.922726372102238512e-01
3.030075716730349922e-01
7.943599943173745848e-01
9.993839738425815966e-01
9.375061412990075560e-01
8.665715305030324833e-01
1.000000000000000000e+00
6.036732721121315093e-01
9.010297482837528182e-01
5.930902111324376502e-01
1.000000000000000000e+00
9.347517730496454069e-01
6.435124508519003417e-01
9.164383561643835163e-01
9.533376539209332812e-01
9.481727574750830057e-01
1.612903225806451568e-01
7.206012378426172038e-01
9.897959183673469274e-01
9.873626373626374075e-01
6.717171717171717127e-01
8.997384481255449318e-01
6.678895877009084492e-01
9.171214188267394762e-01
7.750058424865622353e-01
7.779230970442061466e-01
9.628149224806201723e-01
5.119638826185101133e-01
9.760028977632889680e-01
8.204667863554757634e-01
9.967776584317937782e-01
9.626436781609195581e-01
9.242286751361161734e-01
7.295298468040147810e-01
9.645286686103012874e-01
3.106508875739644737e-01
7.977714720741919674e-01
6.063610851262862811e-01
5.128902316213495016e-01
9.807524059492563895e-01
9.993896236012207446e-01
9.668849156383781951e-01
1.000000000000000000e+00
8.194945848375451147e-01
8.775330396475771177e-01
7.464522232734153162e-01
9.442857142857142838e-01
9.558441558441558294e-01
9.967637540453074818e-01
9.194407456724367211e-01
9.997519841269840724e-01
8.688085676037483607e-01
9.985885673959068454e-01
8.198997300424218926e-01
9.688635184224182462e-01
5.924170616113744181e-01
8.466223698781838447e-01
9.818145878632140722e-01
8.626907073509014756e-01
9.753645047762694587e-01
9.989924433249369740e-01
9.509999999999999565e-01
6.746191961827858741e-01
9.967902995720399062e-01
9.906937394247038453e-01
7.375068643602415985e-01
8.638638638638638234e-01
8.803939962476547976e-01
7.837577779203284134e-01
9.942468619246861428e-01
8.634185303514376741e-01
8.552520416784004098e-01
6.942898975109809134e-01
7.908611599297011852e-01
8.617153511497824825e-01
3.805335395321863268e-01
8.762605614608884874e-01
7.889009793253536351e-01
9.647256438969764591e-01
7.272727272727272929e-01
9.886030608922175000e-01
7.873826675398384323e-01
8.045148895292987268e-01
8.983994432846207356e-01
9.445378151260503952e-01
5.598069631161668447e-01
9.424836601307189365e-01
8.793425476279417285e-01
4.936811406351263587e-01
6.421359354882428816e-01
9.447348767737117070e-01
6.546112115732368730e-01
9.770817417876241917e-01
9.741021605379882597e-01
8.019491245457548434e-01
9.987402368354749704e-01
9.961227242076871047e-01
1.000000000000000000e+00
6.272742635047597881e-01
1.358494555449836147e-02
9.416211187347366396e-01
9.398954703832752555e-01
7.857793983591613296e-01
9.840690341851974221e-01
9.032062915910465950e-01
7.697876447876448314e-01
7.284768211920529257e-01
9.454131918119788036e-01
9.057845514374783802e-01
9.928656361474434977e-01
9.929747089522280579e-01
9.154135338345864570e-01
9.645542427497314497e-01
9.685745411883013301e-01
8.336380255941499007e-01
8.933333333333333126e-01
9.234361968306922241e-01
9.846153846153846700e-01
9.651810584958216976e-01
3.366111951588502404e-01
9.579759862778730595e-01
1.000000000000000000e+00
7.254901960784313486e-01
7.727937591418819752e-01
9.925690021231422522e-01
7.744425385934819994e-01
8.694444444444444642e-01
6.408225181189954878e-01
5.891472868217054737e-01
9.189560439560439109e-01
4.582560296846011072e-01
8.690127077223851471e-01
6.408970197698435900e-01
