5.609885729471166815e-01
8.115650172612197677e-01
7.773805654858628733e-01
7.381533397650530404e-01
6.804475885628210596e-01
7.956110154905335907e-01
2.945347119645495004e-01
8.739583333333332815e-01
3.459089837302523063e-01
6.629413258826517552e-01
4.908059262372596598e-01
4.792740818134326730e-01
4.627738946045708013e-01
2.486783731371038364e-01
3.325067803177063075e-01
4.147865810935792430e-01
1.532637880188388591e-01
7.397402983963984324e-01
7.321762349799733061e-01
9.478246091094493231e-01
3.962750016649277396e-01
0.000000000000000000e+00
4.765527903240474039e-01
2.817439751230889078e-01
5.351091436421920866e-01
8.875291375291375351e-01
7.851675455009354820e-01
5.684172918899607074e-01
5.522648083623693527e-01
7.115219260533104384e-01
3.422882427307206155e-01
6.976259223612447657e-01
4.914350970688998732e-01
9.216178521617852670e-01
4.423426700618406926e-01
9.232067510548522815e-01
5.666644269748483120e-01
7.162447977075799832e-01
2.542085865126008648e-01
1.883986117997025200e-01
5.832691249312053072e-01
5.657118786857624482e-01
6.594492361371528943e-01
3.209573091849935444e-01
8.561215370866845920e-01
7.770718864468864062e-01
9.244587747581759496e-01
9.144827586206896175e-01
9.762112996326745007e-01
6.267682263329705794e-01
9.072995969547693607e-01
8.498467824310520502e-01
9.326374560019420334e-01
9.430835734870316456e-01
4.618597824859820289e-01
7.236598890942699258e-01
8.655529037390612412e-01
1.738835404385257952e-02
6.185752078609221272e-01
6.254870129870130357e-01
9.215265866209262358e-01
9.426295896328293900e-01
6.285329744279946063e-01
5.450643776824034559e-01
7.953794180682189907e-01
5.379263085762479024e-01
6.999132118298951877e-01
6.260611205432937698e-01
9.080845353908084672e-01
2.704550813487385241e-01
9.162077104642014636e-01
9.020926756352765086e-01
4.204889265399975873e-01
4.329117404454220774e-01
8.196542311191992169e-01
9.337395277989337661e-01
2.529970760233918314e-01
8.787446504992867391e-01
6.599278323416254421e-01
8.059335497685984340e-01
8.896820246593121206e-01
2.829345253747042044e-01
6.647740575977523214e-01
9.440918706557872575e-01
7.065613608748481100e-01
9.670853183196188585e-01
4.980409885473176534e-01
7.884828349944629222e-01
6.895559210526315264e-01
8.792739552553819893e-01
8.440332926893919785e-01
5.221246375593562306e-01
7.617165443252399415e-01
8.993071593533487063e-01
0.000000000000000000e+00
6.768916155419223424e-01
8.518650575973669703e-01
9.122665808113329389e-01
7.224576271186440302e-01
7.538428231218878561e-02
8.757431629013079366e-01
6.366782006920415071e-01
8.343823510712696789e-01
8.815261044176706529e-01
7.586669825475795825e-01
8.271604938271605034e-01
9.080490405117270791e-01
5.906632455282151417e-01
3.432486028483865415e-01
8.893925657298277221e-01
9.586621570838030904e-01
1.934161340889907210e-01
6.288317357881749725e-01
4.509803921568627527e-01
2.588729016786570636e-01
4.350303951367781030e-01
7.659157688540646491e-01
8.865625799846429400e-01
7.727144998126639353e-01
7.136514983351831543e-01
9.156118143459915926e-01
7.326951399116347075e-01
8.007454128440366636e-01
9.219720496894410200e-01
9.227871939736346230e-01
8.228260869565217073e-01
7.652626255328371929e-01
9.391233766233766378e-01
8.072211962461840473e-01
9.171842650103519956e-01
3.837777385367002192e-01
5.915708173584486307e-01
6.895592591755048684e-01
1.969686694696866913e-01
9.556786703601107824e-01
5.723407396471543729e-01
5.923392612859097461e-01
8.098556495769039243e-01
4.880531447551698099e-01
9.236947791164659138e-01
9.395186827105763694e-01
1.579992363497518260e-01
5.163380670067557743e-01
6.465253819615573994e-01
5.812860786682776115e-02
7.036713286713286442e-01
6.445734341252700172e-01
5.882841366712334708e-01
0.000000000000000000e+00
2.061507265968232638e-01
3.315606936416184980e-01
9.242704100480236828e-01
6.224636732556617646e-01
6.826265389876881029e-01
5.741181723470754061e-01
9.433240944279843720e-01
9.060773480662983603e-01
6.339950372208437157e-01
4.261720271849703257e-01
8.536774193548387624e-01
6.428940568475451922e-01
7.780756435515648883e-01
7.316835962826885309e-01
5.245869586469840140e-01
7.063862500686398649e-01
1.944795351187468546e-01
7.205489217608269659e-01
7.098024638912489026e-01
3.498879117089153112e-01
8.896723351306511374e-01
7.348618459729571173e-01
6.963069200430261896e-01
8.658869395711501493e-01
6.401882763975155211e-01
4.903193981995314088e-01
7.252438663907774252e-01
7.784796340666521042e-01
8.611635699055741888e-01
9.413051403572730846e-01
1.539446065632519289e-01
7.420546932742054513e-02
6.481196393226302810e-01
7.353218869112144729e-01
1.612077950791194203e-01
9.049576783555017823e-01
8.982614294913071618e-01
8.968181818181818477e-01
4.387871097364316464e-01
8.135527696470977732e-01
7.132575757575757569e-01
7.593966744404397895e-01
5.044392100018119107e-01
6.440121429899015038e-01
4.273518396122493734e-01
5.923502637840074581e-01
3.442213081700137289e-01
5.392237819983484171e-01
9.536845220479431839e-01
8.907970057243504991e-01
8.806948541461815383e-01
8.666576418031677331e-01
8.314977973568281611e-01
9.368231046931407846e-01
8.609022556390977243e-01
9.023485784919653696e-01
8.487116991643454122e-01
7.547241118669689719e-01
9.132413388138579391e-01
9.188028946400098596e-01
8.643156007172743127e-01
8.627855702021860473e-01
7.902052839915308935e-01
9.237008110543706296e-01
6.668274254481151297e-01
8.098425196850393970e-01
8.907233638199311132e-01
9.608938547486033377e-01
9.487146195793300096e-01
9.347610969748374465e-01
8.630161366872329820e-01
7.567567567567567988e-01
9.273112208892025921e-01
1.705372348660783299e-01
8.992382564536606226e-01
8.609054834891978203e-01
7.981317547384999544e-01
6.053636444365508851e-01
8.743947593278268426e-01
1.511765869092347170e-01
4.281087083937440418e-01
8.928299179408994979e-01
3.302528834443728134e-01
8.832052376885852762e-01
7.922946450205961000e-01
9.633567188343227228e-01
7.793269230769230838e-01
9.568613157689203064e-01
8.496038432581651811e-01
9.399602041699108845e-01
9.443175328383780487e-01
1.405745368009518881e-01
5.470474696905723855e-01
7.963443090484833009e-01
7.394284236389500053e-01
9.230131201930327212e-01
9.074146214777301100e-01
5.446286150218462296e-01
3.857518328952828646e-01
8.158843879578967506e-01
1.186947187634177781e-01
9.271991911021233435e-01
8.969117485437960724e-01
8.976744186046511365e-01
9.491444361781272709e-01
9.183737716714263088e-01
9.453003825871161281e-01
8.274888873209623741e-01
9.795592462472053619e-01
8.148323098724610247e-01
8.919275017674658246e-01
7.359575409111013267e-02
7.919892053121226905e-01
8.411235705562339904e-01
8.994320080187103716e-01
8.830847940466847179e-01
8.730479514973360500e-01
6.698434309053777902e-01
8.785932055749129388e-01
9.082709879646331252e-01
4.388503556629069213e-01
7.354967770615692402e-01
8.701041150223103315e-01
8.681077694235589393e-01
9.183488319346790885e-01
7.419087995036707239e-01
8.930221175318914240e-01
6.344917330067361139e-01
9.385228828185443462e-01
8.776294899781702519e-01
9.370237910122842795e-01
5.303661534480528239e-01
7.705331947126095038e-01
8.226080246913580751e-01
9.646226415094339979e-01
8.914350282485875576e-01
8.719241937948952748e-01
9.210809752276509776e-01
9.340231284236153453e-01
9.445513815585222517e-01
8.834108527131783184e-01
8.420351510463667255e-01
7.545446444484049664e-01
8.916022925492150808e-01
8.150663785118863469e-01
9.424551887791855487e-01
5.926547834323603325e-01
9.322734791398640253e-01
9.196602371261723974e-01
7.282986958077211082e-01
8.937811735256206980e-01
9.234298425497897700e-01
8.036121121743092788e-01
9.309619765200630725e-01
7.285339146806718569e-01
9.317525090989301484e-01
9.615165336374001948e-01
9.469613259668507865e-01
8.198665974357950414e-01
9.491198972767642683e-01
8.853762248105010446e-01
6.439275949191846093e-01
8.733951007615539108e-01
7.436876645285677156e-01
7.566163862727068867e-01
8.489632107023411534e-01
0.000000000000000000e+00
8.778103616813294208e-01
7.280075623119067751e-01
4.036305136024203599e-01
3.588384495317377687e-01
9.068944335566151427e-01
7.460868018498755250e-01
8.786805028262887340e-01
6.158753776094504362e-01
9.196214154541602070e-01
7.620538043073253887e-01
8.757668711656442229e-01
7.663515486895703388e-01
9.505840427638091450e-01
9.748844685553545997e-01
9.085396664982314796e-01
9.517333894471039502e-01
4.081174790944319675e-01
9.096497764530551144e-01
8.864310763420555350e-01
5.644554524849872967e-01
7.890237535891412302e-01
9.357132973571329337e-01
6.609399145532224296e-01
6.365968155640516768e-01
9.342237782360558462e-01
8.082632360217714140e-01
7.304190515732970068e-01
8.843421577757083485e-01
9.569271056730703773e-01
3.769405528209011647e-01
9.397230201546042938e-01
8.641418883672404849e-01
9.547917749239106522e-01
8.548120873539868381e-01
9.421760679726220999e-01
8.865858263751940083e-01
6.957312935660970865e-01
8.280068728522336219e-01
9.540187506583798216e-01
9.317952597075138677e-01
9.035303001699075409e-01
8.266089585865472600e-01
9.736920777279521877e-01
8.395874891791185179e-01
7.308890925756187373e-01
6.831382089098373411e-01
9.220947846786410329e-01
4.958422294639847072e-01
3.087566162132045489e-01
8.266900790166813451e-01
9.654744262426402379e-01
7.877714333347226594e-01
8.277008808197016121e-01
3.513083206423923688e-01
9.436182932297115800e-01
8.735359732292247159e-01
8.592263792010146339e-01
8.608229644761626886e-01
8.759771683831740763e-01
8.338735207658098947e-01
9.618697377334752829e-01
6.230852457149365087e-01
9.646827277034660808e-01
8.917650865555735162e-01
7.973401534526853851e-01
8.775083443921662951e-01
9.051124744376277675e-01
5.438693190359272789e-01
9.427657161373946826e-01
8.161660955452529898e-01
8.343889079082505988e-01
6.487632138994522402e-01
7.021091162628551041e-01
7.850914962325080682e-01
9.398998330550918379e-01
6.436385211554863650e-01
8.504088504088503919e-01
1.052555633938305618e-01
5.618160960112954516e-01
4.852450919866650447e-01
9.293166651001033562e-01
9.094104027123128819e-01
1.788417353696445389e-01
9.421197694813330248e-01
2.941902059948192996e-02
7.389349368871552803e-01
9.711786991466911934e-01
9.087948562720498114e-01
9.331843575418994341e-01
7.932371023790429909e-01
9.401650618982118068e-01
5.300187781892209404e-01
8.756058158319870444e-01
6.869985199034042145e-01
8.588617330370876823e-01
7.377279102384292075e-01
8.644939965694682371e-01
9.406463241920947072e-01
9.591794446746788605e-01
8.246019612960960865e-01
8.840221694378463946e-01
9.343745070200346614e-01
6.352295111323345012e-01
3.780118794127535486e-01
9.404259919991350136e-01
1.181216679360243688e-01
8.436839881706801325e-01
4.627659574468084847e-01
8.545988443686652891e-01
1.039043152958533112e-01
8.838853122718524080e-01
9.649642971857781415e-01
6.492794486215538452e-01
8.869235043526578766e-01
8.876889848812095085e-01
7.832804015981968959e-01
9.572072072072072002e-01
6.352075501879549391e-01
8.599282296650717639e-01
9.033028812368235627e-01
8.119002723653886422e-01
9.042940896846775045e-01
5.901806156194352448e-01
6.919013095037374050e-01
4.621955288621955038e-01
7.509696792759728012e-01
6.001377647666609194e-01
4.039890361840404176e-01
6.847552195824333499e-01
8.150254612790159836e-01
6.428639549854561208e-01
8.629373317954632805e-01
8.993948024207902847e-01
8.825974025974026027e-01
9.217872340425531386e-01
8.819470026277659302e-01
8.440299603466000500e-01
9.422863485016648166e-01
2.075960566228513687e-02
0.000000000000000000e+00
8.364679850643064185e-01
9.132947976878612595e-01
8.519980266403551772e-01
8.549454480414953039e-01
9.449603624009059732e-01
7.843111111111110700e-01
6.974291364535266657e-01
5.266345292022964891e-02
2.311196638259435387e-01
8.864540374338075734e-01
9.611707604059420706e-01
9.542682926829267887e-01
3.027378972761552434e-01
7.839467227479846034e-01
9.587235203200290545e-01
9.087532145918658655e-01
8.656450463292943986e-01
7.960493827160494140e-01
6.036732721121315093e-01
8.994860079954312138e-01
5.930902111324376502e-01
9.085603112840466844e-01
9.255617977528090012e-01
6.435124508519003417e-01
8.908122503328894659e-01
9.310126582278480667e-01
9.296416938110748651e-01
1.612903225806451568e-01
7.206012378426172038e-01
9.613478691774033358e-01
9.182422074603985296e-01
6.717171717171717127e-01
8.607172643869891449e-01
6.459952686718486436e-01
9.171214188267394762e-01
7.748700274548746547e-01
7.776179892796444282e-01
9.559831629585087143e-01
5.117328519855595115e-01
9.634397068025386535e-01
8.204667863554757634e-01
9.433290978398983784e-01
9.286209286209285985e-01
9.126344086021505042e-01
7.295298468040147810e-01
9.456884230585993478e-01
3.106508875739644737e-01
7.969441371681416086e-01
5.933723910655437361e-01
5.128902316213495016e-01
9.365079365079365115e-01
9.047706759992631964e-01
9.210747271200672159e-01
8.375099443118536602e-01
8.194945848375451147e-01
8.771466314398943531e-01
6.446078431372549433e-01
9.226689000558346843e-01
9.546044098573281955e-01
9.447852760736196176e-01
9.180146244183470250e-01
6.937440839858876052e-01
3.641294183654385508e-01
8.544685990338164450e-01
8.154967395473724512e-01
8.455615942028985588e-01
5.920429428481212009e-01
8.442849254555494509e-01
9.674717569146864538e-01
8.618937644341800874e-01
9.651741293532338783e-01
8.569576490924805112e-01
9.314397649363369558e-01
6.746191961827858741e-01
8.403487672880336490e-01
9.582651391162029242e-01
7.375068643602415985e-01
8.612774451097804373e-01
8.722118959107806324e-01
4.519661154884770382e-01
9.282226562500000000e-01
8.620414673046251641e-01
8.286493860845839388e-01
6.942898975109809134e-01
7.900280898876403946e-01
8.614476545511028371e-01
3.805335395321863268e-01
8.710376591709564353e-01
7.889009793253536351e-01
8.576406172224987357e-01
7.272727272727272929e-01
9.743260590500641971e-01
7.873826675398384323e-01
7.873460562188586698e-01
8.977746870653685596e-01
9.263736263736264132e-01
5.598069631161668447e-01
4.968986905582357116e-01
7.470644239923833752e-01
4.936811406351263587e-01
6.421359354882428816e-01
8.706125258086717666e-01
6.546112115732368730e-01
9.241329479768786159e-01
4.484257673560795854e-01
7.604949874686717237e-01
5.618710134656271782e-01
8.810198300283286210e-01
1.111040769815143103e-01
6.272742635047597881e-01
1.358494555449836147e-02
9.133671742808798788e-01
9.374456993918331982e-01
7.793851717902350318e-01
8.641795394928591945e-01
8.640046296296296502e-01
7.613365155131265327e-01
7.284768211920529257e-01
9.016630513376717726e-01
9.048442906574394318e-01
8.734309623430962510e-01
9.341012084592145159e-01
9.111318989710008864e-01
9.599144842330304961e-01
5.524328458082401472e-01
8.306010928961748974e-01
8.766539253160835488e-01
9.233848548871343986e-01
8.868360277136259073e-01
9.467213114754098324e-01
3.366111951588502404e-01
9.208573784006595098e-01
6.961451247165533207e-01
7.254901960784313486e-01
7.317636195752539319e-01
8.887832699619772070e-01
7.731164383561643927e-01
8.551912568306010431e-01
6.408225181189954878e-01
5.891472868217054737e-01
9.183253260123541706e-01
4.582560296846011072e-01
8.690127077223851471e-01
6.408970197698435900e-01
