5.820148386520067607e-01
8.243748203506754413e-01
8.015539009388151781e-01
7.326712030174946655e-01
6.925511596180081719e-01
6.646505376344086224e-01
3.769725306838106471e-01
9.002819789797488204e-01
3.296417422327932445e-01
6.421190749548958410e-01
4.303730017761989157e-01
4.950443519188993391e-01
4.723035578195820539e-01
2.772892702494487716e-01
3.542812863231305509e-01
4.254888546833133778e-01
1.546414824098111263e-01
7.379904520364015674e-01
6.916393442622951193e-01
9.456570657065707097e-01
4.121068604009563985e-01
0.000000000000000000e+00
4.887310805524628932e-01
2.945721077654516740e-01
5.174447665700290244e-01
8.518105849582172651e-01
7.086275713847098867e-01
5.568051182086269923e-01
5.879425837320574333e-01
6.500392772977219291e-01
3.889510557555707071e-01
6.778366583541146628e-01
5.162923486867149192e-01
9.011048970126858126e-01
4.464731004041388451e-01
8.950819672131147264e-01
5.802121573838426860e-01
6.997591302649567302e-01
3.780738621121345067e-01
1.430902472699887018e-01
5.737472103875025375e-01
6.630869656769846632e-01
6.559428206931519068e-01
3.657179818887451583e-01
8.037420382165605393e-01
8.183333333333333570e-01
9.099954771596562297e-01
8.721854304635761057e-01
9.681219681219681572e-01
7.659362549800796671e-01
9.067552602436322884e-01
7.679558011049724131e-01
8.936390873473150087e-01
9.439675727229375202e-01
4.698944057515165307e-01
7.894259818731117484e-01
8.184568835098335882e-01
2.272341868746820259e-02
6.618023310906850920e-01
6.996277714840588580e-01
9.281183932346722676e-01
9.096933471933471571e-01
5.091344062635928536e-01
5.625863498203923507e-01
7.964295997696515528e-01
4.982293920912846952e-01
7.116424522770212757e-01
6.506791171477079860e-01
9.244616234124792831e-01
4.251355812308417748e-01
8.570909090909091255e-01
8.967272727272727062e-01
5.076093469143199144e-01
4.598652550529355176e-01
7.731525190970731654e-01
8.948513415518491998e-01
2.613061532653831454e-01
8.953168044077135512e-01
6.638687615084774007e-01
8.012335103649135259e-01
7.604111755403267781e-01
3.581383118590586445e-01
7.194615159496634549e-01
9.140783744557329227e-01
7.746223564954682894e-01
9.560392658984208092e-01
5.455495818399044294e-01
8.504366812227074357e-01
7.149122807017543879e-01
8.814129520605551438e-01
8.543833580980683129e-01
5.268201617921592916e-01
7.684923771880293186e-01
9.074201699977026969e-01
0.000000000000000000e+00
7.038854805725971442e-01
8.687848322587695682e-01
9.201444196665604647e-01
7.863196125907990774e-01
9.313704264992422877e-02
7.884615384615384359e-01
6.762672811059907696e-01
8.422658783139423955e-01
8.915254237288136041e-01
7.886506154679878700e-01
7.089669638175144506e-01
8.698033358227532652e-01
5.943913838650680681e-01
3.191383595691797970e-01
8.999129677980852726e-01
9.429937477013607960e-01
1.807935076645626749e-01
5.644301548354344611e-01
5.219426565242831773e-01
3.616306954436450671e-01
3.876947040498442409e-01
7.966523723889887831e-01
9.020989734947142402e-01
8.127107530910453459e-01
6.809322033898305149e-01
9.018222387504648552e-01
8.019145802650957666e-01
7.852597278129193059e-01
8.909760589318600488e-01
9.024822695035461528e-01
8.768964022540095549e-01
8.329000577700751418e-01
9.415086728519563852e-01
8.461046533498852718e-01
8.995943204868154242e-01
4.488786862087232876e-01
5.760996496691319635e-01
6.981072341195360131e-01
2.361826936118269493e-01
9.103109656301145991e-01
5.972170960360226877e-01
6.853625170998631777e-01
8.536585365853658347e-01
5.134469088181721208e-01
8.850305021116846582e-01
9.343497199751088500e-01
1.611811123838615134e-01
5.133479612360577482e-01
7.237510787227922071e-01
5.969120485249517633e-02
6.551656920077972845e-01
6.794006479481641270e-01
6.438032949747495293e-01
2.801762114537444948e-01
2.162737103350469703e-01
3.863583815028901469e-01
9.054347826086956985e-01
6.627820697481558998e-01
7.923497267759562757e-01
6.439078751857355565e-01
9.229122055674517933e-01
8.881604319321249053e-01
6.783517018545567323e-01
4.467145701670851010e-01
8.555947580645161255e-01
6.923785401795993222e-01
7.921433405304373343e-01
7.644351464435146237e-01
5.478252214591420310e-01
7.419230980198563419e-01
2.122770069375619351e-01
7.330781277188098688e-01
7.444998687319506203e-01
3.310506005761182924e-01
8.236623963828183514e-01
7.832167832167832300e-01
7.514645837031777020e-01
8.505192878338279083e-01
6.597437888198758316e-01
5.342212356640769766e-01
7.307464892830746184e-01
7.984643868438249248e-01
8.682165837076605275e-01
9.081668419207851173e-01
1.846618542978549216e-01
1.491500369549149940e-01
7.173960853309874208e-01
7.230313588850174611e-01
1.822747228451407076e-01
8.561628172879029997e-01
8.902623388172521413e-01
8.812745525971191762e-01
4.600382709900652789e-01
8.534207337225955259e-01
7.177350165461453546e-01
7.714813580882575739e-01
5.770127308588847148e-01
6.839105383805216265e-01
4.523573474333553723e-01
6.053245541269183239e-01
3.643035728687797348e-01
5.891122439165143998e-01
9.346198156682027358e-01
9.268398268398267970e-01
9.247416020671834769e-01
8.746899094870935754e-01
8.109989557953358741e-01
7.971014492753623060e-01
8.751763046544428493e-01
8.478071449317455821e-01
7.267797552836484654e-01
7.608022034773627151e-01
9.175317185697808853e-01
9.112355534373882682e-01
8.498845265588914621e-01
8.771297509829619754e-01
7.448805460750853591e-01
8.956844812803658185e-01
6.967263239430877553e-01
7.847741017431518751e-01
8.622510474659932367e-01
9.550126818849286048e-01
9.527828112865648347e-01
9.485376434368877341e-01
8.370816206694069450e-01
7.449832540598351205e-01
9.135595587208490409e-01
1.943025236104660158e-01
9.090332134546224019e-01
8.744208673091178330e-01
7.722303973092284890e-01
6.356568601466560109e-01
8.389667491068975025e-01
1.605402092025388916e-01
4.385353363975691976e-01
8.750275318267918268e-01
3.484508946039198696e-01
8.819432599920404847e-01
8.246344015378251902e-01
9.573472461273666578e-01
7.879303331730946880e-01
9.428697388553201053e-01
8.428896635128405590e-01
9.327748027868947300e-01
9.381109343032507653e-01
1.504334523202447704e-01
5.462633451957294994e-01
7.949449125081010648e-01
7.418530971162550225e-01
9.221188475390156292e-01
8.824977901250158352e-01
5.430098854759545235e-01
4.000553326877853144e-01
8.025185757020167898e-01
1.331558608844997937e-01
9.002312520647506311e-01
8.962792229173526248e-01
8.796706776440785802e-01
9.439123763162071690e-01
9.131398629584844828e-01
9.314355677992041116e-01
8.290911654797997743e-01
9.559471365638766427e-01
8.251692365550958863e-01
9.030168958994582162e-01
8.744803184431666765e-02
7.939777004474114497e-01
8.414336440301819486e-01
8.896232650363515848e-01
8.759949244434190874e-01
8.309400392266741431e-01
6.843090537780803784e-01
8.823337324480243771e-01
9.033488890845586816e-01
4.463858623438745621e-01
7.445358227754316216e-01
8.870728083209509229e-01
8.728045995116956446e-01
9.084633853541416171e-01
7.590124987088110453e-01
8.922771672771673268e-01
6.202333740085418379e-01
9.302587176602924446e-01
8.756784891069967491e-01
9.169597797828413777e-01
5.293465938369575907e-01
7.723298848899897706e-01
8.184861163940662099e-01
9.574097434973268816e-01
8.776254894980419774e-01
8.641549084359051447e-01
9.225579348782634304e-01
9.262890341321713406e-01
9.394276531306013922e-01
8.785265492176912439e-01
8.437607425232038771e-01
7.625022245951237343e-01
8.889302094954754097e-01
8.201841328575834034e-01
9.286012700534759245e-01
5.919228450874020053e-01
9.304587155963303102e-01
9.112846524708718698e-01
7.411982705373687530e-01
8.890882919260464368e-01
9.141292367043262201e-01
8.022671063478977738e-01
9.302512492574344094e-01
7.360154585542287853e-01
9.409426083866382351e-01
9.518322629391764433e-01
9.343455067706195605e-01
8.265918943642365235e-01
9.455360956856044830e-01
8.814528023598819928e-01
6.487038382999342767e-01
8.726947426369391358e-01
7.538199711421066374e-01
7.016107480381914563e-01
8.516016852805456949e-01
1.763438705475677687e-02
8.571589416400825501e-01
7.056185398340808490e-01
4.026138784498647372e-01
3.697645681581685495e-01
8.886717040581147975e-01
7.575595873354677989e-01
8.708939824884278647e-01
6.191357745970108573e-01
8.894974667944680613e-01
7.664505551829495777e-01
8.882958444529165387e-01
7.689708141321044410e-01
9.567277321541377555e-01
9.648929785957190974e-01
9.032096288866600098e-01
9.419632320159450067e-01
4.213746685702631223e-01
8.931185944363103646e-01
8.724573454464878974e-01
5.528761267540190927e-01
7.870472722543728761e-01
9.224057764892511502e-01
6.719046328908154786e-01
6.485021536078982018e-01
9.221440407290890651e-01
7.924723594448365160e-01
6.969786993850449752e-01
8.909425508081293410e-01
9.542217013027994854e-01
3.876183263915183863e-01
9.433570027095207200e-01
8.607130191709952971e-01
9.415422885572138911e-01
8.564187048536306968e-01
9.387402933563416818e-01
8.819232856129221032e-01
6.990932083153413856e-01
8.442726231386025182e-01
9.472330148062585442e-01
9.211183225162256072e-01
9.045708524135612771e-01
8.338074917022285648e-01
9.661683244981833507e-01
8.268909435223348314e-01
7.389471755165620825e-01
7.092363783674295874e-01
9.206332054676104049e-01
4.992029901610509635e-01
3.197604234376451027e-01
8.138423167521130486e-01
9.586859332588216764e-01
7.655471893550057638e-01
8.123142914590827379e-01
3.576913122250021670e-01
9.293826978390736793e-01
8.590534979423868345e-01
8.451734717960821541e-01
8.625703066963812393e-01
8.648681566287071965e-01
8.228243877019281172e-01
9.513342292186600657e-01
6.109862952145584947e-01
9.595974276060023067e-01
8.807456724367509482e-01
8.158567774936061889e-01
8.800564061240935265e-01
8.728383309535141521e-01
5.414140401864007135e-01
9.364823472513299496e-01
8.226164079822616548e-01
8.454576502732240595e-01
6.251613578480968991e-01
7.172738364999128313e-01
7.926914590172756681e-01
9.230343300110741556e-01
6.506959761273700682e-01
8.595478595478595052e-01
1.575707048034374336e-01
5.819361101306036455e-01
4.966045190764291628e-01
9.163879598662206805e-01
8.962318364666284065e-01
2.117515880524395155e-01
9.375986705442459490e-01
2.965680179059935334e-02
7.465734871878216827e-01
9.676590921166823289e-01
9.092711638003005969e-01
9.194187582562747263e-01
7.964459883759770209e-01
9.314227226202661525e-01
5.316191311978938350e-01
8.797162205740083341e-01
7.085767702734283580e-01
8.445207092628107537e-01
7.395979429640018310e-01
8.698558322411533705e-01
9.340799185543394723e-01
9.507708119218910570e-01
8.192470798303698176e-01
8.814139827179889863e-01
9.247576610381488260e-01
6.042127973655821993e-01
3.841757256528073317e-01
9.212378389567377202e-01
1.207380284369204415e-01
8.266095606521138839e-01
4.740905971173644540e-01
8.891487371375117466e-01
1.642761270626628411e-01
8.794846382556986697e-01
9.568840133119684843e-01
6.677631578947368363e-01
8.892074354943123593e-01
8.748693733792622940e-01
7.678007788481245877e-01
9.524109134587885883e-01
6.465648244421339230e-01
8.601311270683733579e-01
9.005897219882055271e-01
8.294154619736014977e-01
8.992775515565479827e-01
6.017552785550750460e-01
6.998819760580002880e-01
4.811897928763709809e-01
7.514262428687856765e-01
6.030652660582056512e-01
4.038484770040555727e-01
6.888498920086393307e-01
8.196217181403346874e-01
6.488713210781978935e-01
8.372619272110126687e-01
9.110262394794540475e-01
8.747650777379122333e-01
9.105229993698802371e-01
8.709021414220610158e-01
8.451735755090084012e-01
9.228869374313940499e-01
4.932381193124368152e-02
2.116476277244375842e-02
8.472909790979097355e-01
8.768928771733034422e-01
8.599694083978881576e-01
8.675839885632594672e-01
9.331990600872775987e-01
7.742295955645334127e-01
7.076382791922739557e-01
6.802160800368207971e-02
2.289972372465854666e-01
8.862804431646249537e-01
9.515741145605597362e-01
9.431696737285472087e-01
3.059201274960157702e-01
6.247205142537730627e-01
9.543416225030574296e-01
8.874374652584768874e-01
8.900597119775202071e-01
7.848101265822784445e-01
6.702025072324011568e-01
9.221658206429780291e-01
6.785028790786947761e-01
8.895238095238094944e-01
9.076086956521739468e-01
7.404980340760157764e-01
8.370253164556962222e-01
8.985507246376811530e-01
9.005593536357986428e-01
2.070070497756889560e-01
7.519893899204244114e-01
9.428294573643410947e-01
8.851485148514851575e-01
6.124567474048442373e-01
8.237129485179407462e-01
6.655262300423591126e-01
9.235474006116207724e-01
8.084783370314142514e-01
7.926797385620915071e-01
9.528089887640449618e-01
7.314897413024085138e-01
9.532107693648166347e-01
8.448082529715182920e-01
9.110947832476120611e-01
9.112306657700067758e-01
9.189784236019374886e-01
7.522451135763338348e-01
9.324953445065177204e-01
4.241335587489433734e-01
8.309859154929577496e-01
6.396380090497737481e-01
5.334641805691854310e-01
9.096045197740112442e-01
8.763824473778094593e-01
9.158233401579408683e-01
8.149677419354838248e-01
8.257302264522481394e-01
8.922603342128407888e-01
6.832320343224883574e-01
9.060906895626509305e-01
9.625322997416020376e-01
9.209250279746363788e-01
9.240974336668116296e-01
6.838632784233601436e-01
3.532945030942846731e-01
8.282532239155919740e-01
8.529519618628529365e-01
7.474226804123711432e-01
6.411876184459885941e-01
8.556644880174292256e-01
9.609990393852064772e-01
8.959379278868097041e-01
9.598236158745713231e-01
8.133716160787530791e-01
9.239653512993262208e-01
7.050835015599192790e-01
7.628135223555070343e-01
9.408926417370325757e-01
7.539813289401428031e-01
8.752475247524752477e-01
8.457690704460191222e-01
4.623144055309985068e-01
9.111857897263562212e-01
8.809051210797935738e-01
8.299947285187138091e-01
7.336749633967789563e-01
8.200631357418449729e-01
8.696057125116423148e-01
4.588844163312248425e-01
8.856834726341331621e-01
8.510858324715615542e-01
7.593324549846288685e-01
8.138275718450646012e-01
9.665605095541400793e-01
8.109583060467147053e-01
8.097851362663938124e-01
9.271339347675225939e-01
9.175646551724138122e-01
6.616179001721170794e-01
4.270588235294117685e-01
6.809380965366784721e-01
5.495649471721566481e-01
6.518262519482279638e-01
8.323548597521199799e-01
8.407871198568872551e-01
8.298279158699808367e-01
4.350405996252342256e-01
7.759222711401244643e-01
5.213108294476915816e-01
8.432740213523132189e-01
1.016300249434421987e-01
6.480031543964400731e-01
2.780420763294217182e-02
8.975505857294994172e-01
9.440619621342513090e-01
7.875555555555555642e-01
7.798236514522821627e-01
8.336921420882669187e-01
8.020646319569120219e-01
7.764238410596026041e-01
8.475366178428761499e-01
9.145416953824948569e-01
8.171206225680933688e-01
9.225601791378988947e-01
9.041474654377880116e-01
9.507676019057702543e-01
5.480620518348409131e-01
8.699472759226714036e-01
8.957304676154516088e-01
9.354641467481934480e-01
8.035527690700104975e-01
9.305647840531561243e-01
8.093599449415003200e-01
8.929121725731895554e-01
5.123497997329773401e-01
7.769607843137255054e-01
7.162386081193040654e-01
8.397839783978398032e-01
8.244725738396624370e-01
8.645418326693227185e-01
7.053767065565481609e-01
6.763588891526228775e-01
9.315537303216974152e-01
5.225726654298082918e-01
8.845029239766082352e-01
7.215992918264975131e-01
