9.233323707767830957e-01
9.998805154903132042e-01
9.997438483582280488e-01
9.950934579439252303e-01
7.907473309608541445e-01
9.883408638503585752e-01
9.994046757091599176e-01
9.985095663161986934e-01
8.563442345319719484e-01
9.243752815998336203e-01
9.477875178989277893e-01
9.904408352668213622e-01
7.816620786570928070e-01
1.000000000000000000e+00
1.000000000000000000e+00
7.415505990065257569e-01
6.961272542667891194e-01
9.693221580275043214e-01
9.564936695240486841e-01
9.829992178816943094e-01
5.548981595709862047e-01
1.000000000000000000e+00
9.781081572094713072e-01
8.322103316158012687e-01
7.600500268000714987e-01
9.895372365801898829e-01
9.689239103669047282e-01
8.597839634399667696e-01
9.740080628050074019e-01
9.713624529939253183e-01
9.963698658073989467e-01
9.272669692811147391e-01
1.000000000000000000e+00
9.878146055020959881e-01
7.616053677932405064e-01
9.981376870072630192e-01
8.468565933405457491e-01
9.270550412948284080e-01
9.793862731318809800e-01
8.939840983912044070e-01
9.641212121212121566e-01
9.999835493847469836e-01
9.156250000000000222e-01
1.000000000000000000e+00
9.943360206995566219e-01
9.875558325542744820e-01
9.980771352467413537e-01
9.973673962146584193e-01
9.979461318817105520e-01
9.986845566956064069e-01
9.957572493921443835e-01
9.962899984541659926e-01
9.866898047722342247e-01
9.991692864007297725e-01
7.581319067515326360e-01
9.988602982487118087e-01
9.967248738843617062e-01
9.990205680705190883e-01
9.986289361893416761e-01
9.996800053893829530e-01
9.994146310593595706e-01
9.883293747757292413e-01
9.643461885395071542e-01
9.233042332956215015e-01
9.161772557394554095e-01
8.183052442931880721e-01
9.813073147840368771e-01
1.000000000000000000e+00
9.968935877296715153e-01
1.000000000000000000e+00
9.945509266592744702e-01
9.985844930417494547e-01
9.966537441338502168e-01
9.947145877378436030e-01
9.532444098499858187e-01
9.980709696488853089e-01
6.661548435527347989e-01
9.994756646721362214e-01
9.955508919202518126e-01
9.710690815835870682e-01
9.874928027637387418e-01
1.000000000000000000e+00
9.998968136040944366e-01
9.955107341552965616e-01
9.998591328846454518e-01
9.988303538969762752e-01
9.989813242784379987e-01
9.995449766996689078e-01
1.000000000000000000e+00
9.998416919959473015e-01
9.986525505293551985e-01
9.752141982864137582e-01
1.000000000000000000e+00
9.995425658786819545e-01
1.000000000000000000e+00
1.000000000000000000e+00
9.931346972401482454e-01
9.896378546756796624e-01
1.000000000000000000e+00
1.000000000000000000e+00
9.939269042823911660e-01
9.999845366404305214e-01
1.000000000000000000e+00
9.981644393705370044e-01
9.923993813888574156e-01
9.914147709566842881e-01
9.932191349553592952e-01
9.570361668205085159e-01
8.788979665642003836e-01
9.992240482952341463e-01
9.983630006357279152e-01
8.863167115059751300e-01
9.136631911962308505e-01
9.995089356179519546e-01
1.000000000000000000e+00
9.423880121154152301e-01
9.980657309140704703e-01
9.987828997413662480e-01
1.000000000000000000e+00
9.892425974351345408e-01
9.980625387095237722e-01
1.000000000000000000e+00
6.624702616970657987e-01
9.960046295562284824e-01
9.994769713564901625e-01
9.997702507548903439e-01
9.998645903859173512e-01
9.996829272159424296e-01
9.986668375849250268e-01
9.953713276813691557e-01
1.000000000000000000e+00
9.995605584288274059e-01
1.000000000000000000e+00
1.000000000000000000e+00
9.958401071052883635e-01
1.000000000000000000e+00
1.000000000000000000e+00
9.993388741972043521e-01
1.000000000000000000e+00
9.967615663957491989e-01
9.984939759036144391e-01
1.000000000000000000e+00
8.780997968665151809e-01
9.947111913357400415e-01
5.723779073412325058e-01
9.732072371070904504e-01
1.000000000000000000e+00
9.970121921835092271e-01
9.921593050365685729e-01
7.084542337114217991e-01
1.000000000000000000e+00
9.959543716583902917e-01
9.996951076504526634e-01
9.999845690918910401e-01
9.995777189143537633e-01
9.883301468201002304e-01
9.982712681596143112e-01
9.992786335924047636e-01
9.999764345469541738e-01
9.971979721740820146e-01
9.869838709677419830e-01
9.740296400846859548e-01
9.877362319352049891e-01
8.504482248797559096e-01
9.993662194993133685e-01
9.534030807242404038e-01
9.904088258680094903e-01
9.950771601635238772e-01
7.929514677432921710e-01
9.928162053775834162e-01
9.997336967589328660e-01
9.979404950167334309e-01
9.973495008491120029e-01
1.000000000000000000e+00
1.000000000000000000e+00
9.999807718191782158e-01
1.000000000000000000e+00
9.970937912813738757e-01
9.964391880076939323e-01
1.000000000000000000e+00
1.000000000000000000e+00
1.000000000000000000e+00
9.905878556445973926e-01
1.000000000000000000e+00
9.898206887622993388e-01
9.837999456374014740e-01
9.980589572023734757e-01
9.658273381294963933e-01
9.987984569657876177e-01
9.937648301782219251e-01
9.972400257597595630e-01
9.990336071446423993e-01
1.000000000000000000e+00
1.000000000000000000e+00
9.838338868007152627e-01
1.000000000000000000e+00
9.898015618432405294e-01
9.939607789916536928e-01
9.992256025286447851e-01
9.992158619917105300e-01
9.937962581227791636e-01
9.963429952458938699e-01
9.978456898408888387e-01
9.983961632487815541e-01
9.921545442924709635e-01
9.683651452282158179e-01
9.783489046905392561e-01
9.969038140927495295e-01
9.940852078005670833e-01
9.977949800609898778e-01
9.657403965980891902e-01
9.512328767123288120e-01
9.949639941620823658e-01
9.522117729014281107e-01
9.932070811033346658e-01
9.542443474811582727e-01
9.964122635355512347e-01
9.774758410230327543e-01
9.850189262675267399e-01
8.774531668153434660e-01
9.845129113757915551e-01
9.917432595436707077e-01
1.000000000000000000e+00
9.996898411032113518e-01
9.858956276445698386e-01
9.150794900047222180e-01
9.972960047089985958e-01
9.825443138313122438e-01
9.997995456367766431e-01
1.000000000000000000e+00
9.400855920114122855e-01
9.948163113403157842e-01
8.797380317607511602e-01
8.690967283072545957e-01
9.609544468546638019e-01
9.997402799781834881e-01
9.801962209302325091e-01
8.944500215115445130e-01
9.533271432992881378e-01
9.950393324892587987e-01
1.000000000000000000e+00
1.000000000000000000e+00
9.999827055446024460e-01
1.000000000000000000e+00
9.986610046290982368e-01
9.693766091909182814e-01
9.678674477572789536e-01
1.000000000000000000e+00
9.335969298755669721e-01
1.000000000000000000e+00
9.959847676104587322e-01
9.997873735315484511e-01
9.657549477429396845e-01
9.789873630295142792e-01
8.471151505315264174e-01
9.943977591036414765e-01
9.998053073223915899e-01
9.988307091028495455e-01
9.921326907990586363e-01
9.945271326808362566e-01
1.000000000000000000e+00
1.000000000000000000e+00
9.999115498239841138e-01
9.888947998404042927e-01
8.779016841147018191e-01
9.498664475035956123e-01
1.000000000000000000e+00
9.999467632027256858e-01
9.721621454612865421e-01
9.977968176254590205e-01
1.000000000000000000e+00
9.999685133582078000e-01
9.256133554694705445e-01
9.805976596983527749e-01
9.995526127415891304e-01
9.971099145143135223e-01
9.957194599934146018e-01
9.782411969352665659e-01
8.369828875228443321e-01
9.938512853340520925e-01
9.774689100219459137e-01
9.940521872601688624e-01
9.859608182622278116e-01
9.939819050523533983e-01
9.402004235530423415e-01
9.965300699063964762e-01
9.996204590637990384e-01
9.971273873152387557e-01
9.807845163341546435e-01
9.377228163992870069e-01
9.999763397610316185e-01
9.979142526071842489e-01
9.975871406749062809e-01
9.980660795004426822e-01
9.737371845887364818e-01
1.000000000000000000e+00
9.995426355170963229e-01
9.119670851954316815e-01
9.989658441297291080e-01
6.958054079038594741e-01
9.391304347826087140e-01
9.943867594979401980e-01
9.877729023972602329e-01
1.000000000000000000e+00
9.640003759751856194e-01
9.920202202563639382e-01
9.951970738043961484e-01
9.961282367447595876e-01
9.985706666666667175e-01
9.996009046162033229e-01
1.000000000000000000e+00
8.649272958805934719e-01
9.943448845736714281e-01
9.005430967598920811e-01
9.999406950539675432e-01
1.000000000000000000e+00
9.190933653557490368e-01
9.577633620081793531e-01
7.574038063055883452e-01
1.000000000000000000e+00
9.785255908592893626e-01
9.999815814193357966e-01
8.655854384224958009e-01
9.987305468052094515e-01
9.727819692484003244e-01
1.000000000000000000e+00
9.997616323417238826e-01
9.996383363471971206e-01
9.938207523851896319e-01
9.957150796923462943e-01
9.997639913778183507e-01
9.850826743350107328e-01
1.000000000000000000e+00
9.804477799522416381e-01
9.403461934043810810e-01
9.607449489556191269e-01
9.987654075150839139e-01
9.222689075630252642e-01
9.962116863735507311e-01
1.000000000000000000e+00
9.665480139147317740e-01
9.325653391740201803e-01
9.996236710885313403e-01
9.945382323733863439e-01
9.230836312897880980e-01
1.000000000000000000e+00
9.936595391140845557e-01
9.796270526022822223e-01
9.870218839200761707e-01
9.986952769023866860e-01
9.856780072450237462e-01
9.362923929198756490e-01
1.000000000000000000e+00
1.000000000000000000e+00
9.900336470888879692e-01
9.893368189323059614e-01
8.006251395400758586e-01
9.976777756856838320e-01
9.913367091696663191e-01
9.620704263961921132e-01
9.998398755604355204e-01
9.978860193963168257e-01
9.698088305046297375e-01
9.844870968412734458e-01
1.000000000000000000e+00
8.738590596029646163e-01
9.877037181614131134e-01
9.492898227491489704e-01
8.916309012875536233e-01
9.779411764705882026e-01
9.813026819923371669e-01
9.663019361690022846e-01
9.901593252108715770e-01
9.981717153611758819e-01
9.799090219863533235e-01
9.960428216402217316e-01
9.929918748986614752e-01
9.026420557365182340e-01
9.749672984687989263e-01
9.543061224489796102e-01
1.000000000000000000e+00
9.356091818716891773e-01
9.756322347563223252e-01
1.000000000000000000e+00
9.866266111057272470e-01
1.000000000000000000e+00
9.993501550344418005e-01
1.000000000000000000e+00
1.000000000000000000e+00
9.999787034670755137e-01
9.995803066989508157e-01
9.927151182721974942e-01
1.000000000000000000e+00
1.000000000000000000e+00
1.000000000000000000e+00
1.000000000000000000e+00
9.864740738072510506e-01
9.534108275830129875e-01
1.000000000000000000e+00
9.977248568711187815e-01
7.601100539510290410e-01
1.000000000000000000e+00
9.569756406200569110e-01
9.848010728654448265e-01
9.976609908893141476e-01
9.996441632895126661e-01
9.995050769525511969e-01
9.893678493008205566e-01
9.999039092903700965e-01
1.000000000000000000e+00
8.868830943713938986e-01
1.000000000000000000e+00
9.986203566378091256e-01
9.973371144003320143e-01
9.967849105133426146e-01
9.979603955283607997e-01
9.547424169475204891e-01
9.554466100681573426e-01
8.730098007068167743e-01
1.000000000000000000e+00
9.906913243142608794e-01
4.077811550151975717e-01
9.790907411450547881e-01
1.000000000000000000e+00
9.869468037550290784e-01
9.982600500235617735e-01
9.321984615791282236e-01
9.809860538204674407e-01
1.000000000000000000e+00
9.996711788239162066e-01
9.252120816630930999e-01
9.759309983099248020e-01
9.927895541506549515e-01
1.000000000000000000e+00
8.607809235645846879e-01
9.998630652836260069e-01
1.000000000000000000e+00
9.484859993785174082e-01
1.000000000000000000e+00
1.000000000000000000e+00
9.947813481517274736e-01
9.288352176178715780e-01
1.000000000000000000e+00
9.937164550333813517e-01
1.000000000000000000e+00
1.000000000000000000e+00
9.964864750455064701e-01
9.954057939878699912e-01
9.953714462777907279e-01
9.975763856388313311e-01
9.797849361382419131e-01
9.874186204417462198e-01
9.996764745947418485e-01
9.957944404554313067e-01
1.000000000000000000e+00
9.994151704778057033e-01
9.972814926365609622e-01
9.965105247077363781e-01
9.997129102071463658e-01
9.995034117452318290e-01
9.911217735439358245e-01
9.225816308713112868e-01
9.999180126260556190e-01
9.995466908431550612e-01
6.678345710884980857e-01
9.576509124941506856e-01
9.700766546973285109e-01
9.848000793729536628e-01
9.996065917733968353e-01
9.954526021221190568e-01
9.780793554340242446e-01
9.888545674596723734e-01
9.992986147641592654e-01
9.930855390776547331e-01
9.999212189011612573e-01
9.996080767542484535e-01
1.000000000000000000e+00
9.972869727917673677e-01
9.995218336906727119e-01
1.000000000000000000e+00
9.946642250497268467e-01
9.982341818636413233e-01
9.983757867283035159e-01
1.000000000000000000e+00
1.000000000000000000e+00
9.991944978003594047e-01
9.968610710025739285e-01
9.986072423398328901e-01
9.979033685878022641e-01
9.930783120444057754e-01
9.998242923774838253e-01
9.997934737711688946e-01
9.999309034375539751e-01
9.965258379888267681e-01
9.995736011749656313e-01
9.920356743067917371e-01
9.999508840864440584e-01
9.941920662654500918e-01
9.985189573459715140e-01
9.989420829912208921e-01
1.000000000000000000e+00
9.985821859541889056e-01
1.000000000000000000e+00
9.993148942000900092e-01
9.970095196956355599e-01
9.953242455850087600e-01
9.985091547217865848e-01
9.886013097771398916e-01
9.756102473213565940e-01
9.458064760032511842e-01
1.000000000000000000e+00
9.999367748869850692e-01
9.892308662609189396e-01
9.963408343542459189e-01
9.997438196490329165e-01
9.966859063808194419e-01
9.984925446501720092e-01
8.509350712435233000e-01
8.340672980463502695e-01
9.954927556574494352e-01
9.978710897160922855e-01
9.906459777704412772e-01
9.999839669076975301e-01
9.995292640828494779e-01
9.975858590869256526e-01
9.995581714610323187e-01
9.991817080271295781e-01
9.928718666897452527e-01
9.993956861286723559e-01
1.000000000000000000e+00
9.862271249123254480e-01
9.980529348445513760e-01
1.000000000000000000e+00
9.998295551389125846e-01
9.957889092170840728e-01
7.821690992451999502e-01
9.973123349679365868e-01
9.997620256377712789e-01
9.960796967008147540e-01
1.000000000000000000e+00
9.999042924821744949e-01
9.999518598157836058e-01
9.984055082442471196e-01
9.993534517594193645e-01
9.992571614281071657e-01
9.922980392156862672e-01
9.999524850327853320e-01
9.988953814135915765e-01
1.000000000000000000e+00
9.938141711714980620e-01
9.999375965303670677e-01
9.988862919797336648e-01
9.999361379420451668e-01
9.556458626523932631e-01
9.842504653271607618e-01
9.955528603193855020e-01
1.000000000000000000e+00
9.969780519338909963e-01
9.999076681593647153e-01
9.959518582527597808e-01
8.459186636377611368e-01
9.910393060085403993e-01
8.734504670301052043e-01
9.816623045433192640e-01
7.572317774885938269e-01
1.000000000000000000e+00
1.000000000000000000e+00
9.861074520961764511e-01
9.997825681804063391e-01
9.991159104543588798e-01
9.865169617580730188e-01
9.967910085625283356e-01
9.975419135257783676e-01
1.000000000000000000e+00
9.971502873070993145e-01
9.997605707992146540e-01
9.971095138727876783e-01
9.937741519965650472e-01
9.996742772056086412e-01
9.995759650720859035e-01
8.245620580937633726e-01
9.996614811737370987e-01
9.964152834644331991e-01
9.998948497402788682e-01
9.972666625486441561e-01
9.977977786288778628e-01
9.979599464291275535e-01
9.979493552897312769e-01
9.771722316838798994e-01
1.000000000000000000e+00
9.942821138851697382e-01
9.973836579248847034e-01
9.997048314432188665e-01
9.994908664527276665e-01
1.000000000000000000e+00
9.992826022291823040e-01
9.999219725343321263e-01
1.000000000000000000e+00
9.999054969286501615e-01
1.000000000000000000e+00
