9.552541822316062969e-01
9.968035675304830479e-01
9.973358064244161048e-01
9.798605037116777661e-01
9.882801809488546141e-01
9.943722598644878508e-01
9.844331325207428263e-01
9.877100617756842116e-01
9.997208676091490220e-01
9.997274412181560432e-01
9.735304284844195077e-01
9.937220460274863720e-01
9.966789958290706020e-01
1.000000000000000000e+00
9.757260050674179119e-01
9.999836721365009673e-01
9.946684384520645406e-01
9.986873024876428140e-01
9.985109895445569705e-01
9.992386149136304185e-01
9.789100936980977830e-01
1.000000000000000000e+00
9.922667222653954733e-01
9.823822430591165888e-01
9.867687405965129832e-01
9.889778884663278369e-01
9.979568971198840011e-01
9.989070197044335186e-01
8.703949028513752184e-01
9.966061193745562319e-01
9.787460340351888943e-01
9.741636959418098485e-01
9.887855342084673760e-01
9.972084596613177698e-01
9.595047031939203386e-01
8.729700544087718450e-01
9.059901813286879158e-01
1.000000000000000000e+00
9.794054579393116633e-01
9.950476662127026861e-01
9.955078494420276369e-01
9.766272290224692343e-01
9.990417458771889692e-01
9.787103145692683803e-01
9.967553841813222570e-01
9.987627638914990946e-01
1.000000000000000000e+00
9.827187908525993887e-01
9.956039629945541147e-01
9.894558528659337382e-01
9.995872575137894067e-01
9.986326344576116343e-01
9.989826574893894140e-01
9.934133371889408703e-01
9.841267177878081363e-01
9.964440996298631337e-01
9.987904351332071995e-01
9.985959219332595227e-01
9.674384053485204360e-01
9.988402537384245550e-01
9.956646946505148810e-01
9.966905681191395860e-01
9.872939507486392374e-01
9.989686913154572911e-01
9.985716303818926720e-01
9.964477436003631450e-01
9.979729729729729382e-01
9.944334447726314030e-01
9.999842047069973372e-01
9.815942796610169774e-01
9.979962055807806154e-01
9.995973036855466676e-01
9.996271378779282291e-01
9.964105793450881432e-01
9.952448882548740050e-01
9.821784352791679273e-01
9.932415471064166557e-01
9.964406449096346874e-01
9.987244295365427238e-01
9.817728554497527904e-01
9.972199149022732412e-01
9.796642073242466386e-01
1.000000000000000000e+00
9.987146953168770658e-01
9.948884611743917805e-01
9.952563584981832800e-01
9.468594444655545894e-01
9.489495316551711523e-01
9.698748570275179670e-01
9.780013357822674447e-01
9.894165027629483466e-01
9.256375440234225760e-01
9.647680271091841897e-01
9.620966605608003430e-01
9.976258150810901615e-01
9.305014426215698631e-01
9.869441593620135178e-01
9.823132150935973694e-01
9.867209219252333074e-01
9.847456531575204952e-01
9.841216836692100456e-01
9.986423339227077367e-01
9.796921725320583141e-01
9.328023976293103869e-01
9.799155921063605890e-01
8.379025239338555586e-01
9.985041738375178832e-01
9.951340632238497852e-01
9.712142415465225831e-01
9.990744708201216850e-01
9.818073994720128983e-01
9.535885360061183702e-01
9.930649158659071718e-01
9.926461080941297865e-01
9.767266624424160160e-01
9.853238093622219695e-01
9.841802260889197518e-01
9.338220831470719352e-01
9.965290320554098802e-01
9.944531385845939431e-01
9.217538601863313197e-01
9.961229381079937939e-01
1.000000000000000000e+00
9.545675535214337426e-01
9.947825789455677636e-01
9.909227453797426755e-01
9.641071880536572491e-01
1.000000000000000000e+00
9.893051818119091845e-01
9.968366943455911899e-01
9.856721449641803190e-01
9.782364856946745846e-01
9.226581831035701731e-01
9.467723669309173751e-01
9.745037511722413059e-01
9.739919461198938144e-01
9.697003661361428550e-01
9.435455666611445302e-01
9.971392590058925087e-01
9.305123383862755615e-01
9.847417448499214965e-01
9.863701457332996192e-01
9.875069862248084807e-01
9.895103796991300271e-01
9.918993178372915720e-01
9.762383444833443447e-01
9.999338853903241287e-01
9.943932647064125385e-01
9.828803686152578489e-01
1.000000000000000000e+00
9.705650206949658632e-01
1.000000000000000000e+00
9.940023256288378350e-01
9.974973931178310327e-01
9.936279547790338729e-01
9.868271764004538094e-01
9.786663300407106858e-01
9.949379693788639178e-01
1.000000000000000000e+00
1.000000000000000000e+00
8.386502174721489622e-01
9.330365599545368260e-01
9.835317002406778197e-01
9.988771466314398939e-01
9.809734599180693904e-01
9.978053721488595595e-01
9.843997330027652870e-01
9.999197406016244738e-01
9.997798361351806218e-01
9.976467992793323081e-01
8.995265841223597514e-01
9.903804338372154126e-01
9.963857245581501099e-01
9.732384718373446875e-01
9.932044847141646704e-01
9.969035045607297363e-01
9.946149306580112093e-01
1.000000000000000000e+00
9.978931026835218265e-01
9.612505579782302245e-01
9.781318550512694276e-01
9.698274282783131417e-01
9.905226506786825036e-01
9.793039040741791101e-01
8.412770958474797833e-01
9.704752391563256086e-01
9.986761304729244726e-01
9.783924525749839729e-01
9.941818181818181666e-01
9.750780376249853498e-01
9.890025113668072798e-01
9.809878582347876241e-01
9.980534578159075965e-01
9.983335647826691028e-01
9.986692431092314415e-01
9.991705159065773501e-01
