7.463921901528013381e-01
7.682458386683739260e-01
8.450986952157912846e-01
1.815261741470613754e-01
3.968864632727923669e-01
7.454574690464704778e-01
2.013193636010865428e-01
8.618899273104880798e-01
8.138291257306304871e-01
9.528602750647797714e-01
7.275305238282788745e-01
3.535750364799640777e-01
3.195464707761098699e-01
6.060817084493964613e-01
3.101659042807400901e-01
4.783723522853957633e-01
2.038447201661430230e-01
7.094083114475513430e-01
5.385794583546243963e-01
5.169996031221061328e-01
1.543448896893291344e-01
2.954234972677595716e-01
5.300895208004212655e-01
2.954612437371058054e-01
7.154942783472201251e-01
8.329165719481700370e-01
8.527088560542700479e-01
7.271386430678465906e-01
1.263207883177015212e-01
9.654829280427886795e-01
5.661015039711597696e-01
8.248994481339444462e-01
4.987834549878345514e-01
2.694610778443113849e-02
7.962663462871401032e-01
6.362837689435536515e-01
4.540365717128996143e-02
3.019600918241215071e-02
7.026361172702635938e-02
3.818011257035647255e-01
7.600106072659772449e-01
2.209638857430476777e-01
4.654147716175116578e-02
8.722680913064594366e-01
7.281105990783409698e-01
8.725747246984792982e-01
3.701316895488932501e-01
9.299937622954752570e-01
7.790625827522288382e-01
8.038016650703603272e-01
7.887069859739322952e-01
9.818747569039284473e-01
7.115694489203996387e-01
9.313322950587569204e-01
9.104281179840519878e-01
9.613216205585419782e-01
5.036086607858861752e-01
7.271313811868359567e-01
2.873104549082202558e-02
9.668527167103314612e-01
8.992332968236582680e-01
8.730482009504412222e-01
9.059049130463532606e-02
8.323108384458077769e-01
0.000000000000000000e+00
8.489922480620154532e-01
7.841374488063130865e-01
4.401071565250669892e-01
8.436080467229072344e-01
8.575496189598861285e-01
9.060705179385478703e-01
8.704775687409551654e-01
8.952929875120076986e-01
9.001132502831257209e-01
7.390499691548426675e-01
7.329716696805304021e-01
9.345276761598687587e-01
9.222822258746184998e-01
9.298000929800093184e-01
6.926568922152015473e-01
9.690282322502092871e-01
2.636061850266445128e-01
8.820913623500875600e-01
9.063495036523693260e-01
8.678102926337033507e-01
8.816196903533147777e-01
7.282039543334573040e-01
8.754991778247591672e-01
8.348788927335639709e-01
6.839646406815371726e-01
1.516616935898754959e-01
9.051554506099960262e-01
3.708343597142555459e-01
5.044433672645015632e-01
8.388635008940990012e-01
8.832527191927127541e-01
8.030274361400189242e-01
8.924095056652963098e-01
6.972269383135257792e-01
1.523221622072532255e-01
5.473326867119301387e-01
7.473491773308957864e-01
6.779592250735368975e-01
9.102065249925171964e-01
7.834988228068379135e-01
7.118428233581953757e-01
1.784969243113131987e-01
3.855573437828003769e-01
3.861999874773026087e-01
7.999668132415166388e-01
8.773280087130150839e-01
4.891550100623617836e-01
6.129490274030953145e-01
3.255690490410776960e-01
9.515137719098565317e-02
6.030518538976731291e-01
6.279357231149567120e-01
8.422736361039703246e-01
8.556263269639066138e-01
8.234628975265018136e-01
6.979289623350144467e-01
0.000000000000000000e+00
7.419887677568549611e-01
8.855146716348393232e-01
6.092078138804358778e-01
3.470252648736756318e-01
5.448495370370370905e-01
1.603166749134092017e-01
8.937575839288122159e-01
8.599013087320317439e-01
9.084053141579340185e-01
7.352284566155677936e-01
3.752147136453140019e-01
6.161321671525753496e-01
8.508343265792610577e-01
8.781705205256188362e-01
7.854795339109650332e-01
6.927682219899268246e-01
3.068107400130975493e-01
4.929125434608184197e-01
9.030388341475531488e-01
4.597014925373134053e-01
1.787832699619771870e-01
6.591080876795162302e-01
8.073126142595977717e-01
7.653883972468042973e-01
6.201785413508505984e-01
8.699537590273809240e-01
4.020714801571224628e-01
3.424337716790546993e-01
6.303786833103283138e-01
7.288393309680689658e-01
7.036750594368537115e-01
6.838821993326563708e-01
9.112436188923683789e-01
9.598417118569544382e-01
4.411045089129674857e-01
7.710687118094525783e-01
4.258897732392251112e-01
2.946457951393785524e-01
7.192429022082018619e-01
7.663752770253632329e-01
5.392786014605001066e-01
7.206189365098858435e-01
8.804089018699006175e-01
9.239520434059683707e-01
6.575899922128162212e-01
9.577870163095618672e-01
9.040501446480231351e-01
3.804254507297529231e-01
7.964235005180552163e-01
9.271973274968321466e-01
5.565770707624794200e-01
8.368495077355836420e-01
9.567822980292728374e-01
8.669033155236770538e-01
4.246130326772405983e-01
8.342550165902986592e-01
1.722843764520856358e-01
8.997496871088861425e-01
9.105812220566319448e-01
3.798588104695332368e-01
8.526481384373361117e-01
7.462447426396955352e-01
7.847034025895814890e-01
9.100957421966218153e-01
9.502109704641350518e-01
8.436796823295830139e-01
8.573253289053518467e-01
8.503379971702562656e-01
9.058384116375073347e-01
8.871378048023825791e-01
9.674652469683525657e-01
5.410387765022622863e-01
5.071632487362824904e-01
9.414976599063962226e-01
