8.867876954109934484e-01
6.419400855920114335e-01
8.107847857486759624e-01
9.982336372750275078e-02
6.487276981573559809e-01
8.246175738171469538e-01
1.000000000000000000e+00
7.933094384707287672e-01
7.062378588387653311e-01
9.103980194248714186e-01
9.646960518069772617e-01
3.887928906442853494e-01
1.000000000000000000e+00
9.882664647993943952e-01
9.987908101571947306e-01
1.000000000000000000e+00
1.000000000000000000e+00
5.993213260245366936e-01
9.837333333333333485e-01
7.837946249498596307e-01
1.000000000000000000e+00
1.000000000000000000e+00
9.848164670893010397e-01
1.834065129893889534e-01
8.253687315634218313e-01
8.995090016366612540e-01
9.471511147811725317e-01
8.559027777777777901e-01
1.000000000000000000e+00
9.970456005138086386e-01
9.986089030206677375e-01
8.824294576746047891e-01
3.322528363047001498e-01
1.415588954910870258e-02
9.483764446890479149e-01
1.000000000000000000e+00
2.430093209054593958e-02
2.963091318662276763e-02
1.000000000000000000e+00
4.423913043478260865e-01
6.849904397705545156e-01
2.553067752253562195e-01
9.988023952095808067e-01
9.530379410984346489e-01
1.000000000000000000e+00
9.881235154394298892e-01
2.360192960514561344e-01
9.995874161939143354e-01
9.652230971128609172e-01
7.099167100468506408e-01
7.147294425371913951e-01
9.799689440993788470e-01
8.405024743052912362e-01
1.000000000000000000e+00
9.900656676208116069e-01
9.997272975184073873e-01
5.980952380952381242e-01
9.763395963813500389e-01
5.869565217391304462e-02
9.838877941346934053e-01
1.000000000000000000e+00
9.269581931763575255e-01
1.000000000000000000e+00
7.140350877192982448e-01
0.000000000000000000e+00
9.923885465748459866e-01
8.082784184514003600e-01
2.935171005615109796e-01
8.760107816711589779e-01
1.000000000000000000e+00
9.444295302013422377e-01
1.000000000000000000e+00
8.470527135808880725e-01
9.856150793650794162e-01
7.346688470973017360e-01
6.781929726715002493e-01
9.940359298858099102e-01
9.800399201596806664e-01
9.828009828009828253e-01
5.498819003092507707e-01
9.728036669213139254e-01
1.000000000000000000e+00
8.470496894409937916e-01
9.977319587628865616e-01
1.000000000000000000e+00
9.119579500657030158e-01
9.862811967136877467e-01
8.425454956482423263e-01
9.914529914529914834e-01
8.473104857013163960e-01
1.000000000000000000e+00
9.998913161612867917e-01
9.876288659793814873e-01
9.386650631389056310e-01
7.373384561648620439e-01
9.963440979338613612e-01
6.958517789801607067e-01
9.823399558498896456e-01
5.361183637946039804e-01
1.000000000000000000e+00
1.000000000000000000e+00
9.324817518248175174e-01
5.265479754214589247e-01
9.899088541666666297e-01
6.847378779745929567e-01
7.536594761171032664e-01
9.922688076122510026e-01
9.969241903383390113e-01
7.555120039196472348e-01
6.704213600333750467e-01
9.110993816920525123e-01
6.210725552050473386e-01
4.419080765687378176e-01
6.694868995633187492e-01
5.851882962340753530e-02
6.619675610125814735e-01
7.205673758865248635e-01
7.670377692227655642e-01
8.643431635388739709e-01
7.258908547221529783e-01
7.855072463768115743e-01
0.000000000000000000e+00
8.384351202030759787e-01
8.073721759809749932e-01
4.384006781576716416e-01
9.939309056956115995e-01
8.116379310344827847e-01
1.831750339213025769e-01
8.763881544156530978e-01
8.280991735537189813e-01
9.454230172492470441e-01
8.512838187144580182e-01
1.000000000000000000e+00
4.728990551964196709e-01
9.947742474916387856e-01
9.944630291844502867e-01
8.760413195601466363e-01
9.755553573021679137e-01
7.699260476581758494e-01
6.776981062695348612e-01
9.678736244231451735e-01
8.221970554926387731e-01
1.000000000000000000e+00
7.055016181229772920e-01
1.000000000000000000e+00
9.931104873692268020e-01
7.312810327706057434e-01
8.316280917850402687e-01
9.395735572569359206e-01
8.258071929219809038e-01
7.728643955558825995e-01
6.897985289414774179e-01
7.436580492825574096e-01
5.361082679404071127e-01
8.835371433325014401e-01
9.677133357960842064e-01
2.918593894542090839e-01
8.917733933310256766e-01
3.073921526121829451e-01
9.906748854117275460e-01
6.489563567362428564e-01
9.766985721010512655e-01
1.000000000000000000e+00
5.896302250803858724e-01
9.883812103499892698e-01
8.637107329842932391e-01
9.990840393863064106e-01
9.249536751080914554e-01
9.630200308166410039e-01
8.948124214683180755e-01
9.774868123587038271e-01
1.000000000000000000e+00
9.994483845547675882e-01
9.139784946236558794e-01
9.949664429530201692e-01
9.921678673144580518e-01
8.839285714285713969e-01
9.134948096885813218e-01
1.000000000000000000e+00
9.861454046639231974e-01
9.988111160647942244e-01
1.000000000000000000e+00
9.622115140755769236e-01
6.685806567378431708e-01
9.978047784357769734e-01
8.674877578275708156e-01
9.908482928546286095e-01
9.974960876369327600e-01
9.166894291177274390e-01
9.609166814709539928e-01
9.989161066551051071e-01
8.288695652173913020e-01
9.761265293942106291e-01
9.563751735078326321e-01
9.065543071161048516e-01
8.936327739387956992e-01
