7.301609132168890293e-01
4.880410858400586749e-01
8.477734302217253548e-01
9.239074550128534291e-01
8.078224387603193390e-01
9.231959332522930994e-01
6.493506493506493449e-01
3.696844157426587008e-01
9.002590673575129321e-01
8.882265275707899033e-01
8.885417480278059443e-01
7.469639409603288094e-01
8.398977883513966125e-01
6.272676914554771166e-01
3.126481662250731874e-01
8.396946564885495734e-01
7.299713876967095505e-01
8.454213616886208094e-01
9.311138386007977719e-01
5.861603830849126950e-01
8.638018598826557870e-01
8.589652728561304462e-01
7.684498764442663221e-01
8.546662006291506630e-01
8.175070386485794316e-01
9.253611153052493377e-01
7.014492753623188248e-01
8.395725611857980386e-01
4.370994226389109394e-01
7.505027598305592518e-01
8.904747596153845812e-01
8.253156712371213510e-01
8.449428810253551969e-01
8.899136809743407595e-01
6.215673141326188977e-01
7.999187074484300775e-01
9.151255865304995796e-01
9.039339274070854469e-01
9.156135721890478196e-01
8.831899404367967721e-01
6.817645491569291893e-01
8.701397162352431103e-01
9.605191628159825967e-01
9.086571595186343497e-01
9.244117045222017826e-01
8.772114667017867351e-01
8.623511904761904656e-01
9.274681329667583407e-01
8.161245912923765777e-01
6.638036809815951456e-01
8.170360345119269674e-01
8.345724907063196696e-01
8.694038662663202688e-01
8.643034406691381122e-01
9.432218844984802120e-01
9.659095052320706420e-01
7.134268537074148764e-01
7.735616390092661110e-01
5.145709225567541845e-01
9.005967604433077200e-01
3.813511138677831425e-01
5.818637371109183221e-01
9.105139998386185818e-01
9.035547372893357743e-01
9.550504535725206079e-01
9.291270527225583553e-01
9.064006087765282826e-01
8.150922347503885002e-01
6.416434540389972518e-01
8.751545117428924936e-01
7.421786656615152467e-01
8.436411149825784328e-01
8.364000381351892610e-01
8.402303468595152536e-01
8.134737766074171539e-01
9.108502128757579586e-01
8.752116082224908888e-01
6.511201362504912549e-01
6.594573338576484867e-01
4.940598115526423362e-01
8.814965840397753771e-01
7.751920965971459410e-01
8.672766415500537951e-01
9.221833227243794173e-01
9.473027751792952866e-01
8.707592891760904674e-01
8.922736084187206096e-01
8.491185533161590415e-01
8.300974918756770515e-01
9.642568533598557812e-01
9.498104499752760832e-01
4.005049708063752600e-01
9.500932835820895539e-01
7.398382522844239029e-01
8.350457687278162178e-01
9.467896417169209267e-01
8.095147478591817602e-01
8.957819437592501322e-01
9.289859077093119977e-01
9.114700293660390473e-01
8.980894466727045167e-01
6.903576278859212545e-01
9.229721512829867081e-01
8.673564774522128928e-01
9.617097061442564376e-01
9.432456399645284817e-01
8.771078490840713560e-01
9.154278163197885343e-01
9.001182033096927215e-01
9.459940652818991103e-01
9.527919309555994420e-01
9.342756183745583032e-01
9.475135401280158076e-01
9.664310954063604076e-01
6.416382252559726940e-01
4.586683821164361796e-01
6.201049656842955171e-01
7.703537338573834825e-01
7.669947356374456904e-01
2.593984962406015171e-01
9.115105426892499141e-01
7.608120035304500872e-01
9.422692533803644910e-01
9.133666711717799425e-01
7.948776583581065314e-01
9.506857309600232897e-01
8.968440885539331608e-01
9.153360027015292610e-01
7.746927628584433512e-01
6.647240123283832958e-01
7.907582732563189776e-01
9.110892218362797168e-01
8.553014920102409713e-01
7.404456616457114615e-01
9.539674646586631113e-01
9.644357555842103524e-01
8.955161041330432781e-01
9.568515884305357488e-01
4.138541551399800844e-01
9.825439609806186914e-01
7.908521147221184711e-01
9.025050100200401326e-01
7.925767178879211672e-01
7.769948682496210512e-01
9.789570929993841597e-01
9.648848132408857081e-01
8.659162154459960625e-01
8.468446303358346805e-01
8.698645857241220636e-01
9.127989928661350838e-01
6.896067415730336991e-01
9.282704980015124008e-01
5.387560919006729732e-01
9.748504891282823159e-01
8.249258160237388227e-01
9.540246555474981571e-01
9.352745687608798875e-01
9.804292077203401456e-01
9.540282203004096795e-01
9.588295338550527624e-01
4.152311876699909532e-01
9.661228122218926684e-01
9.345475241889584783e-01
8.893330002498126552e-01
2.902542372881355970e-01
9.324208725406329945e-01
9.493422893926671824e-01
9.435318275154004342e-01
9.566912972085386269e-01
9.646821392532795025e-01
8.880039820806371331e-01
9.105459719011204101e-01
8.703149106089481668e-01
9.183918961696739824e-01
9.415140748838480844e-01
9.630166787527193462e-01
9.003592361505010633e-01
6.007719416009397184e-01
9.675742037986567734e-01
9.636996519144703788e-01
9.538981414433984618e-01
9.238386790046151376e-01
9.642092382991740429e-01
7.062594604220461258e-01
8.741767764298093990e-01
4.767033481620229218e-01
8.593492642095315048e-01
9.315105946684894000e-01
6.079557850338157543e-01
9.582456140350876783e-01
8.468254522595516365e-01
7.774854135682416345e-01
7.117870722433460307e-01
8.744038155802861256e-01
9.131919905771496149e-01
7.912984364377974034e-01
