9.951265229615745556e-01
1.000000000000000000e+00
7.946210268948655786e-01
9.954024261895529913e-01
9.786850303328414880e-01
9.220750551876379930e-01
9.573542210617929094e-01
4.153888280394304466e-01
9.852915116073011070e-01
9.516423357664233196e-01
8.961714195682999318e-01
9.760742187500000000e-01
8.527464662730362965e-01
8.723998459167950914e-01
1.000000000000000000e+00
8.557988058621313066e-01
1.000000000000000000e+00
7.407870949798358584e-01
9.152465691449253038e-01
5.483280757097791502e-01
9.532193673866311556e-01
8.269650655021834051e-01
8.054038919221615522e-01
9.266333181749280001e-01
9.060992907801418417e-01
9.565081677244823277e-01
9.731903485254691510e-01
7.586593570894593075e-01
9.966183574879227125e-01
9.974977252047315668e-01
8.850231446916529965e-01
9.048751486325802285e-01
8.568804747103702102e-01
8.783846872082166080e-01
1.000000000000000000e+00
8.900949796472183984e-01
8.766525647805394339e-01
8.592975206611570549e-01
9.026193301086063991e-01
9.198690332586593188e-01
1.000000000000000000e+00
9.987568373943311872e-01
9.848801560758082552e-01
9.885799976929288135e-01
9.408530489836720578e-01
8.913373182264251460e-01
9.523418241577650267e-01
9.215257772921426893e-01
7.808512389890508443e-01
4.972997816844766383e-01
7.106908983886395248e-01
7.179405180684361731e-01
7.801053460071442069e-01
8.020584555896735912e-01
9.680559021712004109e-01
9.786479497598817856e-01
9.879740980573542553e-01
6.333217953155647617e-01
3.464123130283979779e-01
8.348348348348347825e-01
1.000000000000000000e+00
4.737172446257649217e-01
9.348798674399336761e-01
8.255693581780538803e-01
9.659793814432989789e-01
1.000000000000000000e+00
8.804204993429697312e-01
7.928228181677259290e-01
9.623981616879047074e-01
9.612441372500617476e-01
9.840079960019989525e-01
7.331566994700984274e-01
9.643838628119160150e-01
7.310650198089023721e-01
9.683908045977011048e-01
9.214304359175150561e-01
9.650666666666666282e-01
9.967910148415564109e-01
9.784130688448074986e-01
3.485549132947977080e-01
9.643891367300618800e-01
6.459934138309549878e-01
7.922320550639134762e-01
9.484451718494271155e-01
9.407514450867051625e-01
9.357638888888888395e-01
8.274268104776579813e-01
7.543528989409441499e-01
9.383948756593820661e-01
9.635979624798111098e-01
9.081954294720252507e-01
9.746543778801843860e-01
9.765100671140939381e-01
5.900485843524878593e-01
7.903111739745403153e-01
9.235294117647059320e-01
8.825726141078837905e-01
9.962962962962963465e-01
9.992569475404963208e-01
9.637442922374429566e-01
8.802096542395806411e-01
5.472815359770321075e-01
9.686542781294670279e-01
9.982193203739426757e-01
9.503695881731784034e-01
9.987480438184663800e-01
9.874351270144768877e-01
9.845443240362409254e-01
9.904617385649252537e-01
9.240579710144927184e-01
9.114692131701979116e-01
9.612003437107541348e-01
9.009363295880149503e-01
9.449654491609081886e-01
4.723618090452261220e-01
1.000000000000000000e+00
8.347826086956521285e-01
9.837476099426386567e-01
9.744111660366385763e-01
9.089820359281437501e-01
9.381003201707577288e-01
9.969159599074788325e-01
9.574671445639187928e-01
8.965242769965507952e-01
1.000000000000000000e+00
9.673396674584322508e-01
8.504556012149365740e-01
9.492695617370422445e-01
6.365789801770352918e-01
5.182628451590353125e-01
9.825167278221454970e-01
8.366977718529803321e-01
9.938448912597456220e-01
5.976688102893891186e-01
9.572314491410649495e-01
9.483802356020942792e-01
9.741241126631554614e-01
9.348363187152562981e-01
8.787593984962406291e-01
9.833012202954399816e-01
9.466414944356120742e-01
9.914144193725922261e-01
1.000000000000000000e+00
9.727696404793608753e-01
9.837029396596184139e-01
9.435695538057742304e-01
7.908641332639250177e-01
7.781168757770995370e-01
9.344181459566075487e-01
9.256695415342715005e-01
9.993215739484395677e-01
9.339202260623845619e-01
3.795161026647049241e-01
9.555124223602484701e-01
7.407689379520365769e-01
1.000000000000000000e+00
9.951170230678565432e-01
9.904554131442596665e-01
9.980952380952381464e-01
9.805149617258176464e-01
9.956521739130435034e-01
9.437811521965920880e-01
1.000000000000000000e+00
8.553580009610763923e-01
1.000000000000000000e+00
9.561403508771929571e-01
9.282977558839627941e-01
9.992750996737947977e-01
9.598434925864909317e-01
9.760081674323634049e-01
8.014375561545372673e-01
1.000000000000000000e+00
7.723489932885906351e-01
8.612991331195819500e-01
8.945728382238379295e-01
9.880952380952381375e-01
9.734260016353230016e-01
9.983268265476854531e-01
9.744708706087715777e-01
9.670658682634730718e-01
9.710073710073710007e-01
9.700002435045169680e-01
9.631779984721161592e-01
1.000000000000000000e+00
8.994293865905849117e-01
3.267533301235756582e-01
7.596791903375185173e-01
9.964902018133957595e-01
7.685236256664828014e-01
9.694710685126020078e-01
9.807474518686296605e-01
7.226712037430880198e-01
7.572815533980582492e-01
9.963768115942028825e-01
9.891553967848940587e-01
6.935451837140019782e-01
