8.560180664062500000e-01
9.730987548828125000e-01
9.709167480468750000e-01
9.620361328125000000e-01
9.844360351562500000e-01
9.781494140625000000e-01
9.516906738281250000e-01
9.777374267578125000e-01
9.211120605468750000e-01
9.615783691406250000e-01
9.810028076171875000e-01
9.354553222656250000e-01
9.741210937500000000e-01
9.838714599609375000e-01
9.842834472656250000e-01
9.076385498046875000e-01
9.734649658203125000e-01
9.959411621093750000e-01
9.795837402343750000e-01
9.010772705078125000e-01
9.783782958984375000e-01
8.578796386718750000e-01
8.303070068359375000e-01
9.836883544921875000e-01
9.509124755859375000e-01
9.753875732421875000e-01
9.615325927734375000e-01
8.346252441406250000e-01
9.472961425781250000e-01
9.646453857421875000e-01
9.219512939453125000e-01
9.481658935546875000e-01
9.706268310546875000e-01
9.439544677734375000e-01
9.896087646484375000e-01
9.705047607421875000e-01
8.238677978515625000e-01
9.716949462890625000e-01
9.452972412109375000e-01
9.492492675781250000e-01
9.758911132812500000e-01
8.848571777343750000e-01
9.522247314453125000e-01
9.784698486328125000e-01
9.759216308593750000e-01
9.824371337890625000e-01
9.338531494140625000e-01
9.631652832031250000e-01
9.042816162109375000e-01
9.406890869140625000e-01
9.514312744140625000e-01
9.690093994140625000e-01
9.142913818359375000e-01
9.009399414062500000e-01
9.911041259765625000e-01
9.602355957031250000e-01
9.387512207031250000e-01
9.081268310546875000e-01
9.344940185546875000e-01
9.870452880859375000e-01
9.053039550781250000e-01
9.305572509765625000e-01
9.742431640625000000e-01
9.867095947265625000e-01
9.784240722656250000e-01
9.070281982421875000e-01
9.796447753906250000e-01
9.676513671875000000e-01
7.485961914062500000e-01
9.298248291015625000e-01
9.393768310546875000e-01
9.924774169921875000e-01
9.663085937500000000e-01
9.087982177734375000e-01
9.720458984375000000e-01
9.826354980468750000e-01
9.659576416015625000e-01
9.883575439453125000e-01
9.734497070312500000e-01
9.931488037109375000e-01
9.846649169921875000e-01
9.497680664062500000e-01
9.591827392578125000e-01
9.132232666015625000e-01
9.909210205078125000e-01
9.827423095703125000e-01
9.959259033203125000e-01
9.830169677734375000e-01
9.566345214843750000e-01
9.875183105468750000e-01
9.829406738281250000e-01
9.917297363281250000e-01
9.796295166015625000e-01
9.942626953125000000e-01
9.960174560546875000e-01
9.960327148437500000e-01
9.775543212890625000e-01
9.935455322265625000e-01
9.955139160156250000e-01
9.922027587890625000e-01
9.394531250000000000e-01
9.974365234375000000e-01
9.951324462890625000e-01
9.868011474609375000e-01
9.919738769531250000e-01
9.933471679687500000e-01
9.959106445312500000e-01
9.789123535156250000e-01
9.349975585937500000e-01
9.842681884765625000e-01
9.956054687500000000e-01
9.958190917968750000e-01
9.876556396484375000e-01
9.488220214843750000e-01
9.603424072265625000e-01
9.891357421875000000e-01
9.964752197265625000e-01
9.495391845703125000e-01
9.935302734375000000e-01
7.578430175781250000e-01
9.906921386718750000e-01
9.459533691406250000e-01
9.797668457031250000e-01
9.742126464843750000e-01
9.344635009765625000e-01
9.636230468750000000e-01
9.337310791015625000e-01
9.683837890625000000e-01
9.395751953125000000e-01
9.884490966796875000e-01
9.918670654296875000e-01
9.895019531250000000e-01
9.897155761718750000e-01
9.774322509765625000e-01
9.600677490234375000e-01
9.519653320312500000e-01
9.850311279296875000e-01
9.878082275390625000e-01
9.839172363281250000e-01
9.763031005859375000e-01
9.506835937500000000e-01
9.613494873046875000e-01
9.685668945312500000e-01
9.714202880859375000e-01
9.855804443359375000e-01
9.678344726562500000e-01
9.969329833984375000e-01
9.780273437500000000e-01
9.623413085937500000e-01
9.789581298828125000e-01
9.884490966796875000e-01
9.712829589843750000e-01
9.864959716796875000e-01
9.782867431640625000e-01
9.892120361328125000e-01
9.800262451171875000e-01
9.770050048828125000e-01
9.767913818359375000e-01
9.648284912109375000e-01
9.617919921875000000e-01
9.326171875000000000e-01
9.304504394531250000e-01
9.841613769531250000e-01
9.911499023437500000e-01
9.954681396484375000e-01
9.940643310546875000e-01
9.309997558593750000e-01
8.854675292968750000e-01
9.774475097656250000e-01
9.855194091796875000e-01
9.440765380859375000e-01
9.889831542968750000e-01
8.748931884765625000e-01
9.471435546875000000e-01
9.954376220703125000e-01
9.571228027343750000e-01
9.603729248046875000e-01
9.787902832031250000e-01
9.417419433593750000e-01
9.254913330078125000e-01
9.446868896484375000e-01
9.201507568359375000e-01
9.707031250000000000e-01
9.917602539062500000e-01
9.608459472656250000e-01
9.830780029296875000e-01
9.760589599609375000e-01
9.830780029296875000e-01
9.706573486328125000e-01
9.899139404296875000e-01
9.558563232421875000e-01
9.910736083984375000e-01
9.946136474609375000e-01
9.443817138671875000e-01
8.800354003906250000e-01
8.480682373046875000e-01
