9.761810302734375000e-01
9.949035644531250000e-01
9.883422851562500000e-01
9.437255859375000000e-01
9.951019287109375000e-01
9.862060546875000000e-01
9.926300048828125000e-01
9.936370849609375000e-01
9.776763916015625000e-01
9.736785888671875000e-01
9.119873046875000000e-01
9.386291503906250000e-01
9.834136962890625000e-01
9.878082275390625000e-01
9.545288085937500000e-01
9.697723388671875000e-01
9.683227539062500000e-01
9.885711669921875000e-01
9.910583496093750000e-01
9.766540527343750000e-01
9.772644042968750000e-01
9.654388427734375000e-01
9.714813232421875000e-01
9.402465820312500000e-01
8.936462402343750000e-01
9.827575683593750000e-01
9.941101074218750000e-01
9.944458007812500000e-01
9.297485351562500000e-01
9.951171875000000000e-01
9.573516845703125000e-01
9.781646728515625000e-01
9.652557373046875000e-01
9.643707275390625000e-01
9.623870849609375000e-01
9.187927246093750000e-01
8.859100341796875000e-01
9.486389160156250000e-01
9.872283935546875000e-01
9.924163818359375000e-01
9.881439208984375000e-01
9.787902832031250000e-01
9.316101074218750000e-01
9.779663085937500000e-01
9.971466064453125000e-01
9.960937500000000000e-01
9.432830810546875000e-01
9.809722900390625000e-01
9.965667724609375000e-01
9.712829589843750000e-01
8.397979736328125000e-01
9.927978515625000000e-01
9.848022460937500000e-01
9.949951171875000000e-01
9.862060546875000000e-01
9.974975585937500000e-01
9.988250732421875000e-01
9.989471435546875000e-01
9.871978759765625000e-01
9.915313720703125000e-01
9.962768554687500000e-01
9.933013916015625000e-01
9.964904785156250000e-01
9.986724853515625000e-01
9.978027343750000000e-01
9.956207275390625000e-01
9.923248291015625000e-01
9.959716796875000000e-01
9.949951171875000000e-01
9.853820800781250000e-01
9.355163574218750000e-01
9.716033935546875000e-01
9.942016601562500000e-01
9.971923828125000000e-01
9.921112060546875000e-01
9.944305419921875000e-01
9.776306152343750000e-01
9.941711425781250000e-01
9.967498779296875000e-01
9.155426025390625000e-01
9.945068359375000000e-01
9.891815185546875000e-01
9.844970703125000000e-01
9.952850341796875000e-01
9.954833984375000000e-01
9.864654541015625000e-01
9.463958740234375000e-01
9.511413574218750000e-01
9.685974121093750000e-01
8.835754394531250000e-01
9.946136474609375000e-01
9.750213623046875000e-01
9.836730957031250000e-01
9.426269531250000000e-01
9.777069091796875000e-01
9.587860107421875000e-01
9.714355468750000000e-01
9.889373779296875000e-01
9.943695068359375000e-01
9.442749023437500000e-01
9.841918945312500000e-01
9.962921142578125000e-01
9.874267578125000000e-01
9.280700683593750000e-01
9.789581298828125000e-01
8.898773193359375000e-01
8.324890136718750000e-01
9.717102050781250000e-01
9.767761230468750000e-01
9.683380126953125000e-01
9.829101562500000000e-01
8.574981689453125000e-01
9.004669189453125000e-01
9.765777587890625000e-01
9.468383789062500000e-01
9.447784423828125000e-01
9.715728759765625000e-01
9.617156982421875000e-01
9.947509765625000000e-01
9.456634521484375000e-01
8.797912597656250000e-01
9.735412597656250000e-01
9.648284912109375000e-01
9.753723144531250000e-01
9.758148193359375000e-01
8.912658691406250000e-01
9.622344970703125000e-01
9.903259277343750000e-01
9.788818359375000000e-01
9.774780273437500000e-01
9.536132812500000000e-01
9.816741943359375000e-01
9.121398925781250000e-01
9.608306884765625000e-01
9.736633300781250000e-01
9.706878662109375000e-01
9.434967041015625000e-01
9.621276855468750000e-01
9.957885742187500000e-01
9.222717285156250000e-01
9.896545410156250000e-01
9.828033447265625000e-01
9.582672119140625000e-01
9.821624755859375000e-01
9.897308349609375000e-01
9.753417968750000000e-01
9.699401855468750000e-01
9.775695800781250000e-01
9.401397705078125000e-01
8.977966308593750000e-01
9.740295410156250000e-01
9.805450439453125000e-01
9.597930908203125000e-01
9.335021972656250000e-01
9.873352050781250000e-01
9.857025146484375000e-01
9.908447265625000000e-01
9.360656738281250000e-01
9.824218750000000000e-01
9.797515869140625000e-01
8.010101318359375000e-01
9.822692871093750000e-01
9.874267578125000000e-01
9.752044677734375000e-01
9.758453369140625000e-01
9.661254882812500000e-01
9.788818359375000000e-01
9.938507080078125000e-01
9.882049560546875000e-01
9.409484863281250000e-01
9.429779052734375000e-01
9.939727783203125000e-01
9.797973632812500000e-01
9.945068359375000000e-01
9.939422607421875000e-01
7.503356933593750000e-01
9.343566894531250000e-01
9.888763427734375000e-01
9.936523437500000000e-01
9.830017089843750000e-01
9.814605712890625000e-01
9.524536132812500000e-01
9.685211181640625000e-01
9.696502685546875000e-01
9.564514160156250000e-01
9.660339355468750000e-01
9.961090087890625000e-01
9.837188720703125000e-01
9.857635498046875000e-01
9.836883544921875000e-01
9.904174804687500000e-01
9.866638183593750000e-01
9.879608154296875000e-01
9.466247558593750000e-01
9.852447509765625000e-01
9.936370849609375000e-01
