8.337416125252955501e-01
8.818117480537862596e-01
9.382176936762089969e-01
9.047126911947085404e-01
9.538594221647261895e-01
8.085556967386700045e-01
8.381909547738694011e-01
9.522172567892747130e-01
8.140333036735731831e-01
9.105336860121362452e-01
6.165913320925285879e-01
1.421568627450980372e-02
6.870141088396198858e-01
8.238924399382852037e-01
8.558715418843103606e-01
7.017015509712393184e-01
6.938053097345132647e-01
8.937739327754928853e-01
9.253312945973496406e-01
6.888979259861732762e-01
6.582568807339449490e-01
5.749671608181647908e-01
9.258068357746814803e-01
8.012787983355322829e-01
8.004809068529226135e-01
9.140292148508825099e-01
9.590928359474353293e-01
5.506172839506172645e-01
4.744292237442922500e-01
9.796851193499238608e-01
8.757612126061252722e-01
9.295594388382968365e-01
8.613360940259423559e-01
8.873232640061766707e-01
8.799376552530320250e-01
8.645525806780005595e-01
6.723918853787845817e-01
5.883072407045010221e-01
6.301369863013698280e-01
6.952789699570814941e-01
8.273716951788491203e-01
8.975530660377358805e-01
2.472287537789721323e-01
8.310320617832904766e-01
9.486968449931413305e-01
9.218081857055590023e-01
5.028754848201150152e-01
9.380064628386776127e-01
9.755726848333514667e-01
8.667327573998017121e-01
2.552316095623182179e-01
9.814436232111967140e-01
7.743543271409152329e-01
9.525050680567622718e-01
9.292644757433490277e-01
9.780807270783212770e-01
9.645977011494253350e-01
9.761163032191069178e-01
6.786671773266947927e-01
9.668992664161746298e-01
9.308390022675736564e-01
8.943949963916285606e-01
8.542458808618504928e-01
9.176915799432355803e-01
9.595959595959595578e-01
9.505598621877691112e-01
9.473353575541828553e-01
9.669421487603305776e-01
9.205811138014527994e-01
9.144490087515627641e-01
8.720557069330910904e-01
8.790694652024173550e-01
9.487041036717062115e-01
9.558117195004802724e-01
9.026181955170464732e-01
8.942948161019403930e-01
9.458960732211396660e-01
9.529556650246305827e-01
9.462257005806614663e-01
9.299038790319517078e-01
9.725316648863115976e-01
9.425212809079853704e-01
8.486744116770926771e-01
9.682588597842834988e-01
9.355961705831157271e-01
9.223496454521579180e-01
8.583981619573541888e-01
8.276641550053821517e-01
8.489430416911333266e-01
7.445426543457881463e-01
8.806222522827189536e-01
9.564569756616571050e-01
9.079965606190885108e-01
4.690765320530923543e-01
8.560732932715988674e-01
9.293653076701796634e-01
8.590785907859078696e-01
9.137623409063875268e-01
8.425096030729833929e-01
0.000000000000000000e+00
9.155526573198565776e-01
9.420462675888385817e-01
9.365861166692319717e-01
7.227058823529411979e-01
8.726332317354761337e-01
7.350295553842199903e-01
3.798440854140774925e-01
8.005593803786574814e-01
8.350671868227135253e-01
8.314241611828743217e-01
9.584692969445268718e-01
5.823532042395241914e-01
7.997175227977524337e-01
8.257068241171795497e-01
6.774671357156082374e-01
7.812632215170746131e-01
7.745370930654725816e-01
8.839339408798631004e-01
9.090428344791116055e-01
7.319533308242378578e-01
5.124396583735610911e-01
9.070739549839228477e-01
7.925852605057139844e-01
8.754245137388082521e-01
8.741963647908563839e-01
5.343700993204391070e-01
6.446518305814787908e-01
9.240536655486344397e-01
9.019552281099461055e-01
8.244111349036402636e-01
8.449612403100774660e-01
9.017426163789576954e-01
7.567384875369665975e-01
9.250970208047620824e-01
9.429232804232804410e-01
8.993977481015972275e-01
8.471666185150026340e-01
8.954154727793696145e-01
8.726937269372693207e-01
5.734382850443812130e-01
9.368832619623905789e-01
9.079022636267058965e-01
6.831924012510135480e-01
6.978547428276040687e-01
8.609216780326514051e-01
9.053864168618267483e-01
7.576279527559055538e-01
9.259744183704300413e-01
8.354929341216924543e-01
3.744863653343294962e-01
9.357929681605553496e-01
7.439244828278770427e-01
9.260060093791244729e-01
8.797793103448275920e-01
9.651582570732936128e-01
9.659829370121618686e-01
8.735777496839444156e-01
8.633041889599373242e-01
8.675862068965517482e-01
8.917883062872054012e-01
3.613301336990058510e-01
9.555198285101822453e-01
9.219549157037317810e-01
8.130249683580715869e-01
9.451128601643493665e-01
9.007688181655640891e-01
9.480636445511858579e-01
9.337280052622923820e-01
7.523229734059596607e-01
8.353471749489448372e-01
8.411342090719721165e-01
9.754734554486184095e-01
9.453299198942934911e-01
8.398576512455515619e-01
9.541940694588669780e-01
4.789171974522293262e-01
8.251645940014630254e-01
8.557863501483679025e-01
9.082487869430966310e-01
9.282216494845361154e-01
9.170705071326189506e-01
8.423396073669298101e-01
9.101754691513911366e-01
7.990300090936647281e-01
9.299184755917886402e-01
9.221787162634597079e-01
9.536110605784973160e-01
9.229213320811963106e-01
8.801233457535654336e-01
9.124559823110310885e-01
9.361529076860511944e-01
9.513579697239537003e-01
9.591931730023274261e-01
8.961031246287275431e-01
9.532917934598850174e-01
9.464216882950019505e-01
