7.148858447488584122e-01
7.886075949367088445e-01
8.836252856054835902e-01
8.260049065861483353e-01
9.117889530090683703e-01
6.786349093494490337e-01
7.214532871972317851e-01
9.087926509186351476e-01
6.863879957127545506e-01
8.357612110825478613e-01
4.457044013069382804e-01
7.158726240434460340e-03
5.232456140350877360e-01
7.005247376311843910e-01
7.480554616165031590e-01
5.404778473672001704e-01
5.311653116531165342e-01
8.079487179487179205e-01
8.610386530709034369e-01
5.254342431761787058e-01
4.905982905982905762e-01
4.034764287595470345e-01
8.618625277161862108e-01
6.684446702226737314e-01
6.673348606338297406e-01
8.416701695390219617e-01
9.214009366727754502e-01
3.798977853492334078e-01
3.109847351092487333e-01
9.601791936286709905e-01
7.789814961252570225e-01
8.683895888899108018e-01
7.564445395229436597e-01
7.974672564836499111e-01
7.856148895460079995e-01
7.614201820056484271e-01
5.064686468646865114e-01
4.167388667475307451e-01
4.600000000000000200e-01
5.328947368421053099e-01
7.055702917771883298e-01
8.141462762401390219e-01
1.410502108087389739e-01
7.109109109109109648e-01
9.024008350730688965e-01
8.549575070821530121e-01
3.358942290512774709e-01
8.832506319632993375e-01
9.523103009749893655e-01
7.648087978005498888e-01
1.462839486095300068e-01
9.635633781071483162e-01
6.317929759704251635e-01
9.093171136300801649e-01
8.678748903829289763e-01
9.571017525503531242e-01
9.316163410301954162e-01
9.533468559837727785e-01
5.136231884057971264e-01
9.359196397644613530e-01
8.706256627783669488e-01
8.089643167972149218e-01
7.455752212389380462e-01
8.479020979020979176e-01
9.223300970873786753e-01
9.057780695994747111e-01
8.999403222597971430e-01
9.360000000000000542e-01
8.528488111260654758e-01
8.423823626192826763e-01
7.731372127979385667e-01
7.842318840579710626e-01
9.024139702105803407e-01
9.153633854645814028e-01
8.225197391005836245e-01
8.088004190675746052e-01
8.973461242209929134e-01
9.101387908727358589e-01
8.979396262577863386e-01
8.689909820350777414e-01
9.465320065349769330e-01
8.912910150260656694e-01
7.371280724450194333e-01
9.384707287933093944e-01
8.789860997547015442e-01
8.558895207148660145e-01
7.519242991314172286e-01
7.059957763290790611e-01
7.375334778727202778e-01
5.930449623979945351e-01
7.867069486404834056e-01
9.165477161500815706e-01
8.314960629921259727e-01
3.064010330197380338e-01
7.483637616259042336e-01
8.680508060576452856e-01
7.529691211401424722e-01
8.412176960140166360e-01
7.278761061946902311e-01
0.000000000000000000e+00
8.442573662056523931e-01
8.904418394950406324e-01
8.807352728325372748e-01
5.658100764483743328e-01
7.740455513681795408e-01
5.810646078829744265e-01
2.344490934449093567e-01
6.674439461883407976e-01
7.168372093023255287e-01
7.114849833147942615e-01
9.202506408430646268e-01
4.107886435331230546e-01
6.662744295508031822e-01
7.031521949332817378e-01
5.122497550048998871e-01
6.410434437611585157e-01
6.320363420896701889e-01
7.920086214042941775e-01
8.332525448376151278e-01
5.772290157900985541e-01
3.444832750873689231e-01
8.299499852897911367e-01
6.564316589655686540e-01
7.784488675360329291e-01
7.765087422447828347e-01
3.646009808292465237e-01
4.756355932203389925e-01
8.588287686484079586e-01
8.214193548387096477e-01
7.012750455373406577e-01
7.315436241610738799e-01
8.210667461263408962e-01
6.086720130487970337e-01
8.606330419675335408e-01
8.920102609022085849e-01
8.171869052150741997e-01
7.348560790491193151e-01
8.106355382619974126e-01
7.741407528641570668e-01
4.019722939657196514e-01
8.812609457092819287e-01
8.313379227776115377e-01
5.188247712878254481e-01
5.359269551409289178e-01
7.558055152394774767e-01
8.271287976037655643e-01
6.098237274707862809e-01
8.621530382595649078e-01
7.174648901692474157e-01
2.303803286223141400e-01
8.793335696561502823e-01
5.922609529900862979e-01
8.622078125817078664e-01
7.853624901497241462e-01
9.326626642868732775e-01
9.342040587037426791e-01
7.755331088664422223e-01
7.594856782044658861e-01
7.661388550548111631e-01
8.047093451066961167e-01
2.205020920502092086e-01
9.148281169830682069e-01
8.552099806712353258e-01
6.849554090732842271e-01
8.959374178280304912e-01
8.194534808067663878e-01
9.012557077625570345e-01
8.756940160394818262e-01
6.029789419619928648e-01
7.172499452034777345e-01
7.258253851797505929e-01
9.521212121212121460e-01
8.963276172578498180e-01
7.239263803680981990e-01
9.124007060900264365e-01
3.148528118587998748e-01
7.023661270236613019e-01
7.479253112033195094e-01
8.319191919191919471e-01
8.660574726463868833e-01
8.468423042984999372e-01
7.276223776223775808e-01
8.351578106272472546e-01
6.653205451792024716e-01
8.690164762035890167e-01
8.555951994810250261e-01
9.113351877607788198e-01
8.568745808182427481e-01
7.859109683340982366e-01
8.390060240963855831e-01
8.799694189602446093e-01
9.072285320029720435e-01
9.215861657722123068e-01
8.117634397029542814e-01
9.107521919704660851e-01
8.982926829268292890e-01
