9.430156328794755405e-01
9.828815977175463514e-01
9.555448563633445191e-01
8.094715233685014777e-01
9.833284586136297190e-01
8.569903948772679136e-01
1.000000000000000000e+00
9.856630824372759614e-01
9.026548672566371279e-01
8.812607122452865704e-01
8.853143931481094464e-01
9.335966428042458132e-01
8.970514742628685756e-01
6.415594246782739818e-01
9.244805979993404588e-01
7.506408762526217693e-01
6.468129571577847514e-01
8.872357086922474378e-01
9.754666666666667041e-01
7.440834336141195493e-01
8.039673278879813090e-01
1.242774566473988374e-01
8.074665414416529741e-01
6.862422246615440535e-01
7.195673549655851042e-01
9.864157119476268942e-01
9.506606110652353614e-01
9.357638888888888395e-01
9.891917293233082331e-01
9.938342967244701009e-01
9.830087440381558572e-01
9.846908144886932224e-01
8.319411544695175520e-01
9.445124082488640660e-01
9.951568519537699054e-01
9.873432286273156056e-01
9.137150466045272923e-01
4.718419684630046906e-01
1.000000000000000000e+00
7.195652173913043015e-01
9.469407265774378857e-01
9.867694097121255670e-01
1.000000000000000000e+00
9.434863358981162573e-01
1.000000000000000000e+00
9.691211401425178229e-01
7.096658924423798753e-01
9.824651882413615311e-01
9.993438320209974135e-01
9.107235814679853769e-01
3.922674513650482031e-01
9.517080745341615078e-01
7.171678720974495880e-01
1.000000000000000000e+00
9.996632429701970413e-01
9.989091900736296603e-01
1.000000000000000000e+00
9.944328462073764863e-01
1.000000000000000000e+00
9.465631157992349110e-01
1.000000000000000000e+00
9.207111965401248987e-01
1.000000000000000000e+00
9.807017543859649633e-01
9.206349206349205838e-01
9.996375498368974544e-01
9.025947281713344594e-01
9.959162838182746835e-01
9.586702605570529556e-01
1.000000000000000000e+00
7.772885906040268855e-01
9.716185726160788683e-01
9.169047000779018131e-01
9.960317460317460458e-01
9.726083401471791179e-01
9.977691020635806041e-01
9.383955196741581295e-01
9.897704590818363624e-01
9.808353808353807990e-01
9.881900309250736258e-01
9.760122230710466251e-01
9.582435791217895904e-01
7.396480331262940133e-01
9.643298969072164883e-01
9.981395348837209802e-01
9.111366622864651710e-01
7.296543171601301836e-01
8.873064315587204653e-01
9.488823142669297050e-01
9.637426236949614422e-01
9.389416553595657522e-01
9.496793826757961021e-01
1.000000000000000000e+00
9.969933854479855473e-01
8.173244848061473888e-01
9.976735168670026743e-01
8.650598458763731902e-01
8.406181015452538485e-01
1.000000000000000000e+00
1.054216867469879582e-01
9.914938862307283163e-01
9.379562043795620641e-01
9.527335749172837209e-01
9.899088541666666297e-01
8.502415458937198078e-01
9.359591679506933382e-01
9.988105857865001713e-01
8.281165189071829635e-01
1.000000000000000000e+00
7.809762202753441906e-01
9.778313979791886101e-01
6.015141955835962007e-01
8.290510799467704084e-01
9.653384279475982765e-01
9.638807223855523354e-01
9.498256783386387347e-01
9.449645390070922080e-01
9.985433357611070981e-01
9.383378016085790474e-01
8.631946174931472981e-01
1.000000000000000000e+00
9.918107370336669559e-01
4.107809466925488873e-01
9.186342789196534353e-01
7.976829612884995813e-01
9.745564892623715947e-01
1.000000000000000000e+00
5.628674807779285860e-01
9.132734003172924275e-01
8.801652892561983021e-01
8.685771652824678668e-01
1.000000000000000000e+00
9.991067440821795875e-01
1.000000000000000000e+00
9.951923076923077094e-01
9.677010035759603390e-01
9.838387204265245378e-01
9.898296012133107613e-01
1.000000000000000000e+00
7.420481706195991567e-01
9.084132055378061343e-01
9.657013428247855913e-01
7.743513398553807381e-01
7.454153182308521641e-01
9.986413043478260532e-01
9.906863995917325472e-01
6.383316782522343580e-01
9.547034866395152086e-01
7.340907219889685198e-01
3.473514879926462018e-01
9.999264218968435536e-01
7.300927406459866154e-01
9.974571653447962261e-01
8.471511429546230154e-01
8.963480575659262817e-01
9.779830070188400004e-01
9.810360777058279025e-01
8.273335640936887447e-01
8.170388033817472806e-01
8.395764185237869492e-01
1.000000000000000000e+00
9.997646320414247390e-01
9.852277390233894483e-01
6.093247588424437478e-01
9.673533395110128774e-01
9.469895287958115526e-01
9.490115258377223029e-01
9.212476837554045561e-01
6.784797123780174077e-01
7.620714413929277065e-01
9.936887716654106972e-01
9.975152192818983465e-01
9.782505910165484320e-01
8.771121351766513197e-01
9.916107382550335414e-01
6.127073211593231372e-01
8.770332390381895271e-01
8.567474048442906831e-01
9.257261410788382161e-01
9.942386831275720205e-01
9.998513895080992642e-01
9.831050228310502792e-01
3.411108293177783635e-01
9.610622644895029376e-01
8.787522973248927949e-01
9.640896275411782179e-01
9.876803942273847392e-01
9.981220657276995700e-01
9.205135208959300819e-01
9.950257594599396516e-01
9.991328853240840635e-01
9.806376811594202936e-01
9.375310852481846258e-01
9.253090091876527978e-01
9.896067415730337435e-01
9.442250740375123241e-01
