7.146042363433667832e-01
6.763145200192957063e-01
7.314019150503314748e-01
7.964556009965684247e-01
7.878289473684210176e-01
7.393029186738452330e-01
4.469331495520330599e-01
8.375000000000000222e-01
6.353187042842215471e-01
8.849364446974008480e-01
6.975367882277671017e-01
7.770662397438462543e-01
6.862951279355065104e-01
8.057713651498334961e-01
7.411723778048355804e-01
7.394862468742896544e-01
5.952434881087202978e-01
8.679432976871425121e-01
8.348665021314786161e-01
7.638376383763837429e-01
3.664661260789955355e-01
2.898006356544351458e-01
7.807062249726974823e-01
6.657429857984066279e-01
7.093230546856179597e-01
8.448155880306192911e-01
9.137897021108699613e-01
7.032967032967033516e-01
2.275958638517880106e-01
9.589971594417685541e-01
5.675025764342150891e-01
8.396202424345172721e-01
8.076300578034681932e-01
8.967789768514704551e-01
7.950884605228413227e-01
8.245133381398702666e-01
6.763369963369962878e-01
5.501646161843701810e-01
3.090593844820112568e-01
4.872262773722627616e-01
7.745468277945619651e-01
6.936334144363341947e-01
7.052960554100852486e-02
7.230831153149527291e-01
6.880443388756928291e-01
8.748685594111461628e-01
7.308711786534723975e-01
8.950037565740045498e-01
8.796688486715440458e-01
8.452182208442642342e-01
4.229553376023344469e-01
9.315214901900908950e-01
6.496924128503075435e-01
8.525142560912389866e-01
8.511827956989247435e-01
9.275766016713091755e-01
8.339952343129467538e-01
8.841651263093037727e-01
3.854210305823209115e-01
9.444187658886064041e-01
7.924710424710424972e-01
7.973343786750294315e-01
2.260726072607260606e-01
7.958041958041958130e-01
8.588709677419354982e-01
8.806255984679220994e-01
8.663723916532904967e-01
8.782296113232981316e-01
8.837115072933549031e-01
8.197246237592058504e-01
7.878332707472774921e-01
9.182104159384830711e-01
9.163051798928297798e-01
8.844463971880491826e-01
8.161690707816169343e-01
4.572813057893394539e-01
9.097989238176154014e-01
8.971286457155777105e-01
8.988764044943819975e-01
8.796379103500927554e-01
9.373816805009465014e-01
7.185657562266875020e-01
7.933075933075932618e-01
8.975704567541302747e-01
8.596561375449820464e-01
8.637965374597824653e-01
7.213483146067415364e-01
6.821449716653980033e-01
7.342559674961909311e-01
8.361220472440944462e-01
7.809626825310979070e-01
8.787541713014460631e-01
4.824561403508771940e-01
3.733722496632240762e-01
7.785895806861499180e-01
8.331639722863741770e-01
7.835990888382687869e-01
8.453131567885666664e-01
4.313063063063062863e-01
1.277946818362217241e-01
8.279220779220779480e-01
8.216110019646365448e-01
8.776906628652886289e-01
6.559429990283924816e-01
8.032786885245901676e-01
5.078477078477078299e-01
3.488951136009959542e-01
7.957362419434804712e-01
5.870002876042564877e-01
8.255051884216275671e-01
8.980562448304383327e-01
6.045843520782395730e-01
8.296760195275900696e-01
8.269539307815723106e-01
6.535042575091232209e-01
7.661853188929000913e-01
7.159256940096013766e-01
7.254324344739028207e-01
7.829658452226545551e-01
6.965046044162788164e-01
1.609830073492242442e-01
6.989685775965459591e-01
4.510975063461251100e-01
8.413990652796622394e-01
8.221972147981432277e-01
5.218640679660170312e-01
4.011065006915629505e-01
6.401173285198555885e-01
8.599802615346656687e-01
8.541428025964108439e-01
8.085070611970410770e-01
6.832685741198634144e-01
5.960450096544377407e-01
7.251419814297304089e-01
8.806881243063262588e-01
8.916183447548761132e-01
7.565579014715291262e-01
7.951971326164875009e-01
1.694750034814092865e-01
3.806875170967447541e-01
8.926475664480496564e-01
7.890838206627680540e-01
7.241315251718373203e-01
5.634615384615384581e-01
7.175820604484888232e-01
8.176192973256424246e-01
6.603082851637764872e-01
8.771101833363587064e-01
6.797472075249852974e-01
4.040634630749914136e-01
5.921746329135985087e-01
8.000000000000000444e-01
6.270175838365424914e-01
8.394872356743727781e-01
8.899310565977233134e-01
9.213723595195361105e-01
6.964401294498382411e-01
7.949599083619701689e-01
7.348429510591673042e-01
8.237045860631327932e-01
1.989108163485387715e-01
7.509131613055261001e-01
8.637263726372637063e-01
6.189634864546524895e-01
9.155015610153386385e-01
9.399344157402222955e-01
8.935849598163031482e-01
9.451476793248945185e-01
7.513839959738298768e-01
7.329636165028149408e-01
5.144010898122020059e-01
9.501417769376181433e-01
9.488961882209151488e-01
5.955847815875998652e-01
8.831224533562084256e-01
6.293639207507820688e-01
7.505144032921811093e-01
8.518642929123277918e-01
7.024178549287042328e-01
8.344993691937149238e-01
8.666924265842349540e-01
6.904069767441860517e-01
4.397565246393729810e-01
7.627260083449235450e-01
8.294131622713233343e-01
8.335973639186363693e-01
8.771820448877805099e-01
8.284562361815580589e-01
7.497258170651458498e-01
7.750793431764868568e-01
8.609085810431856833e-01
8.689557090613572177e-01
9.321351404439206512e-01
8.394642857142856629e-01
9.399076868453755118e-01
9.375736160188457013e-01
