9.770017865843755311e-01
9.895375307948981458e-01
9.677092993845375357e-01
9.926887797438830319e-01
9.865254278216912809e-01
9.885532084495814997e-01
9.750151776957922678e-01
9.873677690665189077e-01
9.660772047353989311e-01
9.992731765817494116e-01
9.758843766975587863e-01
9.846141335285029106e-01
9.865900684661997877e-01
9.990301141603332713e-01
9.574584950123141702e-01
9.982365907421013596e-01
9.904874570558112046e-01
9.969208329957053305e-01
9.885572783478457914e-01
9.965579049220373298e-01
9.669549685061576971e-01
9.999838907146079148e-01
9.818419606133550470e-01
9.887187751813053538e-01
9.908177714842021366e-01
9.819102749638205507e-01
9.962927568707572457e-01
9.962592364532020239e-01
8.871435780974009644e-01
9.945974961472529019e-01
8.665633112200750165e-01
9.675380792913470529e-01
9.890637225071720051e-01
9.871515196332174558e-01
9.596818479743494112e-01
9.289155625700876717e-01
8.920144112756354104e-01
1.000000000000000000e+00
9.754099625133054730e-01
9.887953448062399842e-01
9.912363659290082119e-01
9.490947526339118534e-01
8.299253489126906524e-01
9.805721501772791671e-01
9.876485156274491528e-01
9.965858547892000319e-01
9.989656150419593539e-01
9.829336867176446946e-01
9.897972573978085498e-01
9.878655880522713151e-01
9.980676147236501317e-01
9.958409298085688643e-01
9.952471029582412587e-01
9.908589972207495489e-01
9.826165746597983475e-01
9.954419822528245421e-01
9.967589864466706029e-01
9.970982386620695914e-01
9.772966447938591372e-01
9.995255583475373129e-01
9.932701036091026170e-01
9.925931762666456715e-01
9.638401875067462710e-01
9.977680632946464012e-01
9.975356699995291399e-01
9.940424040651830717e-01
9.978905735003296140e-01
9.913499302151969061e-01
9.961775390933501617e-01
9.813625529661016422e-01
9.996589286094945681e-01
9.971636172634159578e-01
9.988976250303963633e-01
9.959068010075566857e-01
9.915200507211919811e-01
9.666159421426666620e-01
9.927588004711607184e-01
9.932551033675725005e-01
9.970079211351002835e-01
8.047325186971270305e-01
9.945415402349511158e-01
9.617485420413102171e-01
9.996594889090673064e-01
9.951389117753682845e-01
9.944624996055911881e-01
9.926153949670299959e-01
9.914883915339894882e-01
9.475030429183792791e-01
9.698580367355177367e-01
9.437301719819669588e-01
9.941462957759670260e-01
9.708066363983536284e-01
9.049351339678742834e-01
9.563039155824839543e-01
9.904698211001504715e-01
9.242465724575110730e-01
9.844373033632248804e-01
9.962626626889158343e-01
9.764704055166415486e-01
9.368657488203736561e-01
9.810829312273554592e-01
9.944272543571609502e-01
9.887141191775499216e-01
9.474845096982759118e-01
9.904582381103308464e-01
8.382470263997678916e-01
8.990558602608849093e-01
9.912679764701961549e-01
9.532658573892667242e-01
9.977204559088181934e-01
9.761640586142250609e-01
9.897355391860885865e-01
9.838906039393017222e-01
9.887024825446082410e-01
9.393077937424005874e-01
9.709360525288858179e-01
9.795842673074132145e-01
9.351274027715690274e-01
9.929638296869846004e-01
9.639540949400103864e-01
6.485601667861098374e-01
9.345305230508952343e-01
1.000000000000000000e+00
9.874935036630957397e-01
9.994697047452871796e-01
9.392672892313720379e-01
9.452037458871171971e-01
9.998363713715351375e-01
9.906506589387980011e-01
9.934427309872150280e-01
9.827955807178585523e-01
9.549662665528267924e-01
8.928419936373276355e-01
8.766785309820417371e-01
9.635432947796186420e-01
9.856507288937345068e-01
9.322648135694537874e-01
9.495462661291806938e-01
9.072746777779505667e-01
9.080153751435179332e-01
9.973289706520650499e-01
9.744924606183135163e-01
9.888056021303875953e-01
9.882855437957350775e-01
9.862777918140475109e-01
9.705882352941176405e-01
9.974380588750598742e-01
9.828552885395446248e-01
9.726348124145423046e-01
9.989794661552267030e-01
8.198094138030609379e-01
9.996314634107260622e-01
7.997919174197759551e-01
9.860688216892596891e-01
9.915350836214145147e-01
9.817118901559584998e-01
9.853567709155174326e-01
9.792747188913323297e-01
9.858345780739622422e-01
9.934300528635848782e-01
7.597781622390737954e-01
9.199090736881985197e-01
9.887738617256272011e-01
9.980515191545574760e-01
9.863125400431009826e-01
9.947666566626650608e-01
9.840755220749499710e-01
9.987158496259912477e-01
9.993709603862303004e-01
9.860462551016656585e-01
8.190458849235251471e-01
9.927809765686155252e-01
9.924119138629224901e-01
9.871251984930099477e-01
9.919985659344240370e-01
9.976236197791646942e-01
9.576571259958689408e-01
9.986112441337036127e-01
9.870734721034122305e-01
9.754661264292826539e-01
9.824000544152906578e-01
9.107097057853662525e-01
9.969463943247621751e-01
9.730333705785234599e-01
9.682902411421606681e-01
9.557608820930501015e-01
9.941462636573888956e-01
9.780373989787982669e-01
9.854868686868686334e-01
9.729914701120069287e-01
9.879191766656271190e-01
9.785805907469558029e-01
9.976749635023340890e-01
9.668498422838097683e-01
9.893174857809537981e-01
9.968609719601847496e-01
