8.797760009765625000e-01
9.820098876953125000e-01
9.793701171875000000e-01
9.608001708984375000e-01
9.821929931640625000e-01
9.843139648437500000e-01
9.564666748046875000e-01
9.716339111328125000e-01
9.676971435546875000e-01
9.738464355468750000e-01
9.737091064453125000e-01
9.317474365234375000e-01
9.727935791015625000e-01
9.647521972656250000e-01
9.727325439453125000e-01
9.672698974609375000e-01
9.786987304687500000e-01
9.946441650390625000e-01
9.799346923828125000e-01
8.821868896484375000e-01
9.785461425781250000e-01
8.823699951171875000e-01
7.981567382812500000e-01
9.751434326171875000e-01
9.709167480468750000e-01
9.629364013671875000e-01
9.800415039062500000e-01
9.108123779296875000e-01
9.276580810546875000e-01
9.824371337890625000e-01
9.770050048828125000e-01
9.516754150390625000e-01
9.744110107421875000e-01
9.585876464843750000e-01
9.742736816406250000e-01
9.729003906250000000e-01
8.900756835937500000e-01
9.792785644531250000e-01
9.447784423828125000e-01
9.593200683593750000e-01
9.855804443359375000e-01
8.291625976562500000e-01
9.405517578125000000e-01
9.785919189453125000e-01
9.858398437500000000e-01
9.847259521484375000e-01
9.526519775390625000e-01
9.707489013671875000e-01
8.394317626953125000e-01
9.494781494140625000e-01
9.644317626953125000e-01
9.583282470703125000e-01
9.224243164062500000e-01
9.433441162109375000e-01
9.871978759765625000e-01
9.727630615234375000e-01
9.262390136718750000e-01
9.079895019531250000e-01
9.053039550781250000e-01
9.875183105468750000e-01
9.196624755859375000e-01
9.374237060546875000e-01
9.680175781250000000e-01
9.752807617187500000e-01
9.852600097656250000e-01
9.223327636718750000e-01
9.803314208984375000e-01
9.707641601562500000e-01
8.977508544921875000e-01
9.696044921875000000e-01
9.573669433593750000e-01
9.913635253906250000e-01
9.773254394531250000e-01
9.235839843750000000e-01
9.733886718750000000e-01
9.885253906250000000e-01
9.505615234375000000e-01
9.783172607421875000e-01
9.774932861328125000e-01
9.843139648437500000e-01
9.763488769531250000e-01
9.687042236328125000e-01
9.517974853515625000e-01
9.383697509765625000e-01
9.889984130859375000e-01
9.833068847656250000e-01
9.953460693359375000e-01
9.880828857421875000e-01
9.236297607421875000e-01
9.865722656250000000e-01
9.844055175781250000e-01
9.877624511718750000e-01
9.808349609375000000e-01
9.930725097656250000e-01
9.944610595703125000e-01
9.935150146484375000e-01
9.522094726562500000e-01
9.934539794921875000e-01
9.927673339843750000e-01
9.906921386718750000e-01
9.779052734375000000e-01
9.968566894531250000e-01
9.929656982421875000e-01
9.890289306640625000e-01
9.918518066406250000e-01
9.883422851562500000e-01
9.967193603515625000e-01
9.758148193359375000e-01
9.445190429687500000e-01
9.830322265625000000e-01
9.926910400390625000e-01
9.947509765625000000e-01
9.886932373046875000e-01
9.738922119140625000e-01
9.549255371093750000e-01
9.924774169921875000e-01
9.927062988281250000e-01
9.179687500000000000e-01
9.925384521484375000e-01
9.391632080078125000e-01
9.920043945312500000e-01
9.586791992187500000e-01
9.641418457031250000e-01
9.839324951171875000e-01
9.411926269531250000e-01
9.636230468750000000e-01
9.302978515625000000e-01
9.890441894531250000e-01
8.283233642578125000e-01
9.850769042968750000e-01
9.924316406250000000e-01
9.841613769531250000e-01
9.877014160156250000e-01
9.826049804687500000e-01
9.463958740234375000e-01
9.616241455078125000e-01
9.815216064453125000e-01
9.893035888671875000e-01
9.842071533203125000e-01
9.395446777343750000e-01
8.360748291015625000e-01
9.819335937500000000e-01
9.654846191406250000e-01
9.758148193359375000e-01
9.688415527343750000e-01
9.146728515625000000e-01
9.960937500000000000e-01
9.768829345703125000e-01
9.644927978515625000e-01
9.881896972656250000e-01
9.926910400390625000e-01
9.598083496093750000e-01
9.783630371093750000e-01
9.764709472656250000e-01
9.919128417968750000e-01
9.869232177734375000e-01
9.913024902343750000e-01
9.760742187500000000e-01
9.635772705078125000e-01
9.721984863281250000e-01
9.417419433593750000e-01
9.342498779296875000e-01
9.855957031250000000e-01
9.925842285156250000e-01
9.925231933593750000e-01
9.876556396484375000e-01
9.521331787109375000e-01
9.763183593750000000e-01
9.718017578125000000e-01
9.841308593750000000e-01
9.887237548828125000e-01
9.912109375000000000e-01
8.806610107421875000e-01
9.602508544921875000e-01
9.941406250000000000e-01
9.598541259765625000e-01
9.718322753906250000e-01
9.733276367187500000e-01
9.487762451171875000e-01
8.540496826171875000e-01
9.758148193359375000e-01
9.053802490234375000e-01
9.646606445312500000e-01
9.913177490234375000e-01
9.779663085937500000e-01
9.819946289062500000e-01
9.794616699218750000e-01
9.811553955078125000e-01
9.733581542968750000e-01
9.868164062500000000e-01
9.666595458984375000e-01
9.899444580078125000e-01
9.949493408203125000e-01
9.554748535156250000e-01
9.047241210937500000e-01
8.273315429687500000e-01
