4.655267512410369291e-01
9.799432019879303901e-01
9.482284419996763747e-01
5.912377711612080144e-01
7.799352750809060986e-01
9.787137681159420177e-01
9.811176320489920499e-01
5.493545183714001467e-01
9.953139643861292907e-01
9.855682501503307824e-01
8.344393992315752850e-01
9.961225281116712349e-01
9.273651418265289603e-01
9.940397350993377401e-01
1.000000000000000000e+00
1.360898138006571834e-01
9.996455785929470039e-01
9.210766423357664712e-01
9.710099259492673829e-01
9.930013020833333703e-01
8.829844337090714257e-01
9.617681047765793689e-01
1.000000000000000000e+00
8.594174054640854044e-01
9.963253307202352138e-01
6.344041162564316716e-01
9.809983411250188245e-01
6.063091482649842767e-01
7.583683079127853111e-01
9.899017467248908408e-01
8.605627887442250934e-01
9.055631347582234758e-01
9.058156028368794521e-01
7.948184372073665571e-01
9.994638069705094052e-01
7.996511338151008896e-01
1.000000000000000000e+00
9.290263876251136921e-01
4.140659997013588223e-01
9.853915406828605006e-01
8.875388527832721586e-01
9.950980392156862919e-01
9.702586206896551824e-01
6.856625961103572919e-01
9.233209941829719769e-01
8.154958677685950619e-01
8.170119558273249982e-01
9.353782526279510456e-01
1.000000000000000000e+00
9.851442068622575654e-01
9.839743589743589203e-01
9.927327258045910430e-01
9.826724425191603052e-01
9.910785975555357341e-01
9.745275267050123036e-01
9.856958378861626624e-01
7.603523503745780454e-01
2.461220268872802430e-01
7.623427268045029903e-01
6.357531180044770913e-01
8.960464975479808247e-01
7.763561924257932345e-01
9.418517594210131794e-01
9.562615441448097942e-01
9.953746530989824315e-01
7.521633783316026278e-01
7.862562323867331449e-01
7.267267267267267794e-01
1.000000000000000000e+00
9.810921073277890647e-01
9.841149773071103946e-01
9.643366619115548710e-01
7.801316000641951298e-01
8.022628538692891942e-01
9.853758408891488685e-01
6.524368552116684983e-01
1.000000000000000000e+00
9.997610513739545457e-01
9.968024755028365158e-01
1.000000000000000000e+00
9.510671525247267333e-01
9.324594756854112099e-01
5.797282134397206965e-01
6.396364907375043929e-01
9.015654019633855265e-01
1.000000000000000000e+00
9.732779097387173062e-01
9.181704484545292200e-01
5.741376491744318855e-01
9.410714285714285587e-01
6.950894556528359747e-01
1.000000000000000000e+00
1.000000000000000000e+00
1.000000000000000000e+00
1.000000000000000000e+00
1.000000000000000000e+00
9.793478260869564744e-01
9.784397820795177614e-01
1.000000000000000000e+00
8.207592503604036471e-01
1.000000000000000000e+00
9.614035087719298156e-01
9.967159277504105130e-01
1.000000000000000000e+00
9.773476112026359131e-01
1.000000000000000000e+00
9.631626235399820546e-01
1.000000000000000000e+00
8.044563758389261521e-01
9.838498990618691487e-01
9.083354972734354327e-01
9.955357142857143016e-01
9.795584627964022406e-01
9.693251533742330839e-01
8.871917957669648302e-01
9.937624750499002291e-01
9.862407862407862602e-01
9.141159568509995559e-01
9.746371275783040078e-01
9.826127819548872155e-01
9.956326268464996687e-01
9.756558028616851841e-01
9.391323116770990964e-01
9.028756427347172098e-01
8.897931502204137200e-01
9.628533859303090026e-01
8.992283250113481952e-01
9.246947082767977832e-01
4.395717856754700614e-01
9.600662800331399849e-01
9.528985507246376940e-01
9.967010309278350189e-01
1.000000000000000000e+00
8.483902759526937842e-01
7.410478995504572453e-01
4.822387801074337066e-01
1.000000000000000000e+00
8.880434782608696009e-01
9.823135755258126656e-01
9.546379761558592136e-01
1.000000000000000000e+00
9.991793188346327348e-01
6.057073954983922537e-01
9.823936132297383939e-01
8.183900523560209139e-01
9.914510342721929437e-01
9.323656578134651429e-01
8.326718195111760812e-01
9.353246112071093021e-01
9.015492253873063078e-01
7.236941710825132157e-01
9.592173243926569448e-01
6.483337217431833777e-01
6.251306165099268508e-01
9.023753589141216835e-01
9.746666666666666812e-01
9.269955876454071264e-01
7.042007001166861180e-01
2.054913294797687806e-01
9.060812397276355457e-01
6.399560922063666224e-01
8.202064896755162371e-01
9.512274959083469872e-01
9.694467382328654237e-01
9.704861111111111605e-01
6.076014381099127393e-01
7.324537784957817488e-01
9.023172569706103818e-01
1.000000000000000000e+00
9.873128447596533075e-01
8.602150537634408733e-01
9.700383509108341240e-01
6.621293348969676806e-01
7.969413012729844592e-01
9.653979238754325509e-01
9.767634854771783948e-01
9.943758573388202793e-01
9.998513895080992642e-01
9.150684931506849473e-01
7.822301124355397484e-01
7.529158442490579972e-01
9.867776189503777440e-01
9.425730820596527337e-01
9.975360788454769034e-01
1.000000000000000000e+00
9.035782573067467904e-01
9.864984899626931814e-01
1.000000000000000000e+00
9.666086956521738882e-01
9.765244205709738834e-01
9.274902505122611940e-01
9.568352059925093744e-01
8.778381046396841469e-01
9.941662080352229314e-01
9.812449660568404175e-01
8.252330226364846810e-01
