4.945762088619231611e-01
9.948526801561945465e-01
9.749231515935932180e-01
6.469587409612930218e-01
8.651564185544767804e-01
9.814311594202898004e-01
9.821383005868844496e-01
6.351539225422045964e-01
9.986879100281161881e-01
9.987973541791942411e-01
8.658749563395040649e-01
9.975627319559076112e-01
9.631087063453025454e-01
9.935982339955850007e-01
1.000000000000000000e+00
5.857064622124863451e-01
1.000000000000000000e+00
9.598540145985401395e-01
9.831416417204978941e-01
9.903971354166666297e-01
9.114331723027375709e-01
9.743836671802773575e-01
1.000000000000000000e+00
8.997647910258730342e-01
9.987751102400783676e-01
6.629119732999583237e-01
9.889911023978283922e-01
6.385488958990536146e-01
7.807349779916060717e-01
9.874454148471615289e-01
8.962620747585048342e-01
9.293618311353645245e-01
9.321985815602836789e-01
8.667152221412964819e-01
1.000000000000000000e+00
8.317966608522302518e-01
1.000000000000000000e+00
9.517743403093721355e-01
4.596087800507689947e-01
9.940546967895362851e-01
9.331732127719695180e-01
9.988328664799253076e-01
9.875000000000000444e-01
7.451379466304839383e-01
9.467213114754098324e-01
8.566115702479338845e-01
8.205713242675914953e-01
9.452007582285024689e-01
1.000000000000000000e+00
9.893709597215315510e-01
9.848104793756967679e-01
9.968854539162532724e-01
9.805898033988670326e-01
9.895619591399767989e-01
9.958915365653245866e-01
9.915565709744710299e-01
7.947641392936527494e-01
3.071354705274043639e-01
7.631520859392244560e-01
7.384074192516789648e-01
9.008294484470545926e-01
8.049584897077221024e-01
9.624823226021129718e-01
9.605467306981898545e-01
9.995374653098982876e-01
7.633552555670936046e-01
8.365488835898547970e-01
7.896317370001580960e-01
1.000000000000000000e+00
9.943511689941942899e-01
9.957135653050932511e-01
9.992867332382311396e-01
8.069330765527202853e-01
7.997326586145987459e-01
9.856683240713658423e-01
8.263963002490216647e-01
1.000000000000000000e+00
1.000000000000000000e+00
9.978339350180505107e-01
1.000000000000000000e+00
9.534096824570535977e-01
9.433660196117670260e-01
6.123924697668620132e-01
6.547535826634044431e-01
8.983815335632794330e-01
1.000000000000000000e+00
9.916864608076009224e-01
9.381811684831159459e-01
6.025012260912211426e-01
9.397515527950310865e-01
6.962314427103158954e-01
1.000000000000000000e+00
9.998316214850985206e-01
1.000000000000000000e+00
1.000000000000000000e+00
1.000000000000000000e+00
9.869565217391303991e-01
9.851628607859047593e-01
1.000000000000000000e+00
8.616049975973090191e-01
1.000000000000000000e+00
9.842105263157894246e-01
1.000000000000000000e+00
1.000000000000000000e+00
9.715815485996704970e-01
1.000000000000000000e+00
9.928122192273135527e-01
1.000000000000000000e+00
8.130469798657717906e-01
9.624747654672841657e-01
9.288496494417034510e-01
9.990079365079365115e-01
9.979558462796401797e-01
9.944227551589515102e-01
8.602080151283729714e-01
9.907684630738522458e-01
9.906633906633907083e-01
8.943190396181849300e-01
9.815126050420167614e-01
9.920112781954887327e-01
9.958895311496467340e-01
9.771462639109698145e-01
9.689186272393697230e-01
9.089697200533232158e-01
9.169209901661580231e-01
9.692636423405653900e-01
8.975828415796640591e-01
9.816824966078697701e-01
4.394631018367568531e-01
9.865782932891465906e-01
9.627329192546584258e-01
9.991752577319588102e-01
1.000000000000000000e+00
8.658015768725361161e-01
7.589521004495427547e-01
5.642003119043493831e-01
1.000000000000000000e+00
1.000000000000000000e+00
1.000000000000000000e+00
9.620529223611514746e-01
1.000000000000000000e+00
1.000000000000000000e+00
6.286173633440514941e-01
9.808254330315774316e-01
8.422774869109947993e-01
9.951148767269674122e-01
9.842495367510809556e-01
8.673490703989973349e-01
9.644532214268082271e-01
9.550224887556222342e-01
8.830431491294473689e-01
9.660327580521050894e-01
6.744348636681426479e-01
6.917450365726227623e-01
9.402244844688071312e-01
9.914666666666667183e-01
9.759326113116726376e-01
7.613768961493582177e-01
3.228323699421965509e-01
9.171949596931987525e-01
6.742590559824368501e-01
8.303834808259586975e-01
9.643207855973813247e-01
9.704789430222956481e-01
1.000000000000000000e+00
6.507447354904981607e-01
7.649434571890145751e-01
9.377354935945741987e-01
1.000000000000000000e+00
9.929866036249015426e-01
9.784946236559139976e-01
9.695589645254074629e-01
6.820656726419835891e-01
8.368988684582744364e-01
9.844290657439446202e-01
9.788381742738588853e-01
9.976680384087791564e-01
1.000000000000000000e+00
9.359817351598173074e-01
7.785949784428100040e-01
8.334828638076440255e-01
9.866755156218092182e-01
9.562249591927585168e-01
9.989440337909186729e-01
1.000000000000000000e+00
9.134116361649822213e-01
9.923609877420500602e-01
1.000000000000000000e+00
9.870144927536231849e-01
9.843827713120461009e-01
9.423623504527728345e-01
9.546816479400749289e-01
9.348469891411648192e-01
9.949367088607594667e-01
9.846392820158784698e-01
8.349533954727030860e-01
