7.610705596107055770e-01
8.469457789979409901e-01
8.838891120932100831e-01
7.791578827417241504e-01
9.202221319246918219e-01
8.717948717948718063e-01
3.770896932693705295e-01
9.306841273425152661e-01
8.056387225548902187e-01
9.282223579718997808e-01
7.014061207609594284e-01
7.849139655862344966e-01
7.265009096422073709e-01
7.822448064564340164e-01
6.189173937578678064e-01
8.980078730764642359e-01
7.041942604856512578e-01
8.560896490710704354e-01
6.252605252188412344e-01
7.305218012866333543e-01
5.257286793810723724e-01
5.233160621761657749e-01
9.146649572004977857e-01
6.795018162947586982e-01
7.748523256849416674e-01
8.690100645936608137e-01
8.164091635588704987e-01
8.262910798122066192e-01
8.308483290488432038e-01
9.759354919994960298e-01
8.185350292421578189e-01
7.118680841831199757e-01
5.027067388463691833e-01
6.759248588221735687e-01
8.568350959655307575e-01
8.678581589633499460e-01
5.290140571039447792e-01
7.054277828886844626e-01
3.805711235655190872e-01
4.532019704433497553e-01
7.577140770494796840e-01
8.546995135728856496e-01
1.330715983056100782e-01
9.238143289606458586e-01
8.129275772587875037e-01
9.485884101040118477e-01
8.284288768964463978e-01
9.669920966992097133e-01
9.564381806534273389e-01
8.710080533185226015e-01
3.866873866873866694e-01
9.718035394710677899e-01
7.524796120784659204e-01
9.330496453900709586e-01
9.289248409644231819e-01
9.707090788601723252e-01
8.491710473109583823e-01
8.754188242461163894e-01
4.269718835531226553e-01
9.701333962932356947e-01
9.305358661752197724e-01
9.117352056168505081e-01
5.616045845272206183e-01
9.019947961838681305e-01
9.560260586319218046e-01
8.608424336973479196e-01
9.231266149870801518e-01
9.616795244719869018e-01
9.029577120508432975e-01
8.987186238371072111e-01
8.856214939474461589e-01
9.343983898358387830e-01
9.201207795772714526e-01
9.310018903591682493e-01
8.958371877890841661e-01
6.517807713600295427e-01
9.211915535444946679e-01
9.573022804463852120e-01
9.189189189189189699e-01
8.861538461538461808e-01
9.745901002408889902e-01
9.282971553953451860e-01
8.440667859272510398e-01
9.274577739281073541e-01
8.838643371017471662e-01
8.985124548895343510e-01
8.261025457153101659e-01
8.534143912792830911e-01
8.911609498680739261e-01
8.244908301922651006e-01
5.124113475177305421e-01
9.418298589176669067e-01
8.681148808070946465e-01
7.529058867641544861e-01
8.445824153815341129e-01
8.787686912473819945e-01
9.170862705605907772e-01
6.806892646226033738e-01
7.215070643642071957e-01
6.056173200702165138e-01
9.270842562239745011e-01
9.065071054599850298e-01
8.569942797711908034e-01
9.481306572215663087e-01
8.460427034837052496e-01
8.050971195964780058e-01
4.261251511872174991e-01
7.602649006622516081e-01
7.778954462308654838e-01
8.090053213262382581e-01
8.714396316368525630e-01
1.495654202881642747e-01
8.733617116612524267e-01
7.624332530625065329e-01
6.179753656658968364e-01
8.164515061238000193e-01
8.039513677811550574e-01
8.171960709274141976e-01
6.000643500643501049e-01
8.148309389058191465e-01
8.796618597712581034e-01
8.822272095757187627e-01
8.935769743549525357e-01
8.236317506342878403e-01
7.403771635236372495e-01
6.616682286785379175e-01
5.902196652719665648e-01
7.360709863805200426e-01
8.732990199534653719e-01
8.343376678295802984e-01
8.350300601202405026e-01
8.475096906311708755e-01
6.031382584685837100e-01
8.790539428195137672e-01
7.186661387532444767e-01
8.779263357409968771e-01
6.926175958188153237e-01
8.993377483443708575e-01
7.500770416024653553e-01
5.201541673357957807e-01
8.168176875679593607e-01
8.305611405593127383e-01
8.416764926573051531e-01
7.458455522971652041e-01
8.548908649959580108e-01
8.782098730285259336e-01
8.143881509345245462e-01
9.556958974111748883e-01
4.984238828110513775e-01
5.674365085888057880e-01
9.151339888181992954e-01
7.576479936432261031e-01
8.901533592989289145e-01
7.802832393785232856e-01
9.427114322141946223e-01
9.557561739908975174e-01
7.868073878627968032e-01
8.041990259312886691e-01
5.525572638845308582e-01
7.455140279567760153e-01
8.403732809430255468e-01
8.497426984289268015e-01
9.106732976281560754e-01
8.255358377506337719e-01
9.375521608186073719e-01
9.628170194927687664e-01
8.394741113455608250e-01
9.651787083908575093e-01
7.786116322701688297e-01
8.888007928642219779e-01
8.015695067264574369e-01
9.426162314088301075e-01
9.642370704751527244e-01
9.320769532783667044e-01
9.488948660975324856e-01
7.805623471882640052e-01
4.384359964762485351e-01
7.103971441320838798e-01
6.828294352538505363e-01
8.545913871100405679e-01
9.255128734682638303e-01
8.857312521208008382e-01
5.876889971119542144e-01
7.243197637629191776e-01
8.834764483313319872e-01
8.797401982341598314e-01
9.763180639585133935e-01
9.205020920502091641e-01
7.973901899102877611e-01
8.965184530031358179e-01
9.029164220003914609e-01
9.537166900420757099e-01
9.604768822321294586e-01
7.766739358694774165e-01
9.547128305676437776e-01
9.514216498788728993e-01
