4.551866951401022376e-01
8.295209322399654805e-01
7.419459811259355719e-01
7.296800712215634199e-01
6.092863894139886050e-01
8.757581686558403578e-02
2.655834564254062058e-01
8.406290956749672416e-01
6.702062487237083754e-01
8.231707317073170271e-01
3.286545338101083402e-01
4.187304039623755969e-01
4.903331350386674337e-01
6.091835928238362730e-01
4.079814025571483760e-01
3.620569320504511968e-01
2.369690791709140321e-01
7.395550429703485751e-01
7.492017416545718733e-01
9.405204460966543056e-01
3.791447765050383056e-01
5.270944585485424216e-01
5.999446460421919980e-01
4.270843759383445293e-01
5.827544328394461681e-01
9.021437078205637450e-01
8.315865558366462018e-01
1.828008265776506162e-03
5.326584249975664376e-01
7.980699638118214922e-01
3.225046165808144738e-01
7.578635531933431979e-01
3.550057099352874057e-01
9.347239960266779946e-01
4.091555977229601598e-02
9.303313508920985075e-01
5.378999762977009214e-01
4.909313940243582031e-01
4.252961895613192600e-01
2.432259441007040834e-01
2.703847756632865584e-01
5.170598146588036848e-01
7.585020143861422870e-01
3.987063389391979351e-01
8.531098367887075540e-01
6.941226335122916424e-01
9.481481481481481843e-01
9.296081277213352756e-01
9.703494528768090710e-01
4.799131378935939107e-01
8.800092123445416581e-01
8.948497854077253066e-01
9.312633028671590818e-01
8.752111996138064454e-01
4.012233801540552869e-01
5.791911083667798943e-01
8.860655737704917767e-01
1.531023368251410201e-02
5.798132081733275989e-01
7.618534482758620996e-01
8.827823100042936355e-01
7.338159689434476940e-01
7.717717717717718084e-01
4.782433521353747219e-01
7.454453805717577985e-01
4.945001354646437197e-01
5.640972510015195285e-01
6.277589134125636239e-01
8.689353099730457997e-01
1.907568969582645602e-01
8.985927152317880751e-01
7.854190154077415054e-01
3.452136028076969732e-01
3.262082297707815659e-01
8.854052981446571824e-01
8.794926004228329486e-01
2.249447549720525186e-01
8.893678160919540332e-01
8.043758950160809773e-01
7.587453586085597390e-01
8.489634748272457676e-01
1.697344201945832354e-01
7.046716950242647437e-01
9.460122699386502854e-01
7.065613608748481100e-01
9.555084745762711940e-01
3.986038807382867866e-01
7.204658901830283124e-01
6.737938596491228616e-01
8.991135500211059339e-01
8.235388054934525970e-01
2.412372028457400730e-01
7.651044607566346301e-01
8.891198891198891507e-01
0.000000000000000000e+00
6.813905930470347538e-01
8.498751474906017789e-01
8.668387651930730131e-01
6.934019370460048348e-01
6.517257909875359134e-01
8.864864864864865357e-01
6.724336793540945934e-01
8.368618475427553882e-01
8.811710677382319501e-01
7.532084495815065672e-01
8.667100130039011585e-01
9.124348064781773182e-01
7.093473451327433343e-01
3.441387559808612440e-01
9.285083848190643918e-01
9.567526555386950404e-01
4.273914201971755755e-01
6.078049684835001854e-01
5.661478599221789754e-01
1.381294964028776939e-01
5.319076714188730737e-01
7.375806904294134325e-01
8.788545129122986577e-01
7.522011989509179708e-01
6.687840290381125152e-01
9.313271604938271331e-01
7.783505154639175361e-01
7.254224196195809826e-01
9.266304347826086474e-01
7.641509433962264675e-01
5.610866834170854522e-01
4.993136334079907312e-01
9.466666666666666563e-01
8.037805475016003287e-01
9.394927536231884035e-01
4.976161045382306303e-01
6.632418510620621266e-01
8.183530507290851519e-01
7.483421640174614531e-01
9.527866524671636528e-01
5.057208237986270394e-01
5.854993160054720036e-01
7.858565737051792510e-01
4.787313832636879707e-01
8.842264914054600577e-01
9.359014840543100622e-01
1.524500445462644849e-01
6.056525037936266731e-01
5.311760063141278687e-01
4.488325688667754720e-02
6.361122926414292111e-01
6.313444924406047543e-01
6.477443363582947589e-01
3.361753958587088698e-01
3.348888278891024028e-01
3.457231905806302796e-01
9.301115241635687925e-01
4.589283374819861372e-01
6.183310533515732343e-01
4.797588926923649355e-01
9.445086705202312416e-01
8.956349206349206726e-01
6.199521785334750623e-01
4.473832301631964214e-01
8.500514403292180887e-01
1.549653782101849397e-01
7.770582179270034695e-01
6.608009024252678998e-01
5.920642728316117820e-01
6.913865084596791943e-01
2.716841695838195236e-01
7.442801830341428948e-01
5.487642838161042036e-01
6.061402068625841855e-01
9.143865842894969287e-01
7.470588235294117752e-01
2.689618074233459111e-01
8.534381139489194412e-01
6.471273291925465632e-01
4.959921075348378561e-01
7.323381613952113511e-01
8.021128294489218158e-01
8.525261164396115143e-01
9.331840238895110495e-01
2.760456663082987983e-01
1.540280857354028032e-01
1.741807785352980087e-01
2.840620592383639176e-01
1.518271690723603240e-01
9.131707317073171071e-01
9.110731892301857648e-01
9.097811523001340106e-01
1.020979020979020935e-01
8.429988974641675625e-01
4.918911849332984754e-01
6.692729847751681671e-01
4.028268551236748873e-01
6.314974289077504022e-01
7.289331672893316627e-01
7.948799764370919618e-01
3.449471731591257084e-01
5.734902809723537720e-01
9.530897609382047442e-01
8.560706401766003948e-01
8.711154726856394914e-01
8.551363821414031952e-01
8.957379358929200563e-01
3.287841191066997459e-01
8.501901140684410274e-01
8.946723821187997361e-01
5.237452448153148143e-01
7.085172948159410566e-01
8.800590841949778032e-01
8.810408921933085002e-01
8.759079903147699575e-01
7.763767492955055971e-01
8.119103175408338702e-01
9.255192878338278639e-01
6.361792127071823622e-01
8.128243143068939469e-01
9.024580804134864076e-01
9.503555798687089995e-01
9.428578873312835062e-01
8.970389831711993445e-01
8.519856647533580185e-01
7.282336182336182073e-01
9.308775423126155468e-01
4.669453475770243278e-01
9.012267343485617088e-01
8.805391898397560979e-01
8.002614521488098376e-01
6.897559735638026934e-01
8.444692425721858076e-01
1.793231449670260325e-01
7.138895735765343753e-01
8.993642634924928769e-01
3.073644243857009961e-01
8.830074845613136159e-01
8.301936503754445695e-01
9.594240837696335067e-01
8.552788090689543710e-01
9.698060439702721469e-01
8.609627611262488101e-01
9.363991049400424149e-01
9.508131012368300494e-01
7.602789835633809723e-01
5.880028952289040323e-01
7.999740731138190730e-01
7.901912638924786236e-01
8.864921939814465190e-01
9.083842678713792695e-01
8.888257747886939564e-01
5.560385961191813831e-01
8.394273127753304475e-01
8.523497999622245969e-01
4.967509025270758216e-01
8.660292339817562413e-01
8.979447513812154336e-01
9.405919772882603835e-01
9.486053719008264995e-01
9.127174252682012101e-01
8.444444444444444420e-01
9.379021879021879338e-01
5.939112731404763146e-01
8.717998261037580576e-01
4.397303046939335935e-01
8.124556170998438187e-01
8.199178416786943036e-01
9.182872739679290852e-01
8.878108653087466440e-01
8.690998239011084037e-01
7.294307836297115877e-01
8.809886759581881943e-01
9.209845321413868691e-01
4.764426912507756517e-01
6.506260650514928967e-01
5.200793257312841256e-01
9.141820281248711488e-01
9.203001876172607343e-01
6.946975973487986566e-01
9.118914458604565620e-01
6.823055795929117151e-01
9.484069514844315485e-01
8.877456270233643476e-01
9.247815230961298205e-01
4.852244940429738529e-01
8.783286425633254346e-01
8.499623777276147374e-01
9.569983647265459803e-01
8.956288622319156234e-01
8.125962426855558585e-01
9.342658710750268991e-01
9.209164818920916318e-01
9.518472135253600586e-01
8.704291373695891565e-01
8.369644622061793715e-01
7.897757372417446575e-01
8.870947552885216636e-01
8.084824971342915445e-01
9.441775931455277382e-01
6.884956514251270310e-01
9.161610590182018843e-01
9.119333496691987007e-01
6.870303503464428863e-01
8.862508728729464602e-01
9.199820106552273336e-01
8.078760437004112172e-01
9.243417629305858974e-01
7.343308725164742201e-01
9.056989006057886149e-01
9.559867486985328400e-01
9.528714547763510456e-01
6.058993036100216445e-01
9.520269547545191502e-01
8.635942994632611613e-01
6.948395805212335130e-01
8.914019530811538861e-01
7.592243767313019420e-01
5.895862461809331379e-01
8.802755668517155963e-01
9.176955410862935869e-01
9.653593432980287492e-01
8.313807052358418437e-01
5.531122581253388182e-01
4.563921466986328168e-01
9.472000000000000419e-01
7.312105309970647893e-01
8.783403656821378025e-01
6.699044478077209597e-01
9.313732469566455840e-01
7.374618078843431235e-01
3.868865030674846772e-01
8.020753266717909336e-01
9.445143036780886403e-01
9.730171708912510598e-01
8.044466902475998493e-01
9.582686536272378985e-01
4.756271670405873842e-01
9.122412662732977129e-01
8.672585724282715347e-01
8.120081214347868448e-01
8.271920301424101618e-01
9.113573407202215648e-01
7.040625995177653973e-01
6.273048444078788144e-01
9.250375505488157568e-01
5.208067625685895985e-01
8.550525464834276557e-01
8.722820294180345657e-01
9.371452457429488847e-01
5.261643316925407321e-01
9.335460728594056068e-01
8.855011284794783721e-01
9.470856638210185530e-01
8.532139027313442314e-01
9.342587538017624871e-01
8.745860927152317998e-01
7.025168095737461815e-01
8.345632400892397662e-01
9.630060247331149181e-01
9.344884279752118106e-01
9.353215406064830928e-01
8.239530541477727565e-01
9.817498332625962387e-01
8.767541183648566161e-01
8.148010412792859869e-01
6.237669073527916108e-01
9.367401947301832177e-01
6.904530744336569992e-01
7.366417529362611072e-01
8.270681969744831941e-01
9.682654165164081839e-01
7.453129757710209580e-01
8.549165449152167362e-01
8.683616205858198933e-01
9.435737838538772460e-01
8.482204205029545419e-01
9.349250936329588368e-01
8.624449514511592918e-01
9.070198184849046497e-01
9.239114281468271406e-01
9.597262952101661693e-01
6.406955736224029252e-01
9.616920842411038617e-01
8.870768735582854614e-01
7.998366013071895875e-01
8.820785875853234259e-01
9.074275210961650906e-01
5.843062584556797390e-01
9.369376704799902145e-01
8.270509977827050774e-01
8.686025717448693229e-01
9.419018956690189404e-01
7.469060484573819547e-01
7.851991388589881771e-01
8.834355828220858964e-01
5.688520639863574591e-01
7.724867724867724439e-01
8.479249483224677864e-01
3.006088951641369689e-01
5.540807507099642093e-01
9.497883801462100317e-01
9.114688128772635567e-01
5.584680633948786443e-01
9.534864300626304523e-01
2.379171030974113268e-02
7.284793325748957216e-01
9.741503111536620185e-01
9.126702314311972986e-01
9.460543914400356691e-01
7.715546049993315947e-01
9.310820124052378022e-01
9.024173449291528204e-01
8.161550888529887082e-01
6.381553322427357955e-01
8.887275046053564331e-01
7.264297958547607514e-01
8.275816474943805678e-01
8.727933541017652841e-01
9.373562016314578305e-01
8.977192917606180433e-01
8.681207523312786112e-01
9.284175901632925054e-01
6.385838583858385320e-01
3.985767118682057575e-01
9.225527312060572971e-01
1.325543439695342496e-01
8.230283044792525704e-01
4.744337680164721904e-01
7.571992759585322030e-01
5.905293947139582389e-02
9.115387230570476396e-01
9.699819347175133721e-01
6.492794486215538452e-01
8.800481659874027640e-01
8.787654992809110777e-01
4.590758328011371736e-01
9.465022871806314519e-01
6.189714468527552915e-01
7.854050444784285157e-01
8.502951925780152242e-01
7.162309368191721592e-01
9.152209666295294532e-01
5.628974815568558165e-01
7.344759763978645495e-01
7.726395206923333259e-01
6.996588625636711578e-01
5.846392285173066528e-01
4.360366883900554935e-01
7.099982001439885115e-01
8.143971959526485893e-01
8.094281663516068592e-01
8.823199251637043883e-01
8.931678790472115104e-01
8.460059430169550865e-01
9.181085665818490282e-01
9.745719240821710816e-01
8.025851938895417481e-01
9.351435002813730524e-01
7.120384912621843254e-01
2.046172198442214596e-01
8.128817323709051079e-01
8.290960451977401613e-01
8.278364767453342266e-01
8.476062639821029254e-01
9.628987517337032065e-01
8.463057104782587547e-01
7.070973412436827310e-01
3.627332202568451375e-02
2.193358428683239436e-01
8.789718387897184071e-01
9.657234105763518039e-01
9.434033218426824963e-01
7.906728538283062102e-01
8.801827125790583350e-01
9.551279148743491154e-01
8.608423727157236138e-01
8.298858773181170267e-01
8.444211629125196739e-01
5.079748670855486203e-01
8.827231121281464699e-01
5.585412667946256793e-01
9.067961165048543659e-01
9.083215796897038397e-01
5.806028833551769575e-01
7.388331814038285872e-01
9.318036966220523132e-01
9.262672811059907696e-01
1.271095919675283015e-01
6.553934571175950019e-01
9.580838323353293440e-01
9.286089238845144367e-01
8.442211055276381826e-01
8.369098712446352284e-01
6.154914901007294548e-01
8.772169167803547385e-01
7.626910958104796689e-01
7.386868951085534540e-01
9.457729468599034295e-01
5.076714801444043301e-01
9.538917850080891325e-01
7.843357271095152683e-01
9.655629139072847700e-01
9.276177090653549007e-01
8.982519049753473483e-01
7.511885895404120106e-01
9.076402321083172353e-01
3.202531645569620111e-01
7.747199557460932029e-01
5.592142188961646276e-01
3.181352767572125373e-01
9.408233276157804692e-01
8.954951668794455255e-01
9.416616130988477718e-01
8.595536200326620024e-01
8.142435182146373629e-01
7.964757709251101270e-01
3.363578814095800618e-01
9.038570618264322176e-01
9.289652935452481497e-01
9.616449189402925812e-01
8.944567627494456330e-01
7.990950725597307791e-01
5.636928539724811449e-02
9.250000000000000444e-01
7.567463377023900817e-01
8.843175217812196953e-01
5.592417061611374418e-01
8.017718715393133966e-01
9.142122949199446014e-01
7.619047619047618625e-01
9.225741578682755684e-01
9.505386875612145126e-01
9.176587301587301182e-01
6.779225545971737654e-01
8.948387096774194083e-01
9.633220910623946365e-01
7.149917627677100374e-01
7.917917917917918214e-01
8.793828892005609577e-01
5.174154467440686966e-01
9.308484551250613137e-01
8.263473053892215203e-01
7.790827740492169973e-01
6.390922401171302836e-01
7.452565003513703656e-01
8.334369173399627240e-01
3.308569454042847302e-01
8.488056460369164391e-01
6.213275299238302241e-01
9.055585536967080129e-01
7.035029190992493353e-01
9.718446601941747032e-01
7.642436149312377136e-01
7.882803023234113970e-01
8.929068150208623322e-01
9.151414309484192655e-01
6.156497759393312341e-01
9.180754226267879847e-01
7.229035465694398921e-01
4.572261827608554707e-01
6.487768516636173155e-01
8.957142857142856851e-01
1.822721598002496890e-01
9.210914454277285834e-01
5.439959636730574699e-01
7.544525065963060273e-01
7.109727292248227970e-01
8.940246312908620707e-01
1.956326987681970830e-01
4.689911564242663089e-01
6.818902632413574583e-03
8.619407321324811244e-01
9.207317073170732113e-01
7.953110910730387673e-01
6.647830018083182857e-01
8.530612244897959329e-01
1.989389920424403102e-01
7.417218543046357748e-01
9.034690799396681848e-01
9.066067104808024357e-01
9.208472686733556456e-01
9.454336588167719935e-01
8.600938967136150248e-01
9.606382978723404520e-01
5.827537082041397420e-01
8.263254113345520624e-01
8.635755684351315020e-01
9.087016958576591419e-01
9.218559218559218005e-01
9.451491258141926366e-01
6.611322264452890174e-02
9.187817258883248517e-01
3.686359269932756866e-01
7.279411764705882026e-01
7.084349098000974898e-01
9.156626506024095891e-01
7.512864493996569415e-01
8.537931034482758585e-01
6.160458452722062939e-01
5.624329159212879681e-01
9.403701165181631572e-01
4.718614718614718706e-01
8.567937438905181002e-01
5.457362053703157523e-01
