6.256059056343665770e-01
9.068176456711488642e-01
8.518587707827386390e-01
8.437168044680501966e-01
7.572131267895161333e-01
1.610477458352822522e-01
4.197012138188608854e-01
9.134149814867559281e-01
8.025430981782614159e-01
9.030100334448160071e-01
4.947178148222534655e-01
5.902888988533726566e-01
6.580181618600937643e-01
7.571337360640439940e-01
5.795266923500275169e-01
5.316325970389620403e-01
3.831447093725964259e-01
8.502807036304336208e-01
8.566213076667772430e-01
9.693486590038313810e-01
5.498259254055235523e-01
6.903233203393717154e-01
7.499567532242873424e-01
5.985411698695469740e-01
7.363800988306068440e-01
9.485547323385161711e-01
9.080505130228887500e-01
3.649345497818326078e-03
6.950778024769768138e-01
8.876962297061585794e-01
4.877179444781274964e-01
8.622552664188352090e-01
5.239914597145747255e-01
9.662608185418806173e-01
7.861456078386692969e-02
9.639084507042253724e-01
6.995253067011898418e-01
6.585566525622943423e-01
5.967828900071890930e-01
3.912819632744122256e-01
4.256738286589032971e-01
6.816604192697487408e-01
8.626683486068341677e-01
5.701072881982981455e-01
9.207331587717210164e-01
8.194479192727879280e-01
9.733840304182509451e-01
9.635201203459947683e-01
9.849516302400572743e-01
6.485693323550990597e-01
9.361754257013352731e-01
9.445073612684031783e-01
9.644084278768233487e-01
9.334534689149183162e-01
5.726758286176232282e-01
7.335288367546431987e-01
9.395914819643633731e-01
3.015873015873015914e-02
7.340275485400473698e-01
8.648318042813455397e-01
9.377423033067274760e-01
8.464750378214825899e-01
8.711864406779661341e-01
6.470427909512128650e-01
8.541606501918396210e-01
6.617599071824806778e-01
7.213071318171782043e-01
7.713168187744459114e-01
9.298720028844420504e-01
3.203960396039604031e-01
9.465881839982559498e-01
8.798147758366660076e-01
5.132472673294048437e-01
4.919411936195910440e-01
9.392201231384518234e-01
9.358830146231721381e-01
3.672733060964609719e-01
9.414448669201520570e-01
8.915835078908679323e-01
8.628257125395855098e-01
9.183128670581953701e-01
2.902101832078228805e-01
8.267535585662836306e-01
9.722572509457755308e-01
8.280526877892488979e-01
9.772481040086673509e-01
5.700025378563573497e-01
8.375241779497099026e-01
8.051097281362593616e-01
9.468770837963992326e-01
9.032314563446887101e-01
3.887044350470065801e-01
8.669225847728726508e-01
9.413059427732941575e-01
0.000000000000000000e+00
8.105083921187059559e-01
9.188459541645034312e-01
9.286702005070293087e-01
8.189454870420017629e-01
7.891452619358583220e-01
9.398280802292263703e-01
8.041379310344827225e-01
9.111864876090267629e-01
9.368324687213914759e-01
8.592343366372646729e-01
9.285963079066527071e-01
9.542127170948758730e-01
8.299627891926872891e-01
5.120583785707929492e-01
9.629290617848970113e-01
9.778984102365257947e-01
5.988426358036214037e-01
7.560680311328913383e-01
7.229813664596272949e-01
2.427307206068267942e-01
6.944382893862175443e-01
8.489743175577451062e-01
9.355216243433766010e-01
8.585785689466228776e-01
8.015225666122892667e-01
9.644426687974431145e-01
8.753623188405796895e-01
8.408635605645152777e-01
9.619181946403384531e-01
8.663101604278075074e-01
7.188411628608791792e-01
6.660562837316884588e-01
9.726027397260273988e-01
8.912176690395173795e-01
9.688025406314216825e-01
6.645442754392171247e-01
7.975290552465950089e-01
9.001035859355904778e-01
8.560591621240422056e-01
9.758225777131430689e-01
6.717325227963525380e-01
7.385677308024158894e-01
8.800892359174568025e-01
6.474893123686689123e-01
9.385564797424201799e-01
9.668895775566791473e-01
2.645668595661969102e-01
7.544004725339633621e-01
6.938144329896906992e-01
8.591056769425362005e-02
7.775900168984791749e-01
7.740173769135291204e-01
7.862194662915783505e-01
5.031905195989061497e-01
5.017478922475837599e-01
5.138102590495796651e-01
9.637904468412943348e-01
6.291307471264367956e-01
7.641589180050718522e-01
6.484284636660799794e-01
9.714625445897741018e-01
9.449445258530458913e-01
7.653956539565395234e-01
6.181959564541212870e-01
9.189489781732239626e-01
2.683463610837064639e-01
8.745444691547216154e-01
7.957617333423894213e-01
7.437693099897013660e-01
8.175381617408249424e-01
4.272824590916042276e-01
8.533952174351729925e-01
7.086479066575154251e-01
7.547786977409792764e-01
9.552789303826648704e-01
8.552188552188552118e-01
4.239084357778719614e-01
9.209243163027347467e-01
7.857647890643412181e-01
6.630945511499464207e-01
8.454909990615134818e-01
8.901915755121774243e-01
9.203930879831156986e-01
9.654373431164317010e-01
4.326579739217653042e-01
2.669399257076982002e-01
2.966847724292938637e-01
4.424428822495606317e-01
2.636283865306570107e-01
9.546149923508414625e-01
9.534676059132850545e-01
9.527595884003742244e-01
1.852791878172588835e-01
9.148121560181862177e-01
6.594196545980538504e-01
8.018736190897038929e-01
5.743073047858942015e-01
7.741323004480898939e-01
8.432172869147659400e-01
8.857193649404461189e-01
5.129527464619813015e-01
7.289403536931411409e-01
9.759815242494226384e-01
9.224548049476688494e-01
9.311188811188810810e-01
9.219121465930287807e-01
9.450018580453363182e-01
4.948646125116713534e-01
9.190300041101521211e-01
9.444085326438267369e-01
6.874446323588628838e-01
8.293943490835657961e-01
9.362036455059711271e-01
9.367588932806324431e-01
9.338496289125524097e-01
8.741127124112711977e-01
8.961926091825307417e-01
9.613191554939127803e-01
7.776400137177830185e-01
8.967491310570435692e-01
9.487284789132838236e-01
9.745459645186171915e-01
9.705886297493394599e-01
9.457254079952088777e-01
9.200780340454989270e-01
8.427490479879988783e-01
9.642015321154979723e-01
6.366226912928759640e-01
9.480476137501390177e-01
9.364752349721446878e-01
8.890502556654866773e-01
8.163971417826250132e-01
9.156772290705589290e-01
3.041119742834181849e-01
8.330636752597706529e-01
9.470160945734226177e-01
4.702046631414559252e-01
9.378693306330950774e-01
9.072194630389405212e-01
9.792919171676687240e-01
9.219949097550076411e-01
9.846716096124520368e-01
9.252874685200007665e-01
9.671550689639846210e-01
9.747864627667380821e-01
8.638164639383779653e-01
7.405564523786914988e-01
8.888728844076341229e-01
8.828009384587619524e-01
9.398312877303801605e-01
9.519930374238467774e-01
9.411410905678988525e-01
7.146848381601362821e-01
9.127050652616452986e-01
9.202903252718322991e-01
6.637723106608779400e-01
9.282054302373520249e-01
9.462285461447101920e-01
9.693866493281317886e-01
9.736249171636846000e-01
9.543672402526682808e-01
9.156626506024095891e-01
9.679561680225801101e-01
7.452250111391652831e-01
9.315096774193548645e-01
6.108509395965157074e-01
8.965247032088704549e-01
9.010492923377256824e-01
9.574032903512672554e-01
9.405718354773293655e-01
9.299661931240879031e-01
8.435501328347928540e-01
9.367293777134587662e-01
9.588672024492920221e-01
6.453927322396169064e-01
7.883385326660232728e-01
6.842791911285062145e-01
9.551672878471250128e-01
9.584961700797248740e-01
8.198484478122708419e-01
9.539155037644463375e-01
8.111553428456411696e-01
9.735203939422094610e-01
9.405352228765903044e-01
9.609210312956056876e-01
6.534022243629039606e-01
9.352236053480866840e-01
9.188969332140242141e-01
9.780267392919039793e-01
9.449411539106882252e-01
8.966103134822869247e-01
9.660159805805603739e-01
9.588303193535975266e-01
9.753296333130152540e-01
9.307266658534691928e-01
9.112473098156639306e-01
8.825415618371071913e-01
9.401698063146722850e-01
8.941004388103364064e-01
9.712873931623932089e-01
8.155136802917102301e-01
9.562464018422567325e-01
9.539384307794838147e-01
8.144848730259732772e-01
9.396956530210627268e-01
9.583235733977188975e-01
8.937294639369499638e-01
9.606835757936292852e-01
8.468175065706776694e-01
9.505162649964090660e-01
9.774981853375271923e-01
9.758670520231214063e-01
7.545919003115264534e-01
9.754239842187457654e-01
9.268050451882013929e-01
8.199473136065674739e-01
9.425833061333491747e-01
8.631353530263903284e-01
7.418109556464091980e-01
9.363261240751280523e-01
9.570815819558695647e-01
9.823743903016527446e-01
9.079277758676377319e-01
7.122630772265808874e-01
6.267434876426489776e-01
9.728841413311422048e-01
8.447390053431976797e-01
9.352302508423810945e-01
8.023266824484274196e-01
9.644673792849244309e-01
8.488955607977696216e-01
5.579209289466409150e-01
8.901684794199189454e-01
9.714655242098455545e-01
9.863240779113137124e-01
8.916269952394286769e-01
9.786896724841791517e-01
6.446440912232204168e-01
9.541068717245432262e-01
9.289110627034876666e-01
8.962521876467324233e-01
9.054242974975534874e-01
9.536231884057970731e-01
8.263341965453719906e-01
7.709739776951672896e-01
9.610592274265958856e-01
6.849085306393103423e-01
9.218634244127772437e-01
9.317848654341545078e-01
9.675528954810280746e-01
6.895251327345804926e-01
9.656310609437303016e-01
9.392740371293987200e-01
9.728238273424802962e-01
9.207937642533782219e-01
9.660121759464580515e-01
9.330978140869948811e-01
8.252685737060454496e-01
9.098222637979419547e-01
9.811544260176610077e-01
9.661349372384937517e-01
9.665799930210831059e-01
9.034805498683825542e-01
9.907908826678905045e-01
9.343302990897268678e-01
8.979508196721311952e-01
7.682961200012525804e-01
9.673369688707111891e-01
8.168852302096295537e-01
8.483520008554090719e-01
9.053501104600902849e-01
9.838768779772810724e-01
8.540737233008498519e-01
9.217843759696398021e-01
9.295434149557700865e-01
9.709678034274386027e-01
9.178779880292947668e-01
9.663682555044761369e-01
9.261427574320185707e-01
9.512432012432012751e-01
9.604511045882898612e-01
9.794493216280926173e-01
7.810048176187198710e-01
9.804720037019898360e-01
9.401597634818205096e-01
8.887880163413527379e-01
9.373451176839709964e-01
9.514673674989049257e-01
7.376178126383705624e-01
9.674422515080816076e-01
9.053398058252427605e-01
9.296814473864102313e-01
9.700818540521763955e-01
8.551187387746956858e-01
8.796768066568181332e-01
9.381107491856677250e-01
7.251825421205605471e-01
8.716417910447761264e-01
9.177049631720245459e-01
4.622587101808189325e-01
7.130655861438842669e-01
9.742476566354217882e-01
9.536842105263158009e-01
7.166884923882795855e-01
9.761894583849869411e-01
4.647763811750949686e-02
8.429135585783238405e-01
9.869059165858390381e-01
9.543414399755381083e-01
9.722794959908361845e-01
8.710480645891496287e-01
9.643112062812276841e-01
9.487059685767944561e-01
8.987724604162959929e-01
7.791145560892100974e-01
9.410859983119197469e-01
8.415399196642144863e-01
9.056576472290551738e-01
9.320765178818962715e-01
9.676653171390013908e-01
9.461033522273515350e-01
9.294053944295915803e-01
9.628802339276286704e-01
7.794338448016991938e-01
5.699747586041107317e-01
9.597164397434454486e-01
2.340803241369227849e-01
9.029243292131443610e-01
6.435470731991155269e-01
8.618251627101184420e-01
1.115202786762876375e-01
9.537224771458043815e-01
9.847622636769046700e-01
7.873492259473834354e-01
9.361974676060501599e-01
9.354711906485982942e-01
6.292693258030356285e-01
9.725159774166738380e-01
7.646477620788459939e-01
8.798060103026866807e-01
9.190913925396946293e-01
8.346556648682957880e-01
9.557340720221606523e-01
7.203255340793489614e-01
8.469139802365138747e-01
8.717390215812929055e-01
8.232932831101701376e-01
7.378830688980656527e-01
6.072779225144969706e-01
8.304081256742888995e-01
8.977055275099778964e-01
8.946784198498204388e-01
9.374813636815425566e-01
9.435696526783696747e-01
9.165798693305557965e-01
9.573061531318401984e-01
9.871222336306394451e-01
8.904823989569752296e-01
9.664849145765176397e-01
8.318019657808518597e-01
3.397215588046834100e-01
8.967840735068912661e-01
9.065637065637065506e-01
9.058102158234515588e-01
9.175182835278733462e-01
9.810987458046281917e-01
9.167557741659537740e-01
8.284206461578066394e-01
7.000724857951223790e-02
3.597628071891429413e-01
9.355880920023590397e-01
9.825628624865395677e-01
9.708775437804366693e-01
8.831014019539247251e-01
9.362735937207998793e-01
9.770490284629101962e-01
9.252179392920911738e-01
9.070356655622685560e-01
9.156489633626810898e-01
6.737179487179487669e-01
9.377089030689760296e-01
7.167487684729063613e-01
9.511201629327902252e-01
9.519586104951958117e-01
7.346600331674958406e-01
8.498034076015726912e-01
9.646981194325304765e-01
9.617224880382775343e-01
2.255496588324488183e-01
7.918280144211510274e-01
9.785932721712538029e-01
9.629831246597713168e-01
9.155313351498637342e-01
9.112149532710280830e-01
7.619866695334336359e-01
9.345930232558139483e-01
8.653712469793770623e-01
8.497066345719873626e-01
9.721308422816709038e-01
6.734510625561209718e-01
9.764018584111504584e-01
8.791347000377310872e-01
9.824797843665767916e-01
9.624498724024790342e-01
9.463990554899646135e-01
8.579185520361990447e-01
9.515842839036755541e-01
4.851390220517737273e-01
8.730616379646224390e-01
7.173026157907367306e-01
4.827050491204020743e-01
9.695095006628369205e-01
9.448667372269796694e-01
9.699544006496345627e-01
9.244730679156908382e-01
8.976121562952242838e-01
8.867091711623344974e-01
5.033949155218695459e-01
9.495009682705198850e-01
9.631747099377837573e-01
9.804474904253174250e-01
9.442883895131085614e-01
8.883300107345498686e-01
1.067226890756302476e-01
9.610389610389610260e-01
8.615317094579767465e-01
9.386077575134857964e-01
7.173252279635258244e-01
8.899815611555008665e-01
9.551838083436596794e-01
8.648648648648649129e-01
9.597280334728033324e-01
9.746422294752699056e-01
9.570615623383341708e-01
8.080498742207152807e-01
9.445011916922029238e-01
9.813184453510843674e-01
8.338136407300672515e-01
8.837988826815642573e-01
9.358208955223880077e-01
6.819693945442448779e-01
9.641859283718567930e-01
9.049180327868852070e-01
8.758252121974221538e-01
7.798124162572577234e-01
8.540366418361183820e-01
9.091525423728813449e-01
4.972088796572763925e-01
9.182205256203200827e-01
7.664429530201342100e-01
9.504389691305579202e-01
8.259485924112607291e-01
9.857213195470211353e-01
8.663697104677060556e-01
8.816070962692408308e-01
9.434239529757530995e-01
9.556907037358818302e-01
7.621079581822061133e-01
9.572881355932203462e-01
8.391689111196614093e-01
6.275294640871692531e-01
7.869795733837491314e-01
9.449886963074604074e-01
3.083421330517423509e-01
9.589251439539346888e-01
7.046598261551532127e-01
8.600432371463483383e-01
8.310742971887550290e-01
9.440475234807738092e-01
3.272454809403390619e-01
6.385214156984546641e-01
1.354544022680737210e-02
9.258519535638497500e-01
9.587301587301587658e-01
8.859869412355599883e-01
7.986422267481330106e-01
9.207048458149780235e-01
3.318584070796460339e-01
8.517110266159695353e-01
9.492868462757527714e-01
9.510159651669085612e-01
9.587928032501450426e-01
9.719515795689400717e-01
9.247854618879354227e-01
9.799240368963646475e-01
7.363795203049716687e-01
9.049049049049049387e-01
9.267942583732057260e-01
9.521673269634117753e-01
9.593392630241422969e-01
9.718011984490658728e-01
1.240266441504831590e-01
9.576719576719576743e-01
5.386909984207756130e-01
8.425531914893616969e-01
8.293378995433789980e-01
9.559748427672956073e-01
8.579823702252693529e-01
9.211309523809523281e-01
7.624113475177305421e-01
7.199450423631783558e-01
9.692688096079123961e-01
6.411764705882353477e-01
9.228744406422743074e-01
7.061181635964494108e-01
