6.631196470282896271e-01
9.154709918902058652e-01
8.712580348943985697e-01
8.543482744770237725e-01
7.540481728821190055e-01
1.661161625533494057e-01
5.394566623544631012e-01
9.304335703331939600e-01
8.334981866139136164e-01
8.874029580098600212e-01
4.929243418452051717e-01
6.014624066126211810e-01
6.615781126090404252e-01
7.718369849311090825e-01
6.255558218175040208e-01
5.390702639037138200e-01
3.608983647277996254e-01
8.532985368358004807e-01
8.570522644400992984e-01
9.652605459057072013e-01
5.506394471363889043e-01
7.009053825490001444e-01
7.532691643977451612e-01
6.034233862652093050e-01
7.272395880798323553e-01
9.288252614478627045e-01
8.798394034987094825e-01
5.100701262272089309e-01
7.141614906832297605e-01
8.144774098239566662e-01
5.001094730696248325e-01
8.605916691401999108e-01
5.653714098860973536e-01
9.553733401059429919e-01
1.025929256594724226e-01
9.462272333044232653e-01
6.891627423399180330e-01
6.438925855513307761e-01
5.896839748557650696e-01
3.540922503494331464e-01
4.247102141006409148e-01
7.251980131561283072e-01
8.561348048209094230e-01
6.048190596516559436e-01
8.726182830229073373e-01
8.160421667884354413e-01
9.664555477363359071e-01
9.496669133974833255e-01
9.820807702594276378e-01
7.945034353529044635e-01
9.346770276833413771e-01
8.850393700787401174e-01
9.609425022410039707e-01
9.411163622429429276e-01
5.803363277485934502e-01
7.913642285501581997e-01
9.157850190435886661e-01
3.720968950303837203e-02
7.495625871118887229e-01
8.781874425215282498e-01
9.509230076542097843e-01
8.307984790874525238e-01
7.749297172151480284e-01
6.143998361327325242e-01
8.572360375050958048e-01
6.384380805496161493e-01
7.304370583616853763e-01
7.871299871299871631e-01
9.363371574629970606e-01
4.541643885547658188e-01
9.459691252144082352e-01
9.013794523368334755e-01
5.402349615758325063e-01
5.181052803661926331e-01
9.125936496610773663e-01
9.003238575026988322e-01
3.715014088286596183e-01
9.615105301379811564e-01
8.862857367985607082e-01
8.660031468403527333e-01
9.393887066137108777e-01
3.973872734934681961e-01
8.507930227190292349e-01
9.617283950617283583e-01
8.723693143245078163e-01
9.674378748928877947e-01
4.546577390626015958e-01
8.785162287480680066e-01
8.188440990772219985e-01
8.908010653554599978e-01
9.081451776944758914e-01
4.270214943705220034e-01
8.717948717948718063e-01
9.459917655606684406e-01
1.280446164352378770e-02
8.284619070436032295e-01
9.300646978566083911e-01
9.375834540753998914e-01
8.543689320388349051e-01
8.036759614779379612e-01
8.864249325741684338e-01
8.387959866220735528e-01
9.171457092699046854e-01
9.419664268585131728e-01
8.847718429430491138e-01
8.550632911392405111e-01
9.550201921737919708e-01
8.304443372460738049e-01
4.401887695780042353e-01
9.040867389491242800e-01
9.802265310040314539e-01
5.840160203895867763e-01
6.888599008609443963e-01
7.446388261851015766e-01
3.532431631947872686e-01
6.538461538461538547e-01
8.702889447236180631e-01
9.409675509874616539e-01
8.789247086002309750e-01
6.886190574192220248e-01
9.614485981308411588e-01
9.371829886851346103e-01
8.233033552010733391e-01
9.419530188312948971e-01
9.163265306122448939e-01
7.353574926542605361e-01
6.746145743560280073e-01
9.728841413311422048e-01
9.083487179487179652e-01
9.637883008356545878e-01
6.853671748046119561e-01
8.058594719854340616e-01
9.074786799714562591e-01
8.484526420545126513e-01
9.728386295047044552e-01
6.897819043474056055e-01
8.104149715215622773e-01
8.624935864545920650e-01
6.693755346449957733e-01
9.264668203945682912e-01
9.626317470456723369e-01
2.677425755671671292e-01
7.681809469043511251e-01
7.654426070038909957e-01
8.849828828368504208e-02
7.135498320268757189e-01
7.943689478395312698e-01
8.154511642949546779e-01
6.293734743694060496e-01
4.912174744576979224e-01
4.658001009591115626e-01
9.554918815663800968e-01
6.638662816137218536e-01
8.341307814992025005e-01
6.984357596009491687e-01
9.633323555294808216e-01
9.425717852684144527e-01
7.952582197060308333e-01
6.394369515283585548e-01
9.185165132647536979e-01
2.733072967015969801e-01
8.918729995217247186e-01
8.345493985407217430e-01
8.002482574238518609e-01
8.387466930162879031e-01
3.734094239222642275e-01
8.505174396320429597e-01
7.246229452635146728e-01
8.090520590520590138e-01
9.462601447685895506e-01
7.189440993788820400e-01
4.692239072256913501e-01
9.359026369168357284e-01
8.117738634070400527e-01
6.992300288739172753e-01
8.518817090245661694e-01
9.064816744573793716e-01
9.220710953413496780e-01
9.589665653495440534e-01
5.207609223754531280e-01
3.017114914425427785e-01
5.096689609963945822e-01
5.054182009468700665e-01
2.927744425385934712e-01
9.298398112504656643e-01
9.519726383737173725e-01
8.524256013045250491e-01
2.529426967084086875e-01
9.332445576655858943e-01
6.369854391339012656e-01
8.081391255368584048e-01
5.436131983012087998e-01
7.989880575914282135e-01
8.486601705237515336e-01
8.804166148660782509e-01
5.421516754850088660e-01
7.202271684258834128e-01
9.694992412746585853e-01
9.484108705665591499e-01
9.499410079217933678e-01
9.286231884057970509e-01
9.013305685156385305e-01
2.639788816894648171e-01
9.501557632398753839e-01
9.114121127199128480e-01
6.159070841540447150e-01
8.444601555398444370e-01
9.430011632415664646e-01
9.396434359805510006e-01
9.296924042686754985e-01
8.820942625071136467e-01
8.908381023693641154e-01
9.387633769322235588e-01
7.990473971680774889e-01
8.413256804295501379e-01
9.311818632309216692e-01
9.746354274656161554e-01
9.738240871818157895e-01
9.551607758780551460e-01
9.104708846496925023e-01
8.340424117529747772e-01
9.571910277085471375e-01
6.605143094151804117e-01
9.541515607038641988e-01
9.379579281363157328e-01
8.735727878211226871e-01
7.275160599571734998e-01
8.926184464577454625e-01
3.277573195501758407e-01
8.315940985966174814e-01
9.374307732189569586e-01
4.881813012752822534e-01
9.364585848828785863e-01
9.191031897588231026e-01
9.761045680441146066e-01
9.231485071733229741e-01
9.805567249000209928e-01
9.238598475247138397e-01
9.650847306854067886e-01
9.731598687294890082e-01
8.489161012742015844e-01
7.424432055220541171e-01
8.860649819494584856e-01
8.860362955494742732e-01
9.407968127490039523e-01
9.414238924323392599e-01
9.264813282048784959e-01
7.112983557344613184e-01
9.094413348822473209e-01
9.013260898270235577e-01
4.603054079136083554e-01
9.322461430163665463e-01
9.332661336510045258e-01
9.661919303840229567e-01
9.681621542798813929e-01
9.500189117631167024e-01
9.174927558334604605e-01
9.704181127086431990e-01
7.423835648418349864e-01
9.360398445923973076e-01
6.097915425848718929e-01
8.973857232310582521e-01
9.015903966851501750e-01
9.507907058927467236e-01
9.367252543940796095e-01
9.201847086093923878e-01
8.522877093608086652e-01
9.402202109874906455e-01
9.566565820879638915e-01
6.702038289782021874e-01
7.933755000782245492e-01
6.999677731227843536e-01
9.536023490295140181e-01
9.543536032515241851e-01
8.314171608374681943e-01
9.533804366895803906e-01
8.082601093379960799e-01
9.666769706336939549e-01
9.370096509976237886e-01
9.499075339712149679e-01
6.529684357786132987e-01
9.197563360156426615e-01
9.177907255168010758e-01
9.744965615073858389e-01
9.369527978682907765e-01
8.934052960026985790e-01
9.663068697669726648e-01
9.562547966231772500e-01
9.732589457483648010e-01
9.302037749193299287e-01
9.129002872959147696e-01
8.863814756671899442e-01
9.371073341710204341e-01
8.975024878036941267e-01
9.640329272892675938e-01
8.154104356103304418e-01
9.562883435582821834e-01
9.461580955562122197e-01
8.221614488706994184e-01
9.412660451949826923e-01
9.520685452068544663e-01
8.952184854724319907e-01
9.574758467119204308e-01
8.534992047261985570e-01
9.545897348622668366e-01
9.708653428033048316e-01
9.723023658395845148e-01
7.701621834469519756e-01
9.734745832306808122e-01
9.259773764635840232e-01
8.229758631225175813e-01
9.421207526977615210e-01
8.511875711729298688e-01
7.434781196192455921e-01
9.407724714128934407e-01
9.504306054442376306e-01
9.748581472212138888e-01
8.951708634038216816e-01
7.038812854671805397e-01
6.285955630640643887e-01
9.703794943984984656e-01
8.505265310295471171e-01
9.309876598475014253e-01
8.123290609749557190e-01
9.516105523976097214e-01
8.526846785225717928e-01
5.997315436241610342e-01
8.923862186303700428e-01
9.712485704540438913e-01
9.820929510402649498e-01
8.981636060100166574e-01
9.735268098815638149e-01
6.548696844993141530e-01
9.457951181637307414e-01
9.210667038664527295e-01
9.024535043122524636e-01
9.025273271600640079e-01
9.462488979694649860e-01
8.376298881573729371e-01
7.799362305148795915e-01
9.584338512013895750e-01
6.904692566058981962e-01
9.228766865753662563e-01
9.318917078154265177e-01
9.653569201111300568e-01
7.075688634473310534e-01
9.663727899022016565e-01
9.376436749697379947e-01
9.653183520599251111e-01
9.113501736229318029e-01
9.632488942501005180e-01
9.309190237025288805e-01
8.295518131441670384e-01
9.199963032562151755e-01
9.765328889008360047e-01
9.587260318492037969e-01
9.673763348610390223e-01
9.094404238821400810e-01
9.846699917383189282e-01
9.321886326361188413e-01
8.934712550424808164e-01
7.822505728618319720e-01
9.648834174845407619e-01
8.059017941454201805e-01
8.535647005757648342e-01
8.981389672793836931e-01
9.797220416124837739e-01
8.414013664776857082e-01
9.046547265587587816e-01
9.043033036693892690e-01
9.623977582550742316e-01
9.070451536990733477e-01
9.532987993414447914e-01
9.277716919662545303e-01
9.402599061272709502e-01
9.463305322128851005e-01
9.709189992568739713e-01
7.737178829244928391e-01
9.775904149101397600e-01
9.326714241390009485e-01
8.974474305633644011e-01
9.401522238285568989e-01
9.365650609200883991e-01
7.348568892833370336e-01
9.645586629713613913e-01
9.089509566747305813e-01
9.277713056725512830e-01
9.654906254768037543e-01
8.619607843137254699e-01
8.834470118085394619e-01
9.332542272322752464e-01
7.373013181132384020e-01
8.783382789317507600e-01
9.059840994179095830e-01
4.652265185887451970e-01
7.203855117114982276e-01
9.666224254043159769e-01
9.448133231740503124e-01
7.177483041409334907e-01
9.718327864661013837e-01
4.598698481561822038e-02
8.487588873643507892e-01
9.846916249943685751e-01
9.546119419277371287e-01
9.615689831084911487e-01
8.712155445097152784e-01
9.646724658263802210e-01
9.400267042504265591e-01
9.025168380007089208e-01
7.911860257074250224e-01
9.350959743072672081e-01
8.430541783106463294e-01
9.107296137339055964e-01
9.359381471765843008e-01
9.661976386867217048e-01
9.450545193965099733e-01
9.267126746339000576e-01
9.563796303768864471e-01
7.558507049256010246e-01
5.786874800892003456e-01
9.573788546255506127e-01
2.407299875570302894e-01
8.892362661902635246e-01
6.591510410675256448e-01
8.652308545546979479e-01
1.702066105740254187e-01
9.489633737152545212e-01
9.789727853513757738e-01
7.966069745523091106e-01
9.366976538291279519e-01
9.258743549840281473e-01
6.131484730483404144e-01
9.631863442389758667e-01
7.713246855345912145e-01
8.815695744038635207e-01
9.195838712126964687e-01
8.410525293717836526e-01
9.538448801622673168e-01
7.296303777014744307e-01
8.586605228632683273e-01
8.170370662771878623e-01
8.261012672115859434e-01
7.414390983961854920e-01
6.127556641279877647e-01
8.326811460986947022e-01
8.985887280342347294e-01
8.934661135611186022e-01
9.245506616630456698e-01
9.488105431666729039e-01
9.166902537975281096e-01
9.501381397184580635e-01
9.838755443700112346e-01
8.908410606800064580e-01
9.566097772635232532e-01
8.391174611574134801e-01
3.993510126440640295e-01
9.047655240556358169e-01
8.735840507476212435e-01
8.950354609929077609e-01
9.227362441630962975e-01
9.735362997658079109e-01
9.165420126889152197e-01
8.344218209757972016e-01
1.079656160458452724e-01
3.559009404009555455e-01
9.371743872706275180e-01
9.789909638554217253e-01
9.632166981464289623e-01
8.608787017939837360e-01
9.142684264266535132e-01
9.746469758949825035e-01
9.244128262802741025e-01
9.234878839916046411e-01
9.075535512965050566e-01
7.084893882646691177e-01
9.529761904761904212e-01
7.726737338044759040e-01
9.408999328408327312e-01
9.464544138929088524e-01
7.936758893280632110e-01
9.112942317014056659e-01
9.510939510939511177e-01
9.526034712950600669e-01
2.704600036948087705e-01
8.136882129277566156e-01
9.679679679679679127e-01
9.505110274341043164e-01
8.596491228070175517e-01
9.020664869721473078e-01
7.901907356948228989e-01
9.390265967070743347e-01
8.854173432932770371e-01
8.594018050272246301e-01
9.757866273352998610e-01
8.286014721345951184e-01
9.784342152953968696e-01
8.879460943349138935e-01
9.780847390091645943e-01
9.577666428060128689e-01
9.416126042632066984e-01
8.775570708568040112e-01
9.530268776689273524e-01
5.529019346230820142e-01
8.912269962122660871e-01
7.720571558176457794e-01
4.845338144057728669e-01
9.652777777777777901e-01
9.308319120712525985e-01
9.623935811845409916e-01
9.125785709125062706e-01
9.023775216138328892e-01
8.969873663751214421e-01
4.653336795637496581e-01
9.513403263403263921e-01
9.694439806311571095e-01
9.721337579617834734e-01
9.522054589427617621e-01
8.719161676646706161e-01
3.820070784336111469e-01
9.380413057961358714e-01
8.897354497354497127e-01
9.103448275862069394e-01
7.482697251334783362e-01
9.051802484095728962e-01
9.602383643275455016e-01
8.901408450704225706e-01
9.658561821003621706e-01
9.644444444444444375e-01
9.566989302088639846e-01
8.321903129018430878e-01
9.160908193484699202e-01
9.778440562420110949e-01
8.401273885350318826e-01
8.952590959206173649e-01
9.050966608084358711e-01
6.870513789195314969e-01
9.553593947036570500e-01
9.191397849462366043e-01
8.895331095514189546e-01
7.956268735672721304e-01
8.622275544891021548e-01
9.112125824454591072e-01
5.485029940119759972e-01
9.273597216180948788e-01
8.715763846622033295e-01
9.307733910221741569e-01
8.833527357392316759e-01
9.810581319399085398e-01
8.806353084911423545e-01
8.984981874676333247e-01
9.543147208121827152e-01
9.532763532763532943e-01
7.598712082697848258e-01
9.559973196336832846e-01
8.476406059550757321e-01
6.875730838737110773e-01
7.972124867552368155e-01
9.252097774534840946e-01
3.811285846438483005e-01
9.184763260946956498e-01
7.029945999018163416e-01
8.663139329805996658e-01
8.077542499254398711e-01
9.236557454146417934e-01
2.941868279569892497e-01
6.565515153808316740e-01
2.836924472669539732e-01
9.438935912938331008e-01
9.592841163310962260e-01
8.936170212765957022e-01
7.751617076326002831e-01
9.035746470411535336e-01
3.218712945995472752e-01
8.901955019844186578e-01
9.482560367957071357e-01
9.550359712230215292e-01
9.306487695749440237e-01
9.653416878793812383e-01
9.332669322709162829e-01
9.770083851771707018e-01
7.788579615227180231e-01
9.557021677662582704e-01
9.393441339907646626e-01
9.558806455358179743e-01
9.257907542579075777e-01
9.630524861878453358e-01
1.186554772696674642e-01
9.611814345991561703e-01
4.082989759276499653e-01
8.814256339958875808e-01
8.892430278884462247e-01
9.439011837364900126e-01
8.851992409867173173e-01
9.290882778581766033e-01
8.016562310644314016e-01
7.599913588248001783e-01
9.705882352941176405e-01
6.954417103670834654e-01
9.334373374934997747e-01
7.369794092984254252e-01
