4.960201902543195374e-01
8.444828082290317672e-01
7.718841522941750632e-01
7.467359951419462183e-01
8.661311452802867850e-01
1.000000000000000000e+00
3.695716395864106496e-01
8.760829614071934390e-01
8.039007843968624112e-01
1.000000000000000000e+00
7.539298669891172366e-01
4.301141272222980261e-01
9.822650673338729765e-01
6.354435087532874782e-01
4.551336691204959095e-01
5.985777341834231935e-01
1.000000000000000000e+00
7.491501868649876883e-01
8.296500920810313540e-01
9.868436578171091433e-01
6.712631211992098335e-01
8.395461912479740274e-01
6.042140879729314129e-01
8.806179775280899014e-01
7.492019778431495691e-01
9.631501368709202149e-01
9.958883358580393752e-01
3.613098076617389798e-01
6.402004454342984374e-01
9.993957703927492942e-01
3.341134596162753656e-01
1.000000000000000000e+00
3.948991244765892583e-01
9.954634810222289243e-01
5.411922833649589204e-02
9.918181818181818210e-01
5.553857906799083421e-01
4.748094278454393913e-01
6.821396553441577693e-01
1.000000000000000000e+00
1.000000000000000000e+00
5.688711036225779782e-01
7.491109062170705490e-01
4.335058214747736227e-01
9.465861588481189193e-01
8.986265157174875284e-01
9.861177596936333556e-01
9.567486950037286109e-01
9.750398300584174338e-01
6.920565832426550656e-01
9.045828437132784616e-01
9.964539007092199085e-01
9.485526482113513236e-01
8.892107168718319521e-01
6.519765330353400890e-01
6.563754245137387588e-01
9.738973897389738843e-01
1.895754696976122838e-02
6.005226894749347011e-01
8.525974025974025761e-01
9.072164948453608213e-01
9.970055611008127316e-01
9.991471215351812596e-01
9.499604117181313923e-01
8.642827784628031029e-01
8.846041767848470405e-01
5.817411241575766168e-01
6.489813242784380209e-01
8.870368284716747542e-01
2.937986323980193437e-01
9.168744804655029057e-01
8.226230740323187129e-01
3.700835047803461286e-01
3.500966583816625399e-01
9.938943161634102852e-01
9.968127490039840888e-01
1.000000000000000000e+00
9.566473988439306853e-01
8.089952290762628673e-01
8.421820510995658982e-01
9.030544488711819140e-01
2.479621351564554321e-01
7.553278688524590612e-01
9.845181674565560703e-01
7.806804374240583488e-01
9.951520493609519180e-01
5.269740807715491693e-01
7.881308929561841037e-01
6.932565789473684736e-01
9.180743243243243423e-01
8.320110750226292762e-01
2.714731910463300535e-01
7.727272727272727071e-01
9.031213872832369871e-01
6.443483490363412051e-03
7.071574642126788879e-01
8.707284913745741983e-01
8.994821477241755625e-01
7.457627118644067910e-01
8.292704048495345148e-01
9.973027646662171453e-01
7.231833910034601853e-01
8.469705639265051600e-01
8.943105018453721966e-01
7.995045548985136863e-01
9.963126843657816867e-01
9.532944120100083074e-01
7.223931815214755803e-01
6.842440995109504431e-01
9.863512283894450006e-01
9.759174311926605005e-01
1.000000000000000000e+00
9.789411241287261367e-01
6.197017729247387141e-01
2.145083932853716902e-01
6.543121881682110175e-01
7.788083192804946542e-01
8.955697823303456762e-01
7.840014986886474357e-01
1.000000000000000000e+00
9.618231398519673236e-01
8.843888070692194070e-01
7.981922398589065271e-01
9.849776695087292255e-01
8.471698113207547509e-01
8.160869565217391264e-01
5.089950148110685690e-01
9.629930866205774764e-01
8.345331875918736708e-01
9.730033745781777599e-01
5.213373359232444937e-01
6.770784079214530182e-01
8.771172067569706909e-01
7.443883086938830607e-01
9.806728704366499683e-01
5.264634236362294439e-01
6.812585499316005100e-01
8.371513944223107906e-01
5.030536804885888946e-01
9.392207792207791783e-01
9.660256410256410353e-01
1.545628102329133224e-01
6.335124881441669409e-01
6.210536700868192206e-01
1.000000000000000000e+00
9.189501009518316055e-01
6.588822894168466782e-01
8.392693683947740624e-01
5.308853809196980578e-01
1.000000000000000000e+00
4.267052023121387094e-01
9.984031936127744089e-01
4.969429644510437449e-01
7.154582763337893336e-01
5.366125911593987441e-01
9.760253616009511024e-01
9.118357487922705840e-01
6.630617853027214181e-01
4.699796545604086329e-01
8.940711462450592339e-01
9.994343891402714952e-01
8.050878416525522052e-01
7.160744500846023541e-01
6.924729405932413817e-01
7.228723696500192197e-01
3.526584122359796014e-01
8.587461300309597867e-01
5.681636991761892519e-01
6.837957642423246885e-01
9.809004092769441074e-01
8.175397292525015125e-01
3.065268065268065278e-01
9.122182680901541607e-01
6.831812888198758316e-01
5.375508694043654723e-01
7.420356271712617025e-01
8.289588324983663270e-01
8.592860204519012779e-01
9.600608596424495822e-01
3.566784416116315914e-01
1.824094604582409407e-01
3.419837255333186832e-01
3.389065255731922299e-01
1.725150816461893111e-01
1.000000000000000000e+00
9.545937590570959808e-01
9.644833948339482932e-01
1.447821409359870970e-01
8.907001160413328122e-01
9.732016925246826933e-01
6.971786072220366171e-01
6.030077912665338102e-01
6.652623753175144206e-01
7.675148711169861304e-01
8.357066058269739806e-01
3.718848294217275696e-01
6.174691388383416468e-01
9.697935640558591475e-01
9.106590004422822071e-01
9.248441089596324272e-01
8.777998493047468598e-01
9.867574725690503312e-01
1.000000000000000000e+00
9.277566539923954858e-01
9.915311653116530843e-01
8.577374195989405647e-01
7.339575713240672483e-01
9.002072845721054151e-01
8.999130758723457024e-01
9.308610936517913714e-01
8.612416022629690859e-01
9.293605624372279772e-01
9.915227629513343466e-01
6.868408170530906354e-01
9.538203190596137304e-01
9.945091293993120196e-01
9.682779456193353340e-01
9.591949486977111583e-01
9.190635928912996855e-01
9.806499460625673903e-01
7.157363301862574856e-01
9.781273408239700151e-01
4.931103886050472451e-01
9.135974938616543417e-01
9.037761389096340414e-01
9.985046220772159087e-01
9.731471535982814114e-01
9.626781995835335115e-01
1.962428317184101156e-01
7.128975537526606177e-01
9.958940463672324439e-01
3.229099505695250394e-01
9.998388552275364605e-01
8.682916399401325869e-01
9.948101687388987147e-01
8.807013649983354009e-01
9.803503787878787845e-01
9.997046164233268639e-01
9.795641967134172123e-01
9.567321541741083957e-01
8.720040795512493670e-01
5.903854273478497117e-01
7.954368680321493024e-01
7.955192034139402235e-01
8.905566450445013826e-01
9.568965517241379004e-01
8.920819464628944040e-01
5.768709365057407279e-01
8.668059085533103003e-01
8.206440532417346168e-01
9.830630630630630140e-01
8.732827783272887334e-01
9.904210833414373027e-01
9.987708123812716332e-01
9.742235265346050888e-01
9.266364498787814652e-01
8.489381217808509295e-01
9.455716586151369230e-01
6.080015295635964323e-01
8.820398683955873453e-01
4.528261831048208674e-01
8.142177402173140788e-01
8.213611635394693078e-01
9.994427934621099574e-01
9.998025276461295352e-01
9.476691729323307722e-01
7.425970047651463402e-01
8.879573170731707155e-01
9.485378353934278417e-01
5.040234089246524718e-01
6.575164851448469516e-01
5.384234010907288370e-01
9.962107542403464411e-01
9.930866205774705469e-01
7.114747307373653351e-01
9.149854584417572712e-01
7.007867971598541468e-01
9.890568663419571083e-01
9.957958296887785554e-01
9.567541302235179623e-01
4.887946381820085784e-01
9.115980918306499925e-01
9.274135010887974984e-01
9.663017552443275981e-01
9.978715856686768415e-01
8.203500077435341709e-01
9.385655496766608374e-01
9.233049277510189112e-01
9.976991848540626151e-01
8.844989912575655922e-01
8.397576382622147229e-01
8.071115875993924993e-01
8.936680121089808360e-01
8.174462817225218725e-01
9.522223196282983970e-01
7.007663825023680015e-01
9.173333333333333339e-01
9.861282202345883485e-01
6.995931651749389690e-01
9.997097122003815173e-01
9.959123978099452268e-01
8.142922545469679640e-01
9.466974431818181435e-01
7.444383887430015001e-01
9.188395318360522701e-01
9.902424600827912649e-01
9.587482219061166377e-01
6.262306891859441560e-01
9.528428272868549875e-01
8.640740740740741055e-01
6.992004983906136006e-01
9.975762535805344777e-01
7.806415516598284032e-01
5.948945904494528092e-01
8.887625418060201010e-01
9.168545330060283716e-01
9.773040680303378691e-01
8.296724695252560844e-01
6.788714256446278794e-01
4.597749739854318229e-01
9.850257509451936233e-01
7.399270657297873921e-01
9.981442375375951803e-01
6.843698466126008073e-01
9.906683863136332979e-01
7.431999403830389372e-01
4.282975460122699363e-01
8.068610106914853031e-01
9.651487359438551961e-01
9.722307613484988398e-01
8.155634158665993061e-01
9.774631456145932429e-01
4.868447889047521904e-01
9.904461835552393900e-01
9.984374212409899974e-01
9.923560830860533866e-01
8.463145524580530932e-01
9.908851113716294901e-01
7.206223556708065692e-01
6.392585781348303353e-01
9.734159847111285568e-01
9.849886445466127238e-01
9.482599780082617835e-01
8.794322442420996477e-01
9.991314961738885225e-01
5.475956077243467890e-01
9.402582792321935168e-01
8.874314183010657553e-01
9.923764053596180190e-01
8.516256283005663175e-01
9.996661659155400281e-01
1.000000000000000000e+00
7.087471469989513606e-01
8.552119129438716660e-01
9.777155775648617153e-01
9.977002164502164483e-01
9.932083169143042234e-01
8.360261360261360686e-01
9.833160178451384459e-01
9.059388405683025391e-01
9.084784601283226735e-01
6.427662714365680596e-01
9.978292754473452320e-01
9.783343841348082215e-01
7.468195747051722400e-01
9.989819724284199065e-01
9.821166693824343596e-01
7.568981299856152312e-01
8.945449379676105872e-01
8.344351377543957060e-01
9.632001819146517319e-01
9.633679606342263613e-01
9.740686033152797796e-01
8.662628516776919030e-01
9.552355001946282176e-01
9.578859821563586729e-01
9.770665071293249682e-01
6.984249536751080401e-01
9.958187365804045399e-01
9.998185776487663601e-01
8.164705882352941702e-01
9.109092407201416774e-01
9.571074087203119696e-01
5.808488249736933895e-01
9.468260511129431567e-01
8.330981656924006939e-01
8.866147126830521419e-01
9.382653595227296028e-01
7.662541397943175570e-01
7.912271259418729441e-01
8.773006134969325576e-01
5.851340313358580625e-01
7.830687830687830253e-01
8.322163791444878722e-01
3.031238969290504515e-01
5.629707371280404660e-01
9.819234994507141101e-01
9.709172259507830027e-01
5.988309230977159059e-01
9.571896247796525259e-01
1.000000000000000000e+00
7.372555393033208837e-01
9.748452357590138284e-01
9.178421494542401415e-01
9.640827460786541847e-01
7.737275098655608252e-01
9.368965517241378826e-01
8.911274018599582014e-01
8.226171243941842182e-01
6.545142946171224052e-01
9.955074941358883489e-01
7.286894187314945093e-01
8.431788079470198261e-01
8.799325025960540447e-01
9.383246073298429080e-01
9.102712382942207414e-01
9.107089688027260044e-01
9.991568652249062099e-01
1.000000000000000000e+00
4.071500616384624016e-01
9.514063697055926694e-01
7.290541389272704453e-01
9.966627732354413904e-01
4.915923129718600126e-01
9.002211963839199527e-01
9.301957890853514155e-02
9.697888467785598099e-01
9.710835557995060041e-01
6.619674185463658711e-01
8.820750347383047307e-01
9.991161392964468257e-01
4.442813733799119147e-01
9.879771215127816086e-01
6.277693353595137360e-01
9.664848837824958627e-01
8.511385999437728334e-01
7.259166142887073514e-01
9.450687665764361256e-01
5.743449503943016676e-01
7.540605856235598203e-01
6.923797417541981414e-01
7.037244731062198833e-01
5.891165834337868112e-01
4.419054527868456206e-01
7.133279337652987939e-01
8.158521261821307657e-01
8.144966955359912442e-01
9.315422885572138822e-01
9.167625899280575918e-01
8.510861948142957045e-01
9.442991631799163565e-01
9.845922121533865479e-01
8.043478260869565410e-01
9.392218119852314695e-01
9.018895348837209225e-01
2.506496242713673883e-01
8.263797292606733791e-01
8.635413556285458370e-01
8.100128369704749920e-01
8.583967756381549741e-01
9.862396204033214708e-01
9.010649087221095366e-01
7.158866183256427096e-01
5.706324206445359537e-02
1.000000000000000000e+00
9.153965707410006702e-01
9.898359282804827242e-01
9.935935539264248995e-01
7.778663353571344530e-01
8.586446938485580160e-01
9.991944273326067716e-01
8.682322884936621854e-01
8.633606849803782124e-01
9.987593052109181579e-01
5.485741904301595362e-01
9.159038901601830318e-01
6.295585412667946690e-01
1.000000000000000000e+00
9.276595744680851130e-01
6.579292267365661750e-01
8.584474885844748382e-01
9.578742709008425393e-01
9.481727574750830057e-01
1.563768425550096097e-01
6.858974358974359031e-01
9.867346938775509724e-01
9.708791208791208716e-01
9.898989898989899450e-01
8.753269398430688630e-01
6.839622641509434109e-01
8.850613915416097877e-01
7.963893433045103887e-01
7.534658645043159630e-01
9.616036821705425952e-01
7.115124153498871840e-01
9.778139998188898341e-01
7.984739676840215683e-01
9.887218045112782239e-01
9.612068965517240882e-01
9.219600725952813436e-01
7.818277865821446904e-01
9.217687074829932214e-01
4.378698224852071164e-01
8.060765450896255624e-01
6.368568755846585328e-01
5.544813695871098069e-01
9.728783902012247964e-01
9.993896236012207446e-01
9.892344497607655773e-01
9.998416844771630396e-01
8.221201181489989906e-01
8.132158590308370405e-01
8.476821192052980125e-01
9.328571428571428292e-01
9.425324675324675550e-01
9.878640776699029180e-01
9.174434087882823441e-01
9.028397817460317443e-01
2.488472408151123083e-01
9.936485532815808597e-01
8.106440416505977797e-01
9.590036325895173741e-01
5.977883096366508608e-01
8.272425249169435002e-01
9.237003360347895153e-01
8.035136384650948260e-01
9.386626445449974820e-01
9.838790931989924715e-01
9.389999999999999458e-01
7.126078179482473463e-01
9.928673323823109520e-01
9.708121827411168026e-01
7.243272926963206793e-01
8.128128128128128127e-01
9.662288930581613977e-01
9.332862916158829458e-01
9.905857740585773952e-01
8.534345047923322936e-01
8.208955223880597396e-01
6.606149341142020237e-01
7.578207381370826168e-01
8.371659415786202318e-01
4.648173207036536136e-01
8.716271463614063686e-01
7.791077257889009733e-01
9.636058230683091086e-01
7.910758965804837173e-01
9.781830022793878143e-01
7.867277886924252117e-01
8.333333333333333703e-01
9.157967988865692854e-01
9.372549019607843146e-01
7.728369527749051615e-01
9.324618736383442075e-01
9.092267463578632691e-01
5.239792611795204280e-01
6.628040929728264974e-01
9.469753547423450657e-01
7.450271247739602698e-01
9.854851031321619770e-01
8.195736156817856610e-01
8.113643871820284126e-01
8.529856386999243867e-01
9.932569116655428632e-01
9.977207977207976919e-01
4.887061341745057019e-01
1.652923141981181843e-01
9.077799744156297423e-01
9.337979094076654940e-01
8.327256153144940720e-01
9.943577829405907398e-01
9.098608590441621402e-01
7.205598455598455354e-01
8.021192052980132825e-01
9.378316906747535819e-01
9.196397644613786282e-01
9.892984542211652466e-01
9.895624247290244480e-01
8.806390977443608881e-01
9.699248120300751896e-01
6.378111120422358393e-01
9.268738574040219502e-01
8.990262172284644304e-01
9.155407283847650790e-01
9.756410256410256165e-01
9.711002785515320257e-01
1.000000000000000000e+00
9.768439108061749421e-01
1.000000000000000000e+00
7.879901960784313486e-01
8.161872257435397460e-01
9.734607218683651864e-01
8.001715265866209403e-01
8.916666666666667185e-01
6.689701668633069032e-01
6.293381037567084002e-01
9.519230769230768718e-01
5.330859616573901949e-01
8.773216031280547389e-01
5.835054588374151141e-01
