1.000000000000000000e+00
9.999487923529913891e-01
1.000000000000000000e+00
9.944704049844236282e-01
6.576512455516013711e-01
6.450282789345634926e-01
9.999678203086032058e-01
9.995625901145366310e-01
9.902990841677765665e-01
9.655668388035906213e-01
8.115286557468655015e-01
9.997679814385150854e-01
7.417560205594163625e-01
9.849783099702433820e-01
1.000000000000000000e+00
6.292977500730495555e-01
8.009637544521265307e-01
9.707868825779152333e-01
9.813493059789820672e-01
9.798089984769274841e-01
5.015483773508899734e-01
7.382063826922213856e-01
9.999697208260158732e-01
9.145527810807240199e-01
7.038889881484128308e-01
9.913468340270124024e-01
9.796765985389477294e-01
9.868376326623107264e-01
9.757585402079355097e-01
9.758139684376305745e-01
9.965738059305787599e-01
9.504204933319257975e-01
9.986247644272397972e-01
9.900717886054681838e-01
9.994284294234592192e-01
9.982152833819604165e-01
9.083223143807348521e-01
1.000000000000000000e+00
8.857776096005189892e-01
9.354152431828063330e-01
6.347532467532467360e-01
1.000000000000000000e+00
9.889583333333333837e-01
1.000000000000000000e+00
9.924269914645883484e-01
8.901838578996572604e-01
9.982032247387583324e-01
9.987849520990731422e-01
9.989981131130295511e-01
9.992881130352693209e-01
9.978459881529347930e-01
9.966609986087494599e-01
9.964772234273319151e-01
9.999674229961070804e-01
8.336912804092311280e-01
9.998715829012633227e-01
9.973612727978269366e-01
1.000000000000000000e+00
9.991458946753275505e-01
9.907538399353273961e-01
9.999683584356410249e-01
9.516942056969054375e-01
9.784937728473991347e-01
8.781851032572904892e-01
9.101587147502790964e-01
8.347785159573505309e-01
9.968715171186672830e-01
1.000000000000000000e+00
9.987997952591912698e-01
1.000000000000000000e+00
9.991763028670996860e-01
9.998886679920476750e-01
1.000000000000000000e+00
9.983291277364795269e-01
9.706340220775544481e-01
9.957530218882718609e-01
6.004196949534240657e-01
9.996453025723274211e-01
9.709548793284364931e-01
9.228241705401506456e-01
9.990563623568550211e-01
1.000000000000000000e+00
9.928595014033350097e-01
9.968094146318000615e-01
9.997652214744091603e-01
9.977713499928873020e-01
9.108658743633276655e-01
9.998274049550468501e-01
1.000000000000000000e+00
9.946333586626139311e-01
9.998716714789862570e-01
1.000000000000000000e+00
1.000000000000000000e+00
9.995589028115861030e-01
1.000000000000000000e+00
1.000000000000000000e+00
9.979060826582452082e-01
9.925197601237524259e-01
1.000000000000000000e+00
8.724346740180486393e-01
9.941454732799400729e-01
9.999845366404305214e-01
1.000000000000000000e+00
9.978958207418351378e-01
9.981705707064991717e-01
9.929417263945153893e-01
9.974975379001921327e-01
9.217923974154569322e-01
8.898624102049874640e-01
9.966634076695066735e-01
9.993642720915447697e-01
9.642589000813364120e-01
9.009916146480022592e-01
9.933180168014170697e-01
1.000000000000000000e+00
9.844731388490355339e-01
9.986648408079424888e-01
9.966312403555671606e-01
1.000000000000000000e+00
9.763086607268685047e-01
9.984119169750194089e-01
9.999376733460064726e-01
6.834357652656621873e-01
9.958460831100470756e-01
9.999846168046025996e-01
9.695418143626099994e-01
1.000000000000000000e+00
9.993500007926819917e-01
9.980002563773875401e-01
9.980435508756302365e-01
1.000000000000000000e+00
9.959774194638812972e-01
8.838845883180858065e-01
9.072039072039072005e-01
9.984221095916611111e-01
1.000000000000000000e+00
1.000000000000000000e+00
9.967101120765646805e-01
1.000000000000000000e+00
9.973275062489191933e-01
9.979492437836452456e-01
1.000000000000000000e+00
9.949518312181975244e-01
9.996931407942237779e-01
4.408187574446743029e-01
9.633150203805442846e-01
1.000000000000000000e+00
8.730904534721217747e-01
9.927341828750279040e-01
8.333388288050646020e-01
9.383503849804872843e-01
9.963668670971427277e-01
9.999061869693700588e-01
1.000000000000000000e+00
1.000000000000000000e+00
9.908372713827062750e-01
9.990959842669542290e-01
9.976497417042863303e-01
1.000000000000000000e+00
9.967606614729271897e-01
6.969193548387097037e-01
9.997459421312632211e-01
1.000000000000000000e+00
9.913536578518893361e-01
9.996831097496566843e-01
8.578929081573563042e-01
9.862509939040551288e-01
1.000000000000000000e+00
9.993271090924383815e-01
9.967949223992295105e-01
9.878440402901138562e-01
1.000000000000000000e+00
9.985081022743504953e-01
1.000000000000000000e+00
1.000000000000000000e+00
9.999807718191782158e-01
1.000000000000000000e+00
9.984960877959556669e-01
9.982354904859555011e-01
9.944134078212290007e-01
9.969202497830562670e-01
1.000000000000000000e+00
9.983327058570429235e-01
9.944206642066421020e-01
9.908564215432418276e-01
9.904503035245084686e-01
9.897897992677692214e-01
1.000000000000000000e+00
9.930858576276903049e-01
8.537852676793044049e-01
9.715109325646293925e-01
9.433993701784494368e-01
1.000000000000000000e+00
9.841916420430560919e-01
9.127102871948327145e-01
1.000000000000000000e+00
9.562860872066013540e-01
9.965562868969261023e-01
9.996523113393915860e-01
9.989118084782921958e-01
9.963484304140408643e-01
9.914775889208655713e-01
9.528052195857569240e-01
9.994861493903862693e-01
9.913076824747539817e-01
9.186224066390041854e-01
9.952807627307802552e-01
9.989622673607566616e-01
9.978254440443261597e-01
9.982172179216514118e-01
9.604057806248497142e-01
9.751126822801591265e-01
9.938252794662475464e-01
9.831417624521072707e-01
9.881717705925199269e-01
9.575763585878619422e-01
9.976653963676314074e-01
9.851413209329361598e-01
9.960014927760302283e-01
8.565176181980375114e-01
9.993437674311775876e-01
9.925587400825673923e-01
1.000000000000000000e+00
9.992126735696903461e-01
9.559238363892806900e-01
9.167716039666299332e-01
8.557133397101023276e-01
9.795422731182432674e-01
9.957904583723106162e-01
9.983997101361755666e-01
9.435312191374959356e-01
1.000000000000000000e+00
8.781441984467369677e-01
9.718705547652916055e-01
9.468546637744034156e-01
9.808066903877620257e-01
9.734374999999999556e-01
9.068311104737319939e-01
9.481275147013308313e-01
9.965752713837978671e-01
9.327792511537578157e-01
1.000000000000000000e+00
1.000000000000000000e+00
9.998555080337533374e-01
9.993305023145491184e-01
9.788562066006085693e-01
9.372212992917723362e-01
9.444727977952434017e-01
9.392565026941117612e-01
9.974011763096704009e-01
8.988225171683051906e-01
9.999645622552580937e-01
9.396041805648209788e-01
9.742012678953776428e-01
9.364602775298223047e-01
9.959142892825920690e-01
9.995522068415007011e-01
9.998398231647739332e-01
9.859464305726773903e-01
9.976834424045867289e-01
7.970258572855398738e-01
9.996789211751484494e-01
9.998938597887809809e-01
9.907899986700359207e-01
8.834205735093308975e-01
9.234384631189644921e-01
1.000000000000000000e+00
9.998580352072685695e-01
9.646542668232095386e-01
9.998531211750305570e-01
1.000000000000000000e+00
1.000000000000000000e+00
9.523842464489946646e-01
9.796585338367047591e-01
1.000000000000000000e+00
9.955583949377870834e-01
9.780400699070438408e-01
9.818006314477044638e-01
8.472836019272304009e-01
9.940028974765001690e-01
9.883321141185076320e-01
9.818112049117421192e-01
9.781696369761183618e-01
9.943885330893564856e-01
9.430604982206405307e-01
9.982396452208059934e-01
9.992589915055123395e-01
9.989031842476365775e-01
9.841228837135362895e-01
9.543226381461675789e-01
1.000000000000000000e+00
9.927230590961760859e-01
9.981252603805027546e-01
9.978097767836339171e-01
9.875708066101773763e-01
9.900969038052469529e-01
9.997621704688900435e-01
8.697240547634248475e-01
9.980178679153141053e-01
6.531661659348277915e-01
9.340108052482634093e-01
9.971572430075404947e-01
9.768032962328767610e-01
1.000000000000000000e+00
9.869818591972929767e-01
9.909008846362159506e-01
9.983933271801183063e-01
1.000000000000000000e+00
9.981013333333332849e-01
9.998004523081016615e-01
1.000000000000000000e+00
8.869606420469688945e-01
9.628931467231317542e-01
9.923153655743155444e-01
9.998023168465582922e-01
8.676808774102247046e-01
8.913989792854998262e-01
9.131293188548864626e-01
7.276291880518983568e-01
9.972688592456301349e-01
9.525121302238221954e-01
1.000000000000000000e+00
8.667814013184761412e-01
9.987775635902017557e-01
9.769840511889982260e-01
1.000000000000000000e+00
1.000000000000000000e+00
9.996383363471971206e-01
9.861832023332839370e-01
9.986553597360919854e-01
9.999842660918545345e-01
9.584831056793673421e-01
1.000000000000000000e+00
9.816327629854391112e-01
9.263846642011510646e-01
6.277390970056810904e-01
9.911188992214102766e-01
8.876368729309905836e-01
1.000000000000000000e+00
1.000000000000000000e+00
9.044980179597119641e-01
6.699450329591642994e-01
8.873522125003919792e-01
9.894311249822670407e-01
8.684049882270864495e-01
9.998466492869191313e-01
9.893742621015347849e-01
9.855274144169218209e-01
9.842626070409133954e-01
9.945402356530640420e-01
9.830078052059603166e-01
9.293789127595369903e-01
1.000000000000000000e+00
9.985647724436309547e-01
9.902253077217939570e-01
9.893712162905888841e-01
8.840366153159187057e-01
9.973325801795016599e-01
9.953633091330608140e-01
9.761008797069304910e-01
9.375514685698600470e-01
9.997384766263485156e-01
9.752325173743581210e-01
8.368857742934974198e-01
9.984999318150824532e-01
8.732632682729201123e-01
9.863618620083927091e-01
9.772508510388543401e-01
8.493562231759657077e-01
9.176986584107327261e-01
9.740740740740740922e-01
9.609542411772514781e-01
9.841237113402061532e-01
9.984585051084423624e-01
9.764374925182555121e-01
9.831772127700248998e-01
9.935683787630389396e-01
8.955543491374110543e-01
9.717612659981019751e-01
9.513469387755102424e-01
9.994619895625974637e-01
9.231901118304884912e-01
9.819545823195457990e-01
1.000000000000000000e+00
9.903575927899990194e-01
1.000000000000000000e+00
9.946527042834066856e-01
9.627283800243605638e-01
9.988795799260856700e-01
1.000000000000000000e+00
9.998385794995964249e-01
9.903153925265684165e-01
1.000000000000000000e+00
9.026548672566371279e-01
1.000000000000000000e+00
1.000000000000000000e+00
9.910307440159933368e-01
9.563515954244431461e-01
9.425153032832498390e-01
9.971840441601551586e-01
6.957991976513625554e-01
1.000000000000000000e+00
9.695244121058737008e-01
9.863656683057666630e-01
9.970394360207402995e-01
9.992685578728872642e-01
9.997445558464780335e-01
9.682191147578874668e-01
9.999839848817283494e-01
1.000000000000000000e+00
9.167223831810414891e-01
1.000000000000000000e+00
9.988962853102473227e-01
9.999481256052012990e-01
9.993212588861500878e-01
9.888467198512895795e-01
9.531280976521566695e-01
9.487743632667703375e-01
8.747586257150143929e-01
1.000000000000000000e+00
9.941488324261068543e-01
4.015631784628745371e-01
9.753455485951328940e-01
1.000000000000000000e+00
9.160259275815825220e-01
1.000000000000000000e+00
9.457323359149903963e-01
9.798467884502062297e-01
1.000000000000000000e+00
9.997442501963793582e-01
9.160995618532674634e-01
9.861880062940731051e-01
9.775215900169414995e-01
1.000000000000000000e+00
6.922772134572436897e-01
1.000000000000000000e+00
9.998320174701831320e-01
9.538721817491282451e-01
1.000000000000000000e+00
9.991412353643466249e-01
9.946363856003865855e-01
1.000000000000000000e+00
1.000000000000000000e+00
9.965964131430815609e-01
1.000000000000000000e+00
1.000000000000000000e+00
9.845066248994623903e-01
9.930591132190841330e-01
9.957781392826710043e-01
9.994484188005615666e-01
9.766153268219384120e-01
9.727203738467068428e-01
9.998297234709168091e-01
9.970595274729031621e-01
7.686496694995278434e-01
9.987133750511726360e-01
9.999022119653439011e-01
9.938893981057134175e-01
1.000000000000000000e+00
9.995585882179838233e-01
9.941162049521942157e-01
9.719530295093417038e-01
1.000000000000000000e+00
1.000000000000000000e+00
6.429062379507468616e-01
9.406878802058961098e-01
9.783787913515165080e-01
9.791249131858319465e-01
9.454036805525199982e-01
9.946169691787477563e-01
9.756937411383431735e-01
9.981213533481457789e-01
9.997130696762469571e-01
9.949001939803516770e-01
1.000000000000000000e+00
9.998275537718692707e-01
1.000000000000000000e+00
9.972557885709830705e-01
9.996452314479183920e-01
1.000000000000000000e+00
9.991159662804280917e-01
9.986404763020955144e-01
9.990004841404944713e-01
1.000000000000000000e+00
1.000000000000000000e+00
9.992099882272755806e-01
9.979440015066859404e-01
9.990510881875784843e-01
9.988352047710012949e-01
9.954858556811342352e-01
1.000000000000000000e+00
9.991119372160264245e-01
1.000000000000000000e+00
9.986557262569832893e-01
9.997946968620204933e-01
9.957609234213569138e-01
1.000000000000000000e+00
9.980100951271597687e-01
9.990022449488650258e-01
9.987368155119055180e-01
1.000000000000000000e+00
9.995904092756545678e-01
9.886356160778896340e-01
9.991974474915340521e-01
9.988536492166603109e-01
8.688810560011509532e-01
9.992390477225785439e-01
9.880074561620560969e-01
9.787118343671956655e-01
9.542937073511899015e-01
1.000000000000000000e+00
1.000000000000000000e+00
9.401469521617104030e-01
9.984041524276227042e-01
9.999039323683873715e-01
9.982557402004312852e-01
9.992954284777978424e-01
9.451303432642487179e-01
9.938278951932395522e-01
9.972395077902025395e-01
9.995233782946475465e-01
9.955195019572702364e-01
1.000000000000000000e+00
9.999843088027616789e-01
9.999834647882666072e-01
9.999368816372903312e-01
9.998426361590633249e-01
9.982376359144623512e-01
9.996281145407214241e-01
1.000000000000000000e+00
9.921889944525920102e-01
9.994459570695878314e-01
1.000000000000000000e+00
9.999535150378852100e-01
9.943221247870797086e-01
7.554607884357419367e-01
9.975009430403620758e-01
9.998572153826628117e-01
9.985803016858917358e-01
1.000000000000000000e+00
1.000000000000000000e+00
9.999839532719279056e-01
9.568762456966841690e-01
9.995150888195645233e-01
9.998761935713511573e-01
9.970039215686274936e-01
1.000000000000000000e+00
9.992155607139998619e-01
1.000000000000000000e+00
9.959184413888183540e-01
9.999219956629588069e-01
9.991843265203682600e-01
9.878981400175620431e-01
9.993358738792871288e-01
9.899457516027935222e-01
9.999831547739370663e-01
1.000000000000000000e+00
9.979126750471205565e-01
9.815797977932689822e-01
9.967303470503059426e-01
9.388696261123541387e-01
9.937123835782253334e-01
9.643043161220875570e-01
9.843299107442453622e-01
8.683306940938524399e-01
1.000000000000000000e+00
1.000000000000000000e+00
9.976289583223563184e-01
9.997670373361495777e-01
9.989264626945786318e-01
9.724741295203365166e-01
9.973075779158774301e-01
9.099962183285011941e-01
1.000000000000000000e+00
9.991746733730944019e-01
9.997126849590576292e-01
9.982224283174897517e-01
9.950127159229777973e-01
9.998914257352028434e-01
9.995445550774256782e-01
1.000000000000000000e+00
9.998922894643709203e-01
9.982840930327381290e-01
9.999789699480557958e-01
9.984094137994934393e-01
9.979094855100216765e-01
6.941632665773819211e-01
9.989902128320645724e-01
9.304854611646693474e-01
1.000000000000000000e+00
9.993699299047018592e-01
9.986995696194692629e-01
9.998601833152089835e-01
9.996914342137743770e-01
1.000000000000000000e+00
9.960630610138054841e-01
9.997815230961298871e-01
1.000000000000000000e+00
9.999212474405417828e-01
1.000000000000000000e+00
