7.423163418290854576e-01
8.966461327857632169e-01
8.772138711117726251e-01
9.004535321700360972e-01
5.612739062628252507e-01
9.005272407732864970e-01
6.571791613722999248e-01
9.341628959276018218e-01
7.435724862027190962e-01
9.262032085561496819e-01
7.304288631722259950e-01
5.392813641900121580e-01
6.191986163159411971e-01
8.836071303739950755e-01
8.171044357374352973e-01
7.342667649226234383e-01
7.166067577282531076e-01
9.161676646706586880e-01
8.957219251336898669e-01
5.228607382550335414e-01
6.773248068212096573e-01
2.733918128654970747e-01
9.287107431437328087e-01
8.459958932238192952e-01
8.926654740608228611e-01
9.389743986387191210e-01
9.583205325140808917e-01
8.691275167785235123e-01
5.330419130881974832e-01
9.827486692746745245e-01
9.188561474814922470e-01
9.248211765850810062e-01
8.399182111997889333e-01
7.074539739559946305e-01
8.722297167084216429e-01
8.279902824751107504e-01
7.305092616480057810e-01
6.324644549763033252e-01
4.340943683409436704e-01
7.438444924406047987e-01
8.932571428571428607e-01
8.440703278799810416e-01
7.690631808278867165e-01
8.164396769916837382e-01
8.297923132012413605e-01
9.341838213975065530e-01
8.371078329524205275e-01
9.622632028541279192e-01
9.365372766481824263e-01
8.812585499316005766e-01
6.677796327212019989e-01
9.701806630931110176e-01
8.398591257509840924e-01
9.440298507462686617e-01
9.288342597666954248e-01
9.711989283322169930e-01
9.320302087960906645e-01
9.468120251073670612e-01
4.443890274314214461e-01
9.768634535812110720e-01
9.353460552549131002e-01
8.906288230976265874e-01
5.355746677091477448e-01
9.251028806584362663e-01
9.125787887092353667e-01
9.577611680862159194e-01
9.354100860472714940e-01
9.551360627604804643e-01
9.419506462984723605e-01
9.119244812538961353e-01
9.017054082467002019e-01
9.361093847110005806e-01
9.482619240097008850e-01
9.505793331756916542e-01
8.979980934223069644e-01
9.044943820224718989e-01
9.627726927390470868e-01
9.577914110429447403e-01
9.637628989680825375e-01
9.547546820646762855e-01
9.682181051363156765e-01
8.475179830496403222e-01
7.639155470249520130e-01
9.510416666666666741e-01
9.044612794612794104e-01
9.238783397748278059e-01
8.372953400503778676e-01
7.406888966655001960e-01
8.981657179000632762e-01
9.101707102719113207e-01
8.159771754636233609e-01
9.031291361786080163e-01
6.776033322652995627e-01
5.977633477633477188e-01
8.071222520640605191e-01
8.865791930807410681e-01
8.565522943365027064e-01
9.358182620202911695e-01
8.489042675893887502e-01
6.088826554464703555e-01
8.820807403861496976e-01
9.147562875584241970e-01
9.068771138669673437e-01
8.788301859063855082e-01
9.124291242912428990e-01
6.318181818181818343e-01
6.720113659427643382e-01
8.733850129198966750e-01
7.609992542878448729e-01
8.017284360977231517e-01
9.601246337030305833e-01
6.729472057881448199e-01
8.995202487202165198e-01
9.158389963408258838e-01
7.796295284410688087e-01
7.851733267655932602e-01
8.459160010306622235e-01
8.816206181063667158e-01
9.026226954037912531e-01
9.097112860892387909e-01
4.477369815605904968e-01
8.587426826164418214e-01
7.710034476501542722e-01
8.116906092987049570e-01
8.950069995333644890e-01
5.878190167883761141e-01
6.260333473448227437e-01
8.323551926511865151e-01
9.200860931750329819e-01
9.181721572794898645e-01
9.022812071978463244e-01
8.718728613793628179e-01
7.145649658914110525e-01
8.525157819034173690e-01
9.449979803419954472e-01
9.272503082614056424e-01
8.301360306941053535e-01
9.133415943824865213e-01
8.586714222024074417e-01
3.833489023820644825e-01
9.151484480431848478e-01
8.522522522522522070e-01
7.628531727651690630e-01
7.599216070553650448e-01
8.721895888191208979e-01
9.206349206349205838e-01
8.180993422544794447e-01
9.382328410930677043e-01
8.141971169963124755e-01
4.849856384367656204e-01
8.977536012894127282e-01
8.745726111211085119e-01
8.375626726695999391e-01
8.912991082188479464e-01
9.565828647039364974e-01
9.614128821608786124e-01
8.272438443208895986e-01
8.560271429485948325e-01
5.188633809600257107e-01
7.534233080484681322e-01
3.788057709092775838e-01
8.716107634971108631e-01
9.341977936907296387e-01
7.435044945203792555e-01
9.389195611153818843e-01
9.669951771859928158e-01
7.631332631332631289e-01
9.570670525808008255e-01
8.228191971023242068e-01
8.517640083012155694e-01
7.255749736583948506e-01
9.506260335459485455e-01
9.714581425898650702e-01
5.692408663312185091e-01
9.605674440971387895e-01
9.074023983409972294e-01
7.897277658886179275e-01
8.648860958366064722e-01
8.476592478894857674e-01
8.999566375518800454e-01
9.314139386808775178e-01
8.262119481746937888e-01
9.185061657962874104e-01
8.473134905295709451e-01
8.819512195121951281e-01
9.247820408739543252e-01
9.352941176470588314e-01
9.237269290638203678e-01
8.587648850733868855e-01
8.733060195398676395e-01
9.283627204030227009e-01
9.092261114357040874e-01
9.566568277147740051e-01
9.184596855571107721e-01
9.727024146081475475e-01
8.710422611767902890e-01
