6.278940709005749188e-01
9.012882320398324376e-01
8.512149532710280297e-01
8.136759053206554793e-01
7.225840423468115059e-01
7.901639344262294529e-01
4.532785012565684335e-01
9.168443496801705894e-01
8.504031054045984028e-01
9.113452471040223157e-01
8.206736498776893152e-01
7.185980845923208848e-01
8.911306077505061207e-01
6.659470554926387731e-01
5.755677584922320733e-01
6.082312627588217779e-01
3.665317706417196564e-01
8.326693659563844108e-01
8.593412384716732078e-01
9.763580898744573799e-01
5.929240159313091674e-01
7.049284578696343173e-01
7.758302583025830090e-01
6.237060796034407106e-01
7.853888655530065765e-01
9.465537077711536629e-01
9.058534185932120009e-01
5.578018746553942142e-01
7.260973958012681972e-01
8.371269600404653843e-01
4.806493962759564309e-01
8.762403666952097714e-01
6.771723122238586523e-01
9.646250548165472560e-01
0.000000000000000000e+00
9.705357142857142794e-01
6.740117821648603513e-01
6.206672091131000268e-01
5.554624443170290693e-01
2.712671029149316126e-01
4.870511697735518397e-01
6.874913614374568160e-01
8.481782708852427799e-01
6.079596614442643876e-01
9.115479115479115935e-01
7.997263013842833557e-01
9.770196635868277912e-01
9.252595155709342212e-01
9.813798686696051377e-01
7.010600706713780994e-01
9.414739884393064084e-01
9.527065527065526895e-01
9.587164938368225586e-01
9.161543492478744222e-01
6.098452883263010271e-01
7.377240841777085167e-01
9.430543572044866041e-01
2.859412231930103312e-02
7.358106083308361134e-01
8.576101928374655348e-01
9.118953026408038731e-01
8.512795455933549471e-01
4.928541403951239852e-01
4.506529651038321815e-01
8.738679670532311095e-01
6.667962045403024174e-01
8.210351113576920268e-01
7.547568710359408017e-01
9.302857142857142714e-01
6.650928548945546082e-01
9.581017528858486454e-01
9.225480283114256830e-01
5.220229843938648528e-01
5.938013572823418462e-01
9.060544904137235456e-01
9.694835680751173745e-01
4.154238559639910067e-01
9.501116902457185098e-01
8.898396005245102769e-01
8.454504449091728713e-01
9.124308899589798072e-01
3.429193899782135291e-01
7.878572948436058931e-01
9.713017282384651674e-01
8.471737613398464539e-01
9.811988498119884605e-01
6.774289985052316387e-01
8.330097087378640630e-01
8.059896898780787300e-01
9.311667795080117438e-01
9.118881923276010992e-01
6.901619421756211015e-01
8.581560283687943436e-01
9.430001220554131702e-01
1.263481403488802245e-02
7.970479704797047704e-01
9.090609752447091907e-01
9.349945828819068439e-01
8.202106766648812330e-01
5.673631347262694247e-01
9.407620877361511091e-01
8.220108695652174058e-01
9.123158841020676535e-01
9.330298923466386896e-01
8.551068883610450921e-01
9.349448986846782272e-01
9.518870642466148446e-01
7.494054902685105546e-01
3.175233898060181303e-01
9.615384615384615641e-01
9.776234567901234129e-01
3.107021791767554664e-01
8.486977268208628633e-01
7.754570978566047712e-01
2.668329177057356394e-01
2.524553362641474008e-01
8.642054062674427994e-01
9.234119982355536438e-01
8.741662492420447794e-01
7.952522255192878697e-01
9.742388758782201119e-01
8.510998307952623021e-01
7.693639949966323277e-01
9.569515962924819430e-01
9.521016617790811765e-01
7.433064596396934398e-01
6.871858104903727504e-01
9.581218274111674704e-01
8.666324917766671243e-01
9.655043818758157759e-01
6.989584928779292161e-01
7.444537463373797070e-01
8.859525369073412149e-01
7.178565239993068836e-01
9.767947788252356878e-01
6.257861635220125507e-01
7.599660729431721995e-01
2.116885589187131045e-01
6.411880323214675936e-01
9.439497118910423756e-01
9.677314211212516559e-01
2.757636938202246979e-01
7.677743581752308755e-01
6.335453632407097579e-01
1.171774575468506885e-01
5.526129943502824382e-01
7.740173769135291204e-01
8.113486356024036672e-01
4.970888613152619762e-01
6.561785666263277861e-01
4.643498793696422267e-01
9.729519361743529382e-01
8.238755564652304741e-01
7.578589634664401053e-01
5.692078364565588133e-01
9.729408266428783980e-01
9.517498446883412289e-01
7.570858008538768891e-01
6.342083481139884071e-01
9.164329781267526176e-01
7.970578401872283614e-01
8.765871367421026461e-01
8.249269470207089006e-01
7.323192616646727604e-01
8.272173716936757071e-01
6.049609111089663260e-01
8.158423419114130271e-01
7.349559604652726730e-01
7.607486882293053032e-01
9.447938504542278126e-01
8.796326664480157431e-01
7.123809523809523370e-01
9.375648205766438092e-01
7.938663233056303392e-01
7.193619709412507612e-01
8.515406162464985718e-01
8.543622695654886634e-01
9.162574651625746691e-01
9.736292923543919953e-01
8.285529563888562876e-01
2.678274228651901234e-01
8.232408005164622011e-01
8.195776174023265970e-01
2.722981637608796746e-01
9.439052061010967387e-01
9.461025366376162316e-01
9.475144508670519938e-01
1.850577237558272969e-01
8.983267417097657859e-01
8.804932253208115345e-01
8.585802703917568834e-01
6.576675179374924518e-01
7.925191696278286457e-01
6.866319444444444198e-01
8.903402933314067402e-01
5.296175511414171755e-01
7.474050338235697089e-01
9.707392996108948902e-01
9.178213091256569589e-01
9.153326218427605410e-01
9.082100398762718019e-01
9.140687450039968187e-01
6.577373834011002174e-02
8.789428815004262097e-01
9.504563233376792653e-01
6.936576130488604219e-01
8.441468404944283410e-01
9.373134328358209144e-01
9.479512735326688366e-01
9.140241909120627728e-01
9.241442608789547375e-01
9.084157064059854569e-01
9.489027711036360779e-01
8.183002449064665784e-01
7.617563003377501030e-01
9.538090094669292585e-01
9.745561302949811155e-01
9.726533233436797099e-01
9.523136963389704501e-01
9.427402862985685417e-01
8.811947324893441014e-01
9.638607641711625096e-01
5.910454272781807683e-01
9.387507580351728276e-01
9.333858403376856794e-01
9.021004790566269360e-01
6.368414765261020127e-01
9.285001151985254886e-01
3.927897050189619321e-01
7.930225631096879946e-01
9.320565648997939379e-01
4.438994481912936774e-01
9.540832807765078361e-01
8.469522497834698349e-01
9.776041951166221100e-01
9.060163257079512089e-01
9.795115949394174182e-01
9.527983274364747457e-01
9.668225405469397238e-01
9.811045238164772808e-01
8.550191455815001618e-01
7.308001377568591472e-01
9.056603773584905870e-01
8.817437510166459269e-01
9.638704157430093566e-01
9.503511746185516751e-01
9.396968485333139220e-01
7.149550631117336241e-01
9.047389558232932227e-01
9.010355865185464275e-01
9.486373165618449121e-01
9.531861053600183542e-01
9.337349397590360978e-01
9.782013364004820133e-01
9.736892460773057811e-01
9.592873927537023393e-01
9.111298870881020529e-01
9.713718351812014040e-01
8.733771437730405429e-01
9.355572662732015710e-01
7.153462959987144654e-01
8.747577664568974010e-01
9.139998794672452576e-01
9.698062190175754660e-01
9.460031762837479707e-01
9.205636266073096152e-01
8.270286455734104925e-01
9.276665304454434491e-01
9.508583690987124637e-01
5.521866076298649340e-01
8.321363675694384288e-01
7.663608562691130999e-01
9.569980945782089465e-01
9.572682926829267913e-01
8.739652559169872603e-01
9.464271328445984510e-01
8.085150271251470011e-01
9.776752307308556045e-01
9.493440968718466211e-01
9.755036261079774729e-01
6.768529548868286172e-01
8.928309273305603533e-01
9.147982062780268819e-01
9.682763814365057398e-01
9.453795616937611390e-01
8.878584921861583101e-01
9.711494889481898651e-01
9.543166860240031024e-01
9.789714359321161075e-01
9.362256060208278274e-01
9.055379188712522343e-01
8.552951100431993581e-01
9.405698420043631103e-01
8.889487606544528298e-01
9.714209815597812936e-01
8.097470981628103193e-01
9.447382465673669349e-01
9.563361996940834553e-01
8.056829666485267882e-01
9.374671979784235942e-01
9.699116336814430639e-01
8.893817576933740199e-01
9.615138495292073761e-01
8.361445088371824985e-01
9.636578965701414479e-01
9.763272583201267896e-01
9.838548364052007722e-01
8.796153416079615095e-01
9.769199178644764059e-01
9.706666666666666776e-01
8.252012686020980814e-01
9.401894051494524840e-01
8.530147263128646795e-01
5.167228266101857592e-01
9.374977791990903864e-01
9.585183393514279393e-01
9.940989646801446922e-01
7.607083870812185733e-01
8.302648100337184367e-01
5.094998061264055522e-01
9.789417487246411254e-01
8.684011876604096347e-01
9.337241296805838253e-01
7.708102416315673056e-01
9.636010410175580576e-01
8.359141184124918578e-01
7.545367717287487785e-01
9.058031959629940788e-01
9.717067234560389233e-01
9.884521775154057055e-01
9.129360065915956834e-01
9.700035067842788239e-01
6.223658330991851395e-01
9.655172413793103869e-01
9.226261075838972925e-01
9.118790543540649107e-01
9.138910624978736630e-01
9.539294632586066136e-01
8.085855985257053291e-01
7.605422590126567073e-01
9.706611570247933862e-01
7.130105029932465310e-01
8.774446305014059755e-01
9.300772162196879744e-01
9.744645799011532050e-01
7.346987663193196294e-01
9.555327768829013912e-01
9.190373473974273733e-01
9.733095409848513402e-01
9.041801538407990835e-01
9.785113162840101131e-01
9.437620047348908026e-01
8.256727878590314207e-01
8.961593172119487472e-01
9.838013838013838219e-01
9.762567979838174814e-01
9.599892858338634483e-01
8.942063427026141209e-01
9.909272643395355962e-01
9.354411014788373002e-01
8.948639053254437981e-01
7.189282571139867795e-01
9.674466209876894096e-01
8.291771783427129838e-01
8.240561273238513618e-01
9.333200913695500756e-01
9.833052345902381086e-01
8.828711413607510661e-01
9.580004147504788126e-01
9.204837270293405593e-01
9.616502472351187158e-01
9.162627693684288754e-01
9.633663366336633338e-01
9.232395372089701180e-01
9.378632670755595591e-01
9.517611895123150312e-01
9.758580716697746738e-01
7.450759496047616448e-01
9.796723752792255713e-01
9.499080882352941568e-01
8.903394255874673702e-01
9.258799349147897040e-01
9.580769401035902355e-01
7.578115274492717157e-01
9.590167444649051465e-01
9.040097205346293574e-01
9.411129119394922027e-01
9.553617612094703615e-01
8.345352971051295254e-01
8.833799092520808749e-01
9.603128621089224159e-01
7.338036600969608525e-01
8.970822281167109002e-01
8.998372123718597626e-01
7.641110899130576506e-01
6.237892948173322516e-01
9.789262418464625970e-01
9.567800585200241237e-01
6.399559410711826990e-01
9.767362152435627998e-01
5.201744820065430652e-02
8.364220877458395931e-01
9.866220434896044722e-01
9.456856320127097204e-01
9.558527636406675132e-01
8.618734061584135686e-01
9.691051136363636465e-01
8.981170463924451619e-01
9.344121191254949332e-01
8.023510752437374993e-01
9.465168030777354469e-01
8.443043674020711542e-01
8.887584385089521977e-01
9.322985240108100369e-01
9.734684032802701781e-01
9.494795335368240163e-01
9.338969240171114405e-01
9.710377125955139688e-01
8.035033410094756245e-01
5.643377177104702547e-01
9.566848567530695790e-01
2.161349732212790309e-01
9.368256450351837294e-01
7.056603773584905204e-01
8.713439292767798383e-01
3.687242090784044191e-01
9.601686806761401405e-01
9.787212432075567126e-01
8.197448696616750352e-01
9.295984134853743086e-01
9.370194599299525029e-01
6.821410759297451554e-01
9.772093023255813415e-01
7.750563338885079201e-01
8.890011912067284916e-01
9.188449848024315969e-01
8.965947707885428830e-01
9.586691291694650063e-01
7.391042861152319343e-01
7.842574561853028481e-01
8.900438445243608054e-01
7.903335217637083021e-01
7.855275541148175611e-01
4.757128188926624812e-01
7.875613747954173238e-01
9.040659241148238934e-01
9.326817042606516672e-01
9.342774508826169333e-01
9.298225441723199092e-01
9.285981308411215274e-01
9.641444766675454359e-01
9.842356073708178332e-01
9.154458598726115115e-01
9.631744637235521989e-01
8.905933474569718289e-01
2.232343399051659460e-01
8.264287751028555062e-01
9.065632072421596632e-01
4.830168894880724761e-01
1.146572104018912519e-01
9.854450011930326880e-01
8.151892781565953650e-01
8.513377082281675667e-01
4.110499335485096051e-02
3.742091374431691930e-01
9.353200398030524498e-01
9.797548082330446162e-01
9.788670095999475462e-01
8.625985556218114247e-01
3.331759707305558815e-01
9.878732437313817449e-01
9.491077329808327301e-01
9.121241513094083819e-01
9.079132638693325763e-01
6.365733113673806010e-01
9.331705828501678512e-01
7.023661270236613019e-01
9.658267172937521350e-01
9.335347432024169168e-01
7.653721682847896002e-01
9.266930416569699736e-01
9.614873837981408045e-01
9.622320517182715305e-01
2.275653161681181480e-01
8.147760020958868532e-01
9.701414353064431451e-01
9.595877407106048196e-01
9.234828496042216672e-01
9.143121815655396167e-01
7.509503638535897085e-01
9.303174024078803006e-01
8.672158154859966883e-01
8.402851509176398892e-01
9.685338650383201742e-01
5.787616297722169012e-01
9.748660136758454664e-01
8.736097067745197675e-01
9.789545145960624195e-01
9.540400296515937351e-01
9.284164859002169701e-01
8.513349514563106624e-01
9.441312147616607309e-01
4.210877544210877566e-01
8.645739205594625831e-01
7.382169222032936018e-01
5.125758488118949963e-01
9.635955056179775768e-01
9.585937500000000222e-01
9.718733192014427091e-01
9.308718402240401257e-01
8.739837398373984101e-01
8.700846192135390789e-01
7.334030318870883303e-01
9.527207850133808664e-01
9.557552127479234105e-01
9.785425101214575427e-01
9.483863451007805700e-01
8.557274882147708484e-01
5.292742427322626453e-01
9.576988155668358926e-01
8.812755871579400768e-01
9.266331658291456774e-01
7.020709452532294392e-01
8.609271523178807506e-01
9.472479450629487374e-01
8.186783178590933963e-01
9.460031762837479707e-01
9.734015345268541841e-01
9.407407407407407662e-01
8.182606809802646097e-01
9.255513181893549879e-01
9.803921568627450567e-01
8.706976744186046835e-01
9.278460716194548707e-01
9.315684315684316097e-01
8.690345902563592073e-01
9.676433121019107908e-01
8.638838475499092118e-01
8.999698704429044405e-01
7.732375392905254108e-01
8.594908799358589313e-01
9.175916582576522096e-01
6.806937005865850709e-01
9.059523809523809534e-01
8.490920475892298480e-01
9.302325581395348708e-01
8.548926014319808697e-01
9.765741817577671124e-01
8.574635241301907795e-01
8.635839261680445800e-01
9.355555555555555847e-01
9.630057803468208277e-01
8.403895845756310656e-01
9.625140291806958404e-01
8.371920726060381179e-01
7.040419947506562082e-01
8.113093559950058653e-01
9.447990987607960411e-01
2.962962962962962798e-01
9.516981132075471583e-01
7.962556676905074848e-01
8.677003063782378067e-01
9.028349605928713828e-01
9.474874777831636674e-01
2.439941508251514402e-01
7.065209471766848992e-01
5.096309134596447299e-01
9.084216538681221254e-01
9.360518999073216273e-01
8.908999497234791898e-01
9.395213454075032056e-01
8.957988752894475715e-01
8.083404741502427937e-01
8.158720200752822560e-01
9.440447641886491326e-01
9.444850255661066951e-01
9.681227863046044657e-01
9.736087773055253081e-01
9.419354838709677047e-01
9.689922480620154488e-01
8.282729190170206035e-01
9.361702127659574657e-01
9.271994308750296510e-01
9.502407704654896037e-01
9.382262996941895805e-01
9.683386695126289245e-01
1.553112691787666699e-01
9.494859186410371521e-01
8.586621886369997236e-01
8.441926345609065407e-01
7.942386831275720649e-01
9.616837560712357957e-01
8.596577017114914732e-01
9.369108049311094533e-01
7.637007709939570566e-01
7.264580801944107158e-01
9.648562300319488694e-01
6.197183098591548811e-01
9.067592839967940632e-01
7.797281483481861564e-01
