7.442169189453125000e-01
9.809417724609375000e-01
9.878540039062500000e-01
7.470397949218750000e-01
6.945190429687500000e-01
9.824218750000000000e-01
9.634857177734375000e-01
9.910736083984375000e-01
9.770660400390625000e-01
9.767608642578125000e-01
9.563751220703125000e-01
7.049865722656250000e-01
9.532318115234375000e-01
7.119445800781250000e-01
7.653045654296875000e-01
6.720275878906250000e-01
8.160858154296875000e-01
7.647857666015625000e-01
9.592742919921875000e-01
9.877014160156250000e-01
5.196533203125000000e-01
8.017578125000000000e-01
8.146057128906250000e-01
9.212341308593750000e-01
7.973022460937500000e-01
9.922027587890625000e-01
9.853973388671875000e-01
8.531494140625000000e-01
9.321136474609375000e-01
9.803466796875000000e-01
5.714263916015625000e-01
9.625091552734375000e-01
7.993164062500000000e-01
9.926147460937500000e-01
6.140136718750000000e-01
9.989929199218750000e-01
6.681671142578125000e-01
8.577270507812500000e-01
8.462066650390625000e-01
9.065399169921875000e-01
7.497558593750000000e-01
9.654998779296875000e-01
7.536163330078125000e-01
9.335632324218750000e-01
9.945068359375000000e-01
8.838806152343750000e-01
9.985198974609375000e-01
9.967041015625000000e-01
9.968414306640625000e-01
9.935455322265625000e-01
9.925842285156250000e-01
9.987335205078125000e-01
9.903411865234375000e-01
9.902191162109375000e-01
8.306884765625000000e-01
9.794616699218750000e-01
9.979858398437500000e-01
2.908630371093750000e-01
8.654785156250000000e-01
9.747619628906250000e-01
9.942474365234375000e-01
9.628448486328125000e-01
9.263610839843750000e-01
7.650756835937500000e-01
9.060668945312500000e-01
8.430023193359375000e-01
9.310913085937500000e-01
9.858398437500000000e-01
9.823150634765625000e-01
9.675292968750000000e-01
9.970092773437500000e-01
9.941558837890625000e-01
8.368988037109375000e-01
6.794281005859375000e-01
9.715881347656250000e-01
9.988098144531250000e-01
7.027435302734375000e-01
9.989776611328125000e-01
8.730926513671875000e-01
8.849792480468750000e-01
9.925079345703125000e-01
9.079589843750000000e-01
9.087219238281250000e-01
9.972381591796875000e-01
9.933166503906250000e-01
9.987030029296875000e-01
9.506072998046875000e-01
9.921264648437500000e-01
9.638214111328125000e-01
9.953460693359375000e-01
9.532470703125000000e-01
8.327178955078125000e-01
9.865722656250000000e-01
9.928741455078125000e-01
4.705657958984375000e-01
9.874114990234375000e-01
9.072875976562500000e-01
9.652099609375000000e-01
9.846343994140625000e-01
7.870483398437500000e-01
9.971771240234375000e-01
9.960021972656250000e-01
9.613037109375000000e-01
9.600372314453125000e-01
9.515991210937500000e-01
9.972076416015625000e-01
9.949035644531250000e-01
6.687622070312500000e-01
7.117156982421875000e-01
9.987182617187500000e-01
9.982299804687500000e-01
8.914031982421875000e-01
9.651641845703125000e-01
9.499664306640625000e-01
8.923339843750000000e-01
7.561035156250000000e-01
9.740142822265625000e-01
9.576110839843750000e-01
9.271697998046875000e-01
9.894714355468750000e-01
9.979858398437500000e-01
9.946289062500000000e-01
7.073974609375000000e-01
9.968109130859375000e-01
9.992523193359375000e-01
9.606475830078125000e-01
8.993530273437500000e-01
9.969787597656250000e-01
9.047241210937500000e-01
9.971771240234375000e-01
8.800354003906250000e-01
7.764282226562500000e-01
8.618469238281250000e-01
6.024780273437500000e-01
9.980468750000000000e-01
7.748413085937500000e-01
9.956817626953125000e-01
8.104400634765625000e-01
9.247894287109375000e-01
9.967346191406250000e-01
9.969787597656250000e-01
4.964294433593750000e-01
9.090423583984375000e-01
8.329772949218750000e-01
6.017761230468750000e-01
9.226684570312500000e-01
9.583282470703125000e-01
8.831176757812500000e-01
9.196014404296875000e-01
9.219665527343750000e-01
8.407745361328125000e-01
9.978790283203125000e-01
8.949584960937500000e-01
9.956512451171875000e-01
8.765258789062500000e-01
9.916687011718750000e-01
9.964447021484375000e-01
8.654327392578125000e-01
8.111877441406250000e-01
9.909057617187500000e-01
9.814758300781250000e-01
8.957366943359375000e-01
9.579467773437500000e-01
8.805084228515625000e-01
9.181671142578125000e-01
8.126373291015625000e-01
9.706268310546875000e-01
8.796997070312500000e-01
9.533843994140625000e-01
9.963836669921875000e-01
9.944000244140625000e-01
9.239654541015625000e-01
9.954071044921875000e-01
8.925170898437500000e-01
9.457702636718750000e-01
9.466247558593750000e-01
9.287567138671875000e-01
9.614868164062500000e-01
9.978790283203125000e-01
9.109802246093750000e-01
9.127349853515625000e-01
9.791107177734375000e-01
8.653411865234375000e-01
5.930328369140625000e-01
9.932098388671875000e-01
9.831085205078125000e-01
9.965362548828125000e-01
4.905242919921875000e-01
9.490051269531250000e-01
9.745635986328125000e-01
8.751831054687500000e-01
9.570465087890625000e-01
9.153594970703125000e-01
8.677978515625000000e-01
8.842010498046875000e-01
8.789520263671875000e-01
8.592681884765625000e-01
9.942626953125000000e-01
9.947509765625000000e-01
9.927368164062500000e-01
9.624176025390625000e-01
9.934387207031250000e-01
7.615966796875000000e-01
9.956665039062500000e-01
9.953613281250000000e-01
9.358062744140625000e-01
8.593597412109375000e-01
9.878234863281250000e-01
9.878082275390625000e-01
9.959869384765625000e-01
9.571228027343750000e-01
9.744110107421875000e-01
9.951324462890625000e-01
8.935852050781250000e-01
9.860076904296875000e-01
9.778137207031250000e-01
9.944458007812500000e-01
9.688110351562500000e-01
9.608459472656250000e-01
9.453125000000000000e-01
8.860168457031250000e-01
9.925384521484375000e-01
8.855743408203125000e-01
9.583892822265625000e-01
9.174041748046875000e-01
9.513549804687500000e-01
9.072265625000000000e-01
9.857940673828125000e-01
4.160919189453125000e-01
8.303527832031250000e-01
9.557189941406250000e-01
6.955261230468750000e-01
9.544525146484375000e-01
8.355255126953125000e-01
9.749755859375000000e-01
9.288482666015625000e-01
9.766235351562500000e-01
9.641723632812500000e-01
9.657897949218750000e-01
9.901275634765625000e-01
9.116058349609375000e-01
7.853088378906250000e-01
9.797058105468750000e-01
9.001617431640625000e-01
9.858245849609375000e-01
9.781036376953125000e-01
9.240570068359375000e-01
7.391510009765625000e-01
8.914184570312500000e-01
8.395996093750000000e-01
9.955139160156250000e-01
9.875793457031250000e-01
9.593811035156250000e-01
9.878540039062500000e-01
9.664306640625000000e-01
9.886322021484375000e-01
9.646911621093750000e-01
9.973602294921875000e-01
9.276733398437500000e-01
9.425201416015625000e-01
5.945587158203125000e-01
9.043426513671875000e-01
9.782257080078125000e-01
9.948883056640625000e-01
9.470825195312500000e-01
9.390106201171875000e-01
9.471130371093750000e-01
9.810943603515625000e-01
9.510803222656250000e-01
5.740661621093750000e-01
8.815917968750000000e-01
9.883422851562500000e-01
9.696960449218750000e-01
9.832916259765625000e-01
9.670104980468750000e-01
9.492645263671875000e-01
8.583526611328125000e-01
9.890747070312500000e-01
9.425506591796875000e-01
9.953613281250000000e-01
7.144012451171875000e-01
9.598999023437500000e-01
9.675292968750000000e-01
9.845733642578125000e-01
9.652404785156250000e-01
9.800720214843750000e-01
9.912567138671875000e-01
9.891967773437500000e-01
9.900360107421875000e-01
9.110412597656250000e-01
9.387054443359375000e-01
9.136199951171875000e-01
9.862823486328125000e-01
9.308166503906250000e-01
9.803009033203125000e-01
8.867034912109375000e-01
9.826202392578125000e-01
9.481658935546875000e-01
8.474426269531250000e-01
9.018249511718750000e-01
9.748535156250000000e-01
9.269409179687500000e-01
9.678802490234375000e-01
9.132843017578125000e-01
9.522399902343750000e-01
9.927062988281250000e-01
9.965515136718750000e-01
9.178619384765625000e-01
9.871368408203125000e-01
9.953002929687500000e-01
8.688049316406250000e-01
9.383239746093750000e-01
8.950653076171875000e-01
6.170196533203125000e-01
9.731597900390625000e-01
9.267272949218750000e-01
9.906158447265625000e-01
6.971282958984375000e-01
8.164215087890625000e-01
6.911621093750000000e-01
9.783325195312500000e-01
9.600982666015625000e-01
9.323730468750000000e-01
7.475891113281250000e-01
9.848480224609375000e-01
9.422760009765625000e-01
9.843139648437500000e-01
9.658203125000000000e-01
9.787139892578125000e-01
9.965972900390625000e-01
9.951629638671875000e-01
9.660644531250000000e-01
9.589843750000000000e-01
9.893341064453125000e-01
9.492340087890625000e-01
8.758392333984375000e-01
9.613800048828125000e-01
9.498901367187500000e-01
8.922271728515625000e-01
8.781738281250000000e-01
9.631652832031250000e-01
7.944488525390625000e-01
8.816223144531250000e-01
9.252471923828125000e-01
9.659423828125000000e-01
8.310089111328125000e-01
9.443969726562500000e-01
8.906097412109375000e-01
9.892730712890625000e-01
9.579925537109375000e-01
9.919738769531250000e-01
9.615783691406250000e-01
8.531188964843750000e-01
9.498748779296875000e-01
9.908905029296875000e-01
9.945373535156250000e-01
9.452972412109375000e-01
9.015045166015625000e-01
9.954986572265625000e-01
9.517059326171875000e-01
9.322204589843750000e-01
8.684234619140625000e-01
9.825286865234375000e-01
8.925476074218750000e-01
9.016571044921875000e-01
9.487762451171875000e-01
9.876098632812500000e-01
9.259490966796875000e-01
9.474639892578125000e-01
8.667602539062500000e-01
9.689941406250000000e-01
9.657287597656250000e-01
9.864501953125000000e-01
9.179992675781250000e-01
9.704742431640625000e-01
9.805450439453125000e-01
9.926910400390625000e-01
7.928314208984375000e-01
9.833374023437500000e-01
9.733886718750000000e-01
9.705200195312500000e-01
8.943481445312500000e-01
9.855499267578125000e-01
8.812561035156250000e-01
9.707946777343750000e-01
9.867401123046875000e-01
9.800415039062500000e-01
9.249420166015625000e-01
9.751434326171875000e-01
9.407806396484375000e-01
9.958190917968750000e-01
6.539764404296875000e-01
9.940795898437500000e-01
8.263092041015625000e-01
8.679351806640625000e-01
7.297363281250000000e-01
9.935913085937500000e-01
9.704742431640625000e-01
7.605895996093750000e-01
9.917144775390625000e-01
7.347106933593750000e-01
9.208068847656250000e-01
9.773101806640625000e-01
9.248809814453125000e-01
9.943084716796875000e-01
9.446258544921875000e-01
9.973449707031250000e-01
8.380126953125000000e-01
9.941864013671875000e-01
9.353485107421875000e-01
9.567260742187500000e-01
9.472351074218750000e-01
9.768676757812500000e-01
9.850921630859375000e-01
9.924468994140625000e-01
9.606018066406250000e-01
9.405822753906250000e-01
9.784851074218750000e-01
9.205780029296875000e-01
8.347320556640625000e-01
9.883728027343750000e-01
4.349822998046875000e-01
9.876708984375000000e-01
9.595336914062500000e-01
9.165039062500000000e-01
5.518188476562500000e-01
9.656982421875000000e-01
9.744262695312500000e-01
9.702453613281250000e-01
9.783325195312500000e-01
9.536285400390625000e-01
6.401824951171875000e-01
9.880371093750000000e-01
9.299316406250000000e-01
8.592376708984375000e-01
9.837036132812500000e-01
9.317474365234375000e-01
9.549255371093750000e-01
9.007110595703125000e-01
9.036407470703125000e-01
8.637695312500000000e-01
8.868103027343750000e-01
9.687042236328125000e-01
3.922729492187500000e-01
8.811645507812500000e-01
9.191741943359375000e-01
9.180297851562500000e-01
9.899444580078125000e-01
9.720611572265625000e-01
9.883422851562500000e-01
9.750976562500000000e-01
9.806671142578125000e-01
9.837951660156250000e-01
9.923248291015625000e-01
8.920440673828125000e-01
8.100280761718750000e-01
9.349822998046875000e-01
9.911804199218750000e-01
7.893524169921875000e-01
8.399963378906250000e-01
9.962768554687500000e-01
8.800659179687500000e-01
9.820251464843750000e-01
3.834838867187500000e-01
6.996612548828125000e-01
9.236297607421875000e-01
9.835205078125000000e-01
9.901580810546875000e-01
8.417816162109375000e-01
8.275756835937500000e-01
9.921112060546875000e-01
9.847259521484375000e-01
9.930877685546875000e-01
9.950103759765625000e-01
9.831695556640625000e-01
9.966583251953125000e-01
9.927062988281250000e-01
9.984893798828125000e-01
9.986572265625000000e-01
9.955749511718750000e-01
9.951934814453125000e-01
9.982299804687500000e-01
9.983062744140625000e-01
9.377441406250000000e-01
9.784240722656250000e-01
9.991302490234375000e-01
9.977264404296875000e-01
9.995574951171875000e-01
9.971771240234375000e-01
9.650115966796875000e-01
9.941711425781250000e-01
9.385070800781250000e-01
9.678649902343750000e-01
9.922943115234375000e-01
9.799652099609375000e-01
9.916992187500000000e-01
9.847412109375000000e-01
9.976348876953125000e-01
9.981079101562500000e-01
9.954681396484375000e-01
9.925231933593750000e-01
9.966735839843750000e-01
9.470520019531250000e-01
9.474029541015625000e-01
9.648284912109375000e-01
8.394317626953125000e-01
9.987640380859375000e-01
9.935302734375000000e-01
9.864349365234375000e-01
9.713745117187500000e-01
9.895935058593750000e-01
9.920349121093750000e-01
9.844360351562500000e-01
9.951477050781250000e-01
9.960174560546875000e-01
9.983825683593750000e-01
9.932403564453125000e-01
9.173431396484375000e-01
8.586730957031250000e-01
9.980926513671875000e-01
9.915924072265625000e-01
9.955444335937500000e-01
9.778289794921875000e-01
9.932708740234375000e-01
9.922637939453125000e-01
9.898681640625000000e-01
9.968872070312500000e-01
9.984130859375000000e-01
9.982910156250000000e-01
9.744262695312500000e-01
9.931488037109375000e-01
9.985809326171875000e-01
9.936370849609375000e-01
9.979400634765625000e-01
9.958190917968750000e-01
9.397430419921875000e-01
9.980621337890625000e-01
9.908447265625000000e-01
9.898681640625000000e-01
9.614715576171875000e-01
9.893035888671875000e-01
9.925231933593750000e-01
9.235839843750000000e-01
9.903564453125000000e-01
9.963226318359375000e-01
9.963378906250000000e-01
9.907226562500000000e-01
9.978485107421875000e-01
9.825592041015625000e-01
9.566955566406250000e-01
9.973449707031250000e-01
9.980468750000000000e-01
9.877471923828125000e-01
9.974517822265625000e-01
9.865875244140625000e-01
9.569854736328125000e-01
9.285125732421875000e-01
9.977569580078125000e-01
9.689788818359375000e-01
9.980468750000000000e-01
9.574890136718750000e-01
9.782562255859375000e-01
9.747924804687500000e-01
9.900817871093750000e-01
8.343353271484375000e-01
7.541503906250000000e-01
8.100433349609375000e-01
9.779815673828125000e-01
9.978942871093750000e-01
9.933776855468750000e-01
9.942932128906250000e-01
9.951934814453125000e-01
9.897613525390625000e-01
9.820861816406250000e-01
9.978637695312500000e-01
9.953613281250000000e-01
9.991760253906250000e-01
9.959259033203125000e-01
9.982147216796875000e-01
9.982910156250000000e-01
9.465789794921875000e-01
9.989929199218750000e-01
9.859466552734375000e-01
9.739837646484375000e-01
9.984588623046875000e-01
9.972839355468750000e-01
7.807464599609375000e-01
9.982757568359375000e-01
9.922943115234375000e-01
9.966430664062500000e-01
9.893188476562500000e-01
9.989166259765625000e-01
9.956207275390625000e-01
9.986724853515625000e-01
9.653930664062500000e-01
9.450378417968750000e-01
9.984893798828125000e-01
9.864044189453125000e-01
9.946746826171875000e-01
9.626617431640625000e-01
