9.795918367346938549e-01
9.721334753283634722e-01
3.541498139459634542e-01
3.383666524883028326e-01
6.974110032362459410e-01
1.000000000000000000e+00
9.978310793569787895e-01
4.899702085402184437e-01
1.000000000000000000e+00
8.250150330727600290e-01
7.109675165909884464e-01
9.605051791945936612e-01
6.156747007706181440e-01
9.949227373068432190e-01
5.274151436031331297e-01
1.000000000000000000e+00
1.000000000000000000e+00
1.000000000000000000e+00
4.885772806050102668e-01
9.861653645833333703e-01
8.060475934872070036e-01
2.362288135593220428e-01
1.000000000000000000e+00
9.688800434231952252e-01
4.806467417932386299e-01
6.439994437491308732e-01
9.990951591011913990e-01
6.157728706624605586e-01
3.851980755450916116e-01
1.000000000000000000e+00
3.530729385412291754e-01
6.750037896013338923e-01
5.971631205673758602e-01
6.640307980439080771e-01
0.000000000000000000e+00
6.370545726389235108e-01
7.449275362318840132e-01
0.000000000000000000e+00
7.552635508436613687e-01
7.171734329879395631e-01
7.697089573325798240e-01
9.936974789915966610e-01
5.137931034482758896e-01
1.000000000000000000e+00
8.395029085140137681e-01
9.237603305785123675e-01
9.644975814547778192e-01
7.768395657418576405e-01
1.000000000000000000e+00
7.987319741422177488e-01
9.659280936454849309e-01
9.843119160226092568e-01
7.859880039986670841e-01
7.564457132661254191e-01
0.000000000000000000e+00
7.278235820005960477e-01
9.253313575368403709e-01
7.407790417097552815e-01
7.254065190199396884e-01
9.977614326830828162e-01
8.081976145789186994e-01
8.328784260206982815e-01
8.824557025205889138e-01
9.664573328407831676e-01
9.930619796484736472e-01
9.628475827852774893e-01
2.701062215477996742e-01
1.000000000000000000e+00
6.419083762537273197e-01
9.433547779695590219e-01
9.016641452344932306e-01
6.447931526390869861e-01
8.075750280853795093e-01
2.494390604859884342e-01
6.686165545481135286e-01
8.794023479188900483e-01
1.000000000000000000e+00
7.870967741935483986e-01
9.936049510056730316e-01
7.274715660542432349e-01
9.850338365434669896e-01
6.581949169501700725e-01
6.367036529111083087e-01
8.969765816148199677e-01
9.331387635977712591e-01
9.033371691599539899e-01
9.893111638954869003e-01
4.189744505985349421e-01
9.885564819355893151e-01
9.728260869565217295e-01
1.000000000000000000e+00
1.000000000000000000e+00
9.989897289105910128e-01
9.980910826288519333e-01
1.000000000000000000e+00
9.881697981906749639e-01
0.000000000000000000e+00
9.826127274834820513e-01
1.000000000000000000e+00
8.894762133589619868e-01
1.000000000000000000e+00
8.859649122807017330e-01
0.000000000000000000e+00
1.000000000000000000e+00
7.666803953871499377e-01
9.295558958652373471e-01
8.346810422282120445e-01
1.000000000000000000e+00
7.945771812080536511e-01
1.000000000000000000e+00
9.280706310049338104e-01
9.880952380952381375e-01
6.925592804578903916e-01
7.964305633017288999e-01
9.973088951923776424e-01
9.962574850299401596e-01
9.975429975429975782e-01
0.000000000000000000e+00
9.847211611917494611e-01
1.000000000000000000e+00
9.917790622992934679e-01
9.963235294117647189e-01
3.049859702136844541e-01
9.065892211007426926e-01
8.578049056177234899e-01
9.809335963182117535e-01
9.821833862914207680e-01
1.000000000000000000e+00
9.873383327899141193e-01
1.000000000000000000e+00
8.219461697722567628e-01
9.956701030927834761e-01
1.000000000000000000e+00
9.296977660972404189e-01
9.796930708417299627e-01
8.190954773869346672e-01
1.000000000000000000e+00
5.771739130434783149e-01
7.222753346080306169e-01
1.000000000000000000e+00
1.000000000000000000e+00
0.000000000000000000e+00
5.878215434083601254e-01
9.955805830779100862e-01
8.034195026178010401e-01
9.983970689260361908e-01
8.983940704138356770e-01
9.680384374347190679e-01
0.000000000000000000e+00
5.902048975512244056e-01
5.098410295230885181e-01
1.000000000000000000e+00
1.000000000000000000e+00
1.000000000000000000e+00
1.000000000000000000e+00
9.978666666666666796e-01
0.000000000000000000e+00
9.684947491248541152e-01
1.000000000000000000e+00
1.000000000000000000e+00
4.015733626051957300e-02
8.176499508357915058e-01
8.633387888707038105e-01
9.995871180842279546e-01
0.000000000000000000e+00
8.608115048793014701e-01
8.992999461497038771e-01
9.786171816126600920e-01
9.963970679587526025e-01
1.000000000000000000e+00
8.018433179723502002e-01
9.949664429530201692e-01
7.004942201373764998e-01
9.210572842998585585e-01
9.906574394463667499e-01
1.000000000000000000e+00
9.795610425240054431e-01
9.991083370485955850e-01
9.996347031963470631e-01
9.590836080818327947e-01
6.352054548717028792e-01
9.166836838880947358e-01
8.498293515358361638e-01
9.869764167546638545e-01
9.784037558685445557e-01
9.363561868341983008e-01
9.502575945993959605e-01
9.997832213310210436e-01
8.193623188405797508e-01
9.588182632050133991e-01
9.530041641879833936e-01
9.958801498127340945e-01
0.000000000000000000e+00
9.969179966978536367e-01
9.781383039926360157e-01
0.000000000000000000e+00
