8.828277587890625000e-01
9.795684814453125000e-01
9.094696044921875000e-01
6.370849609375000000e-01
9.794006347656250000e-01
9.817352294921875000e-01
9.541168212890625000e-01
9.566345214843750000e-01
7.576751708984375000e-01
9.583740234375000000e-01
9.745178222656250000e-01
9.257049560546875000e-01
9.642333984375000000e-01
8.249206542968750000e-01
9.915161132812500000e-01
1.821441650390625000e-01
9.104766845703125000e-01
7.935333251953125000e-01
9.424896240234375000e-01
9.901123046875000000e-01
9.753723144531250000e-01
8.789825439453125000e-01
7.186889648437500000e-01
7.162780761718750000e-01
9.296112060546875000e-01
9.609375000000000000e-01
9.517364501953125000e-01
8.764801025390625000e-01
8.167114257812500000e-01
3.354644775390625000e-01
8.829956054687500000e-01
9.526519775390625000e-01
9.781951904296875000e-01
9.506835937500000000e-01
9.715423583984375000e-01
9.529113769531250000e-01
9.819488525390625000e-01
8.658447265625000000e-01
9.549102783203125000e-01
9.740295410156250000e-01
9.749908447265625000e-01
6.594238281250000000e-01
9.426422119140625000e-01
2.491302490234375000e-01
9.738769531250000000e-01
8.757629394531250000e-01
9.483489990234375000e-01
9.224090576171875000e-01
2.030944824218750000e-01
8.739776611328125000e-01
9.598541259765625000e-01
9.729614257812500000e-01
8.977813720703125000e-01
8.887786865234375000e-01
9.814300537109375000e-01
9.581756591796875000e-01
6.141967773437500000e-01
6.284790039062500000e-01
9.340057373046875000e-01
9.329833984375000000e-01
8.574523925781250000e-01
8.175964355468750000e-01
9.685363769531250000e-01
9.806671142578125000e-01
9.155426025390625000e-01
8.914642333984375000e-01
9.486236572265625000e-01
1.246643066406250000e-01
9.767913818359375000e-01
9.673004150390625000e-01
9.529266357421875000e-01
9.920654296875000000e-01
9.667205810546875000e-01
7.601013183593750000e-01
8.992156982421875000e-01
9.829864501953125000e-01
4.914245605468750000e-01
9.824066162109375000e-01
9.762725830078125000e-01
9.785461425781250000e-01
9.635467529296875000e-01
9.446258544921875000e-01
9.509277343750000000e-01
7.319793701171875000e-01
9.907989501953125000e-01
9.874114990234375000e-01
9.952545166015625000e-01
9.419555664062500000e-01
9.644012451171875000e-01
9.927673339843750000e-01
6.603851318359375000e-01
9.915466308593750000e-01
9.854278564453125000e-01
9.968566894531250000e-01
9.872436523437500000e-01
9.958648681640625000e-01
9.576568603515625000e-01
9.923706054687500000e-01
9.961853027343750000e-01
9.931335449218750000e-01
7.349853515625000000e-01
9.983825683593750000e-01
9.721221923828125000e-01
9.915008544921875000e-01
9.747772216796875000e-01
9.917144775390625000e-01
9.897613525390625000e-01
9.791564941406250000e-01
9.351654052734375000e-01
9.732666015625000000e-01
9.927215576171875000e-01
9.937286376953125000e-01
9.837036132812500000e-01
9.938354492187500000e-01
9.833679199218750000e-01
9.911651611328125000e-01
9.942932128906250000e-01
3.733673095703125000e-01
9.940948486328125000e-01
8.051300048828125000e-01
9.951782226562500000e-01
7.830505371093750000e-01
9.505004882812500000e-01
9.847717285156250000e-01
9.720458984375000000e-01
9.716796875000000000e-01
8.792572021484375000e-01
6.011505126953125000e-01
9.629058837890625000e-01
2.525482177734375000e-01
9.853057861328125000e-01
9.870300292968750000e-01
9.893188476562500000e-01
9.815521240234375000e-01
8.366851806640625000e-01
4.847869873046875000e-01
5.020446777343750000e-01
9.286041259765625000e-01
9.865264892578125000e-01
5.188751220703125000e-01
2.955780029296875000e-01
9.256286621093750000e-01
9.661254882812500000e-01
9.644775390625000000e-01
9.629821777343750000e-01
7.237396240234375000e-01
9.949340820312500000e-01
9.674835205078125000e-01
9.381866455078125000e-01
9.666290283203125000e-01
9.752807617187500000e-01
2.112731933593750000e-01
5.418395996093750000e-01
1.766357421875000000e-01
9.459686279296875000e-01
6.832275390625000000e-01
9.619598388671875000e-01
9.397125244140625000e-01
5.925598144531250000e-01
3.898468017578125000e-01
8.398895263671875000e-01
8.882751464843750000e-01
9.696655273437500000e-01
8.655853271484375000e-01
9.912109375000000000e-01
9.953918457031250000e-01
5.512695312500000000e-01
9.401092529296875000e-01
9.892578125000000000e-01
7.422485351562500000e-01
9.952239990234375000e-01
9.951477050781250000e-01
8.564910888671875000e-01
6.777343750000000000e-01
9.894104003906250000e-01
7.194366455078125000e-01
9.680480957031250000e-01
9.802246093750000000e-01
6.250457763671875000e-01
9.545135498046875000e-01
9.627685546875000000e-01
6.575927734375000000e-01
8.671875000000000000e-01
9.981079101562500000e-01
9.573364257812500000e-01
9.829101562500000000e-01
9.772796630859375000e-01
9.851379394531250000e-01
9.557495117187500000e-01
9.920501708984375000e-01
9.160461425781250000e-01
8.176269531250000000e-01
9.381713867187500000e-01
9.490356445312500000e-01
8.558654785156250000e-01
7.708129882812500000e-01
