8.895533296789089883e-01
9.516384074648129854e-01
8.938973415816753310e-01
9.911547290609270533e-01
9.880041051870047664e-01
8.407861521817525663e-01
9.047012595710314242e-01
1.000000000000000000e+00
8.946621474963685205e-01
8.888292498105582196e-01
9.505482437615097036e-01
9.420629040948276245e-01
9.715081655462325383e-01
9.534377719756309544e-01
8.991684493268782274e-01
8.831008682031028512e-01
9.067920721189832722e-01
9.118176364727054173e-01
9.763553583043195205e-01
1.000000000000000000e+00
1.000000000000000000e+00
9.357221360227566676e-01
9.268919219769492512e-01
9.751268260404825083e-01
9.345116189063230605e-01
9.938310236924452479e-01
9.877809363760581274e-01
9.672926447574334841e-01
9.814808782331096992e-01
1.000000000000000000e+00
9.019527864171722475e-01
8.897383024023872711e-01
9.609292141366451157e-01
8.681675700385294014e-01
9.096905846621108349e-01
1.000000000000000000e+00
9.609984130269785263e-01
9.038322129959140971e-01
9.563201964125396248e-01
9.577452999179683069e-01
9.624425592082007652e-01
9.891805533085261670e-01
9.733901219130978166e-01
9.436931788207572058e-01
9.736792946275125704e-01
9.580871389916616465e-01
9.837217618433122812e-01
9.946276298473021305e-01
1.000000000000000000e+00
9.569616244083543055e-01
9.943209163538357931e-01
8.438846961175471284e-01
9.993267916522164951e-01
9.996246089676746882e-01
9.330468093058020829e-01
9.624622603411472355e-01
8.748224824060339966e-01
9.997095556200987776e-01
8.588217914416558241e-01
9.296728537891199018e-01
8.322149821333290065e-01
9.844856980488728704e-01
9.044890001848708838e-01
8.754053703463484659e-01
9.260785024552614653e-01
9.117312971318587422e-01
8.964136724532364431e-01
9.439145799293232608e-01
8.650512765642233148e-01
9.599251850044726586e-01
8.771228456756118286e-01
9.985690208922949340e-01
9.407147539821754112e-01
9.320760878439056096e-01
8.838238153886044390e-01
9.093590470788428526e-01
8.872560126889587062e-01
9.904826864203797321e-01
8.466202876750963391e-01
9.049874347573941824e-01
9.936124642241134231e-01
9.946524064171122781e-01
9.999778741481547550e-01
9.028876249453101632e-01
9.363507546299347784e-01
8.067118226600985542e-01
8.752142666184402620e-01
9.777548994374379854e-01
9.468317552804078607e-01
9.630873066954267481e-01
1.000000000000000000e+00
8.459227200547996262e-01
9.568313669252330733e-01
9.981036965914545922e-01
9.980082620241959024e-01
8.554416882163267122e-01
8.819979089440167508e-01
9.592933420320708393e-01
9.527267162072542428e-01
9.443263840545195187e-01
9.866870240378349255e-01
9.531377682904458304e-01
9.983241925655088611e-01
9.902224441968573432e-01
8.911715447802854850e-01
9.276366956345315495e-01
8.789171717171717635e-01
9.070058590815764932e-01
9.312246606371977764e-01
9.710952188504858862e-01
9.248418434475424998e-01
1.000000000000000000e+00
9.710150211462739156e-01
9.991217227246113053e-01
9.063164059231991754e-01
8.107770390139302785e-01
9.127924972143122151e-01
9.493253893197149962e-01
9.623069317058201566e-01
8.057680715908563940e-01
9.215464328417696249e-01
8.366724264076339512e-01
9.056087105344655663e-01
9.076529538426667543e-01
9.094172231104423743e-01
8.543506859612854942e-01
9.382705750846693782e-01
9.748658672716142837e-01
9.530904981309223922e-01
9.732677660282481602e-01
9.644680885999047382e-01
9.488134607697059630e-01
9.906036728099963939e-01
8.743560105680316941e-01
9.928747548876851736e-01
9.743209783913565625e-01
9.825688948221608099e-01
8.951651738418568982e-01
8.106863487257128797e-01
9.863552146283180999e-01
9.164443322757427346e-01
9.813289401427787162e-01
1.000000000000000000e+00
9.681882967772587056e-01
9.512365466234486977e-01
9.639623384292369535e-01
9.181705040448039368e-01
9.128578736615569067e-01
9.070006055305119830e-01
9.981841709801302365e-01
8.822390808903873838e-01
9.981966308821657030e-01
9.848410941428088483e-01
9.983477666362807756e-01
9.308207092784815950e-01
9.200443394862403146e-01
9.568099065389197300e-01
9.347492282079878922e-01
8.910461185373569348e-01
9.034306307430692851e-01
8.598489538194874493e-01
9.789312762480451013e-01
8.943875794284282810e-01
9.732251201638957294e-01
8.297944518974263994e-01
8.228919742634608347e-01
8.877866549467108293e-01
9.765997100849037604e-01
9.449077125906394370e-01
8.506118342042909841e-01
8.569578265676828233e-01
9.431276483050847759e-01
9.903220992944085088e-01
9.719163092007353510e-01
9.055848261327713589e-01
8.674118387909319772e-01
8.818671738785861525e-01
9.180302150824404261e-01
9.771371193542780498e-01
9.023046417891041893e-01
8.440497000047243459e-01
1.000000000000000000e+00
9.811666186367411502e-01
8.697417573493584353e-01
9.059937006891820577e-01
9.027232105218784275e-01
9.999551458879992749e-01
9.363620264983820718e-01
9.066342745894138133e-01
8.694367466862542582e-01
9.047931934967567980e-01
9.291350231778281454e-01
9.244527495995729094e-01
9.395685952501263705e-01
9.383514159936219290e-01
9.329597857886646750e-01
