8.985443115234375000e-01
9.528656005859375000e-01
9.031677246093750000e-01
9.168395996093750000e-01
9.781646728515625000e-01
8.347625732421875000e-01
9.063720703125000000e-01
9.461669921875000000e-01
9.037322998046875000e-01
8.925476074218750000e-01
9.552917480468750000e-01
9.469757080078125000e-01
9.737396240234375000e-01
9.298553466796875000e-01
9.043426513671875000e-01
8.929595947265625000e-01
9.125976562500000000e-01
9.214935302734375000e-01
9.252166748046875000e-01
7.581481933593750000e-01
8.438568115234375000e-01
9.327239990234375000e-01
9.327239990234375000e-01
9.586029052734375000e-01
9.377441406250000000e-01
9.723663330078125000e-01
9.878234863281250000e-01
9.601898193359375000e-01
9.757080078125000000e-01
9.096527099609375000e-01
9.119720458984375000e-01
8.996429443359375000e-01
9.491729736328125000e-01
8.618011474609375000e-01
9.128875732421875000e-01
9.325256347656250000e-01
9.654693603515625000e-01
9.098510742187500000e-01
9.560241699218750000e-01
9.605712890625000000e-01
9.326324462890625000e-01
9.291534423828125000e-01
9.212951660156250000e-01
9.508972167968750000e-01
9.573059082031250000e-01
9.410247802734375000e-01
9.654541015625000000e-01
9.671630859375000000e-01
8.556823730468750000e-01
9.420776367187500000e-01
9.528350830078125000e-01
8.513336181640625000e-01
9.477691650390625000e-01
8.938598632812500000e-01
9.132232666015625000e-01
9.123840332031250000e-01
8.789520263671875000e-01
9.109191894531250000e-01
8.641967773437500000e-01
9.342498779296875000e-01
8.416595458984375000e-01
9.607238769531250000e-01
9.106140136718750000e-01
8.827514648437500000e-01
9.315490722656250000e-01
9.144287109375000000e-01
9.060363769531250000e-01
9.249572753906250000e-01
8.747100830078125000e-01
9.611663818359375000e-01
8.808746337890625000e-01
9.816894531250000000e-01
9.426879882812500000e-01
9.365234375000000000e-01
8.906097412109375000e-01
9.146575927734375000e-01
8.937072753906250000e-01
9.870910644531250000e-01
8.506317138671875000e-01
9.096374511718750000e-01
9.646301269531250000e-01
9.481506347656250000e-01
8.633728027343750000e-01
9.047393798828125000e-01
9.403381347656250000e-01
8.084106445312500000e-01
8.789215087890625000e-01
9.562835693359375000e-01
9.087829589843750000e-01
9.670867919921875000e-01
9.053649902343750000e-01
8.489074707031250000e-01
9.595794677734375000e-01
8.229980468750000000e-01
8.855895996093750000e-01
8.618164062500000000e-01
8.863372802734375000e-01
9.619598388671875000e-01
9.575805664062500000e-01
9.271087646484375000e-01
9.499206542968750000e-01
9.568939208984375000e-01
8.959350585937500000e-01
9.577178955078125000e-01
8.958892822265625000e-01
9.346008300781250000e-01
8.856811523437500000e-01
9.146728515625000000e-01
9.358520507812500000e-01
9.738616943359375000e-01
9.153137207031250000e-01
9.211120605468750000e-01
9.713134765625000000e-01
9.874877929687500000e-01
9.145660400390625000e-01
8.128356933593750000e-01
9.140167236328125000e-01
9.509429931640625000e-01
9.598541259765625000e-01
8.070373535156250000e-01
9.249114990234375000e-01
8.399047851562500000e-01
8.980560302734375000e-01
9.121398925781250000e-01
9.118194580078125000e-01
8.580932617187500000e-01
9.421844482421875000e-01
9.709167480468750000e-01
9.465789794921875000e-01
9.187622070312500000e-01
9.653625488281250000e-01
9.405059814453125000e-01
9.894409179687500000e-01
8.838806152343750000e-01
9.659423828125000000e-01
9.652404785156250000e-01
9.254913330078125000e-01
9.003448486328125000e-01
7.860565185546875000e-01
9.873657226562500000e-01
9.064788818359375000e-01
9.452056884765625000e-01
8.722076416015625000e-01
8.925476074218750000e-01
9.529571533203125000e-01
9.664764404296875000e-01
9.274291992187500000e-01
9.078979492187500000e-01
9.151306152343750000e-01
9.039154052734375000e-01
8.843078613281250000e-01
9.256896972656250000e-01
9.734649658203125000e-01
9.502563476562500000e-01
9.335937500000000000e-01
9.240570068359375000e-01
9.594573974609375000e-01
9.384002685546875000e-01
8.927917480468750000e-01
9.055480957031250000e-01
8.618164062500000000e-01
9.806976318359375000e-01
8.970336914062500000e-01
9.737091064453125000e-01
8.315734863281250000e-01
8.244323730468750000e-01
8.908233642578125000e-01
9.775848388671875000e-01
9.489898681640625000e-01
8.595428466796875000e-01
8.618164062500000000e-01
9.475708007812500000e-01
9.142761230468750000e-01
9.755249023437500000e-01
9.111328125000000000e-01
8.714904785156250000e-01
8.862762451171875000e-01
9.202728271484375000e-01
9.497222900390625000e-01
9.082794189453125000e-01
8.488922119140625000e-01
3.733673095703125000e-01
9.828491210937500000e-01
8.776245117187500000e-01
9.080047607421875000e-01
9.091339111328125000e-01
8.513031005859375000e-01
9.396820068359375000e-01
8.973693847656250000e-01
8.806610107421875000e-01
9.120941162109375000e-01
9.292755126953125000e-01
9.265899658203125000e-01
9.416046142578125000e-01
9.393157958984375000e-01
9.284667968750000000e-01
