1.000000000000000000e+00
1.000000000000000000e+00
1.000000000000000000e+00
7.213759485958012307e-01
8.822757829152320097e-01
7.536423841059602946e-01
1.000000000000000000e+00
3.395399780941949636e-02
1.000000000000000000e+00
1.000000000000000000e+00
9.995273357491728516e-01
9.944661458333333703e-01
9.976740025049203320e-01
8.046032357473035246e-01
1.000000000000000000e+00
1.000000000000000000e+00
1.000000000000000000e+00
1.000000000000000000e+00
7.236465088221987196e-01
0.000000000000000000e+00
4.762514075135633185e-01
8.820960698689955803e-01
9.804003919921601140e-01
8.109746854630892621e-01
9.946099290780141544e-01
8.474664446987826283e-01
9.892761394101876604e-01
9.092947919262397427e-01
8.900966183574878787e-01
3.265468607825295910e-01
1.000000000000000000e+00
1.000000000000000000e+00
8.520768578694546402e-01
7.707749766573296357e-01
1.000000000000000000e+00
0.000000000000000000e+00
9.997355896351136639e-01
9.853305785123966931e-01
9.545496029935200966e-01
9.896605204204721451e-01
7.443054935238946346e-01
7.446544007956240607e-01
7.355072463768116409e-01
9.981543430614834289e-01
8.842885704765078847e-01
8.583281291819073733e-01
0.000000000000000000e+00
8.158339127843449168e-01
2.213715320655305907e-01
8.448810754912099430e-01
7.942756235744242721e-01
1.000000000000000000e+00
7.947569171156989576e-01
6.054816331172523380e-01
8.249729639797022118e-01
7.199852234946435559e-01
1.000000000000000000e+00
6.640129225799007440e-01
9.351831779752872720e-01
9.770823455033981197e-01
1.000000000000000000e+00
8.623097442334850538e-01
9.710024855012427958e-01
1.000000000000000000e+00
1.000000000000000000e+00
9.939534883720930747e-01
1.000000000000000000e+00
8.476205239497752730e-01
9.972843116774597894e-01
9.800049370525796277e-01
1.000000000000000000e+00
5.798637395912187298e-01
9.549301967681653736e-01
1.000000000000000000e+00
1.000000000000000000e+00
1.000000000000000000e+00
1.000000000000000000e+00
9.013237063778579694e-01
1.000000000000000000e+00
9.930635838150289052e-01
8.449557799170384076e-01
7.158799853640688271e-01
5.598328416912488059e-01
9.227495908346972087e-01
9.902972749793559348e-01
1.000000000000000000e+00
1.000000000000000000e+00
8.514629330461317425e-01
7.119442351168048244e-01
9.956516337433221064e-01
5.112687155240346337e-01
9.961597542242703884e-01
1.000000000000000000e+00
5.174652370581337424e-01
3.467114568599717339e-01
1.000000000000000000e+00
1.000000000000000000e+00
9.832647462277092076e-01
1.000000000000000000e+00
8.412785388127853592e-01
7.829909544340181160e-01
9.973084514624079855e-01
6.557586277312640322e-01
8.321709452441015120e-01
1.000000000000000000e+00
9.990610328638497295e-01
1.000000000000000000e+00
9.962693195949546832e-01
9.969650986342943888e-01
9.921159420289854536e-01
8.627275440167114784e-01
6.582721924780223777e-01
9.728464419475655323e-01
8.109575518262586158e-01
1.000000000000000000e+00
1.000000000000000000e+00
1.000000000000000000e+00
1.000000000000000000e+00
9.389357371328874713e-01
9.053892215568862811e-01
1.000000000000000000e+00
1.000000000000000000e+00
7.873357228195937418e-01
9.856725921995224127e-01
1.000000000000000000e+00
1.000000000000000000e+00
9.840986242629979897e-01
9.489693816289773709e-01
8.998877945393342070e-01
6.611324711639287033e-01
9.771206561623138054e-01
8.969720053323176900e-01
9.749692244562987442e-01
9.997990353697748800e-01
8.670610877468102329e-01
9.256380890052355870e-01
6.970460270208380660e-01
1.000000000000000000e+00
5.216165413533834644e-02
9.948619139370584730e-01
8.515500794912559401e-01
7.207484865162355758e-01
5.181797261534921706e-01
6.381491344873502225e-01
9.628674574522949614e-01
1.000000000000000000e+00
9.971369078604893632e-01
8.761161975811009306e-01
9.945759368836292191e-01
6.476395823876531788e-01
9.742198100407055694e-01
7.399739158787088655e-01
9.239006048716691399e-01
7.536490683229813969e-01
1.000000000000000000e+00
1.000000000000000000e+00
9.860245832631756580e-01
1.000000000000000000e+00
1.000000000000000000e+00
1.000000000000000000e+00
1.000000000000000000e+00
9.923496000927320981e-01
1.000000000000000000e+00
9.884670831331090479e-01
1.000000000000000000e+00
1.000000000000000000e+00
9.967159277504105130e-01
1.000000000000000000e+00
1.000000000000000000e+00
1.000000000000000000e+00
1.000000000000000000e+00
1.000000000000000000e+00
7.227382550335570421e-01
1.000000000000000000e+00
1.000000000000000000e+00
1.000000000000000000e+00
1.000000000000000000e+00
1.000000000000000000e+00
8.464615608407883851e-01
1.000000000000000000e+00
1.000000000000000000e+00
0.000000000000000000e+00
9.980137509549273922e-01
1.000000000000000000e+00
1.000000000000000000e+00
9.701492537313433084e-01
5.348737289349310142e-01
1.000000000000000000e+00
7.949990807133664461e-01
1.000000000000000000e+00
9.822035269373887711e-01
9.310931518502765236e-01
1.000000000000000000e+00
1.000000000000000000e+00
9.464149017606532377e-01
8.744786494538232535e-01
