2.343621961212783433e-01
8.765173712850564680e-01
5.151437590649261544e-01
3.112380446333687378e-01
6.383205835260630234e-01
8.415666207439480573e-01
6.289678368719781032e-01
5.646425073457395083e-01
8.244428758697186499e-01
5.425478767693588944e-01
8.921396167021572454e-01
7.568348292582275372e-01
7.794838709677419653e-01
4.767718880285884420e-01
3.251733408801471548e-01
0.000000000000000000e+00
7.586564072210713050e-01
6.654523375834850984e-01
9.059612518628912259e-01
6.712471829824657732e-01
6.961490683229814014e-01
7.736651114567133503e-01
5.155144256940663583e-01
8.018886484359629696e-01
7.529455422580944024e-01
9.193749541486317955e-01
8.164341336794289639e-01
0.000000000000000000e+00
6.247140393481857013e-01
0.000000000000000000e+00
6.104595004829584948e-01
7.863080684596577274e-01
6.203057347353538864e-01
8.629669365063883379e-01
4.987297767081160793e-01
8.878377502753839190e-01
4.421380384016606047e-01
0.000000000000000000e+00
8.213237256471843661e-01
8.016688714765441981e-01
4.984126984126984183e-01
4.364032697547683970e-01
4.714788356967694050e-01
8.556631389326727413e-03
9.143433833732811378e-01
8.552045791816832443e-01
8.925735404285072283e-01
7.695075331684281261e-01
4.296436754365173250e-01
6.341163448530315883e-01
7.078757968332305417e-01
9.037779404312820120e-01
6.544109404775249050e-01
7.812109693184903225e-01
7.403979639055992788e-03
3.433596318211702969e-01
0.000000000000000000e+00
5.873829039812646924e-01
8.006000750093761331e-01
7.213307816870307976e-01
6.295220710255559071e-01
8.392682768048954633e-01
7.321729365524985989e-01
8.398271926964460121e-01
6.811715481171548570e-01
0.000000000000000000e+00
5.342226109774764753e-01
8.394398306464745385e-01
5.511728671746600750e-01
7.468887705195874638e-01
6.579248437912522673e-01
5.812603648424543579e-01
7.498083312036800674e-01
5.747431448594951808e-01
7.478108581436077040e-01
6.086007421960271113e-01
3.035693387946167277e-01
5.643585386576041030e-01
9.552900851857452080e-01
7.996501967643200315e-01
8.858335379327276771e-01
8.746040812087855221e-01
8.050608540191157569e-01
5.281024620741109343e-01
8.185913635864190407e-01
5.876467192611122270e-01
6.474432910419070097e-01
6.627684964200477591e-01
8.292966826341944264e-01
5.066666666666667096e-01
7.673913043478260976e-01
6.510292953285827799e-01
8.885677340838213922e-01
7.726506531816266232e-01
4.608294930875576068e-01
5.284059569773855713e-01
2.952503209242618998e-01
8.337011033099297475e-01
4.287206266318537851e-01
6.139548605989083585e-01
1.971790443293033879e-01
2.756952841596130854e-01
7.332857482750416711e-01
6.886309746661675169e-01
7.925683952633728602e-01
6.855156866428705476e-01
5.278634100071140089e-01
8.882358179713242263e-01
5.618098988495097146e-01
8.579668348954577750e-01
7.434750961838411110e-01
5.861317051897078079e-01
6.779159265837774173e-01
5.029453015427769458e-01
8.552691653177271203e-01
7.570119935782415599e-01
7.074569789674952647e-01
0.000000000000000000e+00
9.377976620002886898e-01
1.649289099526066449e-01
7.835244558857945574e-01
6.010857479233435718e-01
7.546628407460544974e-01
8.459302325581394832e-01
6.849518161601185762e-01
7.764727990228319499e-01
1.622523461939520406e-01
4.780548114568308193e-01
6.855714285714286094e-01
0.000000000000000000e+00
7.983478076678669488e-01
7.666772051849509717e-01
8.003609293931874813e-01
0.000000000000000000e+00
6.479698618668898735e-01
0.000000000000000000e+00
3.795148247978436529e-01
4.970254191454840376e-01
6.835611870623541364e-01
0.000000000000000000e+00
1.765626881849933771e-01
8.609830275679387634e-01
7.185614574707204216e-01
9.673216650560149121e-01
7.607430277876195968e-01
6.347305389221556959e-01
9.376603773584906154e-01
7.313364055299539368e-01
3.228762075490488881e-01
3.921991375931007662e-01
0.000000000000000000e+00
5.271960646521433036e-01
8.123589995095634730e-01
2.492866796816338715e-01
8.623626373626374075e-01
7.052492638846583617e-01
4.121372031662269286e-01
3.857319680432091946e-01
7.269681742043551109e-01
0.000000000000000000e+00
7.094017094017094349e-01
5.057851239669421961e-01
8.094749309119620984e-01
9.096606872703695279e-01
4.345377756921632861e-01
3.514496314496314278e-01
7.296927206003176458e-01
6.268820481560499758e-01
9.054739652870493760e-01
0.000000000000000000e+00
5.964236588720770449e-01
7.986055776892430069e-01
4.533765182186234588e-01
4.084826024294831992e-01
7.272269119314602737e-01
6.229423201555411849e-01
9.029930518439337472e-01
9.288140292507104379e-01
7.693977211068909750e-01
6.246188594014681073e-01
8.972536969464183221e-01
5.533736896500811575e-01
6.994646216177109466e-01
5.552081297635332868e-01
8.064894448788115788e-01
8.298436257619931089e-01
9.074439461883407887e-01
8.808851755673479111e-01
9.030392446149306807e-01
3.603144889554473762e-01
0.000000000000000000e+00
8.914841019520927112e-01
8.994866252364226433e-01
3.303531911126847964e-01
4.363783564970988849e-01
5.957128614157527341e-02
