1.577495863210149063e-01
9.291799787007454237e-01
4.884322925093027012e-01
4.982985963419821474e-01
9.676375404530744850e-01
9.682971014492753881e-01
5.725950497575912346e-01
4.579940417080436976e-01
7.662605435801311815e-01
9.795550210463018770e-01
8.414250785888928164e-01
6.095385808452888909e-01
9.904902443023446690e-01
3.534216335540839027e-01
1.000000000000000000e+00
0.000000000000000000e+00
9.085592769803295665e-01
1.000000000000000000e+00
9.577753269261067848e-01
9.938151041666666297e-01
7.520128824476650653e-01
7.186055469953774866e-01
8.447814451382693601e-01
7.374705988782340738e-01
9.941205291523762533e-01
8.713669865109163748e-01
7.589353038757351566e-01
0.000000000000000000e+00
4.542430136144948172e-01
0.000000000000000000e+00
6.193476130477389985e-01
9.749886311959982121e-01
9.957446808510638236e-01
9.206117989803350721e-01
1.000000000000000000e+00
8.536007974084226513e-01
4.115942028985506984e-01
0.000000000000000000e+00
9.190682395102284241e-01
6.691014098861899351e-01
3.327211076575303794e-01
4.673202614379085018e-01
9.530172413793103203e-01
4.296698326549073209e-03
9.582231623479640081e-01
8.334710743801653221e-01
8.155517021082413498e-01
8.845424780286058608e-01
3.035953550692273573e-01
4.807309796121332912e-01
5.996376811594202882e-01
9.258276617833660627e-01
4.863378873708763539e-01
6.417164778303149353e-01
6.573541495480689917e-03
2.075096851097645856e-01
0.000000000000000000e+00
4.611053659657589066e-01
7.067912589213449781e-01
7.834985609210105562e-01
4.593449173578736944e-01
7.330831343113840548e-01
5.966225771566425751e-01
7.612116734392315731e-01
7.530064754856614639e-01
0.000000000000000000e+00
5.295902883156297092e-01
8.147621305516042911e-01
1.000000000000000000e+00
6.050525655107484857e-01
9.425113464447806289e-01
1.000000000000000000e+00
7.063071738083774864e-01
4.032558361579223760e-01
9.991225504533489676e-01
9.918178584133759967e-01
1.000000000000000000e+00
6.348864994026284236e-01
9.774110366168128339e-01
1.000000000000000000e+00
9.390942217595003028e-01
8.427056233740244373e-01
7.298341852636828220e-01
3.711114994757078178e-01
9.883258158662775461e-01
8.785960874568469192e-01
1.000000000000000000e+00
4.961586564230838214e-01
7.570704593755108736e-01
3.392857142857143016e-01
8.062428625808907290e-01
1.000000000000000000e+00
9.834989055396531343e-01
1.000000000000000000e+00
1.000000000000000000e+00
1.000000000000000000e+00
1.000000000000000000e+00
7.226150457864842780e-01
1.000000000000000000e+00
1.000000000000000000e+00
1.000000000000000000e+00
1.000000000000000000e+00
8.434592227695676403e-01
1.000000000000000000e+00
7.994233937397035028e-01
9.313425216947421870e-01
1.000000000000000000e+00
9.740234374999999778e-01
3.906577181208053529e-01
7.772236076475478317e-01
9.283303038171903943e-01
1.000000000000000000e+00
9.362224039247751817e-01
1.000000000000000000e+00
7.493635900792784410e-01
1.000000000000000000e+00
1.000000000000000000e+00
0.000000000000000000e+00
9.928189457601221957e-01
2.044172932330827197e-01
6.450867052023121495e-01
4.565779014308425920e-01
6.244334124757177085e-01
7.481432108169872031e-01
5.222109189555781406e-01
6.791584483892175728e-01
8.828869723104856848e-02
7.869742198100406760e-01
5.215737419845668521e-01
0.000000000000000000e+00
9.754140786749482261e-01
1.000000000000000000e+00
8.251162790697674776e-01
0.000000000000000000e+00
4.799255929313284708e-01
0.000000000000000000e+00
9.873772791023842643e-01
9.989130434782608203e-01
9.799235181644359027e-01
0.000000000000000000e+00
8.778443113772455009e-01
9.002872384078784984e-01
6.103295819935691258e-01
9.632190462613158255e-01
6.147742146596858470e-01
4.773681398366537154e-01
9.592340951204447741e-01
6.630457489032797191e-01
4.001481115773882768e-01
1.000000000000000000e+00
0.000000000000000000e+00
4.123337363966142477e-01
9.650431134933581401e-01
2.168234064785788950e-01
8.193683111459149071e-01
9.261333333333333639e-01
9.398315282791817049e-01
1.000000000000000000e+00
9.407514450867051625e-01
0.000000000000000000e+00
5.542444200512257613e-01
3.384955752212389646e-01
8.389525368248772486e-01
8.689099917423617203e-01
8.038194444444444198e-01
9.183359013867488096e-01
5.978280380542092542e-01
4.843632253202712623e-01
8.425891415082619185e-01
0.000000000000000000e+00
8.325652841781874258e-01
9.609300095877276737e-01
2.931395543642151269e-01
2.630834512022630634e-01
9.986159169550172798e-01
9.970954356846473132e-01
9.270233196159122224e-01
9.956902957348788830e-01
6.474885844748858865e-01
4.675796770648406597e-01
8.383276511753094962e-01
3.826832754747804821e-01
5.379878320225552901e-01
1.000000000000000000e+00
9.685446009389671040e-01
8.552308112537557738e-01
8.987386747201989712e-01
8.456535876869716306e-01
8.870724637681159930e-01
2.393315428230378961e-01
0.000000000000000000e+00
9.792134831460673761e-01
8.215695952615992281e-01
2.053935057787562024e-01
2.790818087676907311e-01
3.182423435419440977e-02
