9.672730225759298417e-01
9.995790064552343424e-01
9.870331337998482502e-01
9.999551458879992749e-01
9.300996506592398294e-01
9.887764049422080870e-01
9.679945204626473343e-01
9.990872194422258934e-01
9.952547493555325975e-01
9.999636588290874428e-01
9.190110125269551622e-01
1.000000000000000000e+00
9.921618005823561459e-01
1.000000000000000000e+00
2.911639114796505945e-01
8.289819577108334947e-01
6.325111816944318788e-01
1.000000000000000000e+00
6.496779205645292210e-01
1.000000000000000000e+00
9.268904139638368678e-01
6.978703524711643569e-01
7.616520404101669861e-01
9.999633726466925498e-01
6.324010974422514808e-01
9.996634469760711239e-01
8.984215382587490417e-01
9.998768472906404137e-01
2.919820842795861626e-01
9.877751034614119519e-01
7.832780501874819779e-01
7.701739224370746095e-01
1.000000000000000000e+00
8.957701693411225241e-01
9.016492179057944423e-01
6.015907297420775013e-01
5.247446353630532689e-01
3.313143143980590843e-01
3.767644200360982798e-01
9.930667326977837828e-01
9.959964693272806979e-01
9.367690681577960365e-01
2.836123089287646004e-01
9.613061991030809050e-01
9.889181479043229750e-01
9.951137004322495594e-01
9.937269557383340279e-01
9.639512186386346437e-01
9.999507906305360461e-01
9.965256170918896927e-01
9.291020974822707945e-01
9.956700091157703048e-01
9.964710931663196547e-01
9.866338940029237836e-01
9.779519103310568839e-01
9.946014967107921212e-01
9.906026114195328747e-01
9.980654924413797646e-01
9.777299740002476369e-01
9.871373596443444587e-01
9.944439227470498466e-01
9.951776849736033714e-01
6.012397649997687221e-01
9.994458639903949226e-01
1.000000000000000000e+00
9.945043566911448973e-01
9.941001977587343719e-01
9.951637508520237985e-01
9.968883272784709870e-01
9.737652277542372392e-01
9.686640659973140277e-01
9.833668913595378092e-01
9.960606306233281693e-01
9.942065491183879056e-01
9.946108733555238945e-01
9.996548640635050109e-01
9.768667812385347649e-01
9.852587439864777252e-01
9.931497141777294591e-01
8.737586333728390997e-01
9.920326829516367129e-01
8.719685383438934290e-01
9.958490076533921265e-01
9.839336914609629892e-01
9.857223992679771118e-01
9.822870407751311816e-01
6.849754911274081870e-01
9.838945827232796759e-01
9.667294624234676892e-01
4.304767072967106145e-01
7.497892666479347712e-01
8.850086986039801262e-01
9.153170213119383725e-01
9.948334977220422148e-01
9.999331215515799842e-01
8.992060316323736702e-01
1.000000000000000000e+00
9.696751139232206995e-01
9.998291580598568373e-01
3.258354340378772918e-01
8.795685639390246058e-01
9.971741601414498835e-01
1.000000000000000000e+00
9.867827316810344751e-01
9.959464193370810570e-01
1.000000000000000000e+00
6.165055570746144076e-01
9.296272225832791225e-01
6.545871708920493193e-01
1.000000000000000000e+00
9.335233576921605492e-01
7.554643159038763045e-01
1.000000000000000000e+00
6.642261442979053854e-01
8.908430805062250712e-01
1.000000000000000000e+00
1.000000000000000000e+00
9.930978989718373118e-01
1.000000000000000000e+00
9.975308641975308976e-01
9.680598084565770201e-01
9.648244748343437482e-01
9.831234385356650840e-01
9.885496823081694195e-01
7.708611310684594375e-01
3.674165741526807527e-01
9.520058213110604850e-01
7.636548090453906257e-01
9.887014420754847155e-01
9.985831026756293305e-01
8.645632935744517189e-01
9.719752900406810614e-01
7.427182750088370256e-01
9.545583238958097461e-01
9.197014692091278754e-01
9.579721103627762968e-01
9.380744227751625086e-01
7.114694350875255813e-01
1.000000000000000000e+00
8.118375293275870153e-01
9.448933257654168472e-01
8.629433072192738141e-01
6.415491337081237200e-01
9.872962532583775541e-01
9.788561141990904657e-01
9.054386633852126165e-01
9.405960232062280379e-01
9.968991689051541760e-01
8.410908614133997263e-01
3.610754315274576354e-01
9.974010973144672443e-01
9.847137432101139565e-01
7.476896713519247673e-01
9.919290928050051859e-01
9.887695038774175771e-01
9.730197496201996588e-01
9.994950610660523482e-01
5.333596116343720661e-01
5.549135794363376784e-01
7.967032039048117520e-01
9.924652772163564673e-01
9.625686683083917172e-01
1.000000000000000000e+00
9.974075297225891701e-01
9.491137126992447159e-01
9.962297418967587248e-01
9.528368456183846646e-01
9.998876368422742189e-01
9.997641101448363488e-01
4.929771665992572771e-01
8.943554260742898609e-01
9.881364482404717542e-01
7.811376452333194109e-01
9.987078494255379191e-01
9.921126393325077064e-01
9.267402784445510910e-01
1.000000000000000000e+00
1.000000000000000000e+00
8.648734277476792798e-01
9.622635030731724326e-01
9.725712925332018477e-01
2.996189499138973145e-01
9.662241421043812339e-01
9.813718459716825882e-01
8.256507356141725706e-01
8.381036536171193596e-01
9.984528271792009191e-01
9.510871402968924526e-01
9.870222222222222452e-01
9.816548984258934851e-01
9.818623508363015784e-01
9.969601658730298244e-01
9.943946794513635057e-01
4.891185748011188661e-01
8.529057897039521441e-01
9.932990696766638150e-01
