8.178155286943264990e-01
8.321931589537223672e-01
9.292063492063492580e-01
9.184614629838591116e-01
8.829086744918408503e-01
8.547313747768219283e-01
8.051779935275080735e-01
9.550799623706490715e-01
8.758415185961814231e-01
8.911999155360819103e-01
7.157829361074450336e-01
3.192913385826771644e-01
7.724494593323930625e-01
6.875310481867858980e-01
8.790589630801166621e-01
7.172002978406551987e-01
6.425339366515837591e-01
9.025525313778028913e-01
9.344856425982714931e-01
8.561956071280563130e-01
6.519003272086584255e-01
2.520838595604950605e-01
9.144921066515158126e-01
7.280203280203280114e-01
8.084892207029611422e-01
9.317118802619270834e-01
9.620226383158785310e-01
4.645669291338582751e-01
5.053479300364918103e-01
9.810550487976016365e-01
8.755364806866953176e-01
9.155361050328227890e-01
8.463688966907223499e-01
8.697410604192354899e-01
8.919038926439389892e-01
8.801844525375324135e-01
5.823474262243850674e-01
6.824200913242008948e-01
6.565377532228361401e-01
6.773120425815036816e-01
8.668541959681199671e-01
8.394906241253847767e-01
1.745948771562990109e-01
8.295158414483609910e-01
9.068493150684932003e-01
9.374026782933665425e-01
8.200413223140495811e-01
9.758484280657921950e-01
9.565495207667731314e-01
8.481636858762051645e-01
6.459131195973301098e-01
9.734800506649777807e-01
6.494634644864588635e-01
9.656696625902461140e-01
9.190908385695446547e-01
9.754601226993865337e-01
9.614069369809477017e-01
9.657631954350927028e-01
8.525059665871121961e-01
9.589599185189623398e-01
9.511627906976743985e-01
8.675269949960494609e-01
6.190691369182105275e-01
8.779527559055118058e-01
8.982898289828983307e-01
9.570658786719972166e-01
8.925675675675676102e-01
9.654027830971531055e-01
9.004692516670782521e-01
9.189625774028538086e-01
7.950053375602497141e-01
9.572973303195063677e-01
9.080622347949081075e-01
9.533429533429533809e-01
9.487029451921201728e-01
6.303680981595092270e-01
9.390765041787997314e-01
9.601867780781518924e-01
9.221216041397154450e-01
9.600048013443763795e-01
9.679091394161140061e-01
9.061463715585718059e-01
7.799179033785916815e-01
9.523406058038551558e-01
9.345225146834892360e-01
8.970870399441828180e-01
8.655443907955978622e-01
8.459189046866771866e-01
8.356685957965275247e-01
6.361112139498722451e-01
8.648068669527897434e-01
9.176225805568483107e-01
6.810928124601046685e-01
4.715771477418435609e-01
7.928541924824452636e-01
9.370446771287568311e-01
8.485612928655892340e-01
8.626813406703351950e-01
8.812615955473098728e-01
4.829431438127090304e-01
8.970870678617157701e-01
9.187592319054652679e-01
8.799180927307298505e-01
7.190853122251539276e-01
8.803854350041693255e-01
7.299081733323214971e-01
3.550651955867603071e-01
7.958833619210977650e-01
7.525811209439527971e-01
7.757255936675461205e-01
9.351252199303710100e-01
6.135747397883319909e-01
7.129358311658380298e-01
8.613202084539663961e-01
8.538147033865617352e-01
7.955139234053399955e-01
8.001984373062135392e-01
8.684738955823293471e-01
8.704796101564503674e-01
8.618977318480740557e-01
4.925346499315924054e-01
9.183977078626921475e-01
6.131704286601781240e-01
9.020113460546673734e-01
8.799560336028892094e-01
7.904681331077270112e-01
5.800475654024283001e-01
8.983050847457627608e-01
9.170506912442396574e-01
8.019196160767846360e-01
8.240999265246142791e-01
9.001628664495113785e-01
7.310125290780721263e-01
9.024989992565906061e-01
9.434213150721361130e-01
9.546998867497168417e-01
8.441982464507135075e-01
8.675401486836160636e-01
8.093841642228738475e-01
5.465663726392120392e-01
8.880880490893152679e-01
8.569781803211198312e-01
7.463432037103103767e-01
7.175375064666321689e-01
8.611220086308356558e-01
9.206878086511572912e-01
7.888131946934384686e-01
9.416251100029333632e-01
6.718217703996106627e-01
5.095050522349717781e-01
9.503401360544218024e-01
7.935956790123457338e-01
8.483451254736730229e-01
8.002592264138072009e-01
9.308115663492617653e-01
9.615298256118554043e-01
7.792017575979495181e-01
7.223188405797101863e-01
7.104344182148344400e-01
8.439824357021238344e-01
3.176338901325985731e-01
9.084293511218920480e-01
9.703960800326664193e-01
6.927418296364352690e-01
9.379397692091190342e-01
9.117725455353176134e-01
9.506729976847310137e-01
9.353937202038468124e-01
6.791044776119402604e-01
8.755990415335462851e-01
7.824087807772174274e-01
9.758454106280193274e-01
9.714810672631410959e-01
7.771535580524344677e-01
9.540983606557377206e-01
8.601012103262517527e-01
8.347522375027286445e-01
8.010786143953536609e-01
8.564080582940419850e-01
9.310943833236826617e-01
9.203309854339054574e-01
9.090262022331954128e-01
9.042890520694258916e-01
7.760625925142736747e-01
8.892625286067908918e-01
9.276351230023343053e-01
9.481641468682505680e-01
9.572078907435508377e-01
8.423515647850248200e-01
8.284375697181527443e-01
9.403154313988248969e-01
9.449046984531602744e-01
9.674882806593074758e-01
9.095215537659876448e-01
9.629593857149756353e-01
9.230973216653407531e-01
