9.693519571219749720e-01
9.971621916612093406e-01
9.868476519686366633e-01
9.732445221915718703e-01
9.888597324403947120e-01
9.830211239537663959e-01
9.841373620386369980e-01
9.914915812293197961e-01
9.891466758616159760e-01
9.998728059018061609e-01
9.349454312005135437e-01
9.938033666747987382e-01
9.849531754151255036e-01
9.983146246064807938e-01
9.536313542054253301e-01
9.990856396440526144e-01
9.930316976729111067e-01
9.972449558382626700e-01
9.965040624089599453e-01
9.830433196389766204e-01
9.779229732694055821e-01
9.982118693214768745e-01
9.854242877992380745e-01
9.411032158816203808e-01
9.762147092663067127e-01
9.953892235721737425e-01
9.972319251301654530e-01
9.982450738916256450e-01
9.296461014383042842e-01
9.948226004744507023e-01
9.493618402076723362e-01
9.744877750171041519e-01
9.755542032513256911e-01
9.994823633809065688e-01
9.580521159944022092e-01
9.105577937450679560e-01
9.789571620872594693e-01
9.998996067932736098e-01
9.787112598923222162e-01
9.944750526185465178e-01
9.911102704747494219e-01
9.529646425040062541e-01
8.687037294632231621e-01
9.792283905645409181e-01
9.915828082385027553e-01
9.981519764455303312e-01
9.955454712290828789e-01
9.954871868340466889e-01
9.918640509152942819e-01
9.947797828942819276e-01
9.955161157179842624e-01
9.978729869340625669e-01
9.979017310718657496e-01
9.947306697511526519e-01
9.800157726060036989e-01
9.953611663353214567e-01
9.978289861365257085e-01
9.979250846347056392e-01
9.731026371177416978e-01
9.983130963467993224e-01
9.948351957930322564e-01
9.969111969111968952e-01
9.763303572805354102e-01
9.989379059815903794e-01
9.982106138850084243e-01
9.928476989980407064e-01
9.985662491760052273e-01
9.942224674608068913e-01
9.995893223819302120e-01
9.822232521186440302e-01
1.000000000000000000e+00
9.966033441302635243e-01
9.994650239118100243e-01
9.956549118387909569e-01
9.918687589158344808e-01
9.627723828498815362e-01
9.918126170660590546e-01
9.942302691457547414e-01
9.981732571140612409e-01
9.197760431566471828e-01
9.949992371717719664e-01
9.743365657720037820e-01
1.000000000000000000e+00
9.968526513528656041e-01
9.925220080143880574e-01
9.941797873772035832e-01
9.957251966409544908e-01
9.545590855368766281e-01
9.701103411155217460e-01
9.788153281015194995e-01
9.928350660297836638e-01
9.668604404463868596e-01
9.104998255842926547e-01
9.349960077027852368e-01
9.959371342584851794e-01
9.477076006149569576e-01
9.745444756633073746e-01
9.992131921450349008e-01
9.931663223942721608e-01
9.367364746945898712e-01
9.736029252166363834e-01
9.981371558474362304e-01
9.718866681309027422e-01
9.107118803879310498e-01
9.885565582931589157e-01
8.764324049898462032e-01
7.910829459733325075e-01
9.971170991018013519e-01
9.493442249487421547e-01
9.999143028537149647e-01
9.785170448023874368e-01
9.991546914623837816e-01
9.991956172007478987e-01
9.935027152831652497e-01
9.892966622711626412e-01
9.431106737474337365e-01
9.738756027156472150e-01
9.411175681716584807e-01
9.896499191154528585e-01
9.881238045557294569e-01
8.517167242165613050e-01
9.754335260115607475e-01
9.997960536378932561e-01
9.882311522406075355e-01
9.988367716993397094e-01
9.990530921439300105e-01
9.378321943811692707e-01
9.884805445560754800e-01
9.954633271234388792e-01
9.961447212336892454e-01
9.772439949431099837e-01
9.789396146183851899e-01
8.752739483916578411e-01
9.313420158550396177e-01
9.662199124726477129e-01
9.859496720417817439e-01
9.231300904132108132e-01
9.459384836269257857e-01
9.944184455604098138e-01
8.584621528528878498e-01
9.967446829822043108e-01
9.819728750737090062e-01
9.880001315054081079e-01
9.879714833076850278e-01
9.857093228903486271e-01
9.759437068875871368e-01
9.975207021371547134e-01
9.828733166273053712e-01
9.962539099814569088e-01
1.000000000000000000e+00
9.893156222928096710e-01
9.997115800605681502e-01
8.815153307901018032e-01
9.984358706986443677e-01
9.946557040082220080e-01
9.915193938578104049e-01
9.750686401363335420e-01
9.924069540682959323e-01
9.989659077852370839e-01
9.959972301508216441e-01
7.335683218264427152e-01
9.419208183368061871e-01
9.932742079061026574e-01
9.990422721268163997e-01
9.768380996757721757e-01
9.991559123649459417e-01
9.920282254219510154e-01
9.998394812032489476e-01
9.995596722703612436e-01
9.918557193808140715e-01
8.893663510560815277e-01
9.915285194913632250e-01
9.953260417060894039e-01
9.969953607123952510e-01
9.926504139234730850e-01
9.840614498319730785e-01
9.567350250811448298e-01
9.995530440890080248e-01
9.911130120710959224e-01
9.793290526388077621e-01
9.777237403710442587e-01
9.690763199355145741e-01
9.690729327648165414e-01
9.906942614612344045e-01
9.062853660659876409e-01
9.670943947135887120e-01
9.969694552994656789e-01
9.897710749670307617e-01
9.903676767676767856e-01
9.579014138581467552e-01
9.881161466112962088e-01
9.885610866089157289e-01
9.885370293603445990e-01
9.499871049655801425e-01
9.981041271693160688e-01
9.993982174224188553e-01
