1.000000000000000000e+00
9.999658615686609631e-01
1.000000000000000000e+00
9.933021806853582492e-01
8.211059403230221987e-01
9.997788239754810125e-01
1.000000000000000000e+00
9.999351985354868466e-01
9.818477778325852556e-01
9.669185180050601236e-01
1.000000000000000000e+00
9.980974477958236557e-01
9.454636456388242349e-01
9.718567382497400597e-01
9.960227558777626777e-01
7.041979156520892236e-01
8.276039903946880161e-01
9.585808446578241160e-01
9.701768229260069321e-01
9.911702959700324778e-01
5.921347465948286759e-01
1.000000000000000000e+00
9.912190395446012214e-01
9.125049544193420958e-01
7.663629325233756173e-01
9.927780610985901255e-01
9.817778872198965612e-01
8.803300978207501126e-01
9.742909682438645191e-01
9.836402789830617222e-01
9.993473916058245310e-01
9.554699320876878232e-01
1.000000000000000000e+00
9.907676119681618765e-01
9.639910536779323635e-01
9.976255509342603078e-01
6.776054814280562111e-01
8.552371450215250359e-01
1.000000000000000000e+00
8.169451518727871564e-01
1.000000000000000000e+00
1.000000000000000000e+00
8.797916666666666385e-01
1.000000000000000000e+00
9.961188331256014550e-01
8.545756725875143234e-01
9.978249562627075075e-01
9.971804657683620565e-01
9.992819810643378542e-01
1.000000000000000000e+00
9.960999330950865982e-01
9.974339155974648596e-01
9.950715835140997445e-01
1.000000000000000000e+00
9.983209028076066582e-01
1.000000000000000000e+00
9.967559177337990128e-01
1.000000000000000000e+00
9.988986536602908473e-01
9.925390730261385297e-01
9.188077458549550602e-01
9.580335936298549626e-01
9.843806871231662869e-01
1.000000000000000000e+00
9.073435907392127797e-01
9.522818196629315723e-01
9.981424632892086368e-01
1.000000000000000000e+00
9.989586458866512864e-01
1.000000000000000000e+00
9.994455884682401647e-01
9.999681908548707643e-01
1.000000000000000000e+00
9.991134147173157398e-01
9.600198131899235765e-01
9.968108772421088171e-01
6.557989558808475783e-01
9.987508481895009949e-01
9.954669464847848426e-01
9.710423679008387543e-01
9.985445588893864244e-01
1.000000000000000000e+00
9.999174508832755492e-01
9.983004922159336436e-01
9.995617467522304178e-01
9.953688336731629782e-01
1.000000000000000000e+00
9.997960240377826713e-01
1.000000000000000000e+00
9.998258611955420649e-01
9.969842797561757619e-01
9.917145278222390115e-01
1.000000000000000000e+00
9.996732613419156976e-01
9.854655910115295292e-01
1.000000000000000000e+00
9.996224083482081468e-01
9.901252357441037155e-01
1.000000000000000000e+00
1.000000000000000000e+00
9.890715501225547657e-01
9.999845366404305214e-01
1.000000000000000000e+00
9.993956080854207169e-01
9.994530572215306607e-01
9.969772514802118790e-01
9.975782624840568991e-01
9.550222371402198318e-01
9.986356089622409060e-01
9.988515914769464654e-01
9.985378258105530591e-01
7.370018144278295269e-01
9.073529161634888984e-01
9.982637366491871056e-01
1.000000000000000000e+00
9.719591901801371003e-01
9.981170831906881480e-01
9.998695964008607051e-01
1.000000000000000000e+00
9.917009849208462402e-01
9.995394559227556153e-01
1.000000000000000000e+00
7.598136399682791087e-01
9.966863792748085205e-01
9.996308033104636115e-01
9.689346199291059003e-01
9.937518135216171222e-01
9.991756107614503390e-01
1.000000000000000000e+00
9.976299925241375322e-01
1.000000000000000000e+00
9.854646249535206071e-01
8.542341074360778608e-01
8.057081807081807323e-01
9.997768639826591919e-01
9.899068726913271554e-01
1.000000000000000000e+00
9.997638836418587527e-01
1.000000000000000000e+00
9.951737906965776315e-01
9.985420405024352242e-01
1.000000000000000000e+00
9.982100118662134980e-01
1.000000000000000000e+00
6.322487618331139592e-01
9.528428039762200097e-01
9.959571979080649173e-01
9.884824827719146390e-01
9.909137363865734294e-01
9.045271696122395566e-01
1.000000000000000000e+00
9.970966667195506616e-01
9.999061869693700588e-01
9.999537072756731204e-01
9.884064647395293113e-01
9.919916308935463611e-01
9.989532449406838266e-01
1.000000000000000000e+00
9.997879109225874528e-01
9.991739686755964911e-01
1.000000000000000000e+00
9.605081157374735223e-01
9.949886185174074971e-01
8.930810547788819997e-01
9.999788739833104234e-01
8.701308728718680774e-01
9.774880731513384546e-01
1.000000000000000000e+00
9.989738413659685623e-01
9.978369673334701595e-01
9.998433510346663722e-01
1.000000000000000000e+00
9.987620423127588909e-01
9.766292735042735318e-01
9.997039719992337758e-01
9.999423154575345363e-01
1.000000000000000000e+00
9.998374148968600661e-01
9.953582272243152174e-01
9.594591657065844048e-01
1.000000000000000000e+00
9.963599993441439873e-01
9.974721669445489880e-01
1.000000000000000000e+00
9.935752200932159717e-01
9.964301893630514995e-01
9.996686024491857614e-01
1.000000000000000000e+00
9.962899723855899170e-01
9.997402012574259089e-01
1.000000000000000000e+00
9.997833947048336833e-01
1.000000000000000000e+00
1.000000000000000000e+00
9.684341130533152819e-01
1.000000000000000000e+00
9.682100745525739072e-01
9.970482459116509766e-01
9.999209798498617241e-01
9.998719774680343564e-01
9.976834128433162974e-01
9.983145978089771333e-01
9.999384482811682906e-01
9.997197178493015812e-01
9.938163108781796762e-01
9.894273858921162068e-01
9.986607569911674087e-01
9.998979279371236206e-01
9.998434319711915208e-01
9.972632731253421312e-01
9.773060189335140979e-01
9.846752098983649892e-01
9.976904941380250191e-01
9.983048879600603387e-01
9.976090192228520559e-01
9.721935739785799724e-01
9.998626703745665534e-01
9.836154908086899296e-01
9.950951644719304712e-01
8.898026315789473450e-01
9.971781999540637598e-01
9.864256468629483132e-01
1.000000000000000000e+00
9.994273989597747265e-01
8.947020451339915414e-01
9.204116165591059717e-01
9.913729674049003293e-01
9.855294891471169105e-01
9.951222771615662044e-01
9.996074760711374241e-01
9.403050587073411570e-01
1.000000000000000000e+00
8.748116378810710803e-01
9.444879089615931811e-01
9.060127440347071071e-01
9.192011012128925573e-01
9.382994186046511587e-01
8.910798795353506163e-01
9.354998452491488647e-01
9.965960273148052329e-01
8.285964875644746819e-01
9.999073444931744215e-01
9.999654110892047809e-01
9.989596578430238738e-01
9.895367076016680086e-01
9.525825076070842945e-01
9.286089009355600332e-01
1.000000000000000000e+00
8.629685622359188901e-01
9.967172753385309392e-01
9.985500549704434681e-01
1.000000000000000000e+00
9.300867244829886804e-01
9.792392627734162192e-01
8.821715491357623451e-01
9.936127317168905737e-01
9.989681288086754707e-01
9.998077877977287198e-01
9.998655160820352217e-01
9.957722823883708996e-01
6.838308733769836723e-01
9.938727457590839087e-01
9.999292398591873576e-01
9.911224896927782746e-01
8.832783340919435622e-01
8.746661187589891417e-01
9.998884426595270325e-01
9.987045712663259467e-01
9.763640857690168984e-01
1.000000000000000000e+00
1.000000000000000000e+00
1.000000000000000000e+00
9.353901494189263977e-01
9.790199282507842105e-01
9.999105225483178039e-01
9.846673359496211919e-01
9.869050935893214360e-01
9.775172441530758372e-01
8.358531317494600765e-01
9.915434116101209394e-01
9.914045354791514164e-01
9.832501918649271255e-01
9.792799744057812950e-01
9.938802480431025987e-01
9.510730738161256026e-01
9.993567934460637625e-01
9.964395445508765770e-01
9.969706993506154413e-01
9.840235275415308847e-01
9.481394830659536366e-01
9.977995977759375190e-01
9.931170336037079549e-01
9.961810859602833190e-01
9.990912903676778534e-01
9.889050138102148946e-01
9.029780193807610544e-01
9.997072867309416688e-01
9.133148896928424687e-01
9.990232972336330342e-01
5.972382713196210391e-01
9.434268073064059346e-01
9.987231684694884981e-01
9.535263270547945647e-01
1.000000000000000000e+00
9.873578343829306769e-01
9.927423722693626829e-01
9.981027586914162919e-01
9.904315659679407968e-01
9.994880000000000431e-01
9.999168551283756923e-01
9.992631607674044014e-01
7.982645778422720051e-01
9.163869235139182612e-01
9.970813167325525139e-01
9.998418534772466337e-01
4.259685122943570046e-01
8.809666766736715671e-01
9.529685516852347549e-01
7.258758647071950065e-01
1.000000000000000000e+00
9.369228361245891534e-01
1.000000000000000000e+00
8.716819322093226630e-01
1.000000000000000000e+00
9.787985865724381229e-01
1.000000000000000000e+00
1.000000000000000000e+00
9.999619301418102291e-01
9.947352810321815619e-01
9.989063592520214252e-01
1.000000000000000000e+00
9.016175413371675385e-01
1.000000000000000000e+00
9.846490834335781539e-01
9.199290981902531472e-01
6.638332407842467697e-01
9.681992871224038844e-01
7.709447415329768738e-01
9.999311215704281830e-01
1.000000000000000000e+00
8.671628509020306019e-01
8.821683549902070709e-01
9.757267852102737837e-01
9.937225138317491435e-01
8.972704281852271757e-01
9.974441547819864473e-01
9.874065328610782677e-01
9.881436125800167058e-01
9.869457659372026237e-01
9.945603083161043134e-01
9.905889382679164967e-01
9.295590685943341258e-01
1.000000000000000000e+00
1.000000000000000000e+00
9.877763107457727676e-01
9.925529719317556232e-01
8.453226166555034560e-01
9.980229711918658930e-01
9.964411363959896351e-01
9.671293642684476444e-01
9.378259676091134089e-01
9.990628745777486719e-01
9.634365139922872467e-01
8.783297635633928735e-01
9.977498977226237908e-01
8.677819880365100769e-01
9.647457792524641862e-01
9.990609226435027690e-01
8.827896995708154337e-01
6.915634674922600533e-01
9.681226053639846452e-01
9.506760472569358855e-01
9.792689784442362155e-01
9.976339845850510368e-01
9.528749850365109131e-01
9.830242783406614171e-01
9.939827409155601590e-01
9.386536373507057274e-01
9.728897894277873659e-01
9.518979591836734810e-01
1.000000000000000000e+00
9.091230135373749022e-01
9.731254147312541347e-01
1.000000000000000000e+00
9.736166295183641406e-01
1.000000000000000000e+00
9.997029280157447850e-01
9.298416565164433489e-01
1.000000000000000000e+00
9.977425675100093372e-01
9.999192897497982679e-01
9.895440521083305185e-01
1.000000000000000000e+00
7.190265486725663235e-01
9.951716738197424750e-01
1.000000000000000000e+00
9.777209444734614729e-01
9.522993562728662154e-01
1.000000000000000000e+00
9.980232362978572747e-01
7.261716288292165977e-01
1.000000000000000000e+00
9.633027522935779796e-01
9.891595887349128313e-01
9.992312347678165008e-01
1.000000000000000000e+00
9.999201737020243508e-01
9.327400901421472046e-01
1.000000000000000000e+00
1.000000000000000000e+00
8.882945794022236718e-01
1.000000000000000000e+00
9.991377228986306758e-01
9.998789597454695866e-01
9.996963526595934457e-01
9.759636485684042295e-01
9.553654875527486379e-01
9.472916417553509660e-01
8.945239916930811663e-01
1.000000000000000000e+00
9.973581091863330528e-01
4.055058619192357661e-01
9.536301496397561195e-01
9.999665036511020677e-01
9.157800625838176112e-01
1.000000000000000000e+00
9.541645740265919384e-01
9.583186014535455266e-01
1.000000000000000000e+00
9.999817321568842399e-01
9.288710729933812305e-01
9.573401713386561207e-01
9.917978595925788232e-01
1.000000000000000000e+00
6.387508104603414338e-01
1.000000000000000000e+00
9.999760024957404791e-01
9.303594240928080294e-01
9.999799245161807848e-01
1.000000000000000000e+00
9.908190384150761254e-01
9.999320298162539533e-01
1.000000000000000000e+00
1.000000000000000000e+00
1.000000000000000000e+00
9.987816626055420199e-01
9.064894382593234878e-01
9.911421063938787857e-01
9.982182973119528846e-01
9.995152771277662218e-01
9.567289631855747656e-01
9.823860686184446855e-01
9.985696771557008855e-01
9.967859951448011513e-01
7.679709631728045549e-01
5.435210636099576664e-01
9.985331794801588501e-01
9.989547654654510334e-01
9.987412216774876894e-01
9.996505490059038879e-01
9.913844429657129309e-01
9.963549851580233430e-01
1.000000000000000000e+00
1.000000000000000000e+00
6.494945600241404104e-01
8.992356886601153843e-01
9.622329182265005887e-01
9.856930251016966515e-01
9.898588101586746069e-01
9.684208480702708455e-01
9.821078927823914118e-01
9.974529886739283979e-01
9.992826741906173371e-01
9.939146486452662410e-01
1.000000000000000000e+00
1.000000000000000000e+00
1.000000000000000000e+00
9.974584860060808911e-01
9.996452314479183920e-01
1.000000000000000000e+00
9.981214283459097780e-01
9.993749316331473898e-01
9.992347456700660935e-01
1.000000000000000000e+00
1.000000000000000000e+00
9.992409690811078216e-01
9.957624458534748424e-01
9.990970032752762853e-01
9.991613474351208612e-01
9.994482712499164201e-01
1.000000000000000000e+00
1.000000000000000000e+00
1.000000000000000000e+00
9.994064245810055924e-01
9.999526223527739344e-01
9.990640999761437602e-01
1.000000000000000000e+00
9.985116158674690601e-01
9.987683961087553408e-01
9.995894650413692517e-01
1.000000000000000000e+00
9.998267116166230650e-01
1.000000000000000000e+00
9.999804255485740256e-01
9.969596783572295395e-01
8.877279430277308370e-01
9.988663364030251346e-01
9.850381880866366791e-01
9.898090711351003046e-01
9.533863864053078174e-01
1.000000000000000000e+00
1.000000000000000000e+00
9.619217306297499492e-01
9.994841704816558314e-01
9.999519661841936857e-01
9.984618799949257495e-01
9.999344584630509569e-01
9.825331930051813822e-01
8.534677707309608063e-01
9.954303716527082013e-01
9.999682252196431254e-01
9.968872329387350462e-01
1.000000000000000000e+00
1.000000000000000000e+00
9.997685070357326120e-01
9.999211020466128863e-01
9.997010087022204505e-01
9.974351308397979565e-01
9.996746002231312600e-01
1.000000000000000000e+00
9.913600714149078952e-01
9.976255302982334205e-01
1.000000000000000000e+00
9.998915350883988973e-01
9.998895968708598758e-01
9.652031153022203602e-01
9.973123349679365868e-01
9.998413504251808526e-01
9.962087601839154649e-01
1.000000000000000000e+00
9.999521462410871919e-01
1.000000000000000000e+00
9.999637615510056365e-01
9.995312525255790614e-01
9.999226209820945011e-01
9.954666666666667219e-01
9.999841616775950737e-01
9.995357400144080362e-01
1.000000000000000000e+00
9.980408518666328277e-01
9.998751930607341354e-01
9.986666875813712263e-01
9.998722758840903335e-01
9.992726237725526595e-01
9.905820964380598337e-01
9.999831547739370663e-01
1.000000000000000000e+00
9.974609405423929820e-01
1.000000000000000000e+00
9.988322668036806462e-01
9.460091891984218071e-01
9.990249151003665062e-01
9.641827841244487995e-01
9.894134621837460397e-01
7.807183957604929558e-01
1.000000000000000000e+00
1.000000000000000000e+00
9.992974691325500203e-01
9.998757532459464636e-01
9.993369328407691876e-01
9.960494538010011834e-01
9.991077438442151903e-01
9.717635194756082395e-01
1.000000000000000000e+00
9.992213899746172912e-01
9.993136362910820525e-01
9.987943426849060780e-01
9.950787726657198684e-01
9.998759151259462019e-01
9.996387850614065762e-01
1.000000000000000000e+00
9.997999661481173916e-01
9.987767791916548621e-01
1.000000000000000000e+00
9.986873803199703969e-01
9.984041874122303595e-01
9.890210857445417281e-01
9.996582258816218980e-01
9.975937875970688484e-01
9.999536464771322519e-01
9.987713633141687142e-01
9.987305322475771296e-01
9.999223240640049415e-01
9.997068625030856026e-01
1.000000000000000000e+00
1.000000000000000000e+00
9.998439450686641417e-01
1.000000000000000000e+00
9.998897464167585403e-01
1.000000000000000000e+00
