5.906334078161339374e-01
9.171399673228040061e-01
8.805100182149362409e-01
8.367371681123320082e-01
6.855414662585629371e-01
8.259860788863109260e-01
4.433203035180501295e-01
9.381243063263040582e-01
8.187665531592887014e-01
8.710161855498080863e-01
1.768077601410934785e-01
7.053403755868544733e-01
8.465090822016214656e-01
7.498628280024529635e-01
6.566578960945158583e-01
4.132776730406679255e-01
3.981389938935737116e-01
8.471829699437990469e-01
8.406889641681377645e-01
9.630399287516698825e-01
5.088713125267207982e-01
0.000000000000000000e+00
6.714672550396149076e-01
5.757615035644847445e-01
7.066998480979929109e-01
9.119038234134805299e-01
8.573286271595764729e-01
7.115832944781189662e-01
7.903992667697771202e-01
8.418107833163784859e-01
4.392628235607372034e-01
8.711939102564102422e-01
5.572672103687837941e-01
9.494673193204722361e-01
4.984328376921340897e-01
9.166317553414327080e-01
5.425274775391070170e-01
6.485844252834543910e-01
3.461999520498681426e-01
1.428840007520210675e-01
1.825396825396825295e-01
7.330220146764510059e-01
8.409276529468745487e-01
6.102121539014743190e-01
8.594042907727557079e-01
7.772788504714862601e-01
9.514429683921209469e-01
9.164661395668615151e-01
9.798526670808556105e-01
8.423645320197044040e-01
9.368801773422004153e-01
8.699228791773778724e-01
9.524750030860387184e-01
9.448758752387014237e-01
8.428621949781917033e-01
8.248280854144046659e-01
8.807045636509207576e-01
3.557443972340248312e-02
7.445763771091866712e-01
8.909253101938204855e-01
4.521056076805585744e-01
8.340608742450517088e-01
7.502005454837157306e-01
4.980378166250445937e-01
8.762671084289828105e-01
3.560631889987498355e-01
8.123244739305629514e-01
7.811691670977755075e-01
9.410936399906125738e-01
8.473890163270814124e-01
9.581953642384105629e-01
9.070053256861941859e-01
7.122285358449443882e-01
5.772171401059219553e-01
8.593533597593008277e-01
8.858156028368794344e-01
4.278782259310771052e-01
9.117451891174518375e-01
8.204454242270080577e-01
8.801978489676194339e-01
9.361211722094171517e-01
5.539923954372623083e-01
8.243712801458699113e-01
9.621353196772191030e-01
8.705656759348034957e-01
9.274177059905949205e-01
7.245681381957773670e-01
9.149371528792750174e-01
8.440148934484670296e-01
9.520711342441986469e-01
9.201958105646630415e-01
7.145265676836896063e-01
8.816287878787878451e-01
9.569662387066095732e-01
3.221467072884930949e-01
8.483278379651436607e-01
9.272100627448669474e-01
9.319392274485619465e-01
8.591160220994474850e-01
2.360156104813231626e-01
6.571492304260539985e-01
8.824662813102119863e-01
9.308411214953270507e-01
9.499285409823734483e-01
8.778135048231511250e-01
8.707037643207855560e-01
9.388027792624265011e-01
6.657216812523111260e-01
7.322175732217572897e-01
8.455476753349093766e-01
9.678864824495891916e-01
1.503421126628549931e-01
6.616297895304911192e-01
7.443384548168644477e-01
3.925990170569528814e-01
5.720075655228317180e-01
8.962803474645482105e-01
9.492636783833171554e-01
9.065956575174108911e-01
7.045650301464254639e-01
9.659996114241305998e-01
9.369863013698630505e-01
8.418528686103485814e-01
9.236018957345971669e-01
9.377817853922452151e-01
7.248088277998258055e-01
8.302736270133902474e-01
9.683786505538771738e-01
8.959217644610902864e-01
9.585236616115475616e-01
5.539430565604119838e-01
8.013466907538183692e-01
9.037467776299836775e-01
6.635170838744346433e-01
9.755219582433405368e-01
7.832681232690025253e-01
8.714395688991531941e-01
6.988365439633797971e-01
6.872494549546381837e-01
8.738922972051806903e-01
9.617934954215345833e-01
2.814960629921259838e-01
8.770316284621054725e-01
7.048300536672629235e-01
1.218602687680292729e-01
5.780059905862215963e-01
7.818488875835230001e-01
8.119243007871378426e-01
8.031716417910447214e-01
5.953397584482127414e-01
5.682363651411073135e-01
9.575200918484501056e-01
6.604496155757593190e-01
9.251887439945092328e-01
8.258588177420677079e-01
9.554577549934709646e-01
9.398373983739837234e-01
7.741374626460201247e-01
6.804866290446076604e-01
9.215308370044053010e-01
3.402957052335132682e-01
8.350743674649201420e-01
8.665665364974466378e-01
7.447905921188363587e-01
8.510785921533997600e-01
4.267980740294914366e-01
8.046515664323526940e-01
7.666743141817704554e-01
8.647969861866889874e-01
9.302832244008714113e-01
8.992737606567730024e-01
5.694497883801462601e-01
9.213569776407093403e-01
8.478917230609057665e-01
8.159930590702045849e-01
8.926336455478751652e-01
9.133406313796266218e-01
9.180566587238548903e-01
9.207017543859649100e-01
6.053348539567889874e-01
3.169548451299912806e-01
8.863712095968010463e-01
6.257259419246460341e-01
2.570327552986512720e-01
9.266179928226704332e-01
9.479293991101549466e-01
9.392423159399571064e-01
2.540502465367457385e-01
9.514433133454190950e-01
8.808674561278356796e-01
6.998479793093916879e-01
6.554740122650045686e-01
8.006835828658468435e-01
7.708497246262785429e-01
8.315575242427870606e-01
5.938988432751191038e-01
7.710068442318792625e-01
9.661382749125548841e-01
9.406838799720865785e-01
9.434346865975878904e-01
9.360112097150864452e-01
9.211356466876972071e-01
3.086419753086419582e-01
9.301611665387566896e-01
9.005812174977056994e-01
8.226476578411405782e-01
8.709799345943369797e-01
9.545944281976296297e-01
9.535017588743204264e-01
9.029657356752087694e-01
8.709660409196372521e-01
8.995804789973979032e-01
9.521778860798050248e-01
8.166395293870476468e-01
8.852591248235531785e-01
9.372518367984993271e-01
9.766139196191009342e-01
9.731011604204692356e-01
9.644083899729591902e-01
9.004798265610304275e-01
8.877665722020803285e-01
9.342151551396609133e-01
8.095654978574390315e-01
9.484068790827889783e-01
9.366751846536213177e-01
8.614392495969515062e-01
7.614999240929102298e-01
8.859050219996965625e-01
3.880335620691302001e-01
8.849837508812352649e-01
9.276191805681580638e-01
5.201616097599619515e-01
9.355889270852180140e-01
8.929538324905816893e-01
9.619921363040628837e-01
9.238375059378244325e-01
9.663183550703969837e-01
9.082477387705043537e-01
9.615616056358700092e-01
9.717220649604575433e-01
8.002811663870119663e-01
7.088006230529595442e-01
9.146281970869050149e-01
9.186966370447813279e-01
9.600893521965748745e-01
9.002005539108012266e-01
8.666208756264468516e-01
6.698702722455691649e-01
9.303531015014723238e-01
8.240696817690933429e-01
9.485466690738399986e-01
9.314859390594727451e-01
9.093930731901881392e-01
9.677979436260546464e-01
9.631040397468504377e-01
9.671453662568446630e-01
9.265756498971385868e-01
9.773578758755497864e-01
8.362351894086889059e-01
9.445562300265467615e-01
6.177211020398559738e-01
9.135586117566383280e-01
9.161910483628716850e-01
9.467944771787881741e-01
9.325168439308132440e-01
8.904662153973996741e-01
8.646064703042009025e-01
9.630122553097100191e-01
9.624604388448899650e-01
4.145998735333379925e-01
8.842688269818963498e-01
8.392292205924647419e-01
9.393335594370019193e-01
9.455055741794652358e-01
8.560951085349263190e-01
9.656841452063295028e-01
8.470895618280721573e-01
9.577344441392779961e-01
9.346959848555050909e-01
9.445723936741901028e-01
6.832848588537211443e-01
9.042877312922642519e-01
9.081454460786215765e-01
9.738175160207507286e-01
9.389999999999999458e-01
9.279176201372997257e-01
9.621118320043583472e-01
9.652734714126255389e-01
9.723795807329173035e-01
9.315346071251583426e-01
9.418636117625834858e-01
8.743723564767864609e-01
9.491417673235854613e-01
9.005771375915417876e-01
9.614307451430083029e-01
7.356832227054246331e-01
9.699481865284974580e-01
9.631690479595418353e-01
8.564847494148679630e-01
9.349307433578566418e-01
9.532287591083671296e-01
8.958128697717979705e-01
9.437380247343668538e-01
8.408901651112706821e-01
9.637415464841522228e-01
9.712879409351927729e-01
9.638814793453969187e-01
9.012262906330428258e-01
9.797517962116263357e-01
9.407161025239678676e-01
8.591488186802350713e-01
8.982286497872400410e-01
8.746908644638241581e-01
7.646664538780720832e-01
9.502781762832849255e-01
7.428502449476405145e-01
9.597930553402572729e-01
8.120519433304173029e-01
8.558180437302633781e-01
5.571124470747853552e-01
9.627032564313436902e-01
8.376324631687774858e-01
9.300600336665226786e-01
8.307249362758694078e-01
9.396598030438675364e-01
8.494877180949115258e-01
8.181818181818182323e-01
8.750324310300094943e-01
9.707180754120934285e-01
9.876834650518321324e-01
9.127332601536772838e-01
9.597925766980867079e-01
6.645785101457170052e-01
9.457259158751696315e-01
9.076349326194889100e-01
9.159376438860751257e-01
8.461640827733049042e-01
8.924887613205939596e-01
8.591947317933161798e-01
8.231575350267684721e-01
9.549975639029839591e-01
8.145650392225735059e-01
8.694109530536482389e-01
9.366980810718746886e-01
9.715707421736797800e-01
8.444396318354088216e-01
9.689882460289827026e-01
8.804722085587801672e-01
9.605096490574472901e-01
9.494655004859086089e-01
9.766492488569562536e-01
9.275731739474377679e-01
8.674130613242974075e-01
9.125560538116591625e-01
9.682578013898950342e-01
9.610542879622344659e-01
9.619394970017005608e-01
9.069643117497449003e-01
9.806542600484410288e-01
9.159129112302889508e-01
8.639627932425962831e-01
7.869751393980468634e-01
9.494234946805547581e-01
7.974502471955228211e-01
8.184313936588254457e-01
8.873143890857013716e-01
9.575688073394494904e-01
8.483541828574293620e-01
9.275550723267467212e-01
8.696585218930009686e-01
9.570064285979711372e-01
8.962708055340965485e-01
9.461175828885338701e-01
9.466284676123262187e-01
9.094702954064446399e-01
9.196243714877255782e-01
9.710493978864586095e-01
7.182442103717840975e-01
9.766230888544206179e-01
9.286235749985960464e-01
9.022404402268515700e-01
9.507063704637361834e-01
9.141333333333333533e-01
7.629057929667557580e-01
9.655465587044534947e-01
9.044937617312576172e-01
9.419598668226401017e-01
9.613109440417773044e-01
8.803277089632303154e-01
9.011420204978037862e-01
9.536539299723957308e-01
7.980775649155597007e-01
8.935604044704630322e-01
8.982186958120960130e-01
5.787393129654031521e-01
6.803267002057151736e-01
9.313298694003651068e-01
9.458828568369204159e-01
5.614614711884170495e-01
9.730142566191446463e-01
4.950957496496963955e-02
8.596052265777036627e-01
9.848772798919162019e-01
9.494258168536737763e-01
9.647355163727959759e-01
8.933792235668553960e-01
9.601848560255954457e-01
9.287499648945432007e-01
9.298063623789765142e-01
7.943082558467173815e-01
9.103225923309605783e-01
8.421669899409084392e-01
9.286063911614572675e-01
9.618811549541099737e-01
9.677106877623506964e-01
9.366282879341009115e-01
9.276327903979108003e-01
9.478416183347047053e-01
7.622390144325466022e-01
5.690574509882532217e-01
9.532478724550252913e-01
2.309976992261033313e-01
7.621411749729488649e-01
6.408879341210168556e-01
8.701357466063348589e-01
1.728496112087435921e-01
9.493983612676181183e-01
9.766253101736972475e-01
8.927239614951001379e-01
9.304098198376559159e-01
9.278312437157573145e-01
9.064984735129332227e-01
9.731586238743938910e-01
7.770333056194063115e-01
8.701672851435142686e-01
9.437351543942993359e-01
9.215057164806362833e-01
9.552870576258472024e-01
8.019809523809523499e-01
8.522613713290996262e-01
6.893476898867891833e-01
8.401732539252841914e-01
7.444324324324324005e-01
5.212816223326139919e-01
8.281262358617417219e-01
9.318305890640133926e-01
9.556427494796276845e-01
9.080272369809149202e-01
9.410079535602547951e-01
9.315978953198560397e-01
9.272951063197657495e-01
9.793644293886262231e-01
9.071200187163690476e-01
9.529570849049889825e-01
8.756314857726794632e-01
5.528640414589141017e-01
9.384127909094219788e-01
9.277108433734939652e-01
9.019669223143945702e-01
9.378825985858681991e-01
9.648246973087737377e-01
9.157312252964426857e-01
8.262717321313586272e-01
1.302525767357571584e-01
3.548601061263868539e-01
9.571676279252800956e-01
9.662598178398908999e-01
9.680056649929187351e-01
9.000602587278997424e-01
8.908680047853250183e-01
9.790466456049061739e-01
9.542091581683663781e-01
9.370177642203481039e-01
8.858321870701513223e-01
7.688188039274025387e-01
9.557732264766992669e-01
7.719505008839128157e-01
9.390080428954423741e-01
9.457364341085271464e-01
8.729689807976366289e-01
8.874583795782463591e-01
9.483747609942638768e-01
9.480901077375122332e-01
7.532842879663689262e-01
8.266113344572688648e-01
9.528487229862475649e-01
9.065326633165828873e-01
5.585331452750352810e-01
9.122807017543859143e-01
7.984672742336371698e-01
9.466690608726880951e-01
8.621572212065813368e-01
8.636397413985286153e-01
9.735144103730105636e-01
8.324183006535947893e-01
9.789218599972566714e-01
8.861392325959255301e-01
9.714964370546318451e-01
9.420340159666782398e-01
9.382948657560056249e-01
8.725431804645622513e-01
9.693069306930692797e-01
5.776976254884280682e-01
8.829281490356742923e-01
7.790875354726042312e-01
5.333333333333333259e-01
9.466610667786644617e-01
8.963253396553296781e-01
9.668225891391221127e-01
8.952758975085941540e-01
9.145299145299145005e-01
9.154727793696274540e-01
4.924333413403795268e-01
9.572401797361936859e-01
9.737367021276596146e-01
9.651760981400870909e-01
9.452979515828677792e-01
9.027414330218068717e-01
5.243402877012479646e-01
8.889587920729788983e-01
8.929173693086003283e-01
9.024568231573826260e-01
7.945153304132546168e-01
9.156409486640648687e-01
9.682973766838853802e-01
9.066265060240963347e-01
9.717457114026235576e-01
9.439386679444178307e-01
9.635910224438902771e-01
8.611140140035531410e-01
8.771710217493350337e-01
9.583503470804409785e-01
8.973660308810172959e-01
9.501557632398753839e-01
9.353757778841550463e-01
8.663913168763807127e-01
9.477091633466135923e-01
9.395387492208602254e-01
9.136971046770601124e-01
8.621407746772178360e-01
8.908347927612375594e-01
9.376443418013856723e-01
6.721594175129335103e-01
9.289727704941651565e-01
9.351206434316353677e-01
8.541666666666666297e-01
9.027149321266968451e-01
9.769645482764254263e-01
8.758282208588956674e-01
8.950991891478402573e-01
9.699720670391061006e-01
9.564040075819116860e-01
8.581874158168173450e-01
9.351931330472103010e-01
8.000000000000000444e-01
6.926004228329809553e-01
8.275999046635417189e-01
9.032928942807625372e-01
9.361313868613139189e-01
9.073102483385798722e-01
7.146623867935343322e-01
8.942695722356739374e-01
8.274307791371539045e-01
9.275362318840579823e-01
1.873798846893017234e-01
7.785613540197461324e-01
3.747422680412371143e-01
9.575239113645814815e-01
9.480017189514395870e-01
9.202626641651031614e-01
9.278642149929278160e-01
9.111519607843137081e-01
5.793257708899185454e-01
8.596888687509439686e-01
9.351130886169818357e-01
9.571876087713191428e-01
9.235880398671096891e-01
9.622146673142302209e-01
9.507412721186034865e-01
9.705485004052958331e-01
7.727038979738763969e-01
9.575221238938053103e-01
9.390081999219055398e-01
9.562113693740750264e-01
9.087719298245614530e-01
9.546693933197000215e-01
6.020457866536775837e-01
9.523809523809523281e-01
8.699372504278379825e-01
9.411764705882352811e-01
8.661691542288557644e-01
9.301156359979889654e-01
9.193330328977016297e-01
9.450243562978427603e-01
8.746807906932753118e-01
7.182818709874656538e-01
9.747666781887314169e-01
7.089820359281436835e-01
9.561491935483871218e-01
8.465923593976005801e-01
