9.226837158203125000e-01
9.849700927734375000e-01
9.619903564453125000e-01
9.217224121093750000e-01
9.830627441406250000e-01
9.902496337890625000e-01
9.661254882812500000e-01
9.623565673828125000e-01
9.390716552734375000e-01
9.657440185546875000e-01
9.784240722656250000e-01
9.507446289062500000e-01
9.567871093750000000e-01
9.871520996093750000e-01
9.730987548828125000e-01
8.986358642578125000e-01
9.783630371093750000e-01
9.951629638671875000e-01
9.672698974609375000e-01
9.000396728515625000e-01
9.841308593750000000e-01
8.663940429687500000e-01
8.816375732421875000e-01
9.798278808593750000e-01
9.509887695312500000e-01
9.741973876953125000e-01
9.737091064453125000e-01
9.112701416015625000e-01
8.804779052734375000e-01
8.858032226562500000e-01
9.452972412109375000e-01
9.531402587890625000e-01
9.731750488281250000e-01
9.542541503906250000e-01
9.938659667968750000e-01
9.514465332031250000e-01
7.498474121093750000e-01
9.500732421875000000e-01
9.612884521484375000e-01
9.661712646484375000e-01
9.743652343750000000e-01
8.206481933593750000e-01
9.541778564453125000e-01
9.855804443359375000e-01
9.871368408203125000e-01
9.864044189453125000e-01
9.661407470703125000e-01
9.732208251953125000e-01
8.863983154296875000e-01
9.168090820312500000e-01
9.767608642578125000e-01
9.622802734375000000e-01
9.309234619140625000e-01
9.360656738281250000e-01
9.930572509765625000e-01
9.690856933593750000e-01
9.404449462890625000e-01
9.278259277343750000e-01
8.752288818359375000e-01
9.786376953125000000e-01
9.206085205078125000e-01
9.524536132812500000e-01
9.572753906250000000e-01
9.518432617187500000e-01
9.854736328125000000e-01
8.846130371093750000e-01
9.606933593750000000e-01
9.592132568359375000e-01
9.088745117187500000e-01
9.640808105468750000e-01
9.512634277343750000e-01
9.956665039062500000e-01
9.796752929687500000e-01
9.433441162109375000e-01
9.449462890625000000e-01
9.438781738281250000e-01
9.400634765625000000e-01
9.830932617187500000e-01
9.822540283203125000e-01
9.866790771484375000e-01
9.861755371093750000e-01
9.566497802734375000e-01
9.700622558593750000e-01
9.337768554687500000e-01
9.880218505859375000e-01
9.967193603515625000e-01
9.959564208984375000e-01
9.593048095703125000e-01
9.479370117187500000e-01
9.723815917968750000e-01
9.846496582031250000e-01
9.944763183593750000e-01
9.920349121093750000e-01
9.973907470703125000e-01
9.983673095703125000e-01
9.978332519531250000e-01
9.668884277343750000e-01
9.929046630859375000e-01
9.981536865234375000e-01
9.915466308593750000e-01
9.878540039062500000e-01
9.981384277343750000e-01
9.924926757812500000e-01
9.961090087890625000e-01
9.905548095703125000e-01
9.953918457031250000e-01
9.950561523437500000e-01
9.878387451171875000e-01
9.777832031250000000e-01
9.844512939453125000e-01
9.929809570312500000e-01
9.967651367187500000e-01
9.895324707031250000e-01
9.954681396484375000e-01
9.705200195312500000e-01
9.943847656250000000e-01
9.960632324218750000e-01
9.298858642578125000e-01
9.930419921875000000e-01
9.575347900390625000e-01
9.910583496093750000e-01
9.314575195312500000e-01
9.741973876953125000e-01
9.694213867187500000e-01
9.351196289062500000e-01
9.711303710937500000e-01
9.483795166015625000e-01
9.759063720703125000e-01
9.312133789062500000e-01
9.780120849609375000e-01
9.946594238281250000e-01
9.906311035156250000e-01
9.966278076171875000e-01
9.765014648437500000e-01
9.368896484375000000e-01
9.453277587890625000e-01
9.861755371093750000e-01
9.896392822265625000e-01
9.918212890625000000e-01
9.359588623046875000e-01
9.140930175781250000e-01
9.926757812500000000e-01
9.648742675781250000e-01
9.827270507812500000e-01
9.791717529296875000e-01
9.711151123046875000e-01
9.909667968750000000e-01
9.661560058593750000e-01
9.666137695312500000e-01
9.832611083984375000e-01
9.870758056640625000e-01
9.497680664062500000e-01
9.807586669921875000e-01
9.705352783203125000e-01
9.821624755859375000e-01
9.928588867187500000e-01
9.874420166015625000e-01
9.672546386718750000e-01
9.611816406250000000e-01
9.530181884765625000e-01
9.444732666015625000e-01
9.289093017578125000e-01
9.861602783203125000e-01
9.933166503906250000e-01
9.955139160156250000e-01
9.702911376953125000e-01
9.379882812500000000e-01
9.051666259765625000e-01
9.859771728515625000e-01
9.772338867187500000e-01
9.937896728515625000e-01
9.906768798828125000e-01
8.881835937500000000e-01
9.644012451171875000e-01
9.926147460937500000e-01
9.730377197265625000e-01
9.774322509765625000e-01
9.872436523437500000e-01
9.353790283203125000e-01
9.162445068359375000e-01
9.616394042968750000e-01
9.562530517578125000e-01
9.691314697265625000e-01
9.953308105468750000e-01
9.716949462890625000e-01
9.797363281250000000e-01
9.811096191406250000e-01
9.945678710937500000e-01
9.835205078125000000e-01
9.887847900390625000e-01
9.561309814453125000e-01
9.870910644531250000e-01
9.913482666015625000e-01
9.684295654296875000e-01
9.320220947265625000e-01
7.708129882812500000e-01
