9.216308593750000000e-01
9.952087402343750000e-01
9.813232421875000000e-01
9.490203857421875000e-01
9.867706298828125000e-01
9.896697998046875000e-01
9.783935546875000000e-01
9.895782470703125000e-01
9.848480224609375000e-01
9.766845703125000000e-01
9.111633300781250000e-01
9.625854492187500000e-01
9.863586425781250000e-01
9.855346679687500000e-01
9.451141357421875000e-01
9.837493896484375000e-01
9.599456787109375000e-01
9.906158447265625000e-01
9.824523925781250000e-01
9.867858886718750000e-01
9.532775878906250000e-01
9.658813476562500000e-01
9.497222900390625000e-01
9.364471435546875000e-01
9.137420654296875000e-01
9.911956787109375000e-01
9.948425292968750000e-01
9.977722167968750000e-01
8.805084228515625000e-01
9.933929443359375000e-01
9.863739013671875000e-01
9.680480957031250000e-01
9.564971923828125000e-01
8.880767822265625000e-01
9.516906738281250000e-01
8.827819824218750000e-01
8.531188964843750000e-01
9.584960937500000000e-01
9.742736816406250000e-01
9.919738769531250000e-01
9.902648925781250000e-01
9.776916503906250000e-01
9.376983642578125000e-01
9.817199707031250000e-01
9.925689697265625000e-01
9.972229003906250000e-01
9.796447753906250000e-01
9.906311035156250000e-01
9.857635498046875000e-01
9.783630371093750000e-01
9.444885253906250000e-01
9.914550781250000000e-01
9.860534667968750000e-01
9.933471679687500000e-01
9.853057861328125000e-01
9.964599609375000000e-01
9.986267089843750000e-01
9.980010986328125000e-01
9.648284912109375000e-01
9.931182861328125000e-01
9.955596923828125000e-01
9.931488037109375000e-01
9.624176025390625000e-01
9.989471435546875000e-01
9.960632324218750000e-01
9.923400878906250000e-01
9.854278564453125000e-01
9.950103759765625000e-01
9.948120117187500000e-01
9.832305908203125000e-01
9.541168212890625000e-01
9.865722656250000000e-01
9.928741455078125000e-01
9.968261718750000000e-01
9.911499023437500000e-01
9.908905029296875000e-01
9.847259521484375000e-01
9.948120117187500000e-01
9.972076416015625000e-01
8.968811035156250000e-01
9.938354492187500000e-01
9.378967285156250000e-01
9.929962158203125000e-01
9.948425292968750000e-01
9.929962158203125000e-01
9.837341308593750000e-01
9.302215576171875000e-01
9.552001953125000000e-01
9.678649902343750000e-01
8.096923828125000000e-01
9.877929687500000000e-01
9.649047851562500000e-01
9.469451904296875000e-01
9.740753173828125000e-01
9.783935546875000000e-01
9.380798339843750000e-01
9.649810791015625000e-01
9.730682373046875000e-01
9.697723388671875000e-01
8.935394287109375000e-01
9.704132080078125000e-01
9.952697753906250000e-01
9.806823730468750000e-01
8.735656738281250000e-01
9.741668701171875000e-01
8.882446289062500000e-01
8.843688964843750000e-01
9.533843994140625000e-01
9.391479492187500000e-01
9.806365966796875000e-01
9.707336425781250000e-01
8.591461181640625000e-01
8.873901367187500000e-01
9.683380126953125000e-01
9.404754638671875000e-01
9.538421630859375000e-01
9.720764160156250000e-01
9.480895996093750000e-01
9.955749511718750000e-01
9.720916748046875000e-01
8.627777099609375000e-01
9.562683105468750000e-01
9.686431884765625000e-01
9.634246826171875000e-01
9.775390625000000000e-01
9.845275878906250000e-01
9.466400146484375000e-01
9.837951660156250000e-01
9.860229492187500000e-01
9.842376708984375000e-01
9.514007568359375000e-01
9.714813232421875000e-01
8.783569335937500000e-01
9.194641113281250000e-01
9.750213623046875000e-01
9.630126953125000000e-01
9.702606201171875000e-01
9.448089599609375000e-01
9.931182861328125000e-01
8.378753662109375000e-01
9.910888671875000000e-01
9.691314697265625000e-01
9.532165527343750000e-01
9.837036132812500000e-01
9.888305664062500000e-01
9.708709716796875000e-01
9.697723388671875000e-01
9.797058105468750000e-01
9.230957031250000000e-01
9.195251464843750000e-01
9.515228271484375000e-01
9.864501953125000000e-01
9.470520019531250000e-01
9.467468261718750000e-01
9.776306152343750000e-01
9.837951660156250000e-01
9.899902343750000000e-01
9.174346923828125000e-01
9.809112548828125000e-01
9.808349609375000000e-01
6.741943359375000000e-01
9.610900878906250000e-01
9.831085205078125000e-01
9.695434570312500000e-01
9.730072021484375000e-01
9.855194091796875000e-01
9.736480712890625000e-01
9.962005615234375000e-01
9.924774169921875000e-01
9.753570556640625000e-01
9.281616210937500000e-01
9.885253906250000000e-01
9.862670898437500000e-01
9.830169677734375000e-01
9.923248291015625000e-01
8.175659179687500000e-01
9.491119384765625000e-01
9.948120117187500000e-01
9.887847900390625000e-01
9.733428955078125000e-01
9.814605712890625000e-01
8.374176025390625000e-01
8.980712890625000000e-01
9.711761474609375000e-01
9.462738037109375000e-01
9.548187255859375000e-01
9.960021972656250000e-01
9.849853515625000000e-01
9.607086181640625000e-01
9.595947265625000000e-01
9.843292236328125000e-01
9.762115478515625000e-01
9.914550781250000000e-01
9.067840576171875000e-01
9.921417236328125000e-01
9.938507080078125000e-01
