9.336242675781250000e-01
9.941406250000000000e-01
9.820098876953125000e-01
9.465026855468750000e-01
9.905395507812500000e-01
9.907531738281250000e-01
9.863433837890625000e-01
9.929199218750000000e-01
9.810485839843750000e-01
9.731445312500000000e-01
9.176788330078125000e-01
9.582977294921875000e-01
9.900665283203125000e-01
9.837341308593750000e-01
9.497070312500000000e-01
9.808044433593750000e-01
9.649353027343750000e-01
9.877624511718750000e-01
9.866180419921875000e-01
9.872131347656250000e-01
9.596710205078125000e-01
9.603881835937500000e-01
9.559936523437500000e-01
9.320526123046875000e-01
9.143218994140625000e-01
9.925537109375000000e-01
9.938201904296875000e-01
9.932098388671875000e-01
8.952636718750000000e-01
9.948883056640625000e-01
9.844818115234375000e-01
9.705810546875000000e-01
9.621276855468750000e-01
8.336334228515625000e-01
9.549713134765625000e-01
8.875122070312500000e-01
8.552398681640625000e-01
9.560852050781250000e-01
9.823608398437500000e-01
9.917907714843750000e-01
9.922943115234375000e-01
9.822540283203125000e-01
9.650115966796875000e-01
9.897003173828125000e-01
9.963989257812500000e-01
9.978485107421875000e-01
9.791107177734375000e-01
9.907379150390625000e-01
9.866027832031250000e-01
9.820861816406250000e-01
9.411315917968750000e-01
9.911346435546875000e-01
9.848327636718750000e-01
9.952087402343750000e-01
9.870758056640625000e-01
9.975280761718750000e-01
9.985351562500000000e-01
9.982604980468750000e-01
9.724426269531250000e-01
9.932098388671875000e-01
9.974975585937500000e-01
9.931945800781250000e-01
9.748229980468750000e-01
9.975891113281250000e-01
9.945983886718750000e-01
9.949798583984375000e-01
9.809112548828125000e-01
9.971160888671875000e-01
9.916076660156250000e-01
9.853057861328125000e-01
9.538879394531250000e-01
9.842529296875000000e-01
9.909973144531250000e-01
9.979858398437500000e-01
9.945983886718750000e-01
9.961853027343750000e-01
9.854583740234375000e-01
9.955749511718750000e-01
9.967803955078125000e-01
8.973693847656250000e-01
9.937896728515625000e-01
9.492645263671875000e-01
9.905090332031250000e-01
9.951782226562500000e-01
9.954376220703125000e-01
9.836425781250000000e-01
9.359130859375000000e-01
9.544677734375000000e-01
9.709014892578125000e-01
7.939300537109375000e-01
9.949493408203125000e-01
9.651489257812500000e-01
9.682006835937500000e-01
9.877319335937500000e-01
9.776000976562500000e-01
9.414978027343750000e-01
9.703063964843750000e-01
9.808807373046875000e-01
9.778900146484375000e-01
9.128723144531250000e-01
9.741821289062500000e-01
9.936828613281250000e-01
9.827575683593750000e-01
8.880920410156250000e-01
9.756774902343750000e-01
8.916778564453125000e-01
9.056396484375000000e-01
9.592895507812500000e-01
9.465637207031250000e-01
9.785003662109375000e-01
9.748840332031250000e-01
8.466033935546875000e-01
8.837585449218750000e-01
9.759826660156250000e-01
9.481201171875000000e-01
9.608612060546875000e-01
9.760589599609375000e-01
9.567413330078125000e-01
9.940795898437500000e-01
9.727630615234375000e-01
8.708496093750000000e-01
9.601135253906250000e-01
9.655151367187500000e-01
9.681854248046875000e-01
9.721221923828125000e-01
9.890289306640625000e-01
9.519805908203125000e-01
9.856109619140625000e-01
9.860687255859375000e-01
9.813690185546875000e-01
9.567565917968750000e-01
9.775238037109375000e-01
8.883056640625000000e-01
9.254913330078125000e-01
9.768981933593750000e-01
9.650726318359375000e-01
9.728698730468750000e-01
9.497680664062500000e-01
9.957275390625000000e-01
8.476562500000000000e-01
9.913940429687500000e-01
9.778137207031250000e-01
9.555053710937500000e-01
9.841766357421875000e-01
9.893646240234375000e-01
9.744567871093750000e-01
9.694671630859375000e-01
9.809722900390625000e-01
9.194641113281250000e-01
9.117431640625000000e-01
9.442291259765625000e-01
9.805755615234375000e-01
9.568634033203125000e-01
9.489288330078125000e-01
9.786529541015625000e-01
9.834747314453125000e-01
9.932556152343750000e-01
9.138031005859375000e-01
9.785766601562500000e-01
9.794464111328125000e-01
6.775665283203125000e-01
9.563598632812500000e-01
9.878845214843750000e-01
9.665679931640625000e-01
9.739074707031250000e-01
9.856567382812500000e-01
9.765472412109375000e-01
9.938964843750000000e-01
9.877319335937500000e-01
9.732208251953125000e-01
9.362182617187500000e-01
9.914550781250000000e-01
9.866943359375000000e-01
9.913787841796875000e-01
9.935607910156250000e-01
8.150939941406250000e-01
9.533081054687500000e-01
9.926605224609375000e-01
9.904174804687500000e-01
9.765319824218750000e-01
9.835205078125000000e-01
8.358154296875000000e-01
8.597259521484375000e-01
9.674530029296875000e-01
9.444122314453125000e-01
9.586181640625000000e-01
9.961547851562500000e-01
9.873352050781250000e-01
9.715576171875000000e-01
9.638214111328125000e-01
9.879913330078125000e-01
9.829864501953125000e-01
9.906158447265625000e-01
9.173126220703125000e-01
9.926757812500000000e-01
9.926452636718750000e-01
