6.055905390876977767e-01
8.929058663028649478e-01
9.024701195219123617e-01
9.160320691648445868e-01
8.874756651524984274e-01
8.834567051127560910e-01
6.468827930174563257e-01
9.244050913115661183e-01
8.885897004375631347e-01
9.216249487074271718e-01
6.115559113957832471e-01
6.205509130300216336e-01
8.156701030927835383e-01
8.104000000000000092e-01
8.339718439879990619e-01
8.654453569172457783e-01
6.812386156648452262e-01
9.150435142975549274e-01
8.665583662102576135e-01
8.333333333333333703e-01
5.240907677960833233e-01
5.897247706422018565e-01
8.814705564948379646e-01
7.740955686933882474e-01
8.483026969005769136e-01
9.539688871160749706e-01
9.651474530831098964e-01
8.809135399673735378e-01
3.482313774448606014e-01
9.728849646189492439e-01
9.557855126999059703e-01
9.015792442188381717e-01
8.302066583288666424e-01
5.302593659942362869e-01
8.516122984626921522e-01
8.188122081230246874e-01
6.958033118442674692e-01
7.054364305826293924e-01
4.582262210796915203e-01
7.359437751004016537e-01
8.623219680621493355e-01
8.983734186014180612e-01
2.902833304362941180e-01
8.509950248756218416e-01
8.771132980065606821e-01
9.480889903023388410e-01
8.761374187558031990e-01
9.686318585879227783e-01
8.960213975259110342e-01
9.078263130525221491e-01
8.297454137027330257e-01
9.782321386923734652e-01
8.082249265631556989e-01
9.378208784940103016e-01
9.250058406666147315e-01
9.692877945459359434e-01
9.589041095890410427e-01
9.561432875795111697e-01
4.439083232810615010e-01
9.736826749139289028e-01
9.186013986013985555e-01
8.954598370197904833e-01
3.574223845551787182e-01
9.403630077787381580e-01
9.290429042904290169e-01
9.166112956810631429e-01
8.927327867011120022e-01
9.597736498954361206e-01
9.174356483729966261e-01
9.030778728282917722e-01
9.157443469976743744e-01
9.455445544554454962e-01
9.364539393114709176e-01
9.507575757575758013e-01
8.930284028033935728e-01
8.559710494571772799e-01
9.646751596852172206e-01
9.587678874605869428e-01
9.557864218410243584e-01
9.120670361985062646e-01
9.693707354056103620e-01
7.478314745972738375e-01
9.391327410157803701e-01
9.658033184945366001e-01
9.035511662113889786e-01
9.108546579695601109e-01
8.288355728562338820e-01
8.243388775876511199e-01
8.516692491900267337e-01
4.787260720555044924e-01
7.865528281750266970e-01
9.381154818920518501e-01
7.542235102848660055e-01
6.580800965989133111e-01
8.691070438158624567e-01
8.987979450346650356e-01
8.321263989466753941e-01
8.342567377218518265e-01
5.370413648048609767e-01
5.114487780967719166e-01
8.522441514897508563e-01
9.275362318840579823e-01
9.043806646525679449e-01
5.972586759988335325e-01
8.489876014628490175e-01
7.275297619047619291e-01
4.702181208053691219e-01
7.816453434350654206e-01
6.718235681369322254e-01
9.059372915276850957e-01
9.319327134644048716e-01
5.897150984488199743e-01
7.749862796511982621e-01
7.793257471019887639e-01
7.850096445301736336e-01
8.087017011319800330e-01
7.811004784688995173e-01
8.481385590572270150e-01
9.227490676611613818e-01
8.844963688032838611e-01
4.793608521970705860e-01
8.464752517677308630e-01
8.268890573666919375e-01
8.256346839310394481e-01
8.845852281637133219e-01
8.901408450704225706e-01
5.480160268838051296e-01
8.845903064551184913e-01
9.396971691902566981e-01
8.880459520971063503e-01
8.709324472180572929e-01
8.600943184370087868e-01
6.920105084221913616e-01
8.581792777300085717e-01
9.456597510373444537e-01
8.768542979069294807e-01
9.214524644339661119e-01
8.609541383154576399e-01
8.436741767764298627e-01
4.783739997054347048e-01
9.491377808744121403e-01
8.582638548307993664e-01
7.000586969281941130e-01
7.362962962962963376e-01
8.466051969823973344e-01
8.913427059024418009e-01
7.738326292955817198e-01
9.364791288566243210e-01
7.526744528412994129e-01
5.652818991097923185e-01
8.700241377899603501e-01
8.345136041744316557e-01
9.025061811643065868e-01
9.030824770896973552e-01
9.418253968253967878e-01
9.614519056261342511e-01
8.656288406390822976e-01
8.276696710086308695e-01
8.502334490602179162e-01
8.975530179445351253e-01
2.568047337278106523e-01
8.936702526895171639e-01
8.979441320180695518e-01
7.529702970297029729e-01
9.384331604774996949e-01
9.611908559276980402e-01
9.379379739102310376e-01
9.604699158596602393e-01
8.573082489146165441e-01
9.247612392266479908e-01
8.127734033245844758e-01
9.553656220322886972e-01
9.647445941711062511e-01
6.717782365084046248e-01
9.424682603225437161e-01
6.681285738078054370e-01
8.648100855324496461e-01
9.409927108642832660e-01
8.561925259244765885e-01
8.928549524685679417e-01
9.171948476794111738e-01
6.476171577868174989e-01
6.488276732204815156e-01
8.239679433417202992e-01
9.070510282199519825e-01
8.992822885132147892e-01
9.553358336174565535e-01
9.284259528658713734e-01
7.398201475194503551e-01
8.086705202312138852e-01
8.996580361504641354e-01
9.170524075552008991e-01
9.716541810083012543e-01
8.319810775873923703e-01
9.760007456079033972e-01
9.496438835436711301e-01
