9.503277861825516482e-01
6.340941512125535251e-01
7.939335580163697781e-01
4.470807275504845579e-01
5.788242176074875900e-01
9.996442547136250578e-01
1.000000000000000000e+00
7.806451612903225756e-01
9.818691992229656718e-01
8.318415539897162647e-01
9.995822017965322326e-01
1.000000000000000000e+00
8.900549725137431034e-01
6.657834973504920262e-01
1.000000000000000000e+00
9.403402470286646997e-01
0.000000000000000000e+00
9.470112242234403066e-01
9.962666666666666337e-01
6.758924989971921704e-01
1.000000000000000000e+00
4.710982658959537717e-01
9.351177897785082349e-01
2.051774606659348688e-01
7.817600786627335596e-01
4.232405891980360324e-01
1.000000000000000000e+00
6.770833333333332871e-02
1.000000000000000000e+00
9.939627488760436336e-01
9.858903020667726391e-01
9.744846908144887410e-01
3.795038025183892216e-01
3.247990213212163524e-01
9.992294991744633537e-01
1.000000000000000000e+00
1.000000000000000000e+00
7.809738346906948125e-01
1.000000000000000000e+00
4.326086956521739135e-01
6.027724665391969161e-01
8.471939517301541045e-01
1.000000000000000000e+00
8.599097903953303312e-01
8.457997698504027273e-01
9.958432304038005167e-01
4.162944434518491832e-01
9.973182052604435688e-01
5.905511811023621965e-03
9.970067673086934201e-01
9.987739087788131132e-01
9.670031055900620842e-01
7.453368861819565927e-01
1.000000000000000000e+00
9.966324297019700795e-01
9.929097354785928475e-01
9.990476190476190732e-01
9.784272790535838427e-01
3.260869565217391214e-02
9.775124608786368574e-01
9.330085261875761260e-01
8.745795290725613125e-01
1.000000000000000000e+00
8.263157894736842257e-01
7.088122605363984530e-01
8.564697354113809391e-01
6.686573311367380867e-01
9.550791220010209637e-01
8.382749326145552127e-01
1.000000000000000000e+00
7.067919463087248833e-01
1.000000000000000000e+00
9.104128797714878818e-01
9.727182539682539542e-01
7.027800490596892713e-01
7.150027886224205043e-01
9.973088951923776424e-01
9.965069860279440750e-01
9.936117936117936367e-01
9.497406676893855870e-01
9.784568372803666980e-01
1.000000000000000000e+00
8.211697722567288249e-01
9.917525773195876582e-01
1.000000000000000000e+00
7.652759526938238688e-01
9.825608432801116177e-01
8.808635695716061642e-01
9.896449704142011861e-01
9.758851566046300441e-01
0.000000000000000000e+00
9.910879252255189176e-01
1.000000000000000000e+00
8.851473241130487501e-01
6.012923506811037599e-01
9.801695009139754777e-01
6.371536317429086216e-01
9.922737306843266714e-01
9.155787641427327594e-01
1.000000000000000000e+00
1.000000000000000000e+00
9.247262773722627616e-01
4.175200882306601691e-01
9.819335937500000000e-01
7.205224548219717473e-01
6.808551617873651596e-01
9.402319357716324433e-01
9.598335444183101473e-01
8.236158745712885976e-01
6.587400917813933665e-01
9.451817222138441110e-01
7.517350157728706073e-01
4.145255399733852042e-01
4.994541484716157331e-01
3.457930841383172194e-01
5.147794452023647382e-01
5.058156028368794299e-01
6.438455935906773897e-01
8.182305630026809329e-01
8.364066782955394963e-01
7.603864734299516925e-01
0.000000000000000000e+00
7.119605793638942304e-01
7.477492780703244302e-01
4.012432890647075201e-01
9.927637721755369071e-01
9.706896551724137900e-01
0.000000000000000000e+00
8.278688524590164244e-01
8.962809917355372136e-01
9.422287122387514868e-01
9.734620024125452131e-01
9.690710138454666778e-01
5.160367976131278178e-01
9.900362318840579823e-01
9.959626254469949869e-01
8.416361212929023283e-01
8.970470157908823072e-01
8.652423993426457960e-01
7.576760433903291236e-01
9.511892083777068185e-01
9.801003073936256360e-01
1.000000000000000000e+00
6.984897518878101508e-01
1.000000000000000000e+00
9.934932380709364796e-01
4.840119165839126270e-01
8.022250918843747414e-01
1.452210422326500328e-01
8.459152016546018782e-01
7.017143698035465116e-01
6.645346977934122323e-01
8.777623055034207145e-01
6.415330376435801618e-01
7.880376008651526210e-01
9.439231621721463350e-01
9.819611470860314384e-01
8.744663666782046541e-01
1.000000000000000000e+00
9.778726094515568512e-01
6.833830306316074354e-01
9.592813431664836132e-01
6.518260155929421762e-01
5.657154340836012540e-01
9.963646731769905118e-01
7.850130890052355870e-01
9.943515762155560322e-01
8.486720197652871667e-01
6.902927580893682968e-01
8.178962484293663682e-01
9.788997739261492415e-01
9.763945831780345141e-01
1.000000000000000000e+00
7.764976958525345863e-01
9.837008628954937439e-01
9.584520020103870497e-01
0.000000000000000000e+00
9.595155709342561012e-01
1.000000000000000000e+00
9.753086419753086433e-01
9.985138950809927527e-01
9.748858447488584211e-01
9.971257080057486233e-01
7.588372510317602515e-01
9.670716765366550449e-01
8.289805609140822318e-01
9.672650475184794150e-01
9.633802816901408939e-01
8.636984430483474195e-01
9.781488719133061283e-01
1.000000000000000000e+00
7.811014492753622918e-01
9.647866308564607696e-01
9.877718289378015770e-01
1.000000000000000000e+00
8.738894373149062034e-01
