8.672479491488759296e-01
9.927047510934526864e-01
9.963608794541318758e-01
9.381760199888220519e-01
9.874375804780000099e-01
9.881411066195048276e-01
9.591666955527055061e-01
9.974876448323167777e-01
9.163302935167190189e-01
9.704100324080597861e-01
9.960207323190102269e-01
9.409051660594317523e-01
9.597557077241448686e-01
9.995902042422056821e-01
9.831021790112910441e-01
9.906276258806799850e-01
9.884126692601806763e-01
9.964953271028037518e-01
9.877511024007838980e-01
8.966527478448276245e-01
9.941114651275293479e-01
8.475123295619378938e-01
7.191707011081981404e-01
9.898848506057424945e-01
9.208025515019364615e-01
9.988516582397806154e-01
9.805448215173890869e-01
9.564666103127641428e-01
9.689551719639983851e-01
9.709238427721748055e-01
9.151953145068758566e-01
9.568367294999915451e-01
9.797455290190449917e-01
9.621278497988376976e-01
9.973143189207017700e-01
9.753608068162058498e-01
8.461300410450192100e-01
9.834872409417735328e-01
1.000000000000000000e+00
9.675099331086858268e-01
9.988025591022614558e-01
9.248840854176190174e-01
9.314097696785623715e-01
9.871715155283568022e-01
9.923928793210515797e-01
9.735896928957427088e-01
9.708862382967807791e-01
9.415565935077763182e-01
9.094909862142099843e-01
9.559335059051933259e-01
9.667083463582369918e-01
9.720751929941794378e-01
9.292759470970634039e-01
9.504298047011614514e-01
9.995335748379172713e-01
9.874524509185310661e-01
9.995130082975893782e-01
1.000000000000000000e+00
9.552988738088362686e-01
1.000000000000000000e+00
9.376160264387278787e-01
9.815641293013556146e-01
9.507614687470802295e-01
9.597700044229918737e-01
9.878025688768264923e-01
9.891290817808389146e-01
1.000000000000000000e+00
1.000000000000000000e+00
8.869629893123353037e-01
9.258003409736692557e-01
9.559038492772453655e-01
9.979418093367012910e-01
9.811988871090127073e-01
9.981385543519701864e-01
9.954923772880209798e-01
9.568433638899960236e-01
9.171531312753934406e-01
9.970986617985037048e-01
9.666195089629483483e-01
9.944721474968833963e-01
9.892829979948835062e-01
9.602643044902956504e-01
9.966269668782057334e-01
9.980034016120683527e-01
9.850891252610617377e-01
9.991692529546380985e-01
9.963979201904403782e-01
9.889554380286624813e-01
1.000000000000000000e+00
9.986516256457004248e-01
9.974566437234735350e-01
9.934454672514337892e-01
9.896303505209993467e-01
9.989655562559601742e-01
9.978134788946437794e-01
9.984711149939936581e-01
9.715705088522966770e-01
9.983833839990159387e-01
9.970889285378908840e-01
9.977306752816956781e-01
9.587670197838120689e-01
9.991534033186589836e-01
9.987285940761901903e-01
9.966866846137917291e-01
9.972148978246538897e-01
9.955045603557401979e-01
9.988943294898120495e-01
9.833818855932203729e-01
9.960776790091876443e-01
9.996498292917797013e-01
9.989786820134554102e-01
9.973079345088161629e-01
9.924552226977333413e-01
9.903205057810269274e-01
9.878927143877807016e-01
9.935151475750877426e-01
9.987559251035417196e-01
9.821406677837263288e-01
9.968978318726585686e-01
8.445937421145597312e-01
9.991688455611158481e-01
9.394469281799826543e-01
9.890317389947950177e-01
1.000000000000000000e+00
9.680714071512992458e-01
9.836002152997376236e-01
9.803389547503756907e-01
9.945521526021666725e-01
9.814995544617473033e-01
9.994117745920236828e-01
9.992216889350110653e-01
9.901624756945588413e-01
9.950462247183921027e-01
9.962488225003364173e-01
9.611657863738267693e-01
1.000000000000000000e+00
9.759653209508970528e-01
9.919524575956419898e-01
9.971313284156105849e-01
8.860854444406559560e-01
9.147308387814716557e-01
9.825755827371336348e-01
9.981340819022457289e-01
9.552876308074630396e-01
9.990621248499399476e-01
9.875655573567273526e-01
9.999357924812996012e-01
9.879668801132528433e-01
9.958851752459949580e-01
9.726449988195482455e-01
9.917003211753108172e-01
9.638370630237955705e-01
9.998857049555065490e-01
9.941498671160952094e-01
9.981687059395510930e-01
9.842197261515553963e-01
9.992386149136304185e-01
9.965529127886935123e-01
1.000000000000000000e+00
9.790557061354461243e-01
9.859167826532855283e-01
9.883618019293742840e-01
9.947497728267088446e-01
9.957160746062083678e-01
9.989224137931034253e-01
1.000000000000000000e+00
9.799977938743243966e-01
9.000000000000000222e-01
9.857706959834396931e-01
9.764977481739394172e-01
8.351184730827910796e-01
9.968874258522912868e-01
9.993759001440229994e-01
9.454485098849217950e-01
9.991060881780161607e-01
9.792953774989703319e-01
9.736462589705731085e-01
9.820429540700936766e-01
9.269043344447294164e-01
9.736533412776733343e-01
9.889765355302436722e-01
9.812396622268652058e-01
9.748357601137193074e-01
9.991227370603716906e-01
9.744192337605247500e-01
9.782464646464646973e-01
9.854274124893585007e-01
9.907588267156902662e-01
9.757691834618966720e-01
9.979633401221995603e-01
9.792092368123475055e-01
9.916326381799620560e-01
9.999186780300566291e-01
9.561743813218543941e-01
9.126344644266312089e-01
8.566790719771953944e-01
