8.601074218750000000e-01
9.902648925781250000e-01
9.774322509765625000e-01
9.390411376953125000e-01
9.824523925781250000e-01
9.884185791015625000e-01
9.626922607421875000e-01
9.664611816406250000e-01
9.231414794921875000e-01
9.703521728515625000e-01
9.774169921875000000e-01
9.432525634765625000e-01
9.575805664062500000e-01
9.878234863281250000e-01
9.833526611328125000e-01
9.645843505859375000e-01
9.886169433593750000e-01
9.935760498046875000e-01
9.826812744140625000e-01
9.063415527343750000e-01
9.830932617187500000e-01
8.611755371093750000e-01
7.335662841796875000e-01
9.776611328125000000e-01
9.257354736328125000e-01
9.756164550781250000e-01
9.774475097656250000e-01
9.207763671875000000e-01
9.414062500000000000e-01
9.721069335937500000e-01
9.219055175781250000e-01
9.540557861328125000e-01
9.736175537109375000e-01
9.669036865234375000e-01
9.949493408203125000e-01
9.656524658203125000e-01
8.558502197265625000e-01
9.792022705078125000e-01
9.384307861328125000e-01
9.654235839843750000e-01
9.800262451171875000e-01
9.293975830078125000e-01
9.338378906250000000e-01
9.790649414062500000e-01
9.834747314453125000e-01
9.705810546875000000e-01
9.615936279296875000e-01
9.464721679687500000e-01
9.216766357421875000e-01
9.632568359375000000e-01
9.725952148437500000e-01
9.746246337890625000e-01
9.334259033203125000e-01
9.530487060546875000e-01
9.975585937500000000e-01
9.827728271484375000e-01
9.200897216796875000e-01
9.129028320312500000e-01
9.469299316406250000e-01
9.834442138671875000e-01
9.402465820312500000e-01
9.535217285156250000e-01
9.475555419921875000e-01
9.629211425781250000e-01
9.879608154296875000e-01
9.486694335937500000e-01
9.720611572265625000e-01
9.662933349609375000e-01
8.933258056640625000e-01
9.373626708984375000e-01
9.582366943359375000e-01
9.957580566406250000e-01
9.802398681640625000e-01
9.323120117187500000e-01
9.948425292968750000e-01
9.586791992187500000e-01
9.187774658203125000e-01
9.958496093750000000e-01
9.701843261718750000e-01
9.946746826171875000e-01
9.867553710937500000e-01
9.651794433593750000e-01
9.558105468750000000e-01
9.407501220703125000e-01
9.836883544921875000e-01
9.986572265625000000e-01
9.956665039062500000e-01
9.797210693359375000e-01
9.046020507812500000e-01
9.901275634765625000e-01
9.868316650390625000e-01
9.937744140625000000e-01
9.899444580078125000e-01
9.983825683593750000e-01
9.978485107421875000e-01
9.983673095703125000e-01
9.716644287109375000e-01
9.930114746093750000e-01
9.971466064453125000e-01
9.934692382812500000e-01
9.591979980468750000e-01
9.987335205078125000e-01
9.981689453125000000e-01
9.967956542968750000e-01
9.905395507812500000e-01
9.945220947265625000e-01
9.956054687500000000e-01
9.846801757812500000e-01
9.484863281250000000e-01
9.725341796875000000e-01
9.931182861328125000e-01
9.967956542968750000e-01
9.907989501953125000e-01
9.860992431640625000e-01
9.881134033203125000e-01
9.929046630859375000e-01
9.969482421875000000e-01
7.951965332031250000e-01
9.943542480468750000e-01
8.496246337890625000e-01
9.961700439453125000e-01
9.461212158203125000e-01
9.842529296875000000e-01
9.687957763671875000e-01
9.571990966796875000e-01
9.787902832031250000e-01
9.362335205078125000e-01
9.928283691406250000e-01
9.748077392578125000e-01
9.893035888671875000e-01
9.848632812500000000e-01
9.878234863281250000e-01
9.951782226562500000e-01
9.722290039062500000e-01
9.410247802734375000e-01
9.470520019531250000e-01
9.762268066406250000e-01
9.892578125000000000e-01
9.915466308593750000e-01
8.976287841796875000e-01
9.157257080078125000e-01
9.835205078125000000e-01
9.677581787109375000e-01
9.615936279296875000e-01
9.759063720703125000e-01
9.841156005859375000e-01
9.938659667968750000e-01
9.741516113281250000e-01
9.707641601562500000e-01
9.734802246093750000e-01
9.892883300781250000e-01
9.650421142578125000e-01
9.709625244140625000e-01
9.757080078125000000e-01
9.919433593750000000e-01
9.842834472656250000e-01
9.890441894531250000e-01
9.865875244140625000e-01
9.565429687500000000e-01
9.534301757812500000e-01
9.364624023437500000e-01
9.119720458984375000e-01
9.882812500000000000e-01
9.942932128906250000e-01
9.978637695312500000e-01
9.884490966796875000e-01
9.600982666015625000e-01
9.145812988281250000e-01
9.874114990234375000e-01
9.807434082031250000e-01
8.367462158203125000e-01
9.955902099609375000e-01
8.789215087890625000e-01
9.404296875000000000e-01
9.952392578125000000e-01
9.791107177734375000e-01
9.754791259765625000e-01
9.835968017578125000e-01
9.368133544921875000e-01
9.197692871093750000e-01
9.717254638671875000e-01
9.659881591796875000e-01
9.748229980468750000e-01
9.978485107421875000e-01
9.768524169921875000e-01
9.781951904296875000e-01
9.852447509765625000e-01
9.913330078125000000e-01
9.785766601562500000e-01
9.883880615234375000e-01
9.718627929687500000e-01
9.896240234375000000e-01
9.913177490234375000e-01
9.605712890625000000e-01
9.357299804687500000e-01
8.500061035156250000e-01
