4.810370202649156823e-01
9.445410292072322633e-01
8.692885550154662022e-01
6.910525094733586116e-01
7.234247234247234148e-01
8.528784648187632822e-01
8.637351613442567633e-01
7.311643835616438158e-01
6.793149551155536203e-01
6.236684098392407671e-01
8.583460949464012391e-01
9.021290033948261566e-01
8.042529221236445203e-01
9.039942252165543701e-01
6.775051729234407016e-01
6.221715774051765901e-01
9.374580818242790325e-01
9.044701611073292513e-01
9.127527096625412950e-01
6.668837512211006624e-01
8.971789161098737697e-01
6.806598806598807005e-01
2.780235683274757119e-01
8.644946316179192847e-01
6.265060240963855609e-01
8.762966403468028798e-01
9.454209748892171694e-01
8.316144515794252623e-01
8.991914312716581259e-01
7.990767201582765766e-01
7.316484899328858926e-01
8.028288913627136258e-01
7.792672028596961953e-01
8.981163981398844198e-01
9.115209836941994270e-01
8.646828975052599509e-01
4.670841089862921014e-01
9.246753246753246502e-01
5.688641948926167480e-01
8.306933652121936129e-01
8.992068992068992239e-01
6.479494788100129687e-01
5.169340463458110824e-01
8.482300884955752407e-01
9.274469082869967185e-01
8.240554845774776815e-01
8.885049833887043169e-01
7.673740053050397414e-01
7.770296685634855427e-01
9.294379651878332815e-01
9.407573558516955092e-01
9.117818683358972498e-01
8.396957783738104864e-01
8.755611275124357551e-01
9.314481576692373865e-01
9.446487228513996692e-01
7.259406562352818115e-01
5.120533424517011989e-01
8.773105686468181119e-01
7.900947958986264119e-01
8.888573536924561092e-01
9.101315867115123970e-01
8.671690821256038406e-01
9.156952539550374803e-01
8.447156071639441155e-01
8.960187932739861472e-01
7.524002704530088348e-01
7.885112494016275342e-01
5.134664903611941833e-01
8.595188391909928116e-01
7.423999999999999488e-01
9.003584229390680926e-01
9.033365678883331640e-01
8.820965341271528315e-01
9.521246458923512401e-01
6.748318924111431638e-01
3.274794693619709207e-01
9.678258812396498545e-01
9.076734076734076506e-01
9.631428873165065463e-01
9.448538754764930214e-01
8.968354430379746889e-01
7.860203930840845565e-01
7.979813745382654533e-01
8.713752857658524364e-01
9.748139668002289149e-01
9.198645598194130635e-01
8.812226293681294509e-01
6.567852437417655009e-01
9.743813106315580841e-01
8.168117172574824725e-01
9.415974806756369775e-01
9.470895222802087066e-01
9.855899945622621505e-01
9.370816599732262331e-01
9.638879514006074567e-01
4.922067268252666161e-01
9.730270906949352039e-01
9.460939752089939647e-01
8.935852809547488729e-01
3.387734915924827117e-01
9.288774635818337622e-01
9.675324675324675772e-01
9.633123689727463024e-01
9.342523860021209048e-01
9.552982193998256211e-01
9.330855018587360661e-01
9.107079331198861816e-01
9.014076280591086787e-01
8.806524333642753444e-01
9.388640368713568884e-01
9.495677233429394848e-01
8.849456210646823306e-01
7.669480685597339642e-01
9.721517177278089505e-01
9.443047071505569212e-01
9.503475670307844902e-01
8.071163739832725170e-01
9.717255081766773550e-01
3.015096746757389146e-01
9.837171586117418043e-01
8.485524340553292078e-01
8.921630094043887516e-01
8.921356611635634648e-01
8.484521043816521946e-01
8.907919547454431486e-01
8.731830182380966310e-01
8.520151133501259189e-01
9.552538146732796331e-01
9.387184194422589778e-01
8.548009367681498327e-01
9.209587955625990752e-01
9.314830875975715907e-01
8.315126828365118072e-01
8.515003650055711359e-01
5.701189296333002421e-01
4.778820375335120496e-01
6.764705882352941568e-01
8.612919379068603165e-01
6.713046886482778586e-01
2.308870630831360571e-01
8.998330550918196558e-01
7.380037197768133383e-01
9.165091053836202928e-01
9.312551700117549514e-01
9.606650292839599148e-01
9.339033212758960367e-01
8.186683793620209704e-01
7.136879856545128575e-01
6.972125435540069693e-01
8.752221827230715068e-01
8.853640230172629133e-01
7.156730912894068153e-01
7.653993516062481683e-01
9.282608695652173614e-01
8.776722090261283027e-01
8.354720439963336798e-01
7.059217129474740782e-01
3.005893909626718985e-01
8.764972483004208614e-01
7.835533839276431767e-01
8.395851291605260780e-01
9.364027823782709037e-01
9.619686800894854395e-01
8.784722222222222099e-01
7.586866432897673151e-01
8.802929732204165525e-01
7.896911864152077465e-01
9.512094151043822832e-01
9.525599578979023763e-01
1.824711545808817836e-01
9.657461182884912176e-01
8.009731871880407805e-01
8.415327163500567753e-01
9.440860215053763493e-01
7.742786479802143962e-01
8.998317023000685921e-01
9.258364953432217659e-01
8.391157387621897001e-01
7.523316062176166330e-01
8.254357041921809301e-01
9.423599079413513824e-01
9.409152760868008114e-01
9.750486639532826016e-01
8.938344180838406761e-01
8.335468841001747453e-01
9.196643681980559704e-01
9.419460343417824788e-01
9.245323586325521203e-01
9.611159368453323637e-01
9.395607997377909415e-01
9.685156032966015793e-01
9.245858184227965237e-01
8.741599298724067602e-01
8.919057639993840381e-01
7.166330354569040439e-01
