4.727749835993876881e-01
9.308430085815244670e-01
8.598610191925877277e-01
6.576550527685413039e-01
7.676396230751550975e-01
8.352562890107811944e-01
8.540784335295088514e-01
7.642674120661542281e-01
6.370909959398136646e-01
5.829901521933751329e-01
7.596685082872928207e-01
8.964002823307976042e-01
7.776512360152743053e-01
9.297396913153651576e-01
6.036249014972419058e-01
6.473521088802047796e-01
9.218134034165571533e-01
8.893681259434979003e-01
8.968971962616822946e-01
6.286386657799151179e-01
8.960842030148961079e-01
6.671469740634006218e-01
2.760517135234968333e-01
8.621623983917490186e-01
5.949570033522809664e-01
8.847115894792693114e-01
9.449854838116937827e-01
7.999251123315027634e-01
8.906149862852161814e-01
6.614921011779746340e-01
7.049658222758343751e-01
7.992600625119602453e-01
7.798773006134969155e-01
8.791239002932551561e-01
9.198888046499873461e-01
8.388165410098240571e-01
4.502446982055464675e-01
9.049976049816381707e-01
6.033368091762252305e-01
8.258677383997077293e-01
9.174450135583006594e-01
5.837307535086524446e-01
5.090510148107515453e-01
8.172764440717056322e-01
9.241297624531157329e-01
8.058404310794368142e-01
8.767170477543814178e-01
7.349818829063632375e-01
7.570219966159051905e-01
9.198526024873330265e-01
9.289898463941681506e-01
9.063336306868866599e-01
8.291035834876374633e-01
8.555568772055033300e-01
8.580882352941175961e-01
9.413130775557598806e-01
7.677943981527959316e-01
5.594174114531611508e-01
8.614504459027426675e-01
8.707409410492158441e-01
8.831038519426946953e-01
9.129743634209080971e-01
8.650600577771020427e-01
9.048305201042953216e-01
8.040275964944993969e-01
8.990468069555683783e-01
8.256903977704586062e-01
8.477828054298642835e-01
5.038584989414737203e-01
8.475046523430891376e-01
6.876462938881664488e-01
8.831256315257662859e-01
8.822757111597374635e-01
8.770739464617015591e-01
8.979317754499059889e-01
6.216963397102731603e-01
3.057159693576900206e-01
9.555013361217613577e-01
8.983003361972357048e-01
9.543977356116993827e-01
9.406530049508052826e-01
8.640270903881218656e-01
7.818324644718989136e-01
8.157268075188731649e-01
8.571761960326721441e-01
9.479512735326688366e-01
8.925308973670069701e-01
8.722155068209290762e-01
6.960136431464506446e-01
9.738070744638759324e-01
7.956989247311827551e-01
9.206438068579426703e-01
9.439782626068888849e-01
9.836065573770491621e-01
9.137630662020905792e-01
9.406751884627990723e-01
4.502381549260466298e-01
9.716632443531827423e-01
9.003568487510293927e-01
9.097472924187726129e-01
2.675258738527631075e-01
8.954983922829582443e-01
9.417852522639068580e-01
9.501466275659824490e-01
9.224797843665768493e-01
9.472644189205878806e-01
9.113420296263542442e-01
9.081234480312166957e-01
9.067934152562021621e-01
8.712659075686537413e-01
9.500468729074594831e-01
9.483747609942638768e-01
8.778780622582427196e-01
7.271889400921659474e-01
9.623359533378382791e-01
9.291022767488498202e-01
9.376227897838900205e-01
8.034308575704808275e-01
9.710078931390406787e-01
2.947207981155604561e-01
9.808105119365120306e-01
8.244727500522029962e-01
8.759783263094521599e-01
8.933143669985775803e-01
8.357560395220112737e-01
8.833217350962653258e-01
8.747779483937012657e-01
7.400579404793258265e-01
9.488792130301564320e-01
9.263192557833209717e-01
8.963406149993042860e-01
9.028163427211424175e-01
9.255273353422298621e-01
8.412844036697247896e-01
8.548963002355086660e-01
6.543080331118106274e-01
4.338302403407362506e-01
6.994492525570417119e-01
8.743117069667225572e-01
6.549925840868857652e-01
2.220449408323361129e-01
8.487915539656225583e-01
7.457873681658382381e-01
9.049649111300583915e-01
9.406907229796568348e-01
9.618079096045197840e-01
9.528271405492729773e-01
8.249716699289172395e-01
7.365415986949429561e-01
6.298394711992445494e-01
8.353970612514446392e-01
8.717324636129094584e-01
7.429899753014673758e-01
7.592490336830480802e-01
9.287966368891223956e-01
8.473959517853081325e-01
8.356569497253908407e-01
6.992176962503372506e-01
4.450816056462285064e-01
8.808208366219415497e-01
7.863091610806418608e-01
8.438793127072429234e-01
9.282550930026571834e-01
9.422522612066395187e-01
8.135593220338983578e-01
7.971727105101413802e-01
8.912985748428786659e-01
7.677953128986405584e-01
9.404817586529466977e-01
9.263788005986056673e-01
1.754265272427077693e-01
9.565832940066069101e-01
8.037476577139287537e-01
8.400871459694989607e-01
9.471502590673575028e-01
7.157160194174757573e-01
8.925864300240340388e-01
9.251222704415512643e-01
8.114005789356490972e-01
7.580447510552352774e-01
8.394173709764430891e-01
9.386794891680885211e-01
9.305813505273855535e-01
9.734144222415290759e-01
8.854506348435440266e-01
7.654918463966333686e-01
9.066884176182707922e-01
9.347804036920580595e-01
8.950649350649351188e-01
9.588708453483077987e-01
9.329554968764088851e-01
9.622902452517057004e-01
9.479948253557567428e-01
8.645888530276024664e-01
8.901926624308259539e-01
7.159885386819484498e-01
