4.020081814801041431e-01
8.456611255147170603e-01
7.425435765009683609e-01
4.923076923076923350e-01
5.555555555555555802e-01
7.505098572399727663e-01
7.245040514110087093e-01
6.350336101225780849e-01
4.738338516215015450e-01
6.480534801415650525e-01
7.825450285546932117e-01
8.581608088589312011e-01
6.406519861830742846e-01
7.355785837651123149e-01
3.945741758241758101e-01
0.000000000000000000e+00
8.813311688311687986e-01
8.550202611436289457e-01
7.889860368002088453e-01
3.206513229998434467e-01
7.356990773598296451e-01
4.839387864860900668e-01
1.676387019590249716e-01
7.229203117544138468e-01
7.038216560509553688e-01
7.182709570501312202e-01
9.226837520696854478e-01
3.393690851735015612e-01
7.927909987055660190e-01
7.475847893114080378e-01
8.052237826486415839e-01
6.328578455484505927e-01
6.546747542355155769e-01
8.223781068675846129e-01
7.869565217391304435e-01
7.233997002783130181e-01
3.077838078953237799e-01
7.960115090782815539e-01
5.427803494101837156e-01
7.252375374202785219e-01
8.024846454494696246e-01
2.498104845763601256e-01
3.485576923076922906e-01
5.601537765716869677e-01
8.855036855036855226e-01
7.528222409435552098e-01
8.157265774378584799e-01
6.532176265073819099e-01
5.457980376622585394e-01
8.145144942225825968e-01
8.928684427007530511e-01
7.690463505594032911e-01
7.225437122767718323e-01
7.838875606752154779e-01
5.878489326765188316e-01
8.883660854322354972e-01
7.398953514825206135e-01
2.988624612202688824e-01
7.987366440427390302e-01
5.426926766869203389e-01
7.993316275912485391e-01
7.290769435687963762e-01
8.012001953806433541e-01
9.250352609308886143e-01
7.447322970639033146e-01
6.406346358692605047e-01
5.866030782570994528e-01
6.906906906906906674e-01
2.014966135022940863e-01
6.513695829926410275e-01
5.233570863024544773e-01
8.211749515816655354e-01
4.633398174472542208e-01
8.274313985981950337e-01
7.880195031344323642e-01
6.012715712988192518e-01
4.505036470996873765e-01
8.939195100612423728e-01
9.060319281139470604e-01
9.389361702127659859e-01
8.733871940190521821e-01
8.663473703235134993e-01
6.695458344942880613e-01
4.887504326756663131e-01
8.703254006799416853e-01
8.260456273764258395e-01
9.309153713298791155e-01
7.554079373190256685e-01
2.308321072421121445e-01
9.245643534087435444e-01
6.040268456375839090e-01
9.355206847360912903e-01
8.800059772863120244e-01
9.704157782515991926e-01
9.162162162162161838e-01
8.960104643557881277e-01
2.683218665868979946e-01
9.552067819910642354e-01
9.313329486439699822e-01
7.432605905006418601e-01
2.142633719111667057e-01
8.968531468531468764e-01
8.473199783432593390e-01
8.933811542223670799e-01
9.170673076923077094e-01
9.431505133984472433e-01
7.825696316262353847e-01
8.381077099361597949e-01
7.407148990983254411e-01
8.611111111111111605e-01
8.584710743801653443e-01
9.252247988641741916e-01
8.423913043478260532e-01
7.201665124884366609e-01
9.386886176554073424e-01
9.180044455421091376e-01
8.507246376811594679e-01
9.111274242818916402e-01
9.309986644902804587e-01
2.506139154160982319e-01
9.589299171062547478e-01
7.451235370611183351e-01
5.444713248897110613e-01
8.250925310809528179e-01
6.789864736140217572e-01
7.448992685743616171e-01
8.469187963726297896e-01
7.867483296213808597e-01
8.666251492033836268e-01
8.571662036280437436e-01
5.903209109730849224e-01
8.912872841444270389e-01
8.894430590191189090e-01
6.151445466491458625e-01
7.876080269518089816e-01
3.685669727950095509e-01
6.644920782851817531e-01
5.745192307692307265e-01
7.242941791565005172e-01
4.460473921274234477e-01
1.808383233532934176e-01
7.515805705474171150e-01
5.512000000000000233e-01
8.903621610924203900e-01
8.949234488315874758e-01
8.608522882981638480e-01
8.554327808471454686e-01
7.114837550531516452e-01
4.839094159713945298e-01
6.266410502721742048e-01
7.133196118788591722e-01
7.607646953725210048e-01
6.906392694063926418e-01
6.853675291962445515e-01
8.385124808965868093e-01
8.723763570566948067e-01
6.703910614525139255e-01
4.981210855949895766e-01
3.518416712479384145e-01
8.238177424922333847e-01
6.608981569611490636e-01
7.840653153153153143e-01
9.132171967396516266e-01
8.907849829351536242e-01
4.578313253012047945e-01
6.089999999999999858e-01
7.576815642458100131e-01
4.368919772583702010e-01
8.953942232630757170e-01
9.329797863346399600e-01
6.844608879492600773e-01
9.031407862947506970e-01
2.635171922770867536e-01
6.599635756563970723e-01
7.347098797699948003e-01
6.970483295491404219e-01
7.763482363032057076e-01
8.425296044343663082e-01
7.617608308145392693e-01
8.013123149555892999e-01
8.044133989522146422e-01
8.067695663115510563e-01
8.248451914570958943e-01
8.832882273342353985e-01
8.349260374394553708e-01
7.385792349726776340e-01
7.749792416274564610e-01
8.109874580462815841e-01
8.227141482194417765e-01
9.235724743777452561e-01
8.591165355306362716e-01
9.265961395694135572e-01
8.681885125184094498e-01
7.856956861383560531e-01
7.416161788548510936e-01
1.490769766631835636e-01
