7.949990807133664461e-01
9.842030528931486888e-01
9.304319689370651458e-01
5.308379413015738013e-01
7.686084142394822294e-01
1.000000000000000000e+00
9.924725695330441910e-01
6.379344587884806517e-01
9.996251171508903077e-01
9.909801563439567529e-01
9.332867621376178535e-01
9.873151276796100495e-01
9.731103459583538839e-01
9.401766004415010869e-01
1.000000000000000000e+00
0.000000000000000000e+00
9.620769094453305303e-01
8.663321167883211160e-01
9.525760201670080418e-01
1.000000000000000000e+00
9.273573089998210506e-01
9.531972265023112012e-01
1.000000000000000000e+00
8.223267595440564293e-01
9.203821656050955591e-01
7.232651926018633937e-01
9.664454833358467889e-01
3.393690851735015612e-01
8.150271266250384006e-01
9.926310043668121752e-01
8.588828223435531761e-01
9.751402152493557907e-01
8.879432624113474670e-01
9.880345437519508778e-01
8.734584450402145261e-01
8.420134562671318657e-01
1.000000000000000000e+00
9.125341219290263872e-01
5.427803494101837156e-01
9.464922711058263438e-01
8.122350946595083832e-01
1.000000000000000000e+00
1.000000000000000000e+00
5.601537765716869677e-01
9.529349550502379529e-01
9.231404958677685846e-01
9.344711143561194033e-01
9.987937273823884743e-01
1.000000000000000000e+00
9.990054699154649054e-01
9.831382385730211837e-01
9.990771715307417145e-01
9.673442185938020410e-01
9.652957444910339468e-01
5.883319638455217770e-01
9.564915069037449591e-01
8.032435992426113502e-01
2.988624612202688824e-01
8.745493341181664881e-01
5.426926766869203389e-01
9.268026881394926253e-01
9.337541225975207748e-01
9.551618001830131099e-01
9.691171038049500863e-01
9.972247918593895033e-01
6.592246452059535855e-01
5.866030782570994528e-01
6.906906906906906674e-01
1.000000000000000000e+00
1.000000000000000000e+00
1.000000000000000000e+00
9.072753209700428201e-01
9.939014604397368169e-01
8.622714469852484909e-01
9.926879204445744342e-01
9.420135183208822038e-01
1.000000000000000000e+00
9.765830346475508073e-01
9.776173285198556107e-01
9.652230971128609172e-01
9.426080166579906550e-01
9.592755653392035509e-01
8.987657399326767216e-01
4.935337294652219486e-01
9.509153621650304755e-01
1.000000000000000000e+00
9.602137767220902953e-01
7.923887797034125935e-01
2.308321072421121445e-01
9.392080745341614412e-01
6.166730110392082409e-01
9.969595621769534732e-01
9.915810742549250323e-01
9.929097354785928475e-01
9.685714285714285277e-01
9.533750869867779754e-01
9.749999999999999778e-01
9.665005216181754566e-01
9.829476248477466704e-01
8.346948582412301310e-01
1.000000000000000000e+00
9.000000000000000222e-01
8.565955117679255881e-01
9.931134469010510779e-01
9.427512355848435277e-01
9.612046962736089384e-01
7.825696316262353847e-01
1.000000000000000000e+00
7.409932885906039823e-01
8.724617028856430645e-01
8.631524279407946088e-01
9.697420634920634885e-01
9.505314799672935910e-01
8.683770217512548628e-01
9.621063350061822561e-01
9.273952095808383200e-01
8.653562653562653084e-01
9.369079796430224150e-01
9.585943468296409531e-01
8.632518796992481036e-01
9.807321772639692181e-01
9.679054054054053724e-01
8.258148068206345727e-01
8.278423157493810525e-01
8.056968463886062803e-01
9.541420118343195700e-01
9.326486609169314379e-01
9.586160108548168468e-01
9.074557113357243354e-01
8.690969345484672592e-01
5.903209109730849224e-01
9.364948453608247236e-01
9.953488372093023395e-01
6.151445466491458625e-01
8.335141838474655618e-01
3.685669727950095509e-01
1.000000000000000000e+00
7.793478260869565188e-01
9.933078393881452639e-01
9.934574004070950703e-01
1.808383233532934176e-01
1.000000000000000000e+00
5.538585209003215049e-01
9.620785515717442671e-01
9.085405759162303863e-01
9.590870925883520082e-01
8.607164916615194228e-01
9.926885314393147919e-01
5.011108368304122429e-01
9.780109945027486429e-01
9.182437547312641835e-01
9.361327910300099031e-01
7.049638778839431019e-01
7.818704284221525969e-01
8.593056643174106224e-01
9.642666666666667163e-01
7.701564380264741549e-01
6.960326721120186910e-01
3.699421965317918892e-01
9.339438052751036778e-01
6.986827661909988940e-01
8.215339233038347899e-01
9.351882160392798182e-01
9.159785301403798874e-01
4.618055555555555802e-01
6.255778120184899427e-01
9.737928558607071849e-01
9.772042200452147886e-01
9.975152192818983465e-01
9.565799842395587005e-01
9.946236559139784994e-01
9.856184084372003884e-01
2.635282291841179458e-01
7.688295615275813066e-01
9.726643598615917208e-01
8.917012448132780600e-01
9.932784636488339869e-01
9.939069698320701640e-01
8.976255707762557101e-01
8.465635303068729245e-01
9.092050959985644720e-01
9.819787625076576987e-01
9.685413266063214177e-01
9.190425906370995879e-01
9.981220657276995700e-01
9.229718656104889396e-01
9.948481080120803455e-01
9.952308692824626268e-01
9.910724637681159743e-01
9.412115786332437839e-01
9.165840438892194353e-01
9.349250936329588368e-01
8.729022704837117175e-01
9.963676389653274290e-01
1.000000000000000000e+00
1.709720372836218416e-01
