8.069498069498070025e-01
9.889953851615193026e-01
9.500080893059374976e-01
6.288813270948532264e-01
8.166127292340884525e-01
1.000000000000000000e+00
9.965552436846134565e-01
6.846077457795431975e-01
9.992502343017807265e-01
9.975947083583884822e-01
9.528466643381068302e-01
9.915803467567717577e-01
9.826201016560092150e-01
9.549668874172185795e-01
1.000000000000000000e+00
1.021358159912376801e-01
9.753677122098174390e-01
9.370437956204379359e-01
9.604537576807941068e-01
1.000000000000000000e+00
9.452495974235104459e-01
9.596494607087827644e-01
1.000000000000000000e+00
8.664736746878958229e-01
9.532092111709946636e-01
7.651230705047976643e-01
9.760217161815714082e-01
3.911041009463722129e-01
8.358583273620636689e-01
1.000000000000000000e+00
8.899622007559848669e-01
9.784750644232226291e-01
9.265248226950354438e-01
9.902195401102903416e-01
9.549597855227881515e-01
8.648143533516072790e-01
1.000000000000000000e+00
9.340309372156505585e-01
6.256532775869791951e-01
9.660268387973500737e-01
8.680418197230855837e-01
1.000000000000000000e+00
1.000000000000000000e+00
6.874717322478516301e-01
9.713114754098360892e-01
9.514462809917355601e-01
9.485260564022999219e-01
9.987937273823884743e-01
1.000000000000000000e+00
9.994405768274490232e-01
9.868311036789297885e-01
9.993078786480562581e-01
9.743418860379873259e-01
9.757337853510571479e-01
9.038619556285949486e-01
9.706963345584583847e-01
8.287643039433605363e-01
3.528668275307365043e-01
8.971378117872120805e-01
6.485449312440038083e-01
9.304353090754979849e-01
9.465483907653815532e-01
9.681390899259628702e-01
9.776874769117104291e-01
1.000000000000000000e+00
6.840313834083304734e-01
6.874051593323217135e-01
8.025920657499604483e-01
1.000000000000000000e+00
1.000000000000000000e+00
1.000000000000000000e+00
9.636233951497860106e-01
9.961482908040443229e-01
8.748269441924857448e-01
9.991225504533489676e-01
9.768765563856278700e-01
1.000000000000000000e+00
9.945041816009557722e-01
9.879319236719958930e-01
9.840332458442694330e-01
9.423477355543987688e-01
9.674804882929758376e-01
9.114823588081286676e-01
5.357392520097867816e-01
9.726717962324223921e-01
1.000000000000000000e+00
9.910926365795724724e-01
8.399142397713060815e-01
3.106097760340035818e-01
9.524068322981366075e-01
7.068899885801294136e-01
1.000000000000000000e+00
9.974743222764774764e-01
9.991818925552222730e-01
1.000000000000000000e+00
9.937369519832985887e-01
1.000000000000000000e+00
9.754259881766547124e-01
9.975639464068210005e-01
9.014896684286400896e-01
1.000000000000000000e+00
9.929824561403508554e-01
9.616858237547892818e-01
1.000000000000000000e+00
9.651976935749587705e-01
9.900459418070444162e-01
8.683737646001796762e-01
1.000000000000000000e+00
7.611812080536912717e-01
9.046431540197126253e-01
9.106725525837444657e-01
9.895833333333333703e-01
9.762878168438267057e-01
9.598438371444506512e-01
9.583242417630373211e-01
9.660678642714570774e-01
9.420147420147420014e-01
9.304307594905885104e-01
9.709702062643239540e-01
9.454887218045112673e-01
9.866409762363519409e-01
9.782392686804451953e-01
8.553852795165119982e-01
8.503142258617406579e-01
8.303379676726574399e-01
9.686061801446417263e-01
9.500680889695869435e-01
9.898236092265942920e-01
9.151179219650038554e-01
9.057166528583264764e-01
7.264492753623188470e-01
9.583505154639174739e-01
1.000000000000000000e+00
6.800262812089356013e-01
8.535110835529374773e-01
4.238433547045572514e-01
1.000000000000000000e+00
9.771739130434782261e-01
9.980879541108986786e-01
9.960744402442570644e-01
7.377245508982035460e-01
1.000000000000000000e+00
5.958601286173633715e-01
9.672820585929147175e-01
9.218750000000000000e-01
9.663384474467597851e-01
9.178505250154416206e-01
9.966576143722581937e-01
6.136756356455196348e-01
9.960019990004997936e-01
9.564723694171082258e-01
9.445971199296471221e-01
7.767420181775809285e-01
8.304597701149425415e-01
9.096841555729574536e-01
9.866666666666666918e-01
8.904933814681107451e-01
7.817969661610267851e-01
4.349710982658959724e-01
9.361352430147922288e-01
7.241126966703256285e-01
8.296951819075712997e-01
9.587561374795416924e-01
9.415772089182493643e-01
9.826388888888888395e-01
7.488443759630200036e-01
9.761263686950277796e-01
9.827618688771665445e-01
9.996272828922847520e-01
9.682427107959022949e-01
9.992319508448540555e-01
9.940076701821668470e-01
3.234210085441447391e-01
7.945544554455445940e-01
9.882352941176471006e-01
9.257261410788382161e-01
9.978052126200274152e-01
9.962847377024818263e-01
9.188127853881278284e-01
8.746301462507397595e-01
9.438363538489144000e-01
9.811619358791096035e-01
9.772963347677696699e-01
9.743048222456881513e-01
1.000000000000000000e+00
9.541108986615678411e-01
9.980458340735477440e-01
9.982657706481682380e-01
9.939710144927536017e-01
9.519546404058489841e-01
9.290105096172912580e-01
9.457865168539325573e-01
9.239881539980256964e-01
9.975784259768849527e-01
1.000000000000000000e+00
2.005992010652463409e-01
