9.805908203125000000e-01
9.748229980468750000e-01
9.684753417968750000e-01
9.579772949218750000e-01
9.696350097656250000e-01
9.899444580078125000e-01
9.942932128906250000e-01
9.636383056640625000e-01
9.858703613281250000e-01
9.953460693359375000e-01
9.764862060546875000e-01
9.541015625000000000e-01
9.812774658203125000e-01
8.176574707031250000e-01
7.626342773437500000e-01
9.729309082031250000e-01
9.758148193359375000e-01
9.610137939453125000e-01
9.657745361328125000e-01
7.623748779296875000e-01
9.464569091796875000e-01
9.879760742187500000e-01
9.681701660156250000e-01
9.779815673828125000e-01
9.866180419921875000e-01
9.779052734375000000e-01
9.958953857421875000e-01
9.595642089843750000e-01
9.780731201171875000e-01
9.690551757812500000e-01
9.745635986328125000e-01
9.848480224609375000e-01
9.710235595703125000e-01
9.687500000000000000e-01
9.797973632812500000e-01
9.379730224609375000e-01
9.841613769531250000e-01
9.883880615234375000e-01
9.586334228515625000e-01
9.866485595703125000e-01
9.468841552734375000e-01
9.657897949218750000e-01
9.806976318359375000e-01
9.703063964843750000e-01
9.716339111328125000e-01
9.652709960937500000e-01
9.972839355468750000e-01
9.774017333984375000e-01
8.846893310546875000e-01
9.055938720703125000e-01
9.751129150390625000e-01
9.777374267578125000e-01
9.557800292968750000e-01
9.097442626953125000e-01
9.691772460937500000e-01
9.826354980468750000e-01
9.945983886718750000e-01
8.778686523437500000e-01
9.541625976562500000e-01
9.498291015625000000e-01
9.043273925781250000e-01
9.300689697265625000e-01
9.888305664062500000e-01
9.879608154296875000e-01
9.937744140625000000e-01
9.949188232421875000e-01
9.853820800781250000e-01
9.242553710937500000e-01
9.840087890625000000e-01
9.667358398437500000e-01
8.691406250000000000e-01
9.797363281250000000e-01
9.675445556640625000e-01
9.757385253906250000e-01
9.705657958984375000e-01
9.879302978515625000e-01
9.917602539062500000e-01
9.858856201171875000e-01
9.628753662109375000e-01
9.539337158203125000e-01
9.596862792968750000e-01
9.267730712890625000e-01
9.117736816406250000e-01
9.843750000000000000e-01
9.936218261718750000e-01
9.976043701171875000e-01
9.899749755859375000e-01
9.586486816406250000e-01
7.921600341796875000e-01
9.956817626953125000e-01
9.813690185546875000e-01
8.554840087890625000e-01
9.945373535156250000e-01
9.386138916015625000e-01
9.127655029296875000e-01
9.801940917968750000e-01
9.941253662109375000e-01
9.797821044921875000e-01
9.828186035156250000e-01
9.494934082031250000e-01
9.598083496093750000e-01
9.702911376953125000e-01
9.485626220703125000e-01
9.512786865234375000e-01
9.967651367187500000e-01
9.873199462890625000e-01
9.848632812500000000e-01
9.809875488281250000e-01
9.930114746093750000e-01
9.856719970703125000e-01
9.882812500000000000e-01
9.627075195312500000e-01
9.915313720703125000e-01
9.907226562500000000e-01
9.461669921875000000e-01
9.941406250000000000e-01
9.865722656250000000e-01
9.926605224609375000e-01
9.793090820312500000e-01
9.822692871093750000e-01
9.895782470703125000e-01
9.782104492187500000e-01
9.950714111328125000e-01
9.746704101562500000e-01
9.962005615234375000e-01
9.971466064453125000e-01
9.674682617187500000e-01
9.680328369140625000e-01
9.576416015625000000e-01
9.792327880859375000e-01
9.714813232421875000e-01
9.739074707031250000e-01
9.866333007812500000e-01
9.683685302734375000e-01
9.665527343750000000e-01
9.583129882812500000e-01
8.680267333984375000e-01
9.938049316406250000e-01
8.668975830078125000e-01
9.960632324218750000e-01
8.897399902343750000e-01
9.594726562500000000e-01
9.021606445312500000e-01
9.269409179687500000e-01
9.900970458984375000e-01
9.953308105468750000e-01
9.707031250000000000e-01
9.615020751953125000e-01
9.808654785156250000e-01
9.100036621093750000e-01
9.958496093750000000e-01
9.465942382812500000e-01
8.417663574218750000e-01
9.925537109375000000e-01
9.892578125000000000e-01
9.958953857421875000e-01
9.856567382812500000e-01
9.978332519531250000e-01
9.978790283203125000e-01
9.984130859375000000e-01
9.721984863281250000e-01
9.937591552734375000e-01
9.970245361328125000e-01
9.932556152343750000e-01
9.586791992187500000e-01
9.983062744140625000e-01
9.977874755859375000e-01
9.947662353515625000e-01
9.903411865234375000e-01
9.955596923828125000e-01
9.926147460937500000e-01
9.846801757812500000e-01
9.496612548828125000e-01
9.910736083984375000e-01
9.937133789062500000e-01
9.965362548828125000e-01
9.931793212890625000e-01
9.836273193359375000e-01
9.782867431640625000e-01
9.955749511718750000e-01
9.973144531250000000e-01
9.058532714843750000e-01
9.941101074218750000e-01
9.828033447265625000e-01
9.935455322265625000e-01
9.651031494140625000e-01
9.270629882812500000e-01
9.952697753906250000e-01
8.786010742187500000e-01
9.907226562500000000e-01
9.853820800781250000e-01
9.713287353515625000e-01
9.813385009765625000e-01
9.875030517578125000e-01
9.727325439453125000e-01
9.723052978515625000e-01
