9.245053829642078114e-01
9.876631831992254140e-01
9.830005896723106318e-01
9.803235033040733626e-01
9.884268710153575332e-01
9.897043961596766470e-01
9.554923914173801824e-01
9.942645576106180494e-01
9.568611817079450965e-01
9.998747514599283237e-01
9.757565624477512189e-01
9.665353916138407220e-01
9.735350034490301008e-01
9.997213388846998283e-01
9.803065836271297462e-01
1.000000000000000000e+00
9.733858714707895876e-01
9.984686789593331113e-01
9.986821875686360261e-01
9.383250269396551380e-01
9.930271740037032169e-01
9.270198723527705020e-01
7.218085020828977072e-01
9.880684563982069513e-01
9.450157841637647493e-01
9.998800239952009283e-01
9.772353368787543015e-01
9.830938292476754103e-01
9.676507674246705992e-01
9.989979312128264288e-01
9.431096193036836439e-01
9.769592290334073725e-01
9.827449968553966242e-01
9.307822977201609671e-01
9.988691869139796342e-01
9.929055816379760424e-01
8.447130106195843702e-01
9.538805864937262013e-01
1.000000000000000000e+00
9.569313819175510050e-01
9.987512402066440753e-01
9.775680794096519577e-01
9.478138445963046887e-01
9.968910560591680570e-01
9.942903470640999108e-01
9.798174509028602097e-01
9.893182359515564350e-01
9.936885808514556162e-01
8.494874513962531459e-01
9.477430836434234118e-01
9.648132228821506562e-01
9.698419118293561958e-01
9.548867966823582076e-01
9.355016842454028092e-01
9.996890498919448476e-01
9.710468910562656264e-01
9.970405888853509646e-01
1.000000000000000000e+00
9.788622581576668091e-01
1.000000000000000000e+00
9.545278361451682292e-01
9.876329509906152104e-01
9.747173689619732517e-01
9.916347762543028521e-01
9.860352826080095445e-01
9.992531430231110789e-01
9.901022602301265962e-01
1.000000000000000000e+00
8.370494931039500486e-01
9.465618488350066029e-01
9.559850576579502768e-01
9.986122805376242972e-01
9.909113902706349064e-01
9.984749601919755690e-01
9.950416150168230889e-01
9.999681147867676145e-01
9.917806939709522540e-01
9.964955746442600848e-01
9.828620547626295556e-01
9.998851781379174408e-01
9.984443061605475789e-01
8.967087969464548891e-01
9.919499261062331152e-01
9.846187976040818857e-01
9.983648226399209902e-01
9.979152951503181823e-01
9.989976821399486617e-01
9.985151570763609596e-01
9.406026040298675062e-01
9.984427225767243952e-01
9.987283218617367675e-01
9.967709287194563839e-01
9.838414685302951934e-01
9.981897234479303327e-01
9.988524641007350269e-01
9.993135618340379667e-01
9.988702488547728242e-01
9.983833839990159387e-01
9.985131624252668869e-01
9.975100464896383690e-01
9.958366100754035832e-01
9.995382199919957689e-01
9.984146666875951537e-01
9.964796024021536081e-01
9.948912326961107944e-01
9.986529910091207496e-01
9.999052282419839122e-01
9.839612023305084332e-01
9.980601564665003700e-01
9.974437538299921746e-01
9.983788603388181748e-01
9.982525188916876457e-01
9.900935171976541493e-01
9.969251525657719659e-01
9.944387587618513935e-01
9.941002470419971759e-01
9.989763940725342461e-01
9.859413952347868548e-01
9.966605075350477572e-01
9.963253848094877352e-01
9.964675936347422436e-01
9.180307182001730126e-01
9.756169646815427976e-01
1.000000000000000000e+00
9.620208506059376719e-01
9.728015878355648072e-01
9.522249123392887427e-01
9.977833973338328111e-01
9.825815759324478815e-01
9.940505201593250462e-01
9.994486963289661574e-01
9.903766931417460340e-01
9.929637459375887376e-01
9.964338581617547819e-01
9.760231029372649081e-01
1.000000000000000000e+00
9.919164494083889672e-01
9.928036399653337174e-01
9.913466994514847919e-01
9.647788877902417903e-01
9.470641875705166912e-01
9.966371039530513842e-01
9.999339498018493533e-01
9.726250800862018542e-01
9.991746698679472294e-01
9.793649280061027529e-01
9.997752736845484378e-01
9.555548239477192896e-01
9.973977392860047253e-01
9.710710631935154380e-01
9.919706172289884938e-01
9.610552986410106913e-01
9.991836068250469216e-01
9.858041096778376033e-01
9.989952191880723253e-01
9.933318227430162350e-01
9.983344701235664642e-01
9.816364263106766019e-01
1.000000000000000000e+00
9.960764987964139117e-01
9.984067101311259185e-01
9.769006106735109718e-01
9.980311648100158584e-01
9.957160746062083678e-01
1.000000000000000000e+00
9.998270141062133298e-01
8.997867411846894869e-01
9.567734887108521047e-01
9.862925530989614664e-01
9.909926957574840545e-01
9.992994364355325398e-01
9.947689198878821859e-01
9.932789246279404294e-01
9.643884626733549847e-01
9.990901254669093401e-01
9.954218547032918085e-01
9.669505202073962469e-01
9.760742768718009277e-01
8.936174110577803642e-01
9.545496862606364097e-01
9.759018061137701983e-01
9.332288674153390584e-01
9.730685005186522352e-01
9.992662891777653877e-01
9.734047949142798917e-01
9.628606060606060835e-01
9.683342514230390830e-01
9.908901400128030668e-01
9.605875841225773870e-01
9.988284699817961965e-01
9.688733707619973101e-01
9.990156044917601896e-01
9.994144818164075739e-01
9.572726789605143782e-01
8.280932009801885707e-01
8.437128830469554641e-01
