7.718330575473432154e-01
9.923677671281505575e-01
9.373887720433586868e-01
7.620161633347511954e-01
8.247033441208198035e-01
1.000000000000000000e+00
9.969379943863230231e-01
6.792452830188678847e-01
1.000000000000000000e+00
8.809380637402285386e-01
9.397485155431365422e-01
9.272697058660610558e-01
9.637645515658305184e-01
8.883002207505519277e-01
1.000000000000000000e+00
0.000000000000000000e+00
9.996455785929470039e-01
8.973540145985401395e-01
8.315739719552543985e-01
1.000000000000000000e+00
9.357666845589550642e-01
9.192989214175655288e-01
1.000000000000000000e+00
8.183462999819069994e-01
1.000000000000000000e+00
6.933667083854818669e-01
8.845573819936660698e-01
7.818927444794953052e-01
8.999897635377213101e-01
9.224890829694323280e-01
9.209015819683605830e-01
9.334546005760193665e-01
9.330496453900709586e-01
1.000000000000000000e+00
9.512064343163538771e-01
7.589085472215300054e-01
1.000000000000000000e+00
9.969290263876251501e-01
4.445274003285052955e-01
9.510786478681840794e-01
8.310257134783837207e-01
9.211017740429504608e-01
9.995689655172413923e-01
8.292627770239709983e-01
9.223955579058699117e-01
9.847107438016529102e-01
9.173131331568860070e-01
8.087196277787351839e-01
1.000000000000000000e+00
9.830929885629040577e-01
9.944258639910813491e-01
9.915791902180182138e-01
9.779240253248917547e-01
9.880453207244178637e-01
9.293344289235825340e-01
9.668222906526273697e-01
4.842347904832469130e-01
2.772607146960818225e-01
8.995658891913766997e-01
6.622961304764950485e-01
9.651873826966156367e-01
8.953713180939383287e-01
9.407703186091007641e-01
9.754710011082379228e-01
9.888991674375577912e-01
6.018806968962732151e-01
9.564274875352265504e-01
7.494863284336968912e-01
1.000000000000000000e+00
9.890946179193472743e-01
9.969742813918305302e-01
9.500713266761768860e-01
8.992136093724923951e-01
8.049840072564090621e-01
1.000000000000000000e+00
7.943792244752757581e-01
9.946029298380878458e-01
9.909199522102748459e-01
9.962867457452294628e-01
6.896325459317584894e-01
7.433628318584071248e-01
9.974984990994596457e-01
8.604912105722478666e-01
6.648898986368402264e-01
8.161315998938710736e-01
1.000000000000000000e+00
9.738717339667458672e-01
8.031088082901554071e-01
6.196665031878372254e-01
9.496894409937888248e-01
6.855728968405024881e-01
9.978716935238673980e-01
9.976427007913790668e-01
9.833651486228525140e-01
1.000000000000000000e+00
9.763395963813500389e-01
9.749999999999999778e-01
9.626753216645415057e-01
9.841656516443362257e-01
8.803459875060066775e-01
1.000000000000000000e+00
9.771929824561403910e-01
9.835796387520525652e-01
9.978252990213845042e-01
9.468698517298187456e-01
9.683511995916284087e-01
8.805031446540880768e-01
1.000000000000000000e+00
7.959194630872483689e-01
9.205557534734591929e-01
9.088548428979486005e-01
9.766865079365079083e-01
9.967293540474243541e-01
9.286112660345788861e-01
8.829005745872426925e-01
1.000000000000000000e+00
9.557739557739557412e-01
8.952930576862200285e-01
9.757066462948815744e-01
9.844924812030074746e-01
9.881824020552344434e-01
9.391891891891891442e-01
9.391323116770990964e-01
7.759474385831269805e-01
9.535435740929129045e-01
9.470742932281394078e-01
9.767930095324557360e-01
9.803256445047490164e-01
6.548744701662863044e-01
9.322286661143330821e-01
8.504140786749482261e-01
9.727835051546391831e-01
1.000000000000000000e+00
8.304862023653087899e-01
8.897845295303054014e-01
5.636804713221278407e-01
1.000000000000000000e+00
6.423913043478260976e-01
9.909177820267686121e-01
9.364640883977900510e-01
9.640718562874251996e-01
9.589659417316372947e-01
5.588826366559485059e-01
9.868843110699265786e-01
9.320189790575915678e-01
9.893137928402412351e-01
9.419394688079061329e-01
9.412993524127846179e-01
8.072080967662305095e-01
1.000000000000000000e+00
9.398183194549584174e-01
9.893371441134439781e-01
6.625495222558843711e-01
9.605538140020898341e-01
8.397285304098146552e-01
9.826666666666666883e-01
8.142799839550741714e-01
7.304550758459743554e-01
2.147398843930635737e-01
8.059012287704468980e-01
7.124039517014270073e-01
8.131268436578170666e-01
9.590834697217676119e-01
9.653179190751445260e-01
7.968750000000000000e-01
7.282999486389316601e-01
9.878836833602584466e-01
9.847400150715900358e-01
1.000000000000000000e+00
9.984239558707643791e-01
9.254992319508448251e-01
9.920901246404602025e-01
7.998827274250293051e-01
8.559936350777934688e-01
8.584775086505190833e-01
9.136929460580912599e-01
9.995884773662551126e-01
1.000000000000000000e+00
9.989954337899543679e-01
9.106433341787133484e-01
7.351516239009510123e-01
9.845313457218705100e-01
9.842706633031607089e-01
9.496656107004576297e-01
9.784037558685445557e-01
9.948101611581534609e-01
9.980458340735477440e-01
9.995664426620420873e-01
9.888695652173913331e-01
9.518551676116582261e-01
9.688677374578623658e-01
8.582397003745317887e-01
9.703849950641658673e-01
9.974683544303797333e-01
1.000000000000000000e+00
8.541278295605858606e-01
