9.734954833984375000e-01
9.941406250000000000e-01
9.636535644531250000e-01
8.846740722656250000e-01
8.499145507812500000e-01
9.574584960937500000e-01
9.076080322265625000e-01
9.781951904296875000e-01
9.819488525390625000e-01
9.889068603515625000e-01
8.798522949218750000e-01
9.420166015625000000e-01
9.634857177734375000e-01
9.808197021484375000e-01
2.882995605468750000e-01
4.828338623046875000e-01
7.783508300781250000e-01
9.413452148437500000e-01
8.715057373046875000e-01
9.619598388671875000e-01
8.464508056640625000e-01
5.320434570312500000e-01
8.025665283203125000e-01
8.556976318359375000e-01
7.440643310546875000e-01
9.604034423828125000e-01
9.820251464843750000e-01
9.968566894531250000e-01
6.986694335937500000e-01
9.877471923828125000e-01
9.511718750000000000e-01
9.438629150390625000e-01
9.189605712890625000e-01
8.621978759765625000e-01
9.370269775390625000e-01
6.765136718750000000e-01
7.379608154296875000e-01
7.235260009765625000e-01
8.746795654296875000e-01
9.748077392578125000e-01
9.851226806640625000e-01
6.996002197265625000e-01
2.894592285156250000e-01
9.885711669921875000e-01
9.897003173828125000e-01
9.914245605468750000e-01
9.356231689453125000e-01
9.863739013671875000e-01
9.657592773437500000e-01
9.689483642578125000e-01
9.437866210937500000e-01
9.929809570312500000e-01
9.859466552734375000e-01
9.916839599609375000e-01
9.768371582031250000e-01
9.945373535156250000e-01
9.906921386718750000e-01
9.916687011718750000e-01
9.364929199218750000e-01
9.880065917968750000e-01
9.945068359375000000e-01
9.932861328125000000e-01
8.283081054687500000e-01
9.983062744140625000e-01
9.955749511718750000e-01
9.874572753906250000e-01
9.758758544921875000e-01
9.896087646484375000e-01
9.927215576171875000e-01
9.737396240234375000e-01
8.493499755859375000e-01
9.769744873046875000e-01
9.924011230468750000e-01
9.937591552734375000e-01
9.847717285156250000e-01
9.802703857421875000e-01
9.737091064453125000e-01
9.918212890625000000e-01
9.951324462890625000e-01
6.981658935546875000e-01
9.932250976562500000e-01
8.944396972656250000e-01
9.886779785156250000e-01
9.897613525390625000e-01
9.882812500000000000e-01
9.892578125000000000e-01
7.817382812500000000e-01
9.180908203125000000e-01
9.412689208984375000e-01
8.960571289062500000e-01
7.863159179687500000e-01
9.629516601562500000e-01
5.879211425781250000e-01
9.862060546875000000e-01
9.780120849609375000e-01
9.423522949218750000e-01
9.698638916015625000e-01
9.921722412109375000e-01
9.916839599609375000e-01
5.292510986328125000e-01
9.325408935546875000e-01
9.862670898437500000e-01
9.574432373046875000e-01
9.884185791015625000e-01
9.699707031250000000e-01
9.012603759765625000e-01
7.261657714843750000e-01
7.998962402343750000e-01
7.337188720703125000e-01
9.633026123046875000e-01
9.542846679687500000e-01
8.147430419921875000e-01
8.438110351562500000e-01
6.076202392578125000e-01
9.257965087890625000e-01
9.484252929687500000e-01
9.616699218750000000e-01
9.436950683593750000e-01
9.883422851562500000e-01
9.262390136718750000e-01
9.735412597656250000e-01
8.658447265625000000e-01
9.369506835937500000e-01
9.646606445312500000e-01
9.411315917968750000e-01
7.183990478515625000e-01
9.276428222656250000e-01
9.551849365234375000e-01
9.790344238281250000e-01
9.753417968750000000e-01
8.891601562500000000e-01
9.632110595703125000e-01
6.884460449218750000e-01
8.584899902343750000e-01
8.345947265625000000e-01
9.655303955078125000e-01
7.854919433593750000e-01
7.596740722656250000e-01
9.884490966796875000e-01
8.024749755859375000e-01
9.861755371093750000e-01
9.017791748046875000e-01
6.124572753906250000e-01
9.795379638671875000e-01
9.685058593750000000e-01
9.227294921875000000e-01
9.651184082031250000e-01
9.633941650390625000e-01
8.403472900390625000e-01
6.217041015625000000e-01
9.304351806640625000e-01
9.806365966796875000e-01
8.551635742187500000e-01
8.936309814453125000e-01
9.494171142578125000e-01
9.626312255859375000e-01
9.476470947265625000e-01
8.727416992187500000e-01
7.066802978515625000e-01
7.316894531250000000e-01
9.600372314453125000e-01
8.825836181640625000e-01
9.844360351562500000e-01
9.652099609375000000e-01
9.559020996093750000e-01
9.609375000000000000e-01
9.178466796875000000e-01
9.965057373046875000e-01
9.918670654296875000e-01
8.706817626953125000e-01
9.517822265625000000e-01
9.815216064453125000e-01
9.538726806640625000e-01
9.954681396484375000e-01
9.884643554687500000e-01
9.332427978515625000e-01
8.690948486328125000e-01
9.916687011718750000e-01
7.287445068359375000e-01
9.594116210937500000e-01
9.764251708984375000e-01
5.176544189453125000e-01
9.208831787109375000e-01
9.613037109375000000e-01
8.756408691406250000e-01
9.152679443359375000e-01
9.959564208984375000e-01
9.377136230468750000e-01
9.680023193359375000e-01
9.733886718750000000e-01
9.880981445312500000e-01
9.729766845703125000e-01
9.870300292968750000e-01
9.407043457031250000e-01
9.566802978515625000e-01
9.664001464843750000e-01
