8.885803222656250000e-01
9.947204589843750000e-01
9.743041992187500000e-01
9.673767089843750000e-01
9.796752929687500000e-01
9.867401123046875000e-01
9.586639404296875000e-01
9.673004150390625000e-01
9.333190917968750000e-01
9.672546386718750000e-01
9.778442382812500000e-01
9.403228759765625000e-01
9.653472900390625000e-01
9.852142333984375000e-01
9.819793701171875000e-01
9.585571289062500000e-01
9.905242919921875000e-01
9.944915771484375000e-01
9.853668212890625000e-01
8.676300048828125000e-01
9.793395996093750000e-01
8.687438964843750000e-01
7.070922851562500000e-01
9.558563232421875000e-01
9.814605712890625000e-01
9.756469726562500000e-01
9.868164062500000000e-01
8.429412841796875000e-01
8.605194091796875000e-01
9.844055175781250000e-01
9.282073974609375000e-01
9.458923339843750000e-01
9.726104736328125000e-01
9.485321044921875000e-01
9.893951416015625000e-01
9.632415771484375000e-01
7.986755371093750000e-01
9.476928710937500000e-01
9.279785156250000000e-01
9.867095947265625000e-01
9.800415039062500000e-01
9.675750732421875000e-01
9.607086181640625000e-01
9.691009521484375000e-01
9.822692871093750000e-01
9.812774658203125000e-01
9.652709960937500000e-01
9.785919189453125000e-01
8.374938964843750000e-01
9.542846679687500000e-01
9.380035400390625000e-01
9.696197509765625000e-01
9.309082031250000000e-01
9.806213378906250000e-01
9.904937744140625000e-01
9.735107421875000000e-01
8.924713134765625000e-01
8.963928222656250000e-01
9.554901123046875000e-01
9.836730957031250000e-01
9.518432617187500000e-01
9.490966796875000000e-01
9.543151855468750000e-01
9.806060791015625000e-01
9.778747558593750000e-01
8.793334960937500000e-01
9.608764648437500000e-01
9.789428710937500000e-01
8.537139892578125000e-01
9.727630615234375000e-01
9.727783203125000000e-01
9.962615966796875000e-01
9.707489013671875000e-01
9.515380859375000000e-01
9.907836914062500000e-01
9.887695312500000000e-01
9.771118164062500000e-01
9.878234863281250000e-01
9.814300537109375000e-01
9.870147705078125000e-01
9.640655517578125000e-01
9.800872802734375000e-01
9.707031250000000000e-01
9.522399902343750000e-01
9.849700927734375000e-01
9.936370849609375000e-01
9.977264404296875000e-01
9.881591796875000000e-01
9.497985839843750000e-01
9.914093017578125000e-01
9.826812744140625000e-01
9.930877685546875000e-01
9.863891601562500000e-01
9.968719482421875000e-01
9.984130859375000000e-01
9.985046386718750000e-01
9.864044189453125000e-01
9.910278320312500000e-01
9.963531494140625000e-01
9.907379150390625000e-01
9.516143798828125000e-01
9.985351562500000000e-01
9.969024658203125000e-01
9.945983886718750000e-01
9.857635498046875000e-01
9.949493408203125000e-01
9.952850341796875000e-01
9.840698242187500000e-01
9.169158935546875000e-01
9.886322021484375000e-01
9.924316406250000000e-01
9.977416992187500000e-01
9.899139404296875000e-01
9.910125732421875000e-01
9.732055664062500000e-01
9.921417236328125000e-01
9.953460693359375000e-01
8.802642822265625000e-01
9.930877685546875000e-01
9.674377441406250000e-01
9.946136474609375000e-01
9.406738281250000000e-01
9.870147705078125000e-01
9.699401855468750000e-01
9.526977539062500000e-01
9.692687988281250000e-01
9.277801513671875000e-01
9.963378906250000000e-01
9.670410156250000000e-01
9.884338378906250000e-01
9.732513427734375000e-01
9.864501953125000000e-01
9.937133789062500000e-01
9.695129394531250000e-01
9.515533447265625000e-01
9.470520019531250000e-01
9.942016601562500000e-01
9.870147705078125000e-01
9.915313720703125000e-01
9.371337890625000000e-01
9.202728271484375000e-01
9.835662841796875000e-01
9.660797119140625000e-01
9.676513671875000000e-01
9.648742675781250000e-01
9.785003662109375000e-01
9.945220947265625000e-01
9.712677001953125000e-01
9.282226562500000000e-01
9.797058105468750000e-01
9.779205322265625000e-01
9.684906005859375000e-01
9.738311767578125000e-01
9.813079833984375000e-01
9.845428466796875000e-01
9.933471679687500000e-01
9.922332763671875000e-01
9.823608398437500000e-01
9.544372558593750000e-01
8.779296875000000000e-01
9.443511962890625000e-01
9.098663330078125000e-01
9.885864257812500000e-01
9.921417236328125000e-01
9.959869384765625000e-01
9.906768798828125000e-01
9.100952148437500000e-01
9.078216552734375000e-01
9.934997558593750000e-01
9.863739013671875000e-01
9.320068359375000000e-01
9.922485351562500000e-01
9.122161865234375000e-01
8.655853271484375000e-01
9.876251220703125000e-01
9.783172607421875000e-01
9.781951904296875000e-01
9.797058105468750000e-01
9.008789062500000000e-01
8.907165527343750000e-01
9.820556640625000000e-01
9.583129882812500000e-01
9.610748291015625000e-01
9.962921142578125000e-01
9.769592285156250000e-01
9.840240478515625000e-01
9.796905517578125000e-01
9.883270263671875000e-01
9.836578369140625000e-01
9.907379150390625000e-01
9.549865722656250000e-01
9.892730712890625000e-01
9.961547851562500000e-01
9.548034667968750000e-01
9.161224365234375000e-01
8.896331787109375000e-01
