8.962860107421875000e-01
9.918975830078125000e-01
9.724731445312500000e-01
9.692077636718750000e-01
9.797668457031250000e-01
9.897155761718750000e-01
9.624786376953125000e-01
9.649505615234375000e-01
9.469299316406250000e-01
9.748077392578125000e-01
9.762420654296875000e-01
9.442901611328125000e-01
9.705963134765625000e-01
9.838256835937500000e-01
9.878234863281250000e-01
9.756774902343750000e-01
9.935607910156250000e-01
9.930114746093750000e-01
9.850158691406250000e-01
8.770141601562500000e-01
9.799804687500000000e-01
8.697052001953125000e-01
7.093200683593750000e-01
9.433441162109375000e-01
9.889678955078125000e-01
9.703521728515625000e-01
9.853057861328125000e-01
8.306427001953125000e-01
8.484497070312500000e-01
9.885864257812500000e-01
9.378356933593750000e-01
9.497528076171875000e-01
9.753265380859375000e-01
9.570159912109375000e-01
9.923706054687500000e-01
9.634246826171875000e-01
8.207702636718750000e-01
9.553070068359375000e-01
9.174652099609375000e-01
9.863433837890625000e-01
9.749908447265625000e-01
9.789733886718750000e-01
9.706878662109375000e-01
9.593200683593750000e-01
9.812622070312500000e-01
9.850158691406250000e-01
9.598541259765625000e-01
9.816131591796875000e-01
8.467102050781250000e-01
9.578857421875000000e-01
9.414520263671875000e-01
9.715576171875000000e-01
9.349365234375000000e-01
9.807739257812500000e-01
9.953613281250000000e-01
9.754028320312500000e-01
8.858795166015625000e-01
8.864593505859375000e-01
9.546356201171875000e-01
9.768218994140625000e-01
9.551086425781250000e-01
9.497528076171875000e-01
9.559783935546875000e-01
9.812622070312500000e-01
9.830322265625000000e-01
8.663940429687500000e-01
9.516143798828125000e-01
9.730224609375000000e-01
8.650054931640625000e-01
9.775695800781250000e-01
9.778594970703125000e-01
9.950561523437500000e-01
9.612274169921875000e-01
9.482269287109375000e-01
9.906616210937500000e-01
9.875793457031250000e-01
9.911499023437500000e-01
9.808044433593750000e-01
9.843139648437500000e-01
9.829711914062500000e-01
9.627990722656250000e-01
9.821014404296875000e-01
9.684448242187500000e-01
9.413757324218750000e-01
9.834442138671875000e-01
9.950714111328125000e-01
9.965057373046875000e-01
9.866638183593750000e-01
9.541778564453125000e-01
9.903869628906250000e-01
9.763488769531250000e-01
9.958953857421875000e-01
9.881591796875000000e-01
9.980316162109375000e-01
9.986114501953125000e-01
9.979553222656250000e-01
9.929656982421875000e-01
9.916687011718750000e-01
9.983673095703125000e-01
9.910888671875000000e-01
9.815826416015625000e-01
9.988555908203125000e-01
9.960632324218750000e-01
9.969787597656250000e-01
9.797210693359375000e-01
9.958648681640625000e-01
9.915466308593750000e-01
9.869995117187500000e-01
9.104919433593750000e-01
9.822082519531250000e-01
9.916992187500000000e-01
9.977569580078125000e-01
9.921875000000000000e-01
9.947204589843750000e-01
9.709777832031250000e-01
9.936370849609375000e-01
9.924011230468750000e-01
8.836212158203125000e-01
9.936218261718750000e-01
9.955139160156250000e-01
9.951477050781250000e-01
9.536437988281250000e-01
9.830474853515625000e-01
9.681396484375000000e-01
9.535980224609375000e-01
9.726867675781250000e-01
9.345397949218750000e-01
9.934997558593750000e-01
9.660339355468750000e-01
9.861602783203125000e-01
9.639587402343750000e-01
9.891510009765625000e-01
9.965209960937500000e-01
9.625091552734375000e-01
9.501800537109375000e-01
9.371795654296875000e-01
9.891204833984375000e-01
9.915924072265625000e-01
9.898681640625000000e-01
9.548339843750000000e-01
9.382171630859375000e-01
9.916534423828125000e-01
9.630584716796875000e-01
9.699249267578125000e-01
9.626312255859375000e-01
9.786376953125000000e-01
9.937744140625000000e-01
9.708862304687500000e-01
9.495697021484375000e-01
9.800109863281250000e-01
9.694213867187500000e-01
9.687042236328125000e-01
9.605712890625000000e-01
9.743804931640625000e-01
9.775543212890625000e-01
9.926452636718750000e-01
9.879455566406250000e-01
9.738464355468750000e-01
9.474639892578125000e-01
8.621673583984375000e-01
9.401245117187500000e-01
9.097747802734375000e-01
9.898986816406250000e-01
9.906158447265625000e-01
9.976348876953125000e-01
9.872131347656250000e-01
9.208374023437500000e-01
9.163208007812500000e-01
9.945526123046875000e-01
9.882049560546875000e-01
9.850769042968750000e-01
9.945220947265625000e-01
8.999023437500000000e-01
8.615264892578125000e-01
9.790802001953125000e-01
9.835968017578125000e-01
9.801940917968750000e-01
9.818267822265625000e-01
9.158020019531250000e-01
8.746948242187500000e-01
9.851226806640625000e-01
9.589385986328125000e-01
9.631500244140625000e-01
9.946594238281250000e-01
9.802703857421875000e-01
9.857025146484375000e-01
9.830017089843750000e-01
9.902801513671875000e-01
9.852905273437500000e-01
9.906616210937500000e-01
9.579925537109375000e-01
9.865264892578125000e-01
9.963226318359375000e-01
9.579467773437500000e-01
9.228363037109375000e-01
8.949737548828125000e-01
