9.081651330349268525e-01
9.987145671263063518e-01
9.896217673321540120e-01
9.760331393628562946e-01
9.881913256493201070e-01
9.863093734209196217e-01
9.535859128565981058e-01
9.960165947670286402e-01
9.276756200063122071e-01
9.664803594633100126e-01
9.943654907206153082e-01
9.196765158056567913e-01
9.639618419503003244e-01
9.946398714880503311e-01
9.818752232593536133e-01
9.641749078921854066e-01
9.908503497904596058e-01
9.973951755493811744e-01
9.903360421699978211e-01
8.539365571120689502e-01
9.909253173636712875e-01
8.779554685233535993e-01
6.912486127418654425e-01
9.981502774583812521e-01
9.844599212419045120e-01
9.998457451366870030e-01
9.881011592761219653e-01
1.000000000000000000e+00
9.999782599243445258e-01
9.875711145590897466e-01
9.252821399825321702e-01
9.466567128726309788e-01
9.755365983454548084e-01
9.400268216361198359e-01
9.900582682854046634e-01
9.790471222396105455e-01
7.851000065150823826e-01
9.401522627943041943e-01
1.000000000000000000e+00
9.942161645626917954e-01
9.984091142358616500e-01
9.771599294716907247e-01
9.592666413566185435e-01
1.000000000000000000e+00
9.932726143655558060e-01
9.848919203901410624e-01
9.969402151010462454e-01
9.842633050407647577e-01
8.117709437963944730e-01
9.501294288950008493e-01
9.210495467333541519e-01
9.677844795751490148e-01
9.198796981244863336e-01
9.830102895429528864e-01
9.905937592313313056e-01
9.753736321188412051e-01
9.978272677892450204e-01
1.000000000000000000e+00
9.769563961882760106e-01
1.000000000000000000e+00
9.541198310859054788e-01
9.823566214807091246e-01
9.571708866672895555e-01
9.782888790600180462e-01
9.771357338971817796e-01
9.989626986432098565e-01
1.000000000000000000e+00
9.975003800097957951e-01
8.449884392128963473e-01
9.731577950369387775e-01
9.741757349358454166e-01
9.979574016902110767e-01
9.967624989461260077e-01
9.877996815358047744e-01
9.924497319574351328e-01
9.936707851733758146e-01
9.766963993835520164e-01
9.959902854069208056e-01
9.794953528769183571e-01
9.991634407191128942e-01
9.949007813040171566e-01
9.785027546721399849e-01
9.926106233156567482e-01
9.985580122753826560e-01
9.937183285573202296e-01
9.944982601335464745e-01
9.985278456430495275e-01
9.940606283054438386e-01
9.664552924843345938e-01
9.940747493163172299e-01
9.980606908391486121e-01
9.927225408453419497e-01
9.851502592412370030e-01
9.968643424008792886e-01
9.984027540861581951e-01
9.988455358117911409e-01
9.899870001238083583e-01
9.947811418229102198e-01
9.962594296804081484e-01
9.951461665747379781e-01
9.511032983300180543e-01
9.986916233106547525e-01
9.978495973881241765e-01
9.944087802857733971e-01
9.996209624258404203e-01
9.957317666915511678e-01
9.999210235349865750e-01
9.827198093220338437e-01
9.997441964571209816e-01
9.989494878753392149e-01
9.973089081624382235e-01
9.979219143576826268e-01
9.918053574258994809e-01
9.914657295703057649e-01
9.962345762450035558e-01
9.924749707450266634e-01
9.984882127840506438e-01
9.644448077158853661e-01
9.938634706989202261e-01
9.670388594499116364e-01
9.949957576492182154e-01
9.320738390539371476e-01
9.960264683184736345e-01
9.970381945706290328e-01
9.593748346240010827e-01
9.709513557155352581e-01
9.301427617298380079e-01
9.976585183103867660e-01
9.898374846183222164e-01
9.973613888842204345e-01
1.000000000000000000e+00
9.865866921530501710e-01
9.935001419871896111e-01
9.993103216256223886e-01
9.909944142569442338e-01
1.000000000000000000e+00
9.975163136541042030e-01
9.886560604184722045e-01
9.934587983103209119e-01
9.343482559923624864e-01
9.207121991932118998e-01
9.825590979525897772e-01
9.981836195508586584e-01
9.613838895684081454e-01
9.980867346938775420e-01
9.798226375512539832e-01
9.976724774471090740e-01
9.881644142290407773e-01
9.405708709441327198e-01
9.859132761470056350e-01
1.000000000000000000e+00
9.777104484487676439e-01
9.986447873295779543e-01
9.964348220652103905e-01
9.997569078680820231e-01
9.949179425759880901e-01
9.977317069301905317e-01
9.959105010811318826e-01
1.000000000000000000e+00
9.998862753274322390e-01
9.983334554245110182e-01
9.850429241525798796e-01
9.905765153299902481e-01
9.973802148553351232e-01
9.959513546798030026e-01
9.987261947821164387e-01
8.929661359708791490e-01
8.947924253459577093e-01
9.932680432097691359e-01
9.850130568065700309e-01
9.338356633558551056e-01
9.919170849357930031e-01
9.915986557849255645e-01
9.910371791088816718e-01
9.993295661335120927e-01
9.821151348097455491e-01
9.759983518181506446e-01
9.774856734742463082e-01
8.809951269556296483e-01
9.928314744819111137e-01
9.861080999949969339e-01
9.665273787760076951e-01
9.708786353682431480e-01
9.977510168274982272e-01
9.746897507861901344e-01
9.885090909090908928e-01
9.795683309129150640e-01
9.879191766656271190e-01
9.867512431691588537e-01
9.956743507020168193e-01
9.616918285158807533e-01
9.989062272130669884e-01
9.963730401405244130e-01
9.475651449930028170e-01
8.875690493001620052e-01
8.761778446432813006e-01
