7.827282728272827450e-01
8.788663501654437882e-01
7.992190042303937147e-01
6.833156216790647886e-01
7.202647728056263965e-01
1.000000000000000000e+00
4.035450516986706093e-01
9.288527172486217287e-01
9.213483146067416030e-01
1.000000000000000000e+00
1.000000000000000000e+00
4.496885372618560361e-01
9.901390830819044586e-01
7.007411736577849881e-01
6.082913599380085357e-01
9.232466895537028151e-01
1.000000000000000000e+00
7.373560951790710805e-01
9.413750767341927395e-01
9.883775811209439821e-01
4.480768485881396201e-01
2.402040232624654270e-01
6.216548754229468399e-01
8.529293739967896970e-01
7.953933779808474158e-01
9.627289955780163888e-01
9.978359662410734021e-01
9.294229852169766382e-01
7.577951002227171218e-01
1.000000000000000000e+00
3.679270581925448980e-01
1.000000000000000000e+00
7.020555767034640793e-01
9.996975654014819135e-01
3.929870335230866707e-01
1.000000000000000000e+00
5.966879420389856747e-01
5.613773766757206296e-01
6.647076402032074949e-01
1.000000000000000000e+00
1.000000000000000000e+00
6.057287278854254220e-01
6.902989989462592346e-01
5.248382923673997613e-01
9.614491407338596751e-01
9.501752772829147320e-01
9.856390617520344177e-01
1.000000000000000000e+00
9.884935386794122536e-01
8.911860718171925599e-01
9.593419506462984581e-01
1.000000000000000000e+00
9.598028062191884535e-01
9.114168476949070508e-01
7.364157005168319170e-01
8.110527940722445095e-01
9.972997299729973175e-01
1.927562661690487150e-02
6.523164647184603870e-01
7.112012987012986676e-01
9.364261168384879763e-01
9.998574076714672465e-01
1.000000000000000000e+00
7.361836896278701747e-01
9.510480887792848170e-01
9.989315201554151979e-01
6.821371500034738578e-01
6.625636672325976306e-01
9.487554904831625446e-01
5.642537137467578123e-01
9.621778886118038665e-01
8.598271326568959205e-01
3.711121868570737004e-01
4.181441590720795243e-01
9.977797513321492451e-01
9.976095617529880943e-01
9.981219300780120873e-01
9.710982658959537162e-01
8.165232192946704215e-01
8.452067468507579173e-01
9.269588313413014147e-01
3.284249276886668234e-01
7.074941451990632846e-01
9.835703001579778615e-01
8.098420413122722206e-01
9.982371088585280106e-01
6.390898131404461058e-01
8.691070438158624567e-01
7.306743421052631637e-01
9.248310810810810301e-01
8.830200734785155214e-01
6.889640812077043597e-01
8.054771315640880669e-01
9.327167630057803249e-01
1.864600933589163623e-01
7.447852760736196620e-01
8.697121195473025423e-01
9.631507222676478630e-01
7.615012106537529801e-01
7.713790863823338784e-01
9.973027646662171453e-01
7.554786620530564711e-01
8.575878949710725729e-01
9.250347505152662908e-01
8.321879494965638280e-01
9.926253687315633734e-01
9.860995273839310293e-01
6.496018202502844563e-01
9.844779927705719913e-02
9.918107370336669559e-01
9.965596330275229286e-01
1.000000000000000000e+00
9.977754708586682453e-01
5.486673711400728015e-01
2.675059952038369437e-01
7.291518175338560503e-01
8.486509274873524911e-01
8.933162612035850936e-01
8.153334582240538975e-01
9.844590555887626770e-01
9.949357226334242243e-01
8.998527245949926590e-01
5.800925925925926041e-01
9.849776695087292255e-01
9.792452830188679291e-01
8.604347826086956585e-01
7.770392312694169856e-01
9.719398129320862001e-01
8.708303494025856351e-01
9.797525309336333477e-01
5.674848431337924382e-01
7.450282313019775948e-01
8.259650392347527292e-01
7.732944527329445039e-01
9.928418038654258648e-01
4.599542334096110019e-01
8.276333789329685109e-01
9.228087649402390014e-01
5.419479267116682486e-01
9.875324675324674839e-01
9.801282051282050878e-01
1.691739849815451224e-01
6.926335757192538800e-01
9.340962904498816277e-01
1.000000000000000000e+00
9.472166137871358416e-01
7.020788336933044826e-01
7.213530831322293446e-01
9.402882635552505253e-01
8.866803278688524248e-01
3.993063583815029127e-01
9.992015968063872045e-01
5.266835531487465971e-01
8.153214774281806188e-01
5.693555588629259923e-01
9.787002179512581668e-01
9.830917874396135625e-01
6.501196702419997919e-01
5.184191160555819966e-01
9.148880105401844265e-01
9.773755656108596979e-01
8.078443093885955273e-01
7.981951494641850164e-01
6.959431545897711846e-01
7.311686171089500919e-01
6.588492352512745898e-01
8.837074303405573206e-01
6.314642572415626320e-01
7.757346905270070536e-01
9.795361527967257897e-01
7.898763978811065289e-01
4.406490944952483613e-01
9.288256227758007189e-01
8.088606366459627495e-01
6.720927364656554825e-01
7.879370241703008704e-01
8.286865606621650615e-01
8.798603882187251424e-01
9.980981361734500013e-01
4.653663031792351634e-01
1.892091648189209163e-01
8.678249395205630545e-01
9.280776014109347605e-01
1.073876377878146549e-01
1.000000000000000000e+00
9.611631726403245812e-01
9.852398523985239631e-01
1.447552447552447608e-01
8.931314582527490886e-01
8.878061289908962816e-01
7.880462842044522187e-01
5.629643051277405386e-01
7.480329595440183832e-01
6.834655210398766778e-01
7.729001127632234569e-01
4.354383418017582219e-01
6.878965228938179743e-01
9.839101396478445727e-01
9.376382131800088393e-01
9.415818838201509555e-01
9.267758065620932406e-01
9.701097237987136301e-01
9.654545454545454541e-01
9.285171102661596843e-01
9.942411924119241018e-01
9.428679530836171496e-01
6.942794440380395393e-01
9.512881255552265714e-01
9.427542530733887816e-01
9.798868636077938676e-01
8.296711622973177436e-01
9.152996317375292623e-01
9.751962323390894749e-01
6.795870232744426476e-01
9.420654911838790557e-01
9.974199523683514590e-01
9.836583356220818253e-01
9.679031833727966827e-01
9.372278923702804798e-01
9.932915318230852719e-01
8.210160015973073655e-01
9.925093632958801315e-01
7.562316148010528316e-01
9.278215223097112663e-01
9.587612023898431923e-01
9.985725938009788472e-01
6.888650196920873547e-01
9.746916546532116143e-01
3.584140794937710206e-01
7.854212296017522021e-01
9.981973862100045336e-01
3.572605487499104782e-01
9.997099394095655400e-01
9.168537524053880228e-01
9.966973801065719396e-01
9.156956312654903618e-01
9.897148569023569431e-01
9.998312093847582238e-01
9.876903629687594499e-01
9.883044304891398513e-01
1.000000000000000000e+00
5.421316122805959203e-01
8.691988592170080130e-01
8.516746411483253620e-01
9.809171820787448981e-01
9.728763666947014555e-01
7.768740330973700203e-01
6.292433254945358767e-01
8.837665769143662198e-01
1.288621726062687822e-01
9.920720720720720420e-01
9.649412023299264174e-01
9.950403578722162301e-01
9.991619175326852398e-01
9.925165077035950079e-01
9.674291135237693684e-01
8.693995625485076983e-01
9.967793880837358955e-01
8.742411930596051262e-01
8.904264241016708326e-01
7.026094648385670105e-01
8.718130814572828680e-01
9.067392028422338601e-01
1.000000000000000000e+00
9.997696155871511614e-01
8.633082706766916914e-01
7.747617426820966324e-01
9.238893728222996593e-01
9.542659029243292235e-01
3.391855644964642535e-01
7.937319404312069837e-01
9.732275656916211659e-01
9.921959581378563264e-01
9.978853192354615320e-01
8.337821043910521590e-01
9.935404867595285516e-01
7.801573594319708427e-01
9.969004997153519954e-01
9.958240455969075144e-01
9.974084872044055583e-01
7.569640800083778931e-01
9.028771615980918375e-01
9.583837406242439183e-01
9.857501070270930921e-01
9.985303805807530519e-01
9.075422022611119299e-01
9.630609445424260784e-01
9.778930468074595872e-01
9.994740993952142549e-01
8.881136516476126896e-01
9.152163637144944408e-01
8.249352273742517339e-01
9.361755802219979827e-01
8.417189848792996365e-01
9.559919347768913722e-01
7.482132093343666357e-01
9.727816091954023525e-01
9.783353864281506551e-01
7.722050447518307159e-01
9.999377954715102934e-01
9.987624690617264989e-01
8.474632704873683586e-01
9.622869318181818121e-01
7.688648862904424730e-01
9.333227891002756627e-01
9.986201458702936851e-01
9.953058321479374415e-01
7.835187705114864398e-01
9.879963560366540332e-01
9.487037037037037157e-01
7.690444052192572100e-01
9.997796594164122252e-01
8.130921298023126020e-01
6.353427435077595442e-01
9.191973244147156885e-01
9.462117796369586831e-01
9.034896192446181251e-01
8.609066479728940680e-01
9.856879445078584601e-01
4.910574921956295524e-01
9.903247893781071953e-01
8.396335497642978263e-01
9.990401228642733500e-01
7.379311902771816811e-01
1.000000000000000000e+00
7.753185781354795525e-01
7.465490797546012747e-01
8.697023305899546086e-01
9.584895127203125753e-01
9.588072548416846086e-01
9.621020717534107813e-01
9.918602184749177875e-01
5.751580664899040851e-01
9.962394552291899963e-01
9.997983769343212757e-01
9.955133531157269733e-01
8.777828556505843371e-01
9.962778429073857467e-01
7.898639734315999750e-01
6.894449015147848803e-01
9.839760866369382519e-01
9.810557802027364271e-01
9.471306725311301467e-01
8.963577932512051261e-01
9.966668231538425848e-01
5.880348352896630493e-01
9.426957601893735106e-01
9.021252443715709335e-01
9.920683813337440871e-01
9.432461665712286170e-01
9.724586880320480464e-01
9.995740653099858264e-01
7.769107396212447947e-01
8.406071019473081440e-01
9.861126063085370319e-01
9.993235930735930861e-01
9.969402656405739194e-01
8.504603504603505115e-01
9.946220130782863489e-01
9.286473296863315685e-01
8.941338221814848497e-01
7.217444404864892249e-01
9.988266353769433836e-01
9.888232934028773347e-01
6.875754480453152295e-01
9.992364793213149854e-01
9.862717940361740432e-01
7.692341223137614259e-01
8.959655270385452619e-01
9.217603488855046212e-01
9.746835443037974445e-01
9.846910880262438326e-01
9.938453963564746196e-01
8.913418878350735097e-01
9.722979109900090622e-01
9.947073945259338190e-01
9.994017349685910823e-01
7.239345274861025414e-01
9.990582740045955701e-01
1.000000000000000000e+00
8.434782608695652328e-01
9.111770279734684452e-01
9.906061680255228152e-01
8.157037630906448511e-01
9.885820280296784279e-01
8.766377746422092665e-01
9.285775456024664143e-01
9.530405051808952255e-01
8.955900296322119036e-01
8.722820236813778605e-01
9.729503625209147133e-01
6.654600133660057981e-01
9.095719095719095870e-01
7.978740460463028539e-01
7.587363219202258868e-01
5.664588220767996507e-01
9.985019474682912399e-01
9.917673378076062862e-01
8.772469252601703404e-01
9.785108704776295241e-01
1.000000000000000000e+00
7.714935803673005354e-01
9.780386419995361624e-01
9.107892527287992923e-01
9.804501022959764001e-01
8.209484315430406465e-01
9.882758620689655604e-01
9.486314012973999787e-01
9.344103392568658961e-01
7.679364337462023515e-01
9.994036496640559264e-01
7.639083683964469351e-01
8.684768211920529390e-01
9.661214953271027861e-01
9.272251308900523181e-01
9.442972801552065309e-01
9.245045819962285361e-01
9.962902069895872570e-01
1.000000000000000000e+00
7.174156673764429115e-01
9.650870088650541634e-01
6.357241552568773102e-01
1.000000000000000000e+00
6.745024021962937599e-01
9.124831698403539360e-01
6.771192916809402051e-01
9.771160440353726662e-01
9.824106184975425204e-01
7.377819548872180944e-01
9.226493747105141141e-01
9.991161392964468257e-01
8.199350931227649131e-01
9.936967433173806707e-01
6.771974726065743688e-01
9.747710065124159939e-01
9.291537812763565052e-01
8.421118793211817000e-01
9.615016542257950327e-01
7.260875095395573631e-01
7.587815433035463020e-01
4.583974487634084882e-01
8.193373522127201936e-01
6.607542620974685699e-01
6.139523636803289053e-01
7.442404607631389890e-01
8.654189537728985693e-01
9.210268890320425506e-01
9.562189054726367710e-01
9.338848920863309644e-01
9.078486334968465243e-01
9.595972803347280200e-01
9.866416454727277019e-01
8.805816686251468628e-01
9.723090031241125031e-01
6.004486855409504331e-01
9.173397008216869208e-01
8.583825060742797941e-01
9.674529710361301493e-01
8.885158487212402312e-01
8.833855799373040441e-01
9.976275207591933647e-01
8.936105476673428250e-01
8.018018018018018278e-01
1.354737097165010784e-01
1.000000000000000000e+00
9.643286874561315392e-01
9.951654040884693186e-01
9.964335248662571365e-01
7.214655758456597345e-01
9.127006677084813502e-01
9.993365872150878904e-01
9.467426550063869906e-01
9.022475918658580119e-01
1.000000000000000000e+00
6.926051232479458752e-01
9.279176201372997257e-01
6.324376199616122962e-01
1.000000000000000000e+00
9.446808510638298184e-01
8.545216251638270144e-01
9.639269406392694250e-01
9.922229423201555099e-01
9.900332225913621720e-01
5.045930356761375579e-01
7.327586206896551380e-01
1.000000000000000000e+00
9.917582417582417875e-01
9.949494949494949170e-01
9.764603312990409734e-01
6.767994409503843567e-01
9.253069577080491603e-01
7.870997896704837737e-01
7.669369605022233749e-01
9.616036821705425952e-01
7.489841986455981759e-01
9.702073711853662630e-01
8.399910233393177439e-01
9.884532760472609647e-01
9.525862068965517127e-01
9.269509981851179470e-01
7.929212889593237890e-01
9.387755102040816757e-01
4.078613693998309198e-01
8.047615751955152774e-01
7.622076707202993795e-01
5.982880161127894780e-01
9.930008748906387073e-01
1.000000000000000000e+00
9.965373961218836341e-01
9.999208422385814643e-01
8.516573679028552890e-01
8.383259911894272998e-01
9.853358561967833218e-01
9.697142857142857508e-01
9.503246753246753498e-01
9.915048543689319871e-01
9.542831779849090257e-01
9.627976190476190688e-01
8.915662650602409478e-01
9.985885673959068454e-01
8.808330119552642001e-01
9.724961079398027897e-01
7.908372827804107663e-01
8.588039867109634740e-01
9.531527969954536328e-01
8.451225150254276786e-01
9.798893916540974969e-01
9.894206549118388372e-01
9.569999999999999618e-01
7.940906588364837759e-01
1.000000000000000000e+00
9.974619289340102002e-01
8.407468423942888736e-01
9.309309309309309333e-01
9.934333958724202995e-01
9.550323946372442085e-01
9.968619246861925021e-01
9.257188498402555421e-01
9.200225288651083799e-01
7.272327964860907379e-01
8.224956063268892281e-01
9.105034182722188119e-01
7.233713512468586959e-01
8.830744071954210739e-01
9.162132752992383500e-01
9.972004479283315126e-01
9.274395329441200708e-01
9.820905242591989603e-01
7.976424361493124060e-01
9.063400576368876305e-01
9.679888656924147128e-01
9.854341736694678389e-01
7.304377800758359296e-01
9.729847494553376386e-01
9.204333208815839162e-01
4.729423201555411627e-01
7.452734295588534508e-01
9.828230022404779165e-01
8.788426763110307460e-01
9.556913674560733041e-01
8.928315925025039901e-01
8.776015857284440447e-01
9.814814814814815103e-01
9.949426837491570641e-01
9.971509971509971981e-01
5.911676899678927066e-01
2.026112696902420962e-01
9.489475520409349496e-01
9.407665505226481262e-01
8.628076572470373407e-01
9.920345170925987111e-01
9.382940108892922071e-01
8.725868725868726195e-01
7.539072847682118939e-01
9.787717968157695347e-01
9.490820921371666552e-01
9.928656361474434977e-01
9.963869931754315568e-01
9.699248120300751896e-01
9.871106337271751130e-01
7.029246627000754755e-01
9.634369287020109196e-01
9.114606741573033633e-01
9.188212399221573623e-01
1.000000000000000000e+00
9.770194986072423537e-01
9.886535552193645993e-01
9.605488850771869425e-01
1.000000000000000000e+00
8.419117647058823595e-01
8.566552901023890554e-01
9.755838641188959715e-01
8.850771869639794120e-01
9.555555555555556024e-01
7.370638799932580643e-01
5.984496124031007946e-01
9.690934065934065922e-01
5.794681508967223227e-01
9.066471163245356513e-01
6.709943936264384234e-01
