8.641662597656250000e-01
9.858703613281250000e-01
9.872894287109375000e-01
7.582244873046875000e-01
7.736511230468750000e-01
9.259796142578125000e-01
9.648132324218750000e-01
9.933624267578125000e-01
9.742279052734375000e-01
9.674987792968750000e-01
7.728271484375000000e-01
5.017852783203125000e-01
9.466552734375000000e-01
7.816467285156250000e-01
7.516632080078125000e-01
6.703186035156250000e-01
8.905639648437500000e-01
7.734375000000000000e-01
9.348754882812500000e-01
9.841918945312500000e-01
4.757843017578125000e-01
4.754333496093750000e-01
7.404479980468750000e-01
9.813232421875000000e-01
7.433624267578125000e-01
9.889221191406250000e-01
9.795074462890625000e-01
8.485260009765625000e-01
9.394378662109375000e-01
9.835357666015625000e-01
5.212707519531250000e-01
9.590454101562500000e-01
7.787017822265625000e-01
9.885711669921875000e-01
7.629394531250000000e-01
9.973449707031250000e-01
7.216339111328125000e-01
7.289276123046875000e-01
7.712402343750000000e-01
9.236145019531250000e-01
5.823974609375000000e-01
9.677581787109375000e-01
7.816162109375000000e-01
9.219512939453125000e-01
9.938049316406250000e-01
9.300231933593750000e-01
9.974060058593750000e-01
9.960174560546875000e-01
9.967346191406250000e-01
9.960021972656250000e-01
9.930572509765625000e-01
9.958496093750000000e-01
9.899139404296875000e-01
9.906158447265625000e-01
7.738647460937500000e-01
9.783935546875000000e-01
9.953308105468750000e-01
2.934875488281250000e-01
8.672027587890625000e-01
9.741210937500000000e-01
9.951019287109375000e-01
9.616851806640625000e-01
9.360046386718750000e-01
9.828186035156250000e-01
8.912048339843750000e-01
8.901672363281250000e-01
9.300537109375000000e-01
9.866485595703125000e-01
9.845123291015625000e-01
9.515228271484375000e-01
9.968261718750000000e-01
9.949951171875000000e-01
8.356475830078125000e-01
5.923919677734375000e-01
9.778442382812500000e-01
9.956970214843750000e-01
8.500823974609375000e-01
9.987945556640625000e-01
9.186859130859375000e-01
8.767242431640625000e-01
9.944152832031250000e-01
9.200592041015625000e-01
9.160766601562500000e-01
9.967498779296875000e-01
9.935150146484375000e-01
9.973754882812500000e-01
9.548187255859375000e-01
9.950408935546875000e-01
9.668579101562500000e-01
9.965209960937500000e-01
9.624176025390625000e-01
8.198547363281250000e-01
9.881439208984375000e-01
9.946441650390625000e-01
5.498504638671875000e-01
9.896697998046875000e-01
9.129028320312500000e-01
9.176940917968750000e-01
9.872894287109375000e-01
8.101654052734375000e-01
9.973449707031250000e-01
9.965362548828125000e-01
9.691772460937500000e-01
9.667663574218750000e-01
9.624633789062500000e-01
9.959564208984375000e-01
9.939575195312500000e-01
6.826629638671875000e-01
7.619018554687500000e-01
9.916076660156250000e-01
9.976806640625000000e-01
8.692474365234375000e-01
9.508209228515625000e-01
9.254150390625000000e-01
8.965606689453125000e-01
9.630126953125000000e-01
9.795837402343750000e-01
9.636230468750000000e-01
9.516754150390625000e-01
9.897308349609375000e-01
9.941101074218750000e-01
9.966735839843750000e-01
7.640380859375000000e-01
9.962768554687500000e-01
9.990997314453125000e-01
9.660034179687500000e-01
9.443054199218750000e-01
9.980926513671875000e-01
9.085540771484375000e-01
9.972839355468750000e-01
8.843536376953125000e-01
8.733520507812500000e-01
8.604888916015625000e-01
8.936462402343750000e-01
9.978485107421875000e-01
6.844635009765625000e-01
9.973907470703125000e-01
9.958496093750000000e-01
9.323272705078125000e-01
9.952545166015625000e-01
9.970397949218750000e-01
4.999542236328125000e-01
9.213714599609375000e-01
9.129486083984375000e-01
5.003814697265625000e-01
9.849853515625000000e-01
9.649047851562500000e-01
8.638916015625000000e-01
9.778289794921875000e-01
6.900177001953125000e-01
9.224853515625000000e-01
9.981689453125000000e-01
8.966064453125000000e-01
9.970397949218750000e-01
8.908233642578125000e-01
9.898834228515625000e-01
9.961090087890625000e-01
8.816833496093750000e-01
8.227233886718750000e-01
9.923400878906250000e-01
8.525543212890625000e-01
8.939056396484375000e-01
9.599456787109375000e-01
9.205017089843750000e-01
9.267120361328125000e-01
7.673034667968750000e-01
9.806060791015625000e-01
8.478851318359375000e-01
9.740600585937500000e-01
9.966430664062500000e-01
9.940032958984375000e-01
8.603820800781250000e-01
9.951171875000000000e-01
9.234466552734375000e-01
9.524536132812500000e-01
9.529724121093750000e-01
9.494934082031250000e-01
9.684906005859375000e-01
9.958801269531250000e-01
8.054351806640625000e-01
9.146423339843750000e-01
9.839477539062500000e-01
8.977355957031250000e-01
5.639648437500000000e-01
9.893035888671875000e-01
9.839019775390625000e-01
9.327392578125000000e-01
4.652862548828125000e-01
9.621887207031250000e-01
9.697265625000000000e-01
8.921203613281250000e-01
9.613647460937500000e-01
9.273986816406250000e-01
8.779296875000000000e-01
9.039611816406250000e-01
8.859863281250000000e-01
8.800201416015625000e-01
9.943237304687500000e-01
9.955902099609375000e-01
9.953765869140625000e-01
9.734191894531250000e-01
9.930419921875000000e-01
9.991302490234375000e-01
9.980163574218750000e-01
9.914703369140625000e-01
9.795227050781250000e-01
8.488159179687500000e-01
9.872741699218750000e-01
9.828948974609375000e-01
9.963226318359375000e-01
9.561004638671875000e-01
9.648590087890625000e-01
9.951019287109375000e-01
9.379272460937500000e-01
9.907836914062500000e-01
9.688110351562500000e-01
9.940948486328125000e-01
9.725036621093750000e-01
9.399871826171875000e-01
9.099731445312500000e-01
8.461456298828125000e-01
9.898376464843750000e-01
9.141693115234375000e-01
9.625549316406250000e-01
9.259338378906250000e-01
9.711761474609375000e-01
9.325256347656250000e-01
9.894866943359375000e-01
3.927764892578125000e-01
7.791290283203125000e-01
9.580688476562500000e-01
6.602325439453125000e-01
9.515228271484375000e-01
8.175201416015625000e-01
9.726562500000000000e-01
9.223327636718750000e-01
9.783020019531250000e-01
9.750671386718750000e-01
9.645233154296875000e-01
9.890136718750000000e-01
9.100646972656250000e-01
7.427520751953125000e-01
9.801635742187500000e-01
8.556671142578125000e-01
9.876861572265625000e-01
9.856109619140625000e-01
8.339843750000000000e-01
6.737823486328125000e-01
8.327331542968750000e-01
1.991729736328125000e-01
9.872894287109375000e-01
9.916839599609375000e-01
9.340972900390625000e-01
9.804382324218750000e-01
9.718780517578125000e-01
9.887695312500000000e-01
9.680480957031250000e-01
9.981079101562500000e-01
7.907562255859375000e-01
9.368286132812500000e-01
4.651641845703125000e-01
9.257812500000000000e-01
9.828643798828125000e-01
9.943084716796875000e-01
9.447479248046875000e-01
9.083251953125000000e-01
9.597167968750000000e-01
9.825897216796875000e-01
9.562988281250000000e-01
4.489746093750000000e-01
8.982238769531250000e-01
9.965209960937500000e-01
9.747161865234375000e-01
9.763641357421875000e-01
9.674072265625000000e-01
9.638824462890625000e-01
7.163238525390625000e-01
9.863586425781250000e-01
9.451446533203125000e-01
9.879302978515625000e-01
7.176055908203125000e-01
9.349517822265625000e-01
9.633178710937500000e-01
9.897613525390625000e-01
9.729461669921875000e-01
9.773559570312500000e-01
9.890594482421875000e-01
9.933166503906250000e-01
9.892272949218750000e-01
8.886413574218750000e-01
9.467620849609375000e-01
8.526611328125000000e-01
9.904327392578125000e-01
9.430541992187500000e-01
9.689941406250000000e-01
8.949127197265625000e-01
9.907684326171875000e-01
9.530639648437500000e-01
8.653717041015625000e-01
8.959197998046875000e-01
9.707031250000000000e-01
9.374389648437500000e-01
9.607238769531250000e-01
9.182434082031250000e-01
9.428100585937500000e-01
9.941864013671875000e-01
9.932098388671875000e-01
8.750762939453125000e-01
9.903717041015625000e-01
9.956512451171875000e-01
8.730926513671875000e-01
9.166107177734375000e-01
8.899536132812500000e-01
7.002716064453125000e-01
9.781646728515625000e-01
8.020172119140625000e-01
9.634246826171875000e-01
8.504333496093750000e-01
8.394165039062500000e-01
7.019805908203125000e-01
9.659881591796875000e-01
9.675445556640625000e-01
9.441680908203125000e-01
7.458648681640625000e-01
9.654846191406250000e-01
9.496459960937500000e-01
8.628997802734375000e-01
9.626312255859375000e-01
9.760589599609375000e-01
9.960327148437500000e-01
9.966430664062500000e-01
9.752807617187500000e-01
9.618530273437500000e-01
9.821166992187500000e-01
9.712677001953125000e-01
8.658599853515625000e-01
9.551086425781250000e-01
9.342041015625000000e-01
8.951110839843750000e-01
9.000396728515625000e-01
9.500732421875000000e-01
9.065704345703125000e-01
9.082336425781250000e-01
9.249877929687500000e-01
9.662017822265625000e-01
7.883453369140625000e-01
9.495239257812500000e-01
9.048919677734375000e-01
9.902343750000000000e-01
9.749450683593750000e-01
9.830932617187500000e-01
9.658813476562500000e-01
8.624420166015625000e-01
9.546203613281250000e-01
9.846191406250000000e-01
9.919281005859375000e-01
9.451446533203125000e-01
9.092102050781250000e-01
9.914855957031250000e-01
9.460906982421875000e-01
9.117584228515625000e-01
8.517456054687500000e-01
9.776916503906250000e-01
8.877716064453125000e-01
8.314514160156250000e-01
9.525451660156250000e-01
9.858703613281250000e-01
9.121398925781250000e-01
9.292755126953125000e-01
8.907012939453125000e-01
9.656982421875000000e-01
9.604797363281250000e-01
9.854431152343750000e-01
9.208526611328125000e-01
9.717407226562500000e-01
9.732666015625000000e-01
9.898834228515625000e-01
7.939758300781250000e-01
9.749603271484375000e-01
9.762420654296875000e-01
9.677734375000000000e-01
9.095458984375000000e-01
9.724273681640625000e-01
8.872985839843750000e-01
9.788208007812500000e-01
9.867706298828125000e-01
9.568176269531250000e-01
8.470611572265625000e-01
9.728393554687500000e-01
9.477844238281250000e-01
9.965057373046875000e-01
6.814575195312500000e-01
9.965820312500000000e-01
6.918182373046875000e-01
9.076690673828125000e-01
7.758789062500000000e-01
9.850311279296875000e-01
9.610137939453125000e-01
6.141662597656250000e-01
9.916839599609375000e-01
7.186126708984375000e-01
9.306488037109375000e-01
9.757690429687500000e-01
9.249725341796875000e-01
9.944763183593750000e-01
9.530181884765625000e-01
9.975128173828125000e-01
8.493347167968750000e-01
9.952850341796875000e-01
9.477233886718750000e-01
9.517211914062500000e-01
9.493255615234375000e-01
9.736633300781250000e-01
9.795837402343750000e-01
9.924316406250000000e-01
9.523468017578125000e-01
9.407348632812500000e-01
9.823150634765625000e-01
9.644165039062500000e-01
8.378295898437500000e-01
9.841156005859375000e-01
4.347991943359375000e-01
9.889221191406250000e-01
9.563140869140625000e-01
9.194641113281250000e-01
6.344909667968750000e-01
9.609832763671875000e-01
9.683685302734375000e-01
9.746246337890625000e-01
9.747161865234375000e-01
9.570159912109375000e-01
4.215240478515625000e-01
9.892730712890625000e-01
9.369354248046875000e-01
7.395935058593750000e-01
9.889373779296875000e-01
9.273223876953125000e-01
9.204406738281250000e-01
9.204406738281250000e-01
9.059143066406250000e-01
4.740600585937500000e-01
9.364013671875000000e-01
9.692535400390625000e-01
1.182250976562500000e-01
8.681793212890625000e-01
9.130859375000000000e-01
9.248504638671875000e-01
9.888305664062500000e-01
9.752807617187500000e-01
9.832611083984375000e-01
9.570007324218750000e-01
9.723052978515625000e-01
9.856567382812500000e-01
9.923400878906250000e-01
9.093322753906250000e-01
9.656829833984375000e-01
9.682922363281250000e-01
9.940490722656250000e-01
9.568481445312500000e-01
9.747619628906250000e-01
9.924468994140625000e-01
9.456176757812500000e-01
9.825897216796875000e-01
5.253601074218750000e-01
7.329864501953125000e-01
9.236755371093750000e-01
9.759063720703125000e-01
9.902648925781250000e-01
9.363861083984375000e-01
9.722137451171875000e-01
9.866485595703125000e-01
9.846343994140625000e-01
9.954528808593750000e-01
9.960784912109375000e-01
9.881896972656250000e-01
9.975128173828125000e-01
9.938659667968750000e-01
9.974517822265625000e-01
9.989013671875000000e-01
9.978179931640625000e-01
9.942016601562500000e-01
9.975280761718750000e-01
9.974975585937500000e-01
9.417114257812500000e-01
9.747467041015625000e-01
9.992675781250000000e-01
9.962768554687500000e-01
9.967803955078125000e-01
9.963989257812500000e-01
9.689025878906250000e-01
9.945068359375000000e-01
9.419403076171875000e-01
9.680175781250000000e-01
9.925994873046875000e-01
9.846954345703125000e-01
9.925384521484375000e-01
9.849853515625000000e-01
9.973449707031250000e-01
9.978942871093750000e-01
9.959259033203125000e-01
9.946899414062500000e-01
9.966430664062500000e-01
9.494323730468750000e-01
9.572906494140625000e-01
9.715118408203125000e-01
8.596954345703125000e-01
9.985046386718750000e-01
9.911956787109375000e-01
9.840240478515625000e-01
9.669952392578125000e-01
9.916534423828125000e-01
9.931640625000000000e-01
9.836425781250000000e-01
9.957580566406250000e-01
9.966583251953125000e-01
9.984283447265625000e-01
9.925079345703125000e-01
9.542846679687500000e-01
9.028625488281250000e-01
9.957275390625000000e-01
9.922485351562500000e-01
9.944152832031250000e-01
9.841003417968750000e-01
9.949951171875000000e-01
9.942016601562500000e-01
9.916687011718750000e-01
9.981079101562500000e-01
9.984436035156250000e-01
9.986877441406250000e-01
9.801330566406250000e-01
9.917144775390625000e-01
9.973602294921875000e-01
9.949340820312500000e-01
9.986572265625000000e-01
9.952545166015625000e-01
9.323120117187500000e-01
9.964141845703125000e-01
9.958953857421875000e-01
9.914855957031250000e-01
9.676513671875000000e-01
9.925994873046875000e-01
9.956359863281250000e-01
9.172973632812500000e-01
9.927062988281250000e-01
9.981384277343750000e-01
9.879150390625000000e-01
9.285278320312500000e-01
9.985198974609375000e-01
9.863128662109375000e-01
9.706573486328125000e-01
9.983673095703125000e-01
9.983215332031250000e-01
9.891204833984375000e-01
8.419494628906250000e-01
9.859313964843750000e-01
9.499816894531250000e-01
9.381256103515625000e-01
9.961853027343750000e-01
9.987335205078125000e-01
9.977722167968750000e-01
9.528808593750000000e-01
9.790191650390625000e-01
9.046478271484375000e-01
9.870605468750000000e-01
8.258972167968750000e-01
7.560272216796875000e-01
7.857666015625000000e-01
9.905242919921875000e-01
9.988403320312500000e-01
9.946289062500000000e-01
9.948272705078125000e-01
9.960327148437500000e-01
9.929351806640625000e-01
9.831695556640625000e-01
9.985198974609375000e-01
9.966735839843750000e-01
9.985961914062500000e-01
9.944915771484375000e-01
9.983825683593750000e-01
9.987335205078125000e-01
9.375457763671875000e-01
9.991455078125000000e-01
9.869842529296875000e-01
9.814300537109375000e-01
9.978942871093750000e-01
9.970092773437500000e-01
8.462524414062500000e-01
9.981384277343750000e-01
8.519744873046875000e-01
9.974517822265625000e-01
9.926452636718750000e-01
9.985351562500000000e-01
9.972686767578125000e-01
9.989776611328125000e-01
9.750213623046875000e-01
9.446105957031250000e-01
9.989318847656250000e-01
9.881744384765625000e-01
9.965667724609375000e-01
9.646606445312500000e-01
