9.330349408027721614e-01
9.998975847059827782e-01
1.000000000000000000e+00
9.927570093457943612e-01
9.564193813304133762e-01
9.813896173654775845e-01
1.000000000000000000e+00
9.999675992677434788e-01
9.898880284121738260e-01
9.693792673205559041e-01
7.635595292145426205e-01
9.982830626450116540e-01
9.728184495736038606e-01
9.959129530706628541e-01
1.000000000000000000e+00
6.854485243985585230e-01
9.219648987090847125e-01
9.617544145170477954e-01
9.960546608801692514e-01
9.846252006750916275e-01
4.482237719982879454e-01
9.116208088334305792e-02
9.983346454308726914e-01
9.965484211917029489e-01
7.290214996128878688e-01
9.948015200618552933e-01
9.843716654354428552e-01
8.186539260490236503e-01
9.744854657330787040e-01
9.869829331790569427e-01
9.983684790145612720e-01
9.537281396248988852e-01
1.000000000000000000e+00
9.907336693651036530e-01
8.682405566600397417e-01
9.979204171581104177e-01
8.265015827222823575e-01
6.843301369103708121e-01
7.804205632736904708e-01
9.404310826759425535e-01
5.176969696969696555e-01
1.000000000000000000e+00
8.914583333333333526e-01
1.000000000000000000e+00
9.991322594386506939e-01
9.379661369066167875e-01
9.985026872822986288e-01
9.969935353220655827e-01
9.999332075408686737e-01
1.000000000000000000e+00
9.968505735872456031e-01
9.978667491111454790e-01
9.984728850325379490e-01
1.000000000000000000e+00
8.350384630403373531e-01
1.000000000000000000e+00
9.970508343034536480e-01
1.000000000000000000e+00
9.989660830280281401e-01
1.000000000000000000e+00
1.000000000000000000e+00
9.621516326914204553e-01
9.463689449446914814e-01
9.998817986862768015e-01
9.414162985972917008e-01
8.977027932151844247e-01
9.991396672076334751e-01
1.000000000000000000e+00
9.999117496514111636e-01
1.000000000000000000e+00
9.999841596705211222e-01
9.999840954274353821e-01
1.000000000000000000e+00
7.921639500784286581e-01
9.808767336541183157e-01
9.979465160778456800e-01
8.705087521752482571e-01
9.996298809450373524e-01
9.783840503672612821e-01
9.917454720307741223e-01
9.998080736996992623e-01
1.000000000000000000e+00
9.999793627208188873e-01
9.992143784771768678e-01
9.999843480982939514e-01
9.983561730443991644e-01
1.000000000000000000e+00
9.999686190827358212e-01
1.000000000000000000e+00
1.000000000000000000e+00
9.938188429045021755e-01
9.992232369833349281e-01
1.000000000000000000e+00
9.999346522683831839e-01
1.000000000000000000e+00
1.000000000000000000e+00
1.000000000000000000e+00
9.068254540060605162e-01
1.000000000000000000e+00
1.000000000000000000e+00
9.987354222284670069e-01
1.000000000000000000e+00
1.000000000000000000e+00
9.999552302285497074e-01
9.995850778921956392e-01
9.989872234340916313e-01
9.993703482458548004e-01
9.380716623311236013e-01
7.381355514276790597e-01
9.983239443177056582e-01
9.988397965670693379e-01
8.791997747606832281e-01
9.709489224907726923e-01
1.000000000000000000e+00
1.000000000000000000e+00
9.953610712577714015e-01
9.994522423827456592e-01
9.999565321336202350e-01
1.000000000000000000e+00
1.000000000000000000e+00
9.986660102590163568e-01
1.000000000000000000e+00
7.667525773195876804e-01
9.987157737859305717e-01
9.998000184598344608e-01
9.771235394512275407e-01
1.000000000000000000e+00
9.998731708863769496e-01
1.000000000000000000e+00
9.986320762219853542e-01
1.000000000000000000e+00
9.958422066727512512e-01
9.999530846821487184e-01
7.820512820512820484e-01
9.997131108348474848e-01
1.000000000000000000e+00
9.999845690918910401e-01
9.999842589094573020e-01
1.000000000000000000e+00
9.983336215434437388e-01
9.992469879518072196e-01
1.000000000000000000e+00
1.000000000000000000e+00
9.508303249097472820e-01
4.729327314901887180e-01
1.000000000000000000e+00
1.000000000000000000e+00
9.894462917449761141e-01
9.907221104404202450e-01
6.659852281719862432e-01
1.000000000000000000e+00
9.989528961939363461e-01
9.995778413621652092e-01
1.000000000000000000e+00
9.998272486467810749e-01
9.959417048447025689e-01
9.990166846412484869e-01
9.997905710429562109e-01
1.000000000000000000e+00
9.991577719829610738e-01
8.695322580645161725e-01
1.000000000000000000e+00
1.000000000000000000e+00
9.996256994741077317e-01
9.999366219499313813e-01
9.154924140060997084e-01
9.958587331036310442e-01
1.000000000000000000e+00
1.000000000000000000e+00
9.991947834599049783e-01
9.999686702069332522e-01
1.000000000000000000e+00
9.997936737187931300e-01
9.969061609686609149e-01
1.000000000000000000e+00
9.999615436383563205e-01
9.999576019672686833e-01
9.995935372421501652e-01
9.976950100942660882e-01
9.893267830358889459e-01
1.000000000000000000e+00
9.992293692305169728e-01
9.095627386650889656e-01
1.000000000000000000e+00
9.932353702744691759e-01
9.978436169248889875e-01
9.510320666582502414e-01
1.000000000000000000e+00
9.997259638693901662e-01
9.992379236884493254e-01
9.965040326290287576e-01
1.000000000000000000e+00
1.000000000000000000e+00
9.984803714647531026e-01
9.770828011531583757e-01
1.000000000000000000e+00
9.102714421609184869e-01
9.988973332428581209e-01
9.999367838798893793e-01
9.999839971835042807e-01
9.938355223118754411e-01
9.988233984704180113e-01
1.000000000000000000e+00
1.000000000000000000e+00
9.953502492649878297e-01
9.979751037344398723e-01
9.995854724020279969e-01
9.998809159266441871e-01
9.999652071047092639e-01
9.988896708108531142e-01
9.984695773847264144e-01
9.973133009279717687e-01
9.991980882423697752e-01
9.935910832462556685e-01
9.990499414130538103e-01
9.724712415708052227e-01
9.995708449205205071e-01
9.876843711400130621e-01
9.957615823425920443e-01
8.615912132024977632e-01
9.993437674311775876e-01
9.929834695299094571e-01
9.966551370253525777e-01
9.999284248699717992e-01
9.707775035260930441e-01
9.737328821029435089e-01
9.957692590685012224e-01
9.958848430674784868e-01
9.955231858880128071e-01
1.000000000000000000e+00
9.588280478437397614e-01
1.000000000000000000e+00
9.066013677987713182e-01
9.611308677098150399e-01
9.454650216919739947e-01
9.999740279978183155e-01
9.907340116279069742e-01
9.678282900712270598e-01
9.395233673785206019e-01
9.926316444924137006e-01
9.510096685948169482e-01
1.000000000000000000e+00
9.999827055446024460e-01
9.998844064270026033e-01
9.994452733463407013e-01
9.951041585394397870e-01
8.985310833260470309e-01
1.000000000000000000e+00
9.567391557157809423e-01
6.338394200519764654e-01
9.915552652124727251e-01
9.993798394670163621e-01
9.831887925283522289e-01
9.766572903984214182e-01
9.443317374016066967e-01
9.979303823440204280e-01
9.999026536611957949e-01
9.993112396085278570e-01
1.000000000000000000e+00
9.999710430300573494e-01
8.478526245699700148e-01
1.000000000000000000e+00
9.999646199295936233e-01
9.945471472270248636e-01
9.018548020027310486e-01
9.984846928292582247e-01
1.000000000000000000e+00
1.000000000000000000e+00
9.849533461039362559e-01
9.995593635250917819e-01
1.000000000000000000e+00
1.000000000000000000e+00
9.647666482198856697e-01
9.740425611840498599e-01
9.998031496062992352e-01
9.947978461257643845e-01
1.000000000000000000e+00
9.925191545840288398e-01
8.838345240073102183e-01
9.933459115258920225e-01
9.901243599122164785e-01
1.000000000000000000e+00
9.966313491540734759e-01
9.964216732743722549e-01
9.695871449468375092e-01
1.000000000000000000e+00
9.998192662208567061e-01
9.987290865091662528e-01
9.873022812177092433e-01
9.665218360071301529e-01
1.000000000000000000e+00
1.000000000000000000e+00
9.989931953895292427e-01
9.984621836991471877e-01
9.987594213754037442e-01
1.000000000000000000e+00
9.997621704688900435e-01
9.515145066326168299e-01
9.991094768894889233e-01
5.870117864571297028e-01
9.732184203756110152e-01
9.994940856199859835e-01
9.675727739726027732e-01
1.000000000000000000e+00
9.895196917003478143e-01
9.950532587109586213e-01
9.958294875739240881e-01
1.000000000000000000e+00
9.972480000000000233e-01
9.998170812824265230e-01
1.000000000000000000e+00
8.434270145408239161e-01
9.989412797603677285e-01
9.971552074481840888e-01
9.997627802158699506e-01
9.966389527684414995e-01
8.944761332933053311e-01
8.404315329290650283e-01
7.702827632375912614e-01
1.000000000000000000e+00
9.744247926123024151e-01
9.999815814193357966e-01
9.040021002275246964e-01
9.953923550707602930e-01
9.718842517429089334e-01
1.000000000000000000e+00
9.228642257818459038e-01
9.999238602836204581e-01
9.959216965742251348e-01
9.969342201982895890e-01
1.000000000000000000e+00
9.739396117900790406e-01
1.000000000000000000e+00
9.853493006804675547e-01
9.688601002253977024e-01
6.166332066122762745e-01
9.994026165395567540e-01
8.855042016806722316e-01
9.754104006428653273e-01
1.000000000000000000e+00
9.475770568724213305e-01
9.562159088515890248e-01
9.875811459215354526e-01
9.931905234785075587e-01
9.085201011598500465e-01
1.000000000000000000e+00
9.936158117976300330e-01
9.877539660450876946e-01
9.964224548049476216e-01
9.977518617394969258e-01
9.809724763789819946e-01
9.519209115885240990e-01
1.000000000000000000e+00
9.999583992012646139e-01
9.866050513224583485e-01
9.932237204182718937e-01
8.392944853761999946e-01
9.978974455532542143e-01
9.927602546112703763e-01
9.821068108754703596e-01
9.580702717540489077e-01
1.000000000000000000e+00
9.715617331051122907e-01
8.606542036640395521e-01
1.000000000000000000e+00
9.384428397797954791e-01
9.947301649263199375e-01
9.990843995774152386e-01
9.329613733905579576e-01
9.625902992776057543e-01
9.906257982120051375e-01
9.616369256442834912e-01
9.912652296157450360e-01
9.980283204875425307e-01
9.975858904273572358e-01
9.885108009940738460e-01
9.996577008305258527e-01
9.596754735191217467e-01
9.636564159121803197e-01
9.713877551020407841e-01
1.000000000000000000e+00
9.159505591524426116e-01
9.941937624419375785e-01
1.000000000000000000e+00
9.857059792615563421e-01
1.000000000000000000e+00
1.000000000000000000e+00
9.769792935444580051e-01
1.000000000000000000e+00
1.000000000000000000e+00
9.996933010492332627e-01
9.947720260541652593e-01
1.000000000000000000e+00
9.108723135271807880e-01
9.824360888225415200e-01
1.000000000000000000e+00
9.871944959746411508e-01
9.508637058305932088e-01
1.000000000000000000e+00
9.974637748727225306e-01
7.208072672497272126e-01
1.000000000000000000e+00
9.494885584730570205e-01
9.868126955744300766e-01
9.992475914748842891e-01
9.995650884649599499e-01
9.993613896161951393e-01
9.388651334797180059e-01
9.999839848817283494e-01
1.000000000000000000e+00
9.376222667954337009e-01
1.000000000000000000e+00
1.000000000000000000e+00
1.000000000000000000e+00
9.959989997499374415e-01
9.985025688689231904e-01
9.700359681667563017e-01
9.880425684562955668e-01
9.673006157321383247e-01
1.000000000000000000e+00
9.999645383783400954e-01
4.066000868432479431e-01
9.896041516215172695e-01
1.000000000000000000e+00
9.524139472507823223e-01
9.568999891253126000e-01
9.784039544289074852e-01
9.806717737183264783e-01
1.000000000000000000e+00
1.000000000000000000e+00
9.418290295515987509e-01
1.000000000000000000e+00
9.977480269410354818e-01
1.000000000000000000e+00
7.312873712268568305e-01
1.000000000000000000e+00
1.000000000000000000e+00
9.849117840002762359e-01
9.998795470970850419e-01
1.000000000000000000e+00
1.000000000000000000e+00
9.966014908126967775e-01
1.000000000000000000e+00
1.000000000000000000e+00
1.000000000000000000e+00
9.999149997166657533e-01
9.529272319349786358e-01
9.961990381914032078e-01
9.988186536524905623e-01
1.000000000000000000e+00
9.680691209616829607e-01
9.940887486519950356e-01
9.998978340825500633e-01
9.979997948507539629e-01
9.567693578847970004e-01
9.748718248630524608e-01
9.985918523009524872e-01
9.993728592792705534e-01
9.948544675588534281e-01
9.997976862665759468e-01
9.997198192834377828e-01
9.996071241487689552e-01
1.000000000000000000e+00
1.000000000000000000e+00
7.127122764077719053e-01
9.314849477460614979e-01
9.695418544834084607e-01
9.977775572973509588e-01
9.902522183852777715e-01
9.804112091414357577e-01
9.826480318682060400e-01
9.947434021568308804e-01
9.999521782793744373e-01
9.964801952318378397e-01
1.000000000000000000e+00
1.000000000000000000e+00
1.000000000000000000e+00
9.979106572074529780e-01
9.997994786444756032e-01
1.000000000000000000e+00
9.992422568117955706e-01
9.994686918881752202e-01
9.995627118114662757e-01
1.000000000000000000e+00
1.000000000000000000e+00
9.997986244500898234e-01
9.976614978969176040e-01
1.000000000000000000e+00
9.991302862290142306e-01
9.999498428409014927e-01
1.000000000000000000e+00
9.999793473771169117e-01
1.000000000000000000e+00
9.997730446927374226e-01
1.000000000000000000e+00
9.990824509570036538e-01
1.000000000000000000e+00
9.991425613149550466e-01
9.997193813918683336e-01
9.998263121328869740e-01
1.000000000000000000e+00
9.999842465106021372e-01
1.000000000000000000e+00
9.999412766457219659e-01
9.949826386004552159e-01
9.045966262633529098e-01
9.996117590421319532e-01
9.929067484864980697e-01
9.913598646580198404e-01
9.635181369676577567e-01
1.000000000000000000e+00
1.000000000000000000e+00
9.978083314938034354e-01
9.997098458959313705e-01
9.999839887280645989e-01
9.995718635037422750e-01
1.000000000000000000e+00
9.869656735751295429e-01
1.000000000000000000e+00
9.968184157581996274e-01
9.999841126098215627e-01
9.976890062726972985e-01
9.999519007230924794e-01
1.000000000000000000e+00
9.999669295765332144e-01
1.000000000000000000e+00
9.999685272318126206e-01
9.996538213403408646e-01
9.999845047725300917e-01
1.000000000000000000e+00
9.949945801185997585e-01
9.981954030266574351e-01
1.000000000000000000e+00
9.998760401010272636e-01
9.998895968708598758e-01
9.843434040082487124e-01
9.969036841443480457e-01
9.999524051275542336e-01
9.973380656610469908e-01
1.000000000000000000e+00
9.998085849643489897e-01
1.000000000000000000e+00
1.000000000000000000e+00
9.996767258797096822e-01
1.000000000000000000e+00
9.962980392156862708e-01
9.463080870474199768e-01
9.997918834547346867e-01
1.000000000000000000e+00
9.860319994195116955e-01
9.999843991325917392e-01
9.995607912032752340e-01
1.000000000000000000e+00
8.498284340854824759e-01
9.955455861531363748e-01
1.000000000000000000e+00
1.000000000000000000e+00
9.979594062027820067e-01
1.000000000000000000e+00
9.999532906721472214e-01
9.950125540164312943e-01
9.998150701052419542e-01
1.000000000000000000e+00
9.908227635729145444e-01
8.404540537150562152e-01
1.000000000000000000e+00
1.000000000000000000e+00
9.997892407397650505e-01
1.000000000000000000e+00
9.996684664203845383e-01
9.977288357884298575e-01
9.995930059640280030e-01
1.000000000000000000e+00
1.000000000000000000e+00
9.999532833984769997e-01
9.998723044262478599e-01
9.996135713733673711e-01
9.955246556792284318e-01
9.998604045166894494e-01
9.998429500266985404e-01
1.000000000000000000e+00
9.999384511224976846e-01
9.982671038548445175e-01
1.000000000000000000e+00
9.989035765025634506e-01
9.995052980977914281e-01
8.599682312268353002e-01
1.000000000000000000e+00
9.125482414337275916e-01
9.999690976514215013e-01
9.997322202094982568e-01
9.995665232064897543e-01
9.999533944384030315e-01
9.998148605282646262e-01
1.000000000000000000e+00
1.000000000000000000e+00
9.999375780274656345e-01
1.000000000000000000e+00
1.000000000000000000e+00
1.000000000000000000e+00
