7.326410835214447470e-01
8.487853960040246948e-01
7.041978522616335612e-01
6.872075621815151303e-01
4.966337669128701449e-01
5.766978922716627931e-01
2.579025110782865449e-01
8.462345840986618128e-01
7.376219054763690774e-01
8.158799624882775436e-01
3.661623108665749693e-01
2.485518933284873722e-01
7.798146790213985602e-01
6.148528749635828738e-01
3.374660984114684070e-01
4.127213395388648065e-01
3.526233641493576876e-01
7.221363814062586872e-01
5.838503101861116651e-01
9.477312538848392531e-01
2.618314373703726772e-01
3.412499593324007097e-01
4.772301550744664778e-01
7.313691507798960600e-01
6.021337750280119083e-01
9.024679170779861259e-01
8.268437107482504711e-01
5.612350687401397309e-01
5.885061882375515196e-01
8.026699029126214135e-01
2.229474658418373612e-01
7.678319209039548010e-01
4.075751808146174104e-01
9.227545746612655364e-01
4.956533106739002825e-01
8.905996758508913924e-01
5.937785299160525110e-01
3.876763281633798797e-01
2.989426321709786061e-01
2.290996784565916267e-01
2.184685316647493047e-01
4.945240101095197960e-01
7.791762574073166636e-01
3.081500646830530599e-01
8.405797101449274944e-01
7.199195565801735919e-01
9.423076923076922906e-01
8.722294654498043975e-01
9.594905359985848037e-01
4.526659412404787641e-01
9.064748201438849184e-01
8.567073170731707155e-01
9.236154519314914157e-01
8.421433743664011873e-01
3.685597575438134266e-01
5.081815375115776856e-01
8.531898539584934493e-01
1.433478943127359032e-02
5.696268550566592204e-01
6.423701298701298690e-01
8.320446735395189419e-01
7.553099263112267314e-01
4.061737007324729420e-01
6.820626384055679114e-01
7.310798683816931431e-01
5.388185124796187608e-01
6.662741566807508509e-01
6.073853989813242649e-01
8.697658712291760352e-01
1.509078047630275921e-01
9.040299127544660918e-01
8.395942900075131776e-01
3.238533220380007127e-01
3.520151282354331834e-01
8.888888888888888395e-01
8.961788031723143533e-01
3.715545755237045222e-01
9.134078212290502874e-01
8.595888788897835253e-01
7.008553025236704537e-01
8.416005291005290712e-01
2.336313436760452389e-01
6.329254727474972197e-01
9.439950217797137277e-01
7.109896782027929074e-01
9.528023598820059004e-01
5.003013863773357883e-01
7.551246537396122394e-01
6.818804824561403022e-01
8.885135135135134865e-01
8.609858416360776090e-01
4.731210742906649114e-01
7.687747035573122556e-01
9.006699006699007137e-01
1.371459663793350436e-01
6.879345603271983522e-01
8.282881002087683076e-01
7.817694134201037537e-01
6.897699757869248938e-01
4.911019701234033419e-01
9.322250639386189253e-01
7.035755478662053530e-01
8.526924788607032069e-01
8.822429906542056388e-01
7.490427568602424646e-01
9.303307529908515505e-01
8.905390539053905652e-01
6.098018654451128340e-01
2.239131488392381020e-01
8.848384424192211606e-01
9.602082558571959359e-01
1.719738393910153207e-01
7.629866288013252840e-01
3.588117881883292060e-01
1.394484412470023971e-01
4.433322570229253912e-01
7.804980414101846398e-01
8.636759358836483269e-01
8.038591232671412623e-01
4.237895995218171064e-01
9.498302527348170265e-01
7.577319587628865705e-01
7.060480166180641559e-01
9.312106918238993725e-01
9.392265193370166187e-01
5.895895895895896244e-01
6.930857596994436376e-01
9.416295095257397607e-01
7.488598243564132950e-01
9.404286233200145340e-01
5.189240096533050961e-01
7.709003215434083733e-01
7.957577676269730338e-01
8.922399523273522037e-01
9.498577524893314639e-01
2.108215841145641145e-01
6.475409836065574298e-01
8.237929318068690776e-01
4.949105325190185090e-01
9.162973904480551379e-01
9.501105146826649417e-01
1.616647575410462001e-01
6.400885235535883622e-01
5.517107309486780631e-01
4.898051525692146552e-02
4.871646957023363367e-01
6.505129589632829834e-01
6.138035305655442642e-01
5.115879828326179712e-01
1.911296738265712003e-01
3.506358381502890365e-01
9.657720731232983802e-01
6.980275789841159373e-01
6.525307797537619470e-01
3.377705064326615436e-01
9.492198856478341051e-01
9.175176747839748348e-01
6.183598422754862378e-01
4.736158607852473668e-01
8.533922537041850331e-01
3.002150537634408756e-01
7.390986682607685321e-01
6.476029328821206743e-01
5.018559762435040872e-01
7.001757855416391729e-01
1.483874530594212482e-01
7.510151347360649599e-01
4.449641243688546299e-01
6.230504022328025027e-01
9.204444444444443985e-01
7.236919459141681887e-01
1.423704500627577529e-01
8.654602675059008821e-01
7.424687906685304428e-01
5.660377358490565891e-01
7.550809252826842233e-01
7.946749428291407513e-01
8.629441624365482566e-01
9.408795962509012289e-01
3.563723531761885943e-01
1.426459719142645910e-01
7.292120156726165092e-01
7.805316431747233441e-01
8.404661886863964981e-02
8.993272465160980778e-01
8.854823304680038420e-01
3.894896604059950862e-01
4.728348574502420909e-02
8.275538376587521228e-01
7.280377406604615631e-01
7.780636179292393928e-01
4.836021018300416530e-01
6.593147884269872083e-01
5.415295150318192308e-01
8.301901395732824707e-01
3.609162029195903121e-01
6.383205543482717292e-01
9.601683451074702891e-01
8.313465783664458764e-01
8.441601049868766582e-01
8.746731040032186266e-01
8.704453441295546545e-01
8.218181818181817810e-01
8.212927756653992661e-01
9.037927844588343751e-01
7.224482248520710526e-01
6.862641862641862822e-01
8.661440615293595213e-01
8.459342023587833603e-01
8.760529482551143721e-01
8.507575376252076715e-01
7.302754307033907377e-01
9.020092735703245657e-01
8.104365410823405336e-01
7.809172809172809648e-01
9.022661173048958094e-01
9.399206240591213568e-01
9.464132050379410188e-01
8.519924772009509484e-01
8.517427589592537762e-01
7.273297414407480233e-01
9.259311512415350220e-01
5.495646861157782448e-01
8.885079365079364688e-01
8.814782468800992365e-01
8.996697201969215962e-01
6.074372917032099251e-01
9.124402651456759994e-01
2.034480715682208674e-01
5.520251719776659849e-01
8.865748157641781813e-01
1.899133175728920375e-01
9.054918104580887972e-01
6.677919447401906572e-01
9.559522860710395475e-01
8.005104682991788234e-01
9.707872801860416567e-01
9.437789490496725220e-01
9.346503695281409563e-01
9.695686540198735770e-01
7.163290822705676852e-01
4.876952771578502710e-01
8.255346727154893038e-01
6.828937160589604316e-01
9.424249266200045438e-01
9.451752875542392962e-01
7.778716403974834659e-01
3.920320929589155012e-01
7.413535674947986376e-01
1.158582640964171961e-01
8.396369137670196547e-01
9.428508867965842422e-01
8.044742519463464747e-01
9.410310362966859410e-01
9.563910841891060111e-01
9.369988545246277223e-01
8.479334179715051212e-01
9.796696315120712040e-01
3.340662492232684966e-01
8.582072702641679873e-01
3.756908940168577904e-01
8.169519210283360255e-01
8.674658674658675128e-01
9.422268907563025042e-01
8.977951173375894323e-01
7.695337409505232928e-01
7.576582709326071807e-01
8.665069686411149830e-01
9.177882758415782938e-01
1.587987588652482185e-01
7.402015262650959437e-01
8.631631135349528972e-01
9.319294395678595633e-01
8.969072164948453940e-01
7.614565014999482573e-01
9.287062979656474093e-01
2.506236806754941204e-01
9.582844076385884646e-01
9.063358759020982980e-01
9.158167148728878493e-01
5.189518015910153936e-01
6.657722122838402035e-01
8.195261567816822801e-01
9.655109820294064393e-01
9.282874183470605223e-01
7.528263899643797830e-01
9.279561472200469341e-01
9.591187270501836393e-01
9.589931234622420808e-01
8.505343986717858185e-01
8.459885694641399168e-01
5.497185741088179700e-01
9.218632607062359208e-01
8.261770410862281366e-01
9.177417238815760436e-01
6.891414793765607838e-01
9.456282145481264001e-01
9.262962101836782480e-01
7.018793081024841118e-01
8.709188095926032602e-01
9.412061933807340797e-01
8.263057218895542011e-01
9.184257115620318990e-01
7.268988752910865436e-01
9.145253029383332288e-01
9.710172744721689009e-01
9.576574099532582096e-01
6.756183462739133727e-01
9.709952102182011213e-01
9.574939937165034554e-01
7.035960267192745698e-01
8.573240500863558156e-01
7.302521321366056695e-01
4.836299486328023423e-01
8.989439914449940394e-01
8.113251644352442726e-01
9.684434331754261382e-01
8.245705653057798790e-01
7.602301017571846398e-01
3.557817377731529729e-01
9.513775866077656129e-01
7.877979366773389946e-01
9.029092488059053956e-01
6.148540516172659176e-01
8.993380195181873704e-01
7.495342424919889668e-01
3.415974269632806037e-01
7.971549404075355394e-01
9.344768846809016205e-01
9.807653575025175874e-01
8.908539666498231924e-01
9.622278296610390358e-01
4.676728533550887357e-01
9.075551384326606685e-01
9.248894741792870189e-01
8.227788649706457846e-01
8.039356225972502656e-01
9.003632314341013521e-01
7.031927815373937296e-01
6.680540095823452873e-01
9.310852529090477558e-01
7.871051062984303348e-01
8.367161110295197046e-01
8.669934988809548937e-01
9.528187919463086963e-01
4.476713366149185913e-01
9.217760960455936292e-01
8.696825762172794017e-01
9.621982693183542823e-01
8.982247773074736319e-01
9.216214137374048043e-01
9.082312486567806209e-01
7.140213435321695057e-01
8.117626846867483925e-01
9.561618160045816106e-01
9.490110454662213924e-01
9.215447154471544389e-01
8.113643773898093770e-01
9.741013218493929093e-01
8.707084625100470765e-01
7.701771445482602507e-01
4.907129408172611895e-01
9.250976986539296565e-01
7.074705979791287014e-01
4.782245333828581968e-01
8.968575579172719525e-01
9.681796155709901930e-01
7.383812010443864260e-01
9.088542855838166457e-01
9.257843441126838435e-01
9.281949687885471256e-01
8.485093754215566886e-01
9.439614290230793348e-01
8.599851443123939232e-01
8.885098165432893103e-01
9.122730888840674401e-01
9.402866242038216971e-01
6.021888068333481892e-01
9.483264196824489067e-01
9.212844241275504054e-01
7.711508951406649270e-01
8.761355905070636885e-01
8.586947150616432989e-01
6.197324247131332786e-01
9.575050301810865694e-01
8.183833904454747010e-01
7.467671490965145376e-01
8.331565678518647600e-01
6.707338330137702087e-01
8.094187298170075762e-01
9.561719833564493731e-01
5.983978935266739407e-01
8.720538720538720812e-01
6.729658122386439345e-01
7.312636119058802953e-01
5.270712433633781835e-01
9.254942185751585670e-01
9.053203661327231533e-01
7.788214623597783381e-02
9.589177525105817557e-01
2.558875596802746497e-02
7.440273037542661783e-01
9.715205547300643785e-01
8.955426518506141020e-01
9.325084364454443442e-01
7.914913510986442136e-01
9.625850340136054006e-01
8.253501010241761637e-01
8.898578811369508568e-01
7.017994858611825704e-01
9.007299797629372273e-01
7.372604020570360239e-01
7.585430463576159354e-01
8.194444444444444198e-01
9.648045835891140287e-01
8.917389523844979626e-01
8.790155026370465308e-01
9.628834482473885847e-01
8.522955696711425055e-01
3.961672083380028964e-01
8.662873399715504963e-01
1.193324787542135446e-01
9.032062915910465950e-01
4.919354838709677491e-01
7.692911668484188059e-01
4.254177525678368710e-01
9.137858495196690134e-01
9.576319227072190854e-01
7.023809523809523281e-01
8.440944881889763662e-01
8.997771055564400822e-01
1.955267999255844713e-01
9.610276633996404083e-01
6.548828281212508706e-01
6.048768625370296581e-01
8.968231655889794540e-01
7.869264613450659418e-01
8.551742772223723810e-01
6.488874761602034802e-01
6.462091833867250612e-01
2.012889989072500496e-01
8.035175646201679900e-01
6.433614603065266335e-01
0.000000000000000000e+00
6.182955363570914464e-01
8.119689204827243989e-01
8.757001743172574404e-01
8.867745004757373595e-01
8.723587135592005826e-01
8.155220742817098634e-01
9.057356813693219211e-01
9.595542106428518458e-01
8.630760199589081472e-01
9.534851236206174363e-01
8.210068553136230518e-01
8.813755795981452756e-01
8.324238447192098267e-01
9.306375442739078796e-01
8.618636208327231651e-01
8.435039370078739607e-01
9.421027705422685417e-01
8.113790657614753377e-01
7.657657657657657158e-01
2.134722558759389321e-01
2.556250542958908856e-01
8.741626449614636751e-01
9.539777899144366025e-01
9.666295155051465304e-01
9.203162165943752360e-01
8.971894471695611717e-01
9.641126451494925753e-01
9.231944975162399425e-01
8.602993585174625313e-01
8.764289602612955754e-01
5.558240695988400093e-01
8.815789473684210176e-01
5.527831094049904248e-01
9.127035830618892565e-01
9.303621169916435063e-01
7.103538663171691248e-01
8.261840929401250699e-01
9.429296131896005573e-01
9.393346379647748989e-01
1.446272164067506916e-01
6.080901856763926139e-01
9.617321248741188544e-01
9.121381411884205148e-01
7.575757575757575690e-01
8.852867830423940543e-01
6.095687096210931077e-01
8.632332878581173707e-01
7.463924753169364212e-01
7.118754904525241844e-01
9.353005200145120268e-01
3.887133182844244028e-01
9.505994771477508376e-01
7.661579892280071524e-01
9.682287529785543745e-01
9.141843971631206101e-01
8.817155756207675221e-01
7.749603803486528886e-01
8.834385624089363676e-01
2.299239222316145359e-01
7.751176307777469798e-01
6.259961041260846404e-01
3.768953068592058031e-01
9.409246575342465890e-01
9.189897100093545879e-01
9.255195243057684484e-01
8.674036942937581873e-01
8.126025598949786488e-01
7.819383259911893980e-01
6.236129604971150098e-01
9.121660034110290471e-01
9.172346640701071196e-01
9.655862344937975461e-01
8.601864181091877226e-01
8.311471500119246292e-01
4.313550498289454166e-02
8.735348550277606261e-01
7.532767925983038237e-01
8.789778206364513569e-01
6.145833333333333703e-01
7.929125138427464137e-01
9.183955739972337051e-01
7.276930189551549244e-01
9.286790557508789457e-01
9.516691579471848739e-01
9.030969030969030475e-01
7.126078179482473463e-01
8.935214881334188064e-01
9.491525423728813804e-01
7.902251510159252756e-01
9.076464746772592296e-01
8.606825619448340570e-01
7.530389102681570579e-01
9.042200094831673862e-01
8.763462305544474917e-01
8.484930032292787860e-01
6.606149341142020237e-01
7.997899894994749959e-01
8.887507768800497754e-01
4.227720858302725926e-01
8.547031715912171146e-01
7.682263329706202626e-01
8.699307616221563233e-01
3.674844505874222400e-01
9.682230869001297036e-01
7.758131412355381284e-01
8.286225402504472370e-01
9.005563282336578323e-01
9.492553778268063569e-01
6.411582213029989319e-01
1.887720488466756996e-01
6.841393304024349087e-01
4.233635774465327462e-01
7.031917056312259051e-01
8.925170068027210579e-01
6.618444846292947936e-01
8.681402439024390461e-01
6.115918143112210048e-01
7.291014014839241053e-01
4.925673973293021035e-02
9.055409785460719618e-01
1.443298969072164817e-01
5.319945924632456524e-01
1.781372238080135284e-01
8.786435954012309368e-01
9.224738675958188416e-01
8.234762979683972750e-01
9.049128367670364881e-01
8.368076235854675637e-01
6.944980694980694702e-01
6.672847682119205093e-01
9.137670196671709988e-01
9.215889464594128055e-01
9.376443418013856723e-01
9.426994098610318451e-01
9.356943150046598268e-01
9.567307692307692735e-01
5.730327662783876175e-01
9.092558983666061412e-01
8.661649697506270673e-01
9.194328607172643775e-01
9.048178613396005154e-01
9.466069583189803405e-01
1.274966065541981719e-01
8.687821612349914124e-01
2.152271452607964208e-01
7.469437652811735662e-01
7.219535783365570447e-01
9.288659793814433296e-01
7.929854576561163881e-01
8.961748633879781378e-01
6.585201415809877057e-01
5.265354800238520872e-01
9.486301369863013866e-01
4.662956091527520330e-01
8.621700879765396008e-01
6.060784892298612947e-01
