8.446584999825498263e-01
9.287692307692307914e-01
8.432147562582344991e-01
8.233575991349036949e-01
6.893142881079042938e-01
4.337574413446947386e-01
4.834229390681003546e-01
9.396754957703508104e-01
8.274241340553796231e-01
8.802563525972565417e-01
5.133050016345210853e-01
4.104934370881253569e-01
8.727338915180196111e-01
7.669381107491857197e-01
5.395388315178950567e-01
5.897231400250655398e-01
4.458352650285891117e-01
8.393525631315863489e-01
7.415839186243642356e-01
9.702041990221454970e-01
4.415364858494399969e-01
5.485370594106214748e-01
6.471100784199825817e-01
8.701464035646084838e-01
7.408993576017131044e-01
9.269029399919451739e-01
8.728340119306884359e-01
7.154201186824528103e-01
7.694184627897519002e-01
8.598155125373522223e-01
3.818174653215636871e-01
8.663346613545817032e-01
6.187133580461130489e-01
9.463428612364782611e-01
6.654175819442649242e-01
9.265822784810127111e-01
7.454903109697400554e-01
5.480218801679175300e-01
4.768285873813511988e-01
3.129289047488333919e-01
3.626455519329296884e-01
7.138019775159148983e-01
8.672479361840274015e-01
5.055582406959884256e-01
9.067524115755627445e-01
8.703347658900700834e-01
9.604467194043740941e-01
9.111338100102145399e-01
9.807415406767459043e-01
8.382716049382715751e-01
9.468768242848802918e-01
8.615071283095723231e-01
9.575001607406931070e-01
9.198697068403909327e-01
5.393223500155424066e-01
7.207100591715975835e-01
8.787638668779714779e-01
3.565626692214770438e-02
7.399061594094618055e-01
8.409304070530857489e-01
9.259857044039658813e-01
8.475317262736049573e-01
5.269569140536882745e-01
9.053463349024882811e-01
8.470219704771713154e-01
7.170152539707501660e-01
8.127756902466917177e-01
7.719572582746937472e-01
9.394282986214715914e-01
4.011310084825636113e-01
9.557446808510637881e-01
9.347393553521686771e-01
5.165836362820340755e-01
5.533615342172583107e-01
9.252855819697437534e-01
8.984881209503239319e-01
5.209420254522404425e-01
9.448709002093510501e-01
9.325007283182814577e-01
8.337004178588337533e-01
9.361033519553072502e-01
4.746816404291587244e-01
8.080949057920446821e-01
9.664408381912714674e-01
8.559810233819044045e-01
9.634042553191489722e-01
7.176504243348907908e-01
9.030718759320012223e-01
8.251207729468599261e-01
9.496021220159150955e-01
9.311722788878021850e-01
6.575390149097870562e-01
8.768035516093229953e-01
9.578985246491543704e-01
2.694336445357965459e-01
8.393069071920247204e-01
9.149329359165424558e-01
8.686504651049530290e-01
8.557575757575757169e-01
6.313668553142315343e-01
9.441949967928159326e-01
8.495692511597083829e-01
9.313812079624974594e-01
9.449471715282341533e-01
8.912659123055162169e-01
9.105032083755487671e-01
9.434931506849315586e-01
7.633504397992739721e-01
3.723250201126307446e-01
7.973470891672808092e-01
9.716734998136414836e-01
2.723953468625286423e-01
8.011598494663458858e-01
5.976954732510287860e-01
3.153216846783153393e-01
6.131503351420364289e-01
8.986824170831440028e-01
9.350160824292645945e-01
9.199140220002528512e-01
8.028127746850278745e-01
9.298691860465115866e-01
9.130087789305666446e-01
8.168380158241341782e-01
9.517977084156460377e-01
9.461187214611872509e-01
7.719082719082719368e-01
8.481191744340879080e-01
9.741361473205049082e-01
8.726762837536382600e-01
9.668034315553897251e-01
7.129057918860562948e-01
8.702557368848871100e-01
8.847022030542629478e-01
9.381236461773374558e-01
9.748618292030665211e-01
3.828822107493509153e-01
8.689655172413792705e-01
9.290558163797600910e-01
6.883564050312697136e-01
9.244228432563791342e-01
9.691965703397904530e-01
2.844603593964933896e-01
8.054076507684755359e-01
7.213403018609876316e-01
9.567210760350208787e-02
8.429620172358761598e-01
8.162352189197826791e-01
7.840298290639678980e-01
7.591579645284269873e-01
3.177620310978271911e-01
5.936000000000000165e-01
9.763779527559055538e-01
8.264077470922784885e-01
8.470031545741324441e-01
6.417305092383956966e-01
9.673993214338397761e-01
9.486611636802899650e-01
7.929284836831704819e-01
6.640643071940781628e-01
9.319045035268583854e-01
4.218273200502603015e-01
8.695325840166625575e-01
8.262164846077457714e-01
7.264517483986139279e-01
8.482032805537119691e-01
3.102668475802803916e-01
8.732422459359728828e-01
6.396008821083836171e-01
8.387708649468892386e-01
9.510893730546909897e-01
8.712741565673108868e-01
3.046055631554947518e-01
9.350385708485586811e-01
8.644237265234427925e-01
7.621737139368035541e-01
8.714547881214548264e-01
9.016403185546179033e-01
9.327427287235775522e-01
9.509625862695241238e-01
5.459854014598539695e-01
2.951108870967741882e-01
8.752667773298553611e-01
8.821729957805907185e-01
1.775743970528981808e-01
9.143973623153009989e-01
9.473999102557710827e-01
4.891052387575335891e-01
1.087061576417325814e-01
9.269069671405816280e-01
8.572661870503597292e-01
8.803843941393428851e-01
7.023277686339054471e-01
8.271326842028774440e-01
7.327096558636819745e-01
9.113970381215158456e-01
5.687406210319750910e-01
8.080743977153457269e-01
9.718735823378193972e-01
9.321755456465617984e-01
9.480363574001029470e-01
9.393285037614934607e-01
9.145747470962907189e-01
9.478499542543458167e-01
9.481658692185007675e-01
9.131583035575578933e-01
8.628092414639133567e-01
8.314622031707150640e-01
9.345266132830899464e-01
9.253612091350955637e-01
9.252249457027613699e-01
9.223754148342012682e-01
8.580060422960724686e-01
9.494089834515366810e-01
9.022068368671570804e-01
8.704974271012007048e-01
9.360810557258114617e-01
9.730407523510972156e-01
9.759341862763428743e-01
9.250185880693192475e-01
9.086772126427885565e-01
8.320703495827990182e-01
9.515213277041781881e-01
7.310285468368956652e-01
9.452207687843207085e-01
9.412334439090535021e-01
9.382296196985056014e-01
7.652617050642318564e-01
9.449548613885115911e-01
3.523054637782588316e-01
7.125637919736292902e-01
9.336167745675910679e-01
3.366796746998719225e-01
9.512288727529513155e-01
8.158652439681586266e-01
9.756713459502023289e-01
8.961224489795918124e-01
9.811730438236462293e-01
9.665191377755921742e-01
9.658454894010841674e-01
9.794860105988945076e-01
8.299284395198522901e-01
6.591180217158340016e-01
9.082568807339449490e-01
8.195019559202366688e-01
9.687995360525807342e-01
9.668343122428164627e-01
8.634435323945076624e-01
5.826940719486248810e-01
8.473514175903749113e-01
2.215399219804506104e-01
8.694971016763277660e-01
9.694386810968429469e-01
8.887056458886283261e-01
9.653681992544167478e-01
9.775733459886345456e-01
9.606879606879606959e-01
9.203923357664233196e-01
9.802106607085859791e-01
5.124960005688079523e-01
9.284603421461897765e-01
5.615391351121452601e-01
9.054799844539448417e-01
9.336719626720216825e-01
9.664899829305543255e-01
9.437462132392921976e-01
8.736275293424761168e-01
8.734662576687116653e-01
9.337667614790735593e-01
9.558528840521626213e-01
3.328160218748845156e-01
8.590388435690434754e-01
9.402515723270440384e-01
9.637140041607358265e-01
9.404345318208037208e-01
8.760445682451253324e-01
9.626967992057112733e-01
4.454255287414610742e-01
9.718141118607730444e-01
9.514707271966413860e-01
9.381596434993354494e-01
6.843694039396265305e-01
8.113633346608256636e-01
8.961196093682481933e-01
9.794316892989608503e-01
9.566831985536634608e-01
8.703250611674240300e-01
9.637310941372856377e-01
9.727916511367872276e-01
9.772785787847579897e-01
9.182571684587813587e-01
9.189754069807947179e-01
7.250256293427497223e-01
9.594568380213385206e-01
9.104563558712029936e-01
9.536665450565486868e-01
8.259320106154429686e-01
9.715494944744885730e-01
9.588197493841704722e-01
8.326854152049001367e-01
9.339543170308974851e-01
9.643295061866012929e-01
9.071515920105077679e-01
9.546111796861224130e-01
8.469492687385740126e-01
9.559721830655013575e-01
9.814481180308710639e-01
9.690262406904711634e-01
8.040684456144548964e-01
9.830061134900757169e-01
9.731461415245453717e-01
8.318745072671773766e-01
9.207982493007347280e-01
8.451030927835051498e-01
6.589697737807947986e-01
9.500715257667213809e-01
8.785601302846232086e-01
9.771241518185201924e-01
8.990192442411505391e-01
8.549654088917063577e-01
5.348543666198289914e-01
9.667477212716124590e-01
8.956380943035179287e-01
9.445059528323348497e-01
7.685037181180067734e-01
9.209643605870021510e-01
8.598011725720111631e-01
3.269158738482283444e-01
8.961011412328708792e-01
9.680467588538378410e-01
9.868006904254239542e-01
9.415825809877854669e-01
9.785180077441255619e-01
6.578154941144265244e-01
9.429517133956386576e-01
9.541614937072470104e-01
9.051866392001639561e-01
8.945595297828112802e-01
9.402472146776785777e-01
8.291494755679276185e-01
8.116175413371674585e-01
9.596577318570759241e-01
8.420319393204509506e-01
9.026545807704758895e-01
9.298896146495906345e-01
9.746477583582277004e-01
6.445065224634152212e-01
9.598173072251104943e-01
9.302242272946075197e-01
9.753295813738339648e-01
9.459548416825751538e-01
9.558037495013961271e-01
9.497392555295810501e-01
8.385247810277812741e-01
9.069287100206546715e-01
9.732583435029447116e-01
9.653137499180381997e-01
9.599000568872628758e-01
9.033117748383112655e-01
9.831113801452784351e-01
9.280316147562689411e-01
8.622603310706205004e-01
6.716014331102548862e-01
9.588563066358980480e-01
8.227838951401102996e-01
6.551358101779581888e-01
9.377152927982055353e-01
9.809785957848896620e-01
8.566520613423620478e-01
9.444797144328785921e-01
9.341290933669293972e-01
9.567092897858573419e-01
9.063494359271043743e-01
9.613546139512274546e-01
9.261037425384297528e-01
9.377102112202341244e-01
9.356828193832599228e-01
9.660643906433945549e-01
7.519929466220932612e-01
9.699665074397408882e-01
9.550013005404468514e-01
8.788851932561073665e-01
9.367882277671145674e-01
9.169157202630006109e-01
7.729340875553369905e-01
9.715223635617562525e-01
9.042517945886250352e-01
8.621529469069654228e-01
9.044636984930370938e-01
8.163812667629462005e-01
8.985953890831506197e-01
9.676141988403337280e-01
7.601452272622822859e-01
9.430604982206405307e-01
8.074697577762314227e-01
8.522669010473888918e-01
7.068497525147692251e-01
9.528161223606368413e-01
9.453487625933134630e-01
2.542322892703356430e-01
9.770071298991689357e-01
4.515093460363485411e-02
8.596052265777036627e-01
9.857094004787531061e-01
9.458378771355870906e-01
9.582564575645756699e-01
8.857556305888464321e-01
9.718820079351389030e-01
9.055878528264361682e-01
9.477952356817029855e-01
8.460086299892125572e-01
9.401935581430516109e-01
8.513894482480870440e-01
8.710014947683109021e-01
9.049040511727078906e-01
9.744092456918790335e-01
9.389430878414045667e-01
9.343297714053834246e-01
9.757323227035742397e-01
9.011110168772792361e-01
5.759655282476858762e-01
9.396626673621978343e-01
2.191538250732550652e-01
9.425178147268408191e-01
6.744000909814624745e-01
8.705166576713605497e-01
5.709782569760361026e-01
9.534980995508028911e-01
9.738788573732689580e-01
8.502476361999099508e-01
9.169048693646256742e-01
9.413528199362938276e-01
3.557262546097241795e-01
9.793484327722452587e-01
8.019930053178747631e-01
7.656413073331502783e-01
9.463082278012293624e-01
8.891474852794004624e-01
9.240827023878858126e-01
8.012502858885416357e-01
7.904146838885112158e-01
3.775642877780988060e-01
8.957270089062343565e-01
7.900823002396082373e-01
3.758231907044099016e-03
7.587478008321930645e-01
8.960432179880274406e-01
9.385304726601015890e-01
9.268146370725854899e-01
9.385432473444612622e-01
8.938968952509913635e-01
9.400246882049971830e-01
9.772564941167625197e-01
9.263553744907552234e-01
9.642653758542141240e-01
9.003321144620751726e-01
9.238066199139478574e-01
9.227336952480107435e-01
9.407654921020656147e-01
9.266331136823535708e-01
9.203275529865124760e-01
9.699617695248498039e-01
9.016719086243999426e-01
8.619813717188823388e-01
3.952249484776607091e-01
4.021319484779117825e-01
9.358487662237726656e-01
9.707229340107169646e-01
9.788250912711583540e-01
9.488848837066735653e-01
9.369219578094148959e-01
9.796733802587869189e-01
9.507796079964807578e-01
9.449168207024029043e-01
9.260857060684498654e-01
7.699167657550535226e-01
9.512413999401735376e-01
7.609988109393579503e-01
9.437521050858874716e-01
9.492957746478872805e-01
8.970482361411087346e-01
9.143372407574391625e-01
9.490566037735849170e-01
9.471308833010960715e-01
3.107181522915914984e-01
7.761395915054781769e-01
9.758551307847082024e-01
9.365244536940686704e-01
6.429780033840947207e-01
9.021558872305140975e-01
7.846576500422653977e-01
9.345930232558139483e-01
8.749630311195819576e-01
8.411639890876022596e-01
9.698926066174188287e-01
7.080058224163027214e-01
9.776844795326974369e-01
8.758829465186680485e-01
9.769536423841059802e-01
9.494875549048316099e-01
9.366548042704626598e-01
8.987783595113437718e-01
9.438775510204081565e-01
4.611382113821138051e-01
8.928202182653647290e-01
8.090416283113429641e-01
5.760914665068461726e-01
9.578313253012048500e-01
9.445352302220513252e-01
9.672310725798879405e-01
9.211303555150409661e-01
9.013881377321074639e-01
8.905180840664711495e-01
7.735530207013097126e-01
9.597218197623876845e-01
9.631870902672717838e-01
9.792380568433783905e-01
9.424721734036320964e-01
9.050215571899569156e-01
1.008474576271186501e-01
9.099099099099099419e-01
8.922815945716708885e-01
9.100294985250737545e-01
8.030990173847316616e-01
9.003039513677811856e-01
9.610256410256410309e-01
8.557082452431289399e-01
9.680741503604531895e-01
9.743331655762456078e-01
9.556243550051599644e-01
8.645443196004993780e-01
9.114625794880156784e-01
9.644982556946439800e-01
8.996978851963746138e-01
9.548717948717948545e-01
9.294624631435699502e-01
8.494740413980318428e-01
9.419609780192640391e-01
9.437826541274817460e-01
9.214969048958919773e-01
8.162911611785095278e-01
9.076366406398781450e-01
9.535714285714286254e-01
6.451021477213200184e-01
9.310046189376443015e-01
9.303652968036529858e-01
8.177634606534744943e-01
4.880874316939890489e-01
9.840643995400032429e-01
8.914700544464609910e-01
9.101527823202354428e-01
9.613299602457535675e-01
9.693593314763231383e-01
8.606060606060605966e-01
3.025855103689738534e-01
8.321194464675891744e-01
6.384292962717846853e-01
8.407243018186103534e-01
9.131341209173037266e-01
9.198067632850241981e-01
9.438893159108378006e-01
7.671542753732468745e-01
8.729322613436836242e-01
3.631916845001528782e-01
9.327944206688857376e-01
2.333019755409219131e-01
7.094124275303055338e-01
4.121095385646093567e-01
9.629143027769483387e-01
9.658580413297394029e-01
9.155875299760192210e-01
9.455596595471335020e-01
9.186483103879850010e-01
8.742872658159109855e-01
8.289126725608810808e-01
9.627066512879661753e-01
9.611546685673556523e-01
9.470655926352128384e-01
9.648319532391621545e-01
9.499527856468366060e-01
9.774517794077696164e-01
7.930005563141657721e-01
9.491833030852994124e-01
9.338400682540913822e-01
9.650116436190092628e-01
9.181494661921708600e-01
9.658536585365853355e-01
2.078616352201257955e-01
9.453405017921147069e-01
2.403883799232636453e-01
8.864717878993881861e-01
8.759650025733402012e-01
9.497907949790794779e-01
9.189678587596197268e-01
9.535045107564191769e-01
8.399648059438850067e-01
7.237442922374429655e-01
9.755927475592747200e-01
6.848312322082147352e-01
9.418754843709635782e-01
7.939501779359430245e-01
