7.310898985016915930e-01
8.670113456843314692e-01
7.289293849658314839e-01
6.997517670020654279e-01
5.259188239054011227e-01
2.769414219704873781e-01
3.187592319054652901e-01
8.862150143866073249e-01
7.056465667479958626e-01
7.861231047293905094e-01
3.452658428251022538e-01
2.582521184034167194e-01
7.742039656397339265e-01
6.219786025624092218e-01
3.694304533126694934e-01
4.181612538374535615e-01
2.868648702396340844e-01
7.231761657065085558e-01
5.892994611239414926e-01
9.421326034742780742e-01
2.833152536715620728e-01
3.779201273908401881e-01
4.783168741949334613e-01
7.701408450704225750e-01
5.884353741496598511e-01
8.637643085006567745e-01
7.743615591397849940e-01
5.569292568623075423e-01
6.252478519497686182e-01
7.541020966271649861e-01
2.359545089253098915e-01
7.641890704621332464e-01
4.479253901789113090e-01
8.981506663040522698e-01
4.985960948846215879e-01
8.632075471698112956e-01
5.942483485687596323e-01
3.774312248116348245e-01
3.130498533724340171e-01
1.854864952814838930e-01
2.214826193320816872e-01
5.549705139005897125e-01
7.656114377425853323e-01
3.382923673997412783e-01
8.294117647058824039e-01
7.704360014016118363e-01
9.239033124440465539e-01
8.367729831144464780e-01
9.622108423097298635e-01
7.215727948990435792e-01
8.991130820399113599e-01
7.567084078711985295e-01
9.184655236215616414e-01
8.516284680337756763e-01
3.692274952117471920e-01
5.633672525439408219e-01
7.837455830388692091e-01
1.815174519699732855e-02
5.871833791860354701e-01
7.255219291147434468e-01
8.621726062687848913e-01
7.354056902002107377e-01
3.577335375191424416e-01
8.270618952541852753e-01
7.346384309055045136e-01
5.588649874364159942e-01
6.846016237787257985e-01
6.286078098471986619e-01
8.857753769975241775e-01
2.508842254185333909e-01
9.152404237978810642e-01
8.774747852073215837e-01
3.482391383274839880e-01
3.825154296017198030e-01
8.609594943981614401e-01
8.156862745098039102e-01
3.522120392958396629e-01
8.955026455026454668e-01
8.735375780156149350e-01
7.148252735615955311e-01
8.798818510009845939e-01
3.112016828819353376e-01
6.779859484777517320e-01
9.350609756097560954e-01
7.482227488151659278e-01
9.293924466338259194e-01
5.596371207614515564e-01
8.232735182164219179e-01
7.023026315789473450e-01
9.040404040404040886e-01
8.712089521020707217e-01
4.898012100259291346e-01
7.806324110671937211e-01
9.191988950276243076e-01
1.556910220085286622e-01
7.231083844580776798e-01
8.432040435117019728e-01
7.678002582866982895e-01
7.478813559322033955e-01
4.613119722883741169e-01
8.942891859052247705e-01
7.384792626728110543e-01
8.715747981435565395e-01
8.956396741734546918e-01
8.038590336469462194e-01
8.357098574085555232e-01
8.930307941653160553e-01
6.172730451425311182e-01
2.287465401344404847e-01
6.629901960784313486e-01
9.449075752084088453e-01
1.576722697336085666e-01
6.682791272128447702e-01
4.262237351801854701e-01
1.871702637889688381e-01
4.421173762945914687e-01
8.160066006600660282e-01
8.779626311748144341e-01
8.517044390335268833e-01
6.705824767498775874e-01
8.689303904923599831e-01
8.399412628487518129e-01
6.903856164657830030e-01
9.080286468149264545e-01
8.977469670710571670e-01
6.285428476158719802e-01
7.362907304385520879e-01
9.495764421137555811e-01
7.741133014209792274e-01
9.357400722021660400e-01
5.538878097592560001e-01
7.703121540845694337e-01
7.932430293299563839e-01
8.834584580400287601e-01
9.509565217391304781e-01
2.367682881818852780e-01
7.682926829268292845e-01
8.675109595713590416e-01
5.248044573020465009e-01
8.594667871667419634e-01
9.402341343191620293e-01
1.658139238895252610e-01
6.742112916482265739e-01
5.641378256551302650e-01
5.023930384336475902e-02
7.285517241379310116e-01
6.895248380129589405e-01
6.447771892795985949e-01
6.118087095912370099e-01
1.888924379142377930e-01
4.220705346985210715e-01
9.538461538461538991e-01
7.041693953285308449e-01
7.346101231190150793e-01
4.724618447246184405e-01
9.368571428571428328e-01
9.023362696284947804e-01
6.569026548672566301e-01
4.970780485693260253e-01
8.724917449834899141e-01
2.672884440400363770e-01
7.691796965773661787e-01
7.038917089678511374e-01
5.704155672823219003e-01
7.364175172867961638e-01
1.836188436830835102e-01
7.750044255620464062e-01
4.701567897953760067e-01
7.223129696177719161e-01
9.067401441288681641e-01
7.719094602437608366e-01
1.796664873587950628e-01
8.780022874571101754e-01
7.612203131692922842e-01
6.157356024170674846e-01
7.721930667455096930e-01
8.208971376007792031e-01
8.739624023437500000e-01
9.065096952908586747e-01
3.755020080321285203e-01
1.730968218773096812e-01
7.781994518237402847e-01
7.891856185712937677e-01
9.743848899276712217e-02
8.422947131608549132e-01
9.000568397120121134e-01
3.237189321877876891e-01
5.747713824636901253e-02
8.637713029136888654e-01
7.501888693024426624e-01
7.863273694390715551e-01
5.412212357311106947e-01
7.052227247382442110e-01
5.781703137358291666e-01
8.372171214276477036e-01
3.973707557061053053e-01
6.779570773263433603e-01
9.452860714811001097e-01
8.729670329670329298e-01
9.012063906097163013e-01
8.855979510080778105e-01
8.425957887469796015e-01
9.008695652173912549e-01
9.014404852160727843e-01
8.401943967981704287e-01
7.587198849334771955e-01
7.115407010597414317e-01
8.770999115826701997e-01
8.610904584882279611e-01
8.608545034642032245e-01
8.559339008512769631e-01
7.513227513227512810e-01
9.036903690369036957e-01
8.218368151359873863e-01
7.706909643128322385e-01
8.798424548821350832e-01
9.474969474969474614e-01
9.529994783515910450e-01
8.604972865604937349e-01
8.326383570192608108e-01
7.124319082793828528e-01
9.075256873090807863e-01
5.760795839927650430e-01
8.961313806822991390e-01
8.889905319489548319e-01
8.836464428703418861e-01
6.197764402407566209e-01
8.956534908374981230e-01
2.138172191710458747e-01
5.534750285344109955e-01
8.754983689742660280e-01
2.024142130525109218e-01
9.069937644544630029e-01
6.889969573245260381e-01
9.524983432736912059e-01
8.117951562211129790e-01
9.630418962470110866e-01
9.352075815853126972e-01
9.339469871303162085e-01
9.597967502373108140e-01
7.092971639950678142e-01
4.915555823632306032e-01
8.319327731092437395e-01
6.942001810422863128e-01
9.394871025794840902e-01
9.357979302832244439e-01
7.597013936435718096e-01
4.111279438093926597e-01
7.351342208906178621e-01
1.245683975246451303e-01
7.691241685144124540e-01
9.406899553814342951e-01
7.997031952882251993e-01
9.330548302872062605e-01
9.561305372402465474e-01
9.243498817966903092e-01
8.525248256919500944e-01
9.611893583724570034e-01
3.445342000860379672e-01
8.664731494920173693e-01
3.903749826074857654e-01
8.272849939634968619e-01
8.755954359144787480e-01
9.351529902642559122e-01
8.934843359317546918e-01
7.756115779645191832e-01
7.753573859768549958e-01
8.757621951219511924e-01
9.154388969263929088e-01
1.996276513220594517e-01
7.529080536415500013e-01
8.872403560830860458e-01
9.299691475423692566e-01
8.875662335777019241e-01
7.794299876084263001e-01
9.280765724703737840e-01
2.865256936715661618e-01
9.451735557463510906e-01
9.074336328758657588e-01
8.835223089383006378e-01
5.201835575950843893e-01
6.825999553272280584e-01
8.117904955766068742e-01
9.596924370757493605e-01
9.169632821281378243e-01
7.704207920792078834e-01
9.300009762764814836e-01
9.470246734397678168e-01
9.555667442885015239e-01
8.488682722773301936e-01
8.500966702470461600e-01
5.686589832931295829e-01
9.220730797912005672e-01
8.356309182999339669e-01
9.114365411436541331e-01
7.034788598983897634e-01
9.446730681298582954e-01
9.208969809185825195e-01
7.133341997530703305e-01
8.760922087594688046e-01
9.311161338930147302e-01
8.300799867379501373e-01
9.131637541326496077e-01
7.345290591091512278e-01
9.156577703767045939e-01
9.635720432163686899e-01
9.399135835808803963e-01
6.723365084447290307e-01
9.665801599491552487e-01
9.476968251055239989e-01
7.121448101616308923e-01
8.532216044906399954e-01
7.317563043963400959e-01
4.913906941819217722e-01
9.048916655589525071e-01
7.834215226426747281e-01
9.552715058779622792e-01
8.165621783475249806e-01
7.466721228606504335e-01
3.650520156046814235e-01
9.356357021166007426e-01
8.110005331437710741e-01
8.948472569474380522e-01
6.240406320541760365e-01
8.535068972216824923e-01
7.540800357701765710e-01
1.953971523238112185e-01
8.117601844734819716e-01
9.380723081780865114e-01
9.739452850987072585e-01
8.896136477671851006e-01
9.579395575864575463e-01
4.901080970834182926e-01
8.920611530668631772e-01
9.123411386806945522e-01
8.267953896167865580e-01
8.092335624432628327e-01
8.872325958470631546e-01
7.081599728283943795e-01
6.829598799787058860e-01
9.224442390196496699e-01
7.271633544247393388e-01
8.225801693365194511e-01
8.689660687155156271e-01
9.505492052152170190e-01
4.754774059368500616e-01
9.227391629297458930e-01
8.695506582114229666e-01
9.518471145888195428e-01
8.974519110666999699e-01
9.153487661395064423e-01
9.042890163513397361e-01
7.219480599592869030e-01
8.297068254695373346e-01
9.479096687509689367e-01
9.329531051964512489e-01
9.228921347832614863e-01
8.236723565670933667e-01
9.667837371272099967e-01
8.657266646397081544e-01
7.578713783285881966e-01
5.055722355096432530e-01
9.209644285868742175e-01
6.989234107003970964e-01
4.871390101216454549e-01
8.827344368613551095e-01
9.626673117239155086e-01
7.492487915342072036e-01
8.948001543385006862e-01
8.763998412506686098e-01
9.170112226816302670e-01
8.287376843218937639e-01
9.255850234009360689e-01
8.623772884054126120e-01
8.827254305977709770e-01
8.791390728476821126e-01
9.343564356435644092e-01
6.025550453314494348e-01
9.416844349680170145e-01
9.138779799767686729e-01
7.839386189258311655e-01
8.810927909495727128e-01
8.465783664459161084e-01
6.299042942326000816e-01
9.446217682732205301e-01
8.252368474097964146e-01
7.577054794520547976e-01
8.255898935059511334e-01
6.897333100923828120e-01
8.158631080499354482e-01
9.372602739726026977e-01
6.130921491585736849e-01
8.922558922558923022e-01
6.771063149480415211e-01
7.425654116145501416e-01
5.466106926781083564e-01
9.098842550064303314e-01
8.963614975865006329e-01
1.456277875388566068e-01
9.550478389970307180e-01
2.309689039571966029e-02
7.537786445636275312e-01
9.718214887765060928e-01
8.972413793103448665e-01
9.198583130396280616e-01
7.949383949383949099e-01
9.453020134228188320e-01
8.274650963672264270e-01
9.007707129094412180e-01
7.331152138350082170e-01
8.871370478704430074e-01
7.412342215988779737e-01
7.714815305176750959e-01
8.263239875389407629e-01
9.500955830566455429e-01
8.849130306603774088e-01
8.767531890588310395e-01
9.526145795003884142e-01
8.200200663733888673e-01
4.044603832791662246e-01
8.861921941620203302e-01
1.230616255119676150e-01
8.912848158131176923e-01
5.087508579272477238e-01
7.707211120764552170e-01
3.995588309018899831e-01
9.111288752954260772e-01
9.490876046860033943e-01
7.395050125313282763e-01
8.465598666543198147e-01
8.892035398230088150e-01
2.163424767968249451e-01
9.595325811650932124e-01
6.694393345597057232e-01
6.202745700109026927e-01
8.980882766376159232e-01
8.004190236748376375e-01
8.588789346902319100e-01
6.684049860086491712e-01
6.534592255381329595e-01
2.327144828814389499e-01
8.111463525147258879e-01
6.530049939727914365e-01
1.882653678083493192e-03
6.112760979121669713e-01
8.116651236608913855e-01
8.841803259412552851e-01
8.636109558412521370e-01
8.842030021443888499e-01
8.081497026932493721e-01
8.868363986828367018e-01
9.555245166507387866e-01
8.628137769994161932e-01
9.309965635738831624e-01
8.187309334960342078e-01
8.584020651010514369e-01
8.565511528372221628e-01
8.881560080298250837e-01
8.632957896263353526e-01
8.524136700276613299e-01
9.416755037115588367e-01
8.209495101733232936e-01
7.574404761904761640e-01
2.462805912284952714e-01
2.516678070475538709e-01
8.794321112637694116e-01
9.431113993370803250e-01
9.585283411336453785e-01
9.027411641199113435e-01
8.813294232649071525e-01
9.601566413187013760e-01
9.061772104723748722e-01
8.955851436580237745e-01
8.623460096411355025e-01
6.259062348960851008e-01
9.070165430690245723e-01
6.142034548944337313e-01
8.934948979591836871e-01
9.034852546916890548e-01
8.133159268929504027e-01
8.421926910299003533e-01
9.030520646319568634e-01
8.995713410900183504e-01
1.839350566118350683e-01
6.341732979664014280e-01
9.528487229862475649e-01
8.806262230919764677e-01
4.738154613466334375e-01
8.217522658610272313e-01
6.456268475047818312e-01
8.772169167803547385e-01
7.777193597382872081e-01
7.258697358095735908e-01
9.415451367964324803e-01
5.479945921586300006e-01
9.563431836443174738e-01
7.791741472172352134e-01
9.549456240290005171e-01
9.038327526132403644e-01
8.808567603748326258e-01
8.161648177496038103e-01
8.937198067632849963e-01
2.996618765849535237e-01
8.063913675036314954e-01
6.793198213672277941e-01
4.045846014375445443e-01
9.190751445086705607e-01
8.948998178506375467e-01
9.365416085823383696e-01
8.537920778694064738e-01
8.204791598293403876e-01
8.026431718061673992e-01
6.307268343093351826e-01
9.225626740947074911e-01
9.289883268482490575e-01
9.593206951026855833e-01
8.912031907821847954e-01
8.265199768384481338e-01
5.310129406514949024e-02
8.347107438016528880e-01
8.055130168453292772e-01
8.349120433017591658e-01
6.709820018945373832e-01
8.186843559977888818e-01
9.249753208292201823e-01
7.478060046189376475e-01
9.381237524950100104e-01
9.499509322865554717e-01
9.150197628458498489e-01
7.614073666849917599e-01
8.373277411623726296e-01
9.314308363059848883e-01
8.176825919824272093e-01
9.136408243375858662e-01
8.682203389830508433e-01
7.383353978646847171e-01
8.902894491129784704e-01
8.935496636327661113e-01
8.544221236629272465e-01
6.896046852122986737e-01
8.308926080892607979e-01
9.112627986348122988e-01
4.761260390489077676e-01
8.709154739400486456e-01
8.697972251867662763e-01
6.917088361230050442e-01
3.228278155269625471e-01
9.686287192755498321e-01
8.041912246234446116e-01
8.351196090199777267e-01
9.255393180236604067e-01
9.405405405405405928e-01
7.553191489361702482e-01
1.782625942086473736e-01
7.125038977237293514e-01
4.688917692806221504e-01
7.252151521311920312e-01
8.401534526854219642e-01
8.515205724508050356e-01
8.937409024745269770e-01
6.222629969418960183e-01
7.745162348310921097e-01
2.218901755696675304e-01
8.740531709490568790e-01
1.320553780617678419e-01
5.496817439306033171e-01
2.595327250672432862e-01
9.284809397673614573e-01
9.339704604691572154e-01
8.443166740380362301e-01
8.967407858665854548e-01
8.495370370370370905e-01
7.766521948866377256e-01
7.078145695364238543e-01
9.280948851000740962e-01
9.252144082332761643e-01
8.994535519125682610e-01
9.320534537925841967e-01
9.046762589928057929e-01
9.558979808714134219e-01
6.570015922232465000e-01
9.032815198618306951e-01
8.758911683398806769e-01
9.323888888888889337e-01
8.486842105263158187e-01
9.339622641509434109e-01
1.159852605720301799e-01
8.963466440101953703e-01
1.366144535421858208e-01
7.960927960927960401e-01
7.793040293040293109e-01
9.043824701195218863e-01
8.500837520938023806e-01
9.111405835543766596e-01
7.240856227877970897e-01
5.670840787119857396e-01
9.523485364193329250e-01
5.207173778602349756e-01
8.901367187500000000e-01
6.583062850398347932e-01
