7.830841907720184070e-01
8.685081283268594188e-01
7.289293849658314839e-01
7.007742523151662128e-01
5.673308970557815467e-01
8.302055406613046973e-01
3.187592319054652901e-01
8.894723024415857049e-01
8.583845664617341109e-01
9.998722860791826594e-01
9.493349455864570352e-01
2.584458691401809727e-01
8.821105305762013682e-01
6.254814972239194359e-01
3.694304533126694934e-01
6.346248160863168231e-01
8.273587611127043440e-01
7.284729656130861652e-01
6.265602619193779699e-01
9.951032448377581385e-01
5.260487275826005726e-01
9.955667842501668696e-01
4.797293140572131409e-01
8.228330658105938999e-01
7.525505414032671592e-01
9.692566856180248047e-01
9.974031594892880381e-01
9.917342234938801848e-01
7.374164810690423399e-01
9.996978851963745916e-01
2.362076111070479656e-01
1.000000000000000000e+00
4.479253901789113090e-01
9.987902616059277650e-01
6.107289690069576116e-01
9.981818181818181701e-01
6.584193794819980239e-01
9.436607377551914366e-01
6.805458711026994845e-01
1.000000000000000000e+00
1.000000000000000000e+00
5.549705139005897125e-01
7.697082455216016639e-01
3.382923673997412783e-01
9.168601950766372966e-01
8.844893971610826577e-01
9.880325514600287740e-01
9.977628635346755814e-01
9.645955036289608486e-01
7.388465723612622771e-01
9.529964747356052257e-01
1.000000000000000000e+00
9.412210845657944525e-01
8.520395848419020091e-01
6.058807095963123501e-01
5.640629824019759431e-01
9.981998199819982487e-01
1.815174519699732855e-02
5.882157282014730537e-01
7.277597402597402176e-01
8.625429553264605254e-01
9.951518608298873803e-01
9.961620469083155571e-01
8.527315914489310700e-01
8.113029182079737334e-01
8.857697911607576025e-01
6.913082748558326829e-01
6.286078098471986619e-01
8.864737019934677553e-01
2.508842254185333909e-01
9.334995843724023246e-01
8.827508455467869553e-01
3.482391383274839880e-01
4.570008285004142357e-01
9.981127886323267751e-01
9.944223107569720721e-01
7.717422710199364211e-01
9.783236994219652871e-01
8.825010189158735141e-01
7.206248665575404333e-01
8.901062416998671845e-01
3.112016828819353376e-01
6.779859484777517320e-01
9.690363349131121407e-01
7.673147023086269725e-01
9.977963860731600132e-01
5.670584689572031323e-01
8.397115917914587113e-01
7.023026315789473450e-01
9.070945945945946276e-01
8.871199616633832497e-01
4.916710046850598648e-01
7.806324110671937211e-01
9.232369942196532175e-01
1.557891119447865069e-01
7.231083844580776798e-01
8.432040435117019728e-01
9.722540201689833239e-01
7.478813559322033955e-01
4.613119722883741169e-01
9.925826028320970940e-01
7.393310265282583282e-01
8.715747981435565395e-01
8.959401811819968087e-01
8.056576634169729800e-01
9.941002949852507653e-01
9.190992493744787328e-01
6.255618344243645268e-01
9.840527322985328507e-01
9.845313921747043118e-01
9.965596330275229286e-01
1.000000000000000000e+00
9.629245143111374583e-01
4.263238229423506054e-01
1.871702637889688381e-01
6.846044191019244884e-01
8.338954468802698416e-01
8.784122919334187429e-01
8.518639940052453730e-01
8.188882247459653430e-01
9.968835216205687022e-01
8.424153166421207706e-01
7.601851851851851860e-01
9.780755176613885604e-01
9.773584905660377409e-01
8.195652173913043903e-01
7.362907304385520879e-01
9.572997153314355412e-01
7.741133014209792274e-01
9.718785151856017546e-01
5.538878097592560001e-01
7.742330264512001792e-01
7.932430293299563839e-01
8.957852977078529788e-01
9.785254115962777055e-01
2.367682881818852780e-01
7.756497948016415345e-01
8.869521912350597503e-01
5.248044573020465009e-01
9.880519480519480702e-01
9.782051282051281715e-01
1.658139238895252610e-01
6.742965539045210344e-01
7.284925019731649520e-01
1.000000000000000000e+00
7.617536775310066455e-01
6.895248380129589405e-01
6.736706332695348021e-01
7.858613589567604585e-01
9.694672131147541450e-01
4.289017341040462505e-01
9.900199600798402777e-01
7.043846624159315617e-01
7.346101231190150793e-01
4.768566751004613691e-01
9.745393302952248815e-01
9.484702093397745504e-01
6.580090417516177848e-01
4.970780485693260253e-01
9.051383399209486091e-01
9.968891402714932237e-01
7.694862342665471644e-01
7.038917089678511374e-01
5.715938197141204880e-01
7.372671831218065019e-01
2.498179169701383873e-01
8.471362229102167296e-01
4.701567897953760067e-01
7.259891643408307171e-01
9.727148703956344233e-01
7.828134196586227223e-01
1.796664873587950628e-01
9.106366152629498112e-01
7.761063664596273837e-01
6.157356024170674846e-01
7.721930667455096930e-01
8.261272054018732325e-01
8.767987263486620719e-01
9.958158995815900028e-01
3.925152306353350551e-01
1.730968218773096812e-01
8.117440070376071848e-01
8.849735449735449677e-01
9.743848899276712217e-02
1.000000000000000000e+00
9.178823302096416059e-01
9.732472324723246970e-01
5.747713824636901253e-02
8.682102005857323945e-01
7.639440953968457126e-01
7.901721991071157802e-01
5.412212357311106947e-01
7.052227247382442110e-01
6.039325842696628976e-01
8.488972805706344049e-01
3.973707557061053053e-01
8.140953130379185998e-01
9.755616272009715040e-01
8.783724015922158568e-01
9.071217591073186259e-01
9.236934036577847396e-01
9.235716988270904482e-01
9.418181818181817766e-01
9.041825095057034467e-01
9.955962059620596660e-01
7.983352251229662855e-01
7.151426481346012665e-01
8.812555522653242601e-01
8.629082329566620801e-01
9.371464487743557115e-01
8.634136485326059374e-01
7.764758397500278742e-01
9.456828885400313522e-01
8.350763205909839115e-01
8.522250209907640262e-01
9.901428949457528050e-01
9.590771765998351572e-01
9.612733491186530310e-01
8.657483405895367579e-01
9.895159115426105378e-01
7.125131920476910352e-01
9.791760299625468233e-01
5.917324663260566942e-01
8.962831258995851424e-01
9.072068707991037817e-01
9.751223491027732893e-01
6.451843895452917810e-01
9.473009770943456864e-01
2.140201700613011682e-01
5.534750285344109955e-01
9.676030243853587232e-01
2.024142130525109218e-01
9.985174680933350810e-01
7.080927945264058332e-01
9.972524422735346006e-01
8.121555136314874135e-01
9.746948653198652668e-01
9.952316651194194064e-01
9.894058869559982927e-01
9.903209079910122448e-01
8.148337016261544274e-01
4.915555823632306032e-01
8.341975628726989722e-01
6.942001810422863128e-01
9.450143309699804428e-01
9.633445472385758768e-01
8.062678730486146916e-01
4.129478489417623410e-01
7.656206749037469672e-01
1.282610562473164573e-01
1.000000000000000000e+00
9.499945048906472955e-01
8.384712632500243013e-01
9.983238350653704796e-01
9.823428711176326322e-01
9.479287445978707982e-01
8.540887603189162292e-01
9.890499194847021114e-01
3.445342000860379672e-01
8.665569963228179073e-01
3.970809376382131717e-01
8.272849939634968619e-01
8.775396913511712693e-01
9.990713224368499290e-01
9.996708794102159290e-01
7.807142857142856940e-01
7.753573859768549958e-01
8.757621951219511924e-01
9.347301778715706444e-01
1.996630533572742727e-01
7.529080536415500013e-01
8.894397620228061685e-01
9.926019487549621045e-01
9.945506303375355461e-01
7.816901408450703803e-01
9.350375019133628784e-01
2.865476875839569892e-01
9.748877221835663409e-01
9.943850342823283839e-01
9.718172983479106408e-01
5.252906063462142727e-01
6.833631484794275845e-01
8.362771191225099043e-01
9.770656228976820623e-01
9.921958141184816782e-01
7.712560012389654274e-01
9.333725259651185491e-01
9.670248240088922254e-01
9.980936103076518684e-01
8.614450235373234399e-01
8.502427914571785150e-01
5.686589832931295829e-01
9.357971745711403111e-01
8.388451675656556361e-01
9.166301393880950110e-01
7.034788598983897634e-01
9.498850574712643935e-01
9.589738096513309440e-01
7.145646867371846511e-01
1.000000000000000000e+00
9.732618315457886027e-01
8.336038623215549226e-01
9.612215909090908728e-01
7.345290591091512278e-01
9.193818066790184762e-01
9.932978513699980416e-01
9.901849217638691858e-01
6.723365084447290307e-01
9.779754568351106681e-01
9.562962962962963109e-01
7.121448101616308923e-01
9.999685227737731275e-01
7.338306602014174063e-01
4.933322935350542005e-01
9.107023411371237831e-01
7.837616685870781863e-01
9.804834137746112344e-01
8.496514390310394571e-01
9.078643135188925184e-01
3.651469823100936263e-01
9.646036140632907596e-01
8.117940051587654304e-01
9.962884750751903606e-01
6.245058395644611515e-01
9.998482664441241674e-01
7.540800357701765710e-01
8.366564417177914104e-01
8.123221290669948580e-01
9.477231039157827386e-01
9.959012193872323060e-01
8.959070237493683697e-01
9.782585640046664865e-01
4.901080970834182926e-01
9.844496391909747235e-01
9.878522102928575244e-01
9.961780415430266933e-01
8.147809623294378634e-01
9.943141852286049298e-01
7.588371775624402904e-01
6.829598799787058860e-01
9.535208506884892410e-01
9.039494820805406006e-01
8.286427531278789393e-01
8.730851633636850240e-01
9.994131730904652899e-01
4.761075350246118942e-01
9.259615159256567862e-01
8.733892497530008070e-01
9.742029878330509263e-01
9.142966214926512292e-01
9.999165414788849793e-01
9.998106956933270340e-01
7.219480599592869030e-01
8.298969072164948946e-01
9.873506297771558193e-01
9.958062770562771115e-01
9.973806819498852727e-01
8.254826254826255205e-01
9.925441544948969685e-01
8.964933684914794254e-01
8.295600366636113332e-01
5.055722355096432530e-01
9.994719859196244949e-01
9.786209663552473126e-01
4.871390101216454549e-01
9.930434782608695832e-01
9.727065341372005403e-01
7.499673074408265139e-01
9.334217255421914938e-01
8.789630347501038443e-01
9.414083225953157053e-01
9.789111926892134496e-01
9.737403577876251326e-01
8.634999070162854284e-01
9.043726482418580348e-01
9.635566308785724621e-01
9.409711835676538572e-01
6.321803582458307424e-01
9.981918860888235878e-01
9.991533623609095693e-01
7.839386189258311655e-01
9.048325299715733738e-01
8.836405529953916815e-01
6.299042942326000816e-01
9.759274525968673064e-01
8.252368474097964146e-01
7.579001455853386915e-01
8.276349300491923078e-01
6.897333100923828120e-01
8.160387513455328312e-01
9.539877300613497368e-01
6.140937105517190187e-01
8.922558922558923022e-01
6.790386711986147183e-01
7.701200141193081938e-01
5.466106926781083564e-01
9.892140217716968165e-01
9.887248322147651480e-01
1.456277875388566068e-01
9.719634013262822281e-01
9.140461215932913497e-01
7.537786445636275312e-01
9.770574277915544670e-01
9.011964735516372338e-01
9.445328483746305848e-01
7.983412480770517572e-01
9.713793103448276067e-01
8.324982859553821113e-01
9.063004846526655500e-01
7.331152138350082170e-01
9.887488569951894402e-01
7.412342215988779737e-01
7.717880794701986735e-01
8.263239875389407629e-01
9.887958115183246299e-01
8.959071745700107892e-01
9.140834353392661704e-01
9.822520129842755576e-01
9.984025559105431658e-01
4.044603832791662246e-01
8.871620882127613239e-01
6.529330486119834243e-01
9.931586851326548171e-01
5.087508579272477238e-01
8.531448355452971866e-01
4.200374186408074029e-01
9.462190940263490724e-01
9.641476011077567687e-01
7.395050125313282763e-01
8.468735525706345690e-01
9.991161392964468257e-01
2.163424767968249451e-01
9.728609781720555238e-01
6.694393345597057232e-01
7.379943876740615583e-01
8.980882766376159232e-01
8.004190236748376375e-01
8.676619364011702862e-01
6.684049860086491712e-01
6.534592255381329595e-01
2.331348542628398079e-01
8.365811486518061058e-01
6.530049939727914365e-01
1.882653678083493192e-03
6.112760979121669713e-01
8.117188016665564110e-01
8.970486483907140762e-01
9.223880597014925131e-01
8.899280575539568749e-01
8.095655220742816738e-01
9.625174337517433676e-01
9.628385886071261224e-01
8.683901292596944987e-01
9.618006248224936217e-01
8.480156723963599985e-01
9.575110611700259344e-01
8.613675807011453855e-01
9.247536578083009884e-01
8.817517527401994570e-01
8.556202418271383614e-01
9.480427046263345536e-01
8.286511156186612270e-01
7.829048560755877961e-01
2.462805912284952714e-01
1.000000000000000000e+00
9.145944048932116432e-01
9.964977730404659395e-01
9.739118948550293808e-01
9.071004946201270958e-01
9.606478192925131943e-01
9.991944273326067716e-01
9.556843863614031820e-01
9.118801284338209356e-01
9.987593052109181579e-01
6.259062348960851008e-01
9.096109839816933773e-01
6.142034548944337313e-01
1.000000000000000000e+00
9.560283687943262887e-01
8.165137614678898981e-01
9.260273972602739434e-01
9.779650032404406668e-01
9.760797342192690795e-01
1.839350566118350683e-01
6.341732979664014280e-01
9.897959183673469274e-01
9.890109890109890500e-01
9.595959595959595578e-01
9.485614646904969582e-01
6.486722571628231737e-01
8.772169167803547385e-01
7.778102360364571588e-01
7.258697358095735908e-01
9.462209302325581550e-01
5.489841986455982203e-01
9.700262609798062652e-01
7.791741472172352134e-01
9.903329752953813347e-01
9.317528735632183423e-01
8.956442831215970513e-01
8.161648177496038103e-01
8.989310009718173289e-01
2.996618765849535237e-01
8.068378434493737039e-01
7.399438727782974290e-01
6.292044310171198696e-01
9.737532808398949857e-01
9.995930824008137927e-01
9.728028204482498387e-01
9.998416844771630396e-01
8.204791598293403876e-01
8.026431718061673992e-01
8.661305581835383460e-01
9.462857142857142856e-01
9.301948051948052409e-01
9.826051779935275343e-01
8.925876608965823689e-01
8.850446428571429047e-01
5.310129406514949024e-02
9.978828510938603236e-01
8.114153490165830762e-01
9.605604566683965118e-01
6.714060031595576739e-01
8.200442967884827850e-01
9.260723463135006606e-01
7.484974572353213507e-01
9.451985922574157595e-01
9.753148614609571387e-01
9.260000000000000453e-01
7.625252339878877406e-01
9.967902995720399062e-01
9.940778341793570227e-01
8.176825919824272093e-01
9.319319319319319117e-01
9.610694183864915141e-01
8.029379690807620928e-01
9.973849372384937517e-01
9.017571884984025843e-01
9.222754153759504803e-01
6.896046852122986737e-01
8.376098418277679869e-01
9.126786824114356822e-01
4.761260390489077676e-01
8.789860997547015442e-01
8.868335146898802535e-01
9.949608062709965894e-01
9.311926605504586840e-01
9.752523607945294826e-01
8.041912246234446116e-01
9.356388088376561551e-01
9.255393180236604067e-01
9.747899159663865332e-01
7.587038952085487509e-01
9.790849673202614012e-01
8.535674262233844400e-01
4.688917692806221504e-01
7.252151521311920312e-01
9.813293502613891217e-01
8.607594936708861111e-01
9.381207028265852177e-01
7.278580626699098222e-01
7.801453584407003206e-01
2.244897959183673464e-01
9.920768712070128226e-01
9.891737891737891752e-01
5.496817439306033171e-01
2.601226345279628038e-01
9.375508780090707761e-01
9.364111498257839949e-01
8.701002734731084765e-01
9.770992366412213359e-01
8.880822746521476185e-01
7.770270270270269730e-01
7.078145695364238543e-01
9.492039423805913589e-01
9.341877381364738220e-01
9.785969084423306041e-01
9.939783219590525576e-01
9.454887218045112673e-01
9.661654135338345606e-01
6.570015922232465000e-01
9.561243144424131923e-01
9.018726591760299893e-01
9.331665276619405258e-01
9.923076923076923350e-01
9.651810584958216976e-01
1.000000000000000000e+00
9.048027444253858853e-01
1.000000000000000000e+00
7.990196078431373028e-01
8.298391028766455291e-01
9.639065817409766534e-01
8.704974271012007048e-01
9.541666666666667185e-01
7.240856227877970897e-01
5.670840787119857396e-01
9.608516483516483797e-01
5.207173778602349756e-01
8.910068426197458313e-01
6.583062850398347932e-01
