6.793893129770992578e-01
8.152444076222038483e-01
8.207468879668049500e-01
0.000000000000000000e+00
3.628839433511127366e-01
0.000000000000000000e+00
2.263130343744547135e-01
8.596606602656845508e-01
8.500890207715133817e-01
9.544776861147002966e-01
7.619361754762100647e-01
0.000000000000000000e+00
5.838779956427014861e-01
6.307405102675793795e-01
2.723122745573466341e-01
2.697215412659501044e-01
2.838814935666876815e-01
8.448598130841121767e-01
7.083571292594708080e-01
2.779060242758210064e-01
2.544159121270594959e-01
3.758455160375300252e-01
6.371580002864919434e-01
5.466886326194398960e-01
6.565027867537029937e-01
7.241441333413274339e-01
8.891750206934608824e-01
7.633434038267875588e-01
1.500599393554756245e-01
9.622793434499845588e-01
5.757610767719947287e-01
9.056456339128735600e-01
5.332358050653743797e-01
0.000000000000000000e+00
8.163962425277540014e-01
6.645384512453883508e-01
0.000000000000000000e+00
7.126393820469693885e-02
1.085728322279538166e-01
4.271334792122538082e-01
7.900482355927900269e-01
3.779413220685786112e-01
3.822822479111823157e-02
9.202880556245344179e-01
7.996223743214538882e-01
8.771097046413501852e-01
0.000000000000000000e+00
9.036488828516557881e-01
9.296534550736666735e-02
8.417238539665111707e-01
8.890183512962424039e-01
9.801417335098512318e-01
8.223026175782081060e-01
9.101978691019786405e-01
9.093415007656967530e-01
9.535821089585229116e-01
6.894287590282337508e-01
9.612924941097273912e-01
1.749006246450880153e-01
9.659425209323376782e-01
8.962882096069868521e-01
8.751753155680224161e-01
6.608779546550892781e-02
9.144338807260155022e-01
9.590807174887892028e-01
8.943273905996758089e-01
7.929207291225095489e-01
9.234772324068598603e-01
8.274984086569063813e-01
8.657423063916130923e-01
8.519024778189229208e-01
8.133874239350912250e-01
9.372019077901431183e-01
9.082278481012657778e-01
7.508919202518362646e-01
8.475375995281627661e-01
9.396708072408719303e-01
8.876093455874211058e-01
9.203980099502487855e-01
4.954399283040750723e-01
9.674558436677940243e-01
7.259681333755407806e-01
8.713368685459113028e-01
9.077574047954866110e-01
8.456243854473942667e-01
8.730107699726732395e-01
7.103635498586661212e-01
8.918457462466882202e-01
8.036366049505607734e-01
7.388754001847832598e-01
1.779240049029094939e-01
8.797468354430380000e-01
3.680651393872481636e-01
5.687474500203998362e-01
8.119304059652029393e-01
8.719485667327306899e-01
8.138880806905246512e-01
9.269875608436992653e-01
8.029772329246934737e-01
1.435337119500068870e-01
6.033035762014219427e-01
9.175392670157067609e-01
6.895173378634955608e-01
9.315656372135795449e-01
8.666605149026482824e-01
7.059349502626578454e-01
2.670743329097839958e-01
3.867049946101329683e-01
2.564713527564171924e-01
8.286775391571128413e-01
8.730947756526319381e-01
5.028553651978756589e-01
6.499864388391646264e-01
2.202900542992645427e-01
4.784454604833442426e-01
7.579779723242021650e-01
7.566333808844507569e-01
8.885779842184788890e-01
7.839065541855937402e-01
8.080851988698108945e-01
8.297089327534292735e-01
0.000000000000000000e+00
7.624747270521633480e-01
8.016971411253661639e-01
7.928330038895619047e-01
4.005261427162117860e-01
1.917130488559060097e-01
1.624495421876538392e-01
8.902048873459941225e-01
9.007780027709687554e-01
9.131149614265839931e-01
7.216321540459998962e-01
5.166150547879942989e-01
8.323268662469485157e-01
9.100834735138223497e-01
8.494094488188976833e-01
7.760302897917576992e-01
6.575646642261298025e-01
1.808858501783590922e-01
6.053085526681876161e-01
8.920119538001777260e-01
3.737479617982762403e-01
1.257431438982292426e-01
6.786696674168541943e-01
7.747368421052631682e-01
7.499880193607131318e-01
5.733225108225108446e-01
9.298696263267580697e-01
3.032332861007342450e-01
3.587989357658684653e-01
8.215012669796036837e-01
6.764705882352941568e-01
7.037702871410737027e-01
6.934145192272842539e-01
9.344501396007833804e-01
8.202854539933192024e-01
4.243819437493744351e-01
7.411052916741918128e-01
5.804474410052099520e-01
0.000000000000000000e+00
7.880508245471748996e-01
6.368113734450367991e-01
5.981078756604005786e-01
7.277215502345100173e-01
9.135101628005611873e-01
9.418225501973571667e-01
6.888443694643610060e-01
9.393889887273321193e-01
9.350512753089665896e-01
5.258533102671829607e-01
7.432841131471268348e-01
9.475481250367928654e-01
4.895550026040159652e-01
8.932119205298013620e-01
9.358456707043517619e-01
7.122292581816799251e-01
3.113429821608885983e-02
8.740060081286445959e-01
4.316403471333049024e-01
8.635023762257113544e-01
9.054572370634547118e-01
4.172850625575157402e-01
8.746533338541463420e-01
8.478488982161594967e-01
7.433361662674804471e-01
9.094307073030477584e-01
9.670367207514944941e-01
8.219248584662892654e-01
8.803240135876665429e-01
8.942299910981630351e-01
9.015928857617512282e-01
8.977093456174670694e-01
9.787276243367878381e-01
5.577580831081464519e-01
4.487206419898323584e-01
0.000000000000000000e+00
