9.992435703479576325e-01
7.332382310984307816e-01
8.205745466217300166e-01
4.201078913448226537e-02
5.984205908160280529e-01
1.650658128779793621e-01
9.907478797224363865e-01
7.902031063321386384e-01
8.614288797755234039e-01
9.292515711293086733e-01
9.669939419260497049e-01
4.418662058750925936e-02
7.851074462768615758e-01
9.470098410295231250e-01
1.000000000000000000e+00
1.000000000000000000e+00
9.798850574712644201e-01
7.282693813625684687e-01
9.997333333333333627e-01
7.625350982751705198e-01
1.000000000000000000e+00
9.401734104046243212e-01
8.581826719887297727e-01
4.376143432125869093e-01
7.486234021632252045e-01
9.960720130932897431e-01
9.995871180842279546e-01
1.000000000000000000e+00
1.000000000000000000e+00
9.992292870905588043e-01
9.945349761526232069e-01
9.382629577746648408e-01
4.566762249096122939e-01
1.841139461726669091e-01
1.000000000000000000e+00
1.000000000000000000e+00
0.000000000000000000e+00
2.630393346040547642e-01
9.509116409537167192e-01
5.630434782608695343e-01
7.810707456978966956e-01
8.415236987496365062e-01
1.000000000000000000e+00
9.893871053329795773e-01
9.349827387802071010e-01
9.934679334916864946e-01
1.743791316776844846e-01
9.964930376482723506e-01
1.286089238845144478e-01
9.908901613742842063e-01
9.980382540461010255e-01
9.849378881987577161e-01
7.822611343738103962e-01
1.000000000000000000e+00
1.000000000000000000e+00
1.000000000000000000e+00
1.000000000000000000e+00
1.000000000000000000e+00
3.891304347826086696e-01
9.957111394459255971e-01
9.993909866017052224e-01
9.466602594906294854e-01
1.000000000000000000e+00
9.631578947368421018e-01
9.600437876299945383e-01
1.000000000000000000e+00
7.308484349258649315e-01
1.000000000000000000e+00
8.998203054806828138e-01
1.000000000000000000e+00
9.317583892617449237e-01
1.000000000000000000e+00
9.428719813035575381e-01
1.000000000000000000e+00
7.722812755519214978e-01
8.449525934188510945e-01
9.995636046257909690e-01
1.000000000000000000e+00
9.891891891891891886e-01
3.505004017824530638e-01
9.922077922077922052e-01
5.653686826843413726e-01
8.398033126293995565e-01
9.977319587628865616e-01
1.000000000000000000e+00
9.180354796320631117e-01
9.331111455588281256e-01
8.891149542217701152e-01
9.988494411571334775e-01
9.543803903767589247e-01
6.675712347354137988e-01
9.992392131290077639e-01
1.000000000000000000e+00
8.743235117257966982e-01
7.492141110723017361e-01
1.000000000000000000e+00
7.506148548942449539e-01
9.675496688741721529e-01
9.408181026979982597e-01
1.000000000000000000e+00
1.000000000000000000e+00
9.826642335766423431e-01
5.629431227351504585e-01
9.930013020833333703e-01
8.872785829307568983e-01
6.134437596302002582e-01
1.000000000000000000e+00
9.820879319703275101e-01
6.151396374326311145e-01
7.520511750799611095e-01
1.000000000000000000e+00
6.135646687697160484e-01
5.387961920360323509e-01
8.774563318777293119e-01
4.758504829903402178e-01
7.188115810216765267e-01
7.917730496453900813e-01
8.985537405056706062e-01
7.378016085790884970e-01
7.461998504859207459e-01
9.359903381642512565e-01
0.000000000000000000e+00
7.221143795729431103e-01
7.418039748598607153e-01
9.196100593387962485e-01
9.897292250233427069e-01
8.021551724137930828e-01
5.309814563545907085e-01
8.868323638286620403e-01
9.283057851239668867e-01
9.962580998448480329e-01
8.402550404962950692e-01
8.696962929879410442e-01
7.848085529587269793e-01
9.991638795986621524e-01
9.993078786480562581e-01
9.151949350216594947e-01
9.835846195021857863e-01
1.000000000000000000e+00
1.000000000000000000e+00
9.971600993965211712e-01
5.948875586474680066e-01
4.491705657167162635e-01
7.826321467098166229e-01
1.000000000000000000e+00
9.998724164327634778e-01
8.711022840119165833e-01
9.735770338730506124e-01
3.388490985428501134e-01
3.197747903021946336e-01
7.439482010153778413e-01
6.511032938919091295e-01
8.660168311436701183e-01
5.598203116115091360e-01
9.633973879045004685e-01
9.991134096786109531e-01
9.842738205365402226e-01
9.529248875043268008e-01
5.081292000867114744e-01
9.641220167535956287e-03
8.357278395229059686e-01
9.946649929389612677e-01
1.000000000000000000e+00
6.089228295819936188e-01
9.988595053104284416e-01
9.258017015706806463e-01
9.993893595908709404e-01
9.274243360098826106e-01
9.897277863379558838e-01
8.858373721055465833e-01
9.885079125847776593e-01
1.000000000000000000e+00
1.000000000000000000e+00
9.639016897081412738e-01
1.000000000000000000e+00
8.070028480482492883e-01
1.509016973125884009e-01
8.899653979238754120e-01
5.319502074688796656e-01
9.855967078189300512e-01
9.997027790161985283e-01
9.857534246575342385e-01
9.535041000929918020e-01
9.581912793827381813e-01
9.693179497651623899e-01
9.583766137409110986e-01
9.978880675818373458e-01
9.990610328638497295e-01
9.453701174542474828e-01
9.886303073370047434e-01
1.000000000000000000e+00
8.422028985507246102e-01
9.924400676415000566e-01
9.822856765153017422e-01
1.000000000000000000e+00
0.000000000000000000e+00
