9.765506807866868311e-01
7.139800285306704408e-01
8.237843042850264696e-01
1.867093139829092419e-01
5.533781807546066522e-01
9.715403770900035152e-01
1.000000000000000000e+00
8.031063321385901732e-01
9.112885819123678344e-01
9.062083412683298311e-01
9.557133904324210949e-01
3.423845963959515903e-01
6.451774112943527983e-01
7.933383800151400100e-01
9.993404419039243480e-01
9.585178280121183780e-01
7.915360501567397788e-01
6.541373009658052462e-01
1.000000000000000000e+00
9.225832330525470804e-01
1.000000000000000000e+00
9.973988439306358256e-01
6.499178210847617043e-01
2.131357482619831711e-01
7.825958702064896855e-01
6.312602291325695170e-01
9.692402972749794010e-01
1.000000000000000000e+00
1.000000000000000000e+00
9.975594091201027691e-01
9.998012718600953752e-01
9.885931558935361352e-01
4.555541703029547529e-01
9.413666550157288038e-01
7.463951568519537894e-01
9.914854447129214376e-01
5.562583222370173219e-01
9.698492462311557594e-01
9.579242636746142514e-01
4.576086956521739357e-01
6.730401529636711455e-01
8.899389357371328968e-01
1.000000000000000000e+00
9.657734146988591339e-01
9.953970080552358990e-01
9.994061757719715500e-01
3.739503305342147810e-01
9.981433728726147869e-01
8.825459317585301333e-01
9.646017699115043698e-01
9.823442864149092291e-01
9.826086956521739024e-01
2.542824514655500634e-01
1.000000000000000000e+00
9.989897289105910128e-01
1.000000000000000000e+00
1.000000000000000000e+00
9.972164231036881876e-01
8.489130434782609091e-01
9.962907151964761621e-01
9.975639464068210005e-01
8.971648246035559549e-01
1.000000000000000000e+00
9.684210526315789602e-01
8.976464148877941751e-01
1.000000000000000000e+00
7.860378912685337394e-01
9.992343032159265448e-01
8.643306379155435426e-01
1.000000000000000000e+00
9.526442953020134441e-01
1.000000000000000000e+00
9.620877694105427480e-01
9.970238095238095344e-01
7.608340147179067925e-01
8.667038482989403159e-01
9.974543603171139861e-01
9.757984031936127733e-01
9.916461916461916104e-01
9.996834441278885652e-01
9.929717341482047210e-01
1.000000000000000000e+00
8.700828157349896896e-01
9.892783505154638668e-01
1.000000000000000000e+00
9.995072273324573375e-01
9.782204309409393561e-01
8.599525262800949976e-01
9.995069033530572522e-01
9.500113481615978239e-01
8.344640434192672762e-01
9.994565808064340695e-01
1.000000000000000000e+00
7.029464822609741148e-01
6.349982535801607098e-01
9.766243837589320131e-01
6.143630103295621980e-01
9.995584988962472606e-01
9.695387293298520781e-01
1.000000000000000000e+00
1.000000000000000000e+00
9.146897810218977964e-01
4.868441783519772970e-01
9.822591145833333703e-01
7.119341563786008020e-01
5.382318952234206311e-01
8.251561106155218539e-01
7.251673602315903411e-01
5.700636942675159080e-01
7.291058267278542893e-01
8.736238877997285490e-01
8.203785488958990069e-01
4.392465963762923753e-01
5.837882096069868521e-01
4.391712165756684882e-01
5.300894345914809458e-01
5.963120567375886916e-01
7.635001560711685009e-01
9.174262734584450740e-01
5.961873909793171666e-01
7.594202898550724834e-01
1.040718835304822593e-01
8.206659698372406053e-01
8.359096313912010023e-01
1.921446736366205083e-02
8.496732026143790639e-01
5.431034482758620996e-01
1.515151515151515194e-01
8.180856689582232111e-01
9.045454545454545414e-01
9.278087067628000284e-01
8.866103739445114762e-01
9.317775792764626530e-01
5.190825459970164202e-01
9.951923076923077094e-01
1.000000000000000000e+00
7.737420859713428634e-01
8.426264608796503186e-01
9.564502875924404401e-01
5.903658760801617778e-01
9.813631522896698600e-01
5.937550558162110192e-01
8.124202467035304132e-01
7.551240560949298297e-01
1.000000000000000000e+00
9.988517478948711892e-01
6.460774577954320197e-01
7.620939703983311553e-01
3.390960731044702636e-01
7.636447202114213795e-01
6.263703921712898692e-01
6.805244643428205453e-01
8.315069322516195349e-01
8.238940065961560810e-01
7.801347641627152107e-01
9.966014037680088755e-01
9.995374653098982876e-01
7.855082496827044958e-01
1.000000000000000000e+00
7.437964280069543355e-01
7.698563296286256019e-01
9.634395104346461514e-01
9.766105867870332746e-01
6.010852090032153816e-01
9.915888516644094652e-01
8.697643979057592123e-01
1.000000000000000000e+00
9.428659666460778022e-01
8.531073446327683829e-01
8.629509962304792170e-01
9.561981914091937096e-01
9.929183749534103987e-01
1.000000000000000000e+00
8.456221198156681496e-01
1.000000000000000000e+00
7.205562070698608990e-01
6.950141442715700446e-01
3.923875432525951723e-01
1.000000000000000000e+00
9.893004115226337047e-01
9.997027790161985283e-01
9.961643835616438292e-01
9.863048440273902706e-01
6.685806567378431708e-01
7.234531345721870732e-01
7.558243062768956744e-01
9.996480112636395576e-01
9.931142410015649791e-01
8.358372029500136247e-01
9.769053117782909856e-01
1.000000000000000000e+00
8.304927536231884178e-01
9.949268874962697851e-01
9.994051160023795788e-01
1.000000000000000000e+00
9.718657453109575961e-01
