9.492447620594445246e-01
9.992359746780179464e-01
9.893263637130089716e-01
1.000000000000000000e+00
8.947148123702045597e-01
7.704742925468314185e-01
8.760254673951960447e-01
9.920783687307460630e-01
9.889660607851830099e-01
9.993822000944870831e-01
9.087392385059835931e-01
9.308937139139628059e-01
9.420162115369481448e-01
9.619200559671828854e-01
5.144846648594056937e-01
8.197403869703648871e-01
8.181759253257275821e-01
9.639251276233692378e-01
8.195060369663030864e-01
9.439112986374379455e-01
8.382062611638619876e-01
7.675913396481731654e-01
7.484789325044067798e-01
9.878397187019265502e-01
9.479378706080183736e-01
9.906101706323831024e-01
9.816285507150860346e-01
9.713516009852216637e-01
6.330116073681554267e-01
9.851084829699918721e-01
8.395406691664263343e-01
8.950884015699830387e-01
9.974267582369816809e-01
9.004288989129630716e-01
9.598235637986927138e-01
7.082485359471695219e-01
9.322788819383958092e-01
6.066594160461808993e-01
6.844175678385757688e-01
9.859941810077998969e-01
9.964693272807515489e-01
9.541409526407310659e-01
5.043816942551119231e-01
9.901403662149691476e-01
9.808457945390137711e-01
9.877685898640606865e-01
9.993827057508466449e-01
9.595995773714653954e-01
9.983924939308443935e-01
9.763015971790085512e-01
9.279013920678398364e-01
9.940747493163172299e-01
9.989190735824762246e-01
9.858949025655855403e-01
9.787740993674177714e-01
9.907546590376440365e-01
9.911763793691653612e-01
9.871916878578449461e-01
9.471338368206017044e-01
9.893338487761162980e-01
9.934266128274955587e-01
9.949885745804113446e-01
7.228415907233504134e-01
9.983683773050519017e-01
9.987599868150496274e-01
9.933733692275833471e-01
9.785266974291364495e-01
9.898406309844526296e-01
9.981835413046912242e-01
9.664658368644067910e-01
9.259235573746029679e-01
9.568239516764422969e-01
9.969846802302018141e-01
9.912468513853904817e-01
9.894753526707877889e-01
9.975683604474216981e-01
9.741247803502809388e-01
9.968632167468469696e-01
9.936536432497126148e-01
8.407781274265396787e-01
9.933040633316946311e-01
2.148871447538696910e-01
9.937086522246724174e-01
9.863889529710312409e-01
9.861641371911779030e-01
9.697887229175077284e-01
7.490975415130903814e-01
9.838063821905483897e-01
9.489504137791832106e-01
8.763983970612789776e-01
8.848459305048234080e-01
9.313022446641490149e-01
7.109516453215063425e-01
9.820111784322014259e-01
9.999331215515799842e-01
8.572120548406798601e-01
1.000000000000000000e+00
9.356948496869160747e-01
9.921102085824777816e-01
3.417523107749984024e-01
8.434541599185213512e-01
9.890755241222530803e-01
1.000000000000000000e+00
9.908068426724138122e-01
9.965636312075666359e-01
9.699013635044966275e-01
7.543628263072394979e-01
9.756203236181238969e-01
9.172714550720864057e-01
9.991430285371497577e-01
9.671729731797834573e-01
7.793744716821640051e-01
1.000000000000000000e+00
9.408294543573829660e-01
9.407976983542547522e-01
1.000000000000000000e+00
9.896147457709115747e-01
9.861421546714349562e-01
9.984608377440279403e-01
9.985393844548774434e-01
9.935826438204443667e-01
9.900430001409841196e-01
9.767501147198286438e-01
9.849955573437945144e-01
1.000000000000000000e+00
8.470907072422124706e-01
8.672013414325486780e-01
9.361193834473279241e-01
9.908059062995928645e-01
9.850566758929748534e-01
9.789113028820608520e-01
9.484372122612291234e-01
7.904913396960056016e-01
9.591692282802135594e-01
9.085261019068459065e-01
9.318937169184237090e-01
9.340954942837929043e-01
9.077990686030886769e-01
8.343724249444176566e-01
8.768823734961811445e-01
9.704684317718941244e-01
8.926796394575015059e-01
6.756912253016404968e-01
9.862284475990075183e-01
9.692395149065184956e-01
9.219557003708966914e-01
9.919670749243814090e-01
9.959977645171176341e-01
9.855962838787015734e-01
7.325849418471662711e-01
9.977476176725382784e-01
9.873415693249371072e-01
8.559538138272914098e-01
9.187069864442126699e-01
9.900028029524432505e-01
9.660968058306571571e-01
8.735285763877931320e-01
9.880087963155055331e-01
3.030710897362244305e-01
8.702393217247378354e-01
9.894740246091160429e-01
9.255161962492896022e-01
9.862352049058719095e-01
9.955416116248348990e-01
9.464344652183198647e-01
9.948792016806722316e-01
7.666253456660627741e-01
9.997752736845484378e-01
9.990092626083127980e-01
9.689487811155642616e-01
9.617625637290604379e-01
9.716631586271679000e-01
7.784884381031677014e-01
9.988323940592209738e-01
9.890489537839776135e-01
9.839654344695151211e-01
7.180768663322514289e-01
9.996967084889697430e-01
7.836232297310141703e-01
9.723414483398001851e-01
9.755131191864914175e-01
6.037079104532298013e-01
9.401753961308582097e-01
9.789870420092390280e-01
8.976669278314616252e-01
9.806946098582350890e-01
9.942100645984528473e-01
9.470970141683292542e-01
9.899797979797979597e-01
9.670823109152519859e-01
9.843244751571655904e-01
9.942366150656287704e-01
9.877259701169727180e-01
6.734977284900907080e-01
6.323465072189003999e-01
9.979506863574263420e-01
