8.421284565385038778e-01
8.290043290043289659e-01
8.352762290927521205e-01
7.638015992446371971e-01
3.742104831433024636e-01
0.000000000000000000e+00
4.841358715938783308e-01
8.600442650696523694e-01
8.497150284971503043e-01
9.022682136510923323e-01
6.850546215232045100e-01
2.792445026538912245e-01
5.279834682280006852e-01
5.885724520866917331e-01
3.578106858411586044e-01
4.210738593395512708e-01
0.000000000000000000e+00
3.893065998329156008e-01
4.175787357605539318e-01
6.979280261723009859e-01
2.069798333534597357e-01
3.836716484496988655e-01
2.223569582282924340e-01
2.933554227560499217e-01
5.313043478260869312e-01
8.437619961612283781e-01
8.348861283643892461e-01
6.163141993957703679e-01
1.495420227647261679e-01
9.354353450869486997e-01
8.695878751031398401e-01
8.255036694245780904e-01
5.297406287233067390e-01
4.092431706224809451e-01
7.800352218547312866e-01
6.361091288357029194e-01
0.000000000000000000e+00
3.160373483749076007e-01
3.043762246897452894e-01
3.907721280602636793e-01
7.031214399635452583e-01
8.507936507936507686e-01
3.792523958759140557e-02
4.983016983016982926e-01
4.802431610942249351e-01
8.632982816106693491e-01
0.000000000000000000e+00
9.089878618995891335e-01
8.167701863354037695e-01
9.232141719237876298e-01
7.674288511292917114e-01
9.758717371559452181e-01
7.800867778031513877e-01
9.237466647942704778e-01
9.096897740329376036e-01
9.603674540682414218e-01
3.025064822817631893e-01
2.271463743944087121e-01
1.825955734406438657e-01
9.633584354276722994e-01
8.903960933260987032e-01
8.802215555042695039e-01
4.350034927287737413e-02
9.029385574354408250e-01
9.646112600536193016e-01
9.185949725320459169e-01
7.702027922144094596e-01
9.111672075970669304e-01
8.323925314806773779e-01
8.461411336969095753e-01
8.113721636591031405e-01
6.798530658378072467e-01
9.441478974091914722e-01
8.997277676950997671e-01
6.808510638297872175e-01
8.414884266041605665e-01
9.534916007219214062e-01
9.441334127456819658e-01
9.025270758122743153e-01
9.334267528025840255e-01
9.674286568056178481e-01
6.186770428015564427e-01
8.643364135529664205e-01
8.898297284859640888e-01
8.447937131630648411e-01
9.177971576227390571e-01
6.186012627489072546e-01
8.979522377900051033e-01
5.614735083975131991e-01
8.663610719322990539e-01
0.000000000000000000e+00
7.145020384391380652e-01
3.017192625268634854e-01
4.298834334157541348e-01
7.760716570697376859e-01
8.589241352952416975e-01
7.843840254954685953e-01
9.403596631003869888e-01
7.914329423763386551e-01
3.803727653100037829e-03
5.329239489844118660e-01
8.642514185945002203e-02
6.789713811696391765e-01
6.090699769746721337e-01
7.996258574101018368e-01
6.879737758656012669e-01
2.252587159650356607e-01
9.030144167758846763e-01
2.957866047093516970e-01
8.028626113006573917e-01
9.074236113541702675e-01
0.000000000000000000e+00
8.447270243287268165e-01
2.366998024803289857e-01
7.923995529148772921e-01
6.590103283490057473e-01
6.165810304124427210e-01
9.025488845318213604e-01
7.757221681272313818e-01
8.044388917468949796e-01
8.438287153652392902e-01
0.000000000000000000e+00
7.786666666666666181e-01
4.876927007920960899e-01
0.000000000000000000e+00
2.730053530461381550e-01
2.220234650391960940e-01
0.000000000000000000e+00
8.788565931423074629e-01
7.100371747211895457e-01
6.121913062912057724e-01
4.139972890062067479e-01
3.645977465902352499e-01
6.901408450704225039e-01
7.201649194257988551e-01
8.177916136031319061e-01
6.364844343204252297e-01
5.744426197567289449e-01
3.127764767109029176e-01
5.196216347319912998e-01
8.310278945357278957e-01
3.723045416214914027e-01
2.672816923811038858e-01
6.901270772238514706e-01
8.146098505810736023e-01
6.234898791903352722e-01
6.525075852222024242e-01
8.787452242107379741e-01
2.584946236559139687e-01
4.668808056254883376e-01
6.684981093048059098e-01
6.959520784171355778e-01
7.628699328525242462e-01
7.297813922774823991e-01
9.025431109562793708e-01
9.354335079623911087e-01
2.704809808236403601e-01
3.153230417381360784e-01
2.868908716540837234e-01
0.000000000000000000e+00
7.724526782118404933e-01
6.671887235708692243e-01
8.622927180966113436e-01
7.182416490748789739e-01
7.251625289061477408e-01
9.487729534923631247e-01
6.809884644428820799e-01
9.477950713359273305e-01
9.147328656233135735e-01
8.094214229867083832e-01
7.450297100478041612e-01
9.340219346602448569e-01
8.933945602260685570e-01
8.713760718660678029e-01
9.459674667273347826e-01
9.052599318086044233e-01
0.000000000000000000e+00
7.822061191626409338e-01
4.328210658757976059e-01
8.964433831846173595e-01
9.095705106526885686e-01
3.521636354865164686e-01
8.775596450113335445e-01
7.314133986928104125e-01
7.086192150527416134e-01
9.129534069079814351e-01
9.819519887857017792e-01
8.313517103952174914e-01
8.298132843587389118e-01
8.881741712023750734e-01
9.014167073766488070e-01
8.715811409221151385e-01
9.695204814599106546e-01
7.472721761972115351e-01
5.536116942694969678e-01
9.376062786134728988e-01
