8.220963778181429316e-01
7.579700715679895673e-01
8.297698710625102114e-01
7.585962215060757519e-01
3.623448598860354308e-01
3.500175008750437342e-03
4.065193543331765968e-01
8.445175993922512392e-01
7.796189632255206003e-01
9.019812849600084004e-01
6.149404547094912132e-01
2.818479092743338410e-01
4.954072259644825560e-01
5.706371191135733989e-01
3.584539681891499852e-01
3.967202173809410426e-01
0.000000000000000000e+00
3.693982968030155023e-01
3.971042265516874226e-01
6.069333333333333247e-01
1.921093925128894986e-01
2.745098039215686514e-01
2.475555413073445843e-01
3.154765243731418867e-01
4.935157362011703408e-01
8.213738229067815144e-01
7.629775502166207257e-01
4.413436692506459980e-01
1.196177987446527813e-01
9.001560964329073933e-01
8.167696811971373316e-01
7.714285714285714635e-01
6.407388578207083851e-01
4.204137931034482856e-01
7.366415308521852001e-01
6.313380793258753787e-01
3.022217381834023109e-01
3.122582041500960304e-01
2.050191407911526875e-01
3.200301204819276935e-01
6.597381001870712414e-01
8.370492293879994161e-01
3.886975141979331222e-02
4.844424402499517002e-01
4.255631733594515409e-01
8.038186157517899222e-01
3.418508287292817971e-02
8.991894158203670440e-01
8.197734294541709765e-01
9.119599248591108154e-01
7.306664863219829442e-01
9.765754397034466239e-01
7.894973070017953232e-01
9.183303085299455715e-01
9.045877152873037508e-01
9.530864197530863891e-01
2.789956157831805506e-01
2.205644851188187372e-01
1.579731743666169808e-01
9.454924325509980187e-01
8.801508214381901229e-01
8.779322328410078535e-01
4.395110840204035502e-02
8.913412563667232336e-01
9.356904944914168354e-01
9.039973787680209982e-01
7.213721859467887576e-01
8.534840793724042252e-01
6.951219512195121464e-01
8.278092158447857285e-01
8.108396268325188672e-01
6.689970208540217955e-01
9.437603148406753517e-01
8.825481088254810702e-01
6.344515904745350321e-01
7.768934531450577552e-01
9.413860436435887991e-01
9.342756183745583032e-01
8.626337628303123450e-01
9.317397204828457014e-01
9.551605588471947517e-01
5.864568233588735024e-01
8.571793888249584770e-01
8.575722747767660081e-01
8.285163776493256194e-01
9.100220611408761373e-01
6.217656749685046558e-01
9.008470894874022195e-01
5.533193698205992606e-01
8.420992486358311879e-01
0.000000000000000000e+00
7.297024010151277329e-01
3.065299204228791319e-01
3.423261390887289979e-01
7.737340228314957269e-01
8.408168974681773378e-01
8.070311741283868745e-01
9.057694292496645261e-01
8.314606741573034032e-01
7.475900059020263236e-03
5.051583385664304426e-01
4.789665452136468993e-01
6.911928651059086048e-01
6.149977367600463207e-01
8.268921095008051614e-01
6.799487918066891012e-01
2.224794919290817574e-01
8.847839161439986500e-01
2.957417763882161377e-01
8.149852119618796742e-01
8.976774683369569408e-01
0.000000000000000000e+00
8.445980542754736309e-01
2.239776951672862448e-01
7.291666666666666297e-01
6.209665427509293290e-01
5.882041787886802542e-01
9.063023716418668885e-01
7.853372434017594772e-01
8.044062332079526811e-01
7.328686327077748031e-01
0.000000000000000000e+00
7.713235868970369502e-01
4.776966409346964371e-01
0.000000000000000000e+00
2.789789007554050460e-01
2.129992169146436853e-01
4.119601328903654824e-02
8.719165085388994596e-01
7.727865354983999291e-01
5.926386672796603028e-01
4.089643750660699739e-01
3.618837785733957646e-01
7.059089538739825587e-01
7.108224678994595758e-01
7.947742379096951471e-01
6.281781918942784815e-01
5.938315880074594988e-01
2.735314130188251092e-01
4.836613107059035688e-01
8.097468169178984043e-01
3.675023046956314987e-01
2.693429954788854608e-01
7.114062129475930973e-01
7.797986932721172604e-01
5.912642983880100900e-01
5.333801827125790318e-01
8.637754358700403534e-01
2.839584657766475728e-01
4.569800569800570034e-01
6.502151902653496851e-01
7.355398457583547378e-01
7.522485690923957913e-01
7.385430285963324737e-01
9.225388159017232637e-01
9.127163534532204414e-01
2.577393808495320182e-01
3.416203299480722322e-01
2.823497836078773249e-01
0.000000000000000000e+00
7.772880477054705528e-01
6.804884044906990281e-01
7.521136895125022370e-01
7.183149739740951611e-01
7.395503746877601925e-01
9.507221750212404565e-01
6.734358130687367883e-01
9.595211844384942124e-01
8.759970993473531475e-01
8.129704142011834334e-01
6.773003116286698821e-01
8.992291364093397688e-01
8.451422436929683091e-01
8.779276082327892583e-01
9.212188365650969546e-01
8.906556845697725100e-01
0.000000000000000000e+00
7.263252470799640426e-01
3.976888155179529316e-01
8.710699488179380889e-01
9.093737319085621884e-01
3.599073115416851487e-01
8.475776122704815618e-01
7.402316905556646232e-01
6.954998008761449357e-01
8.923455361018666210e-01
9.720785935884177498e-01
8.260551678298437839e-01
8.056280823904844457e-01
8.622122762148337616e-01
8.842246501820969495e-01
8.673629242819843599e-01
9.381298992161254402e-01
7.121879227647275323e-01
5.424761904761904452e-01
9.529590288315630264e-01
