9.422760009765625000e-01
9.952697753906250000e-01
9.858551025390625000e-01
8.587188720703125000e-01
9.888000488281250000e-01
9.896240234375000000e-01
9.868774414062500000e-01
9.938049316406250000e-01
9.657897949218750000e-01
9.718017578125000000e-01
9.446563720703125000e-01
9.473571777343750000e-01
9.852752685546875000e-01
9.844512939453125000e-01
9.502105712890625000e-01
9.747009277343750000e-01
9.721527099609375000e-01
9.897155761718750000e-01
9.912414550781250000e-01
9.880981445312500000e-01
9.649658203125000000e-01
9.654998779296875000e-01
9.653625488281250000e-01
9.313659667968750000e-01
9.150695800781250000e-01
9.770965576171875000e-01
9.885406494140625000e-01
9.979248046875000000e-01
8.760681152343750000e-01
9.950866699218750000e-01
8.691558837890625000e-01
9.695892333984375000e-01
9.658203125000000000e-01
8.483428955078125000e-01
9.651641845703125000e-01
8.887023925781250000e-01
8.076629638671875000e-01
9.538574218750000000e-01
9.817352294921875000e-01
9.930267333984375000e-01
9.938659667968750000e-01
9.608764648437500000e-01
9.878692626953125000e-01
9.880065917968750000e-01
9.959411621093750000e-01
9.975280761718750000e-01
9.314270019531250000e-01
9.879913330078125000e-01
9.959259033203125000e-01
9.780120849609375000e-01
8.778839111328125000e-01
9.896392822265625000e-01
9.834594726562500000e-01
9.936218261718750000e-01
9.875030517578125000e-01
9.977416992187500000e-01
9.988250732421875000e-01
9.985809326171875000e-01
9.731750488281250000e-01
9.916229248046875000e-01
9.964447021484375000e-01
9.927978515625000000e-01
9.743347167968750000e-01
9.987792968750000000e-01
9.963378906250000000e-01
9.962921142578125000e-01
9.909667968750000000e-01
9.953308105468750000e-01
9.950866699218750000e-01
9.851074218750000000e-01
9.501342773437500000e-01
9.876403808593750000e-01
9.938659667968750000e-01
9.975433349609375000e-01
9.923248291015625000e-01
9.939880371093750000e-01
9.757385253906250000e-01
9.948577880859375000e-01
9.960174560546875000e-01
9.341583251953125000e-01
9.938812255859375000e-01
9.888610839843750000e-01
9.768066406250000000e-01
9.895782470703125000e-01
9.960784912109375000e-01
9.800415039062500000e-01
9.439697265625000000e-01
9.553680419921875000e-01
9.780273437500000000e-01
8.512420654296875000e-01
9.864501953125000000e-01
9.239501953125000000e-01
9.516448974609375000e-01
9.523162841796875000e-01
9.769592285156250000e-01
9.418792724609375000e-01
9.754638671875000000e-01
9.867095947265625000e-01
9.862365722656250000e-01
9.469146728515625000e-01
9.849395751953125000e-01
9.948120117187500000e-01
9.813995361328125000e-01
9.425506591796875000e-01
9.765014648437500000e-01
8.390502929687500000e-01
7.863159179687500000e-01
9.776916503906250000e-01
9.676666259765625000e-01
9.834136962890625000e-01
9.826049804687500000e-01
8.948059082031250000e-01
9.422454833984375000e-01
9.716033935546875000e-01
9.359436035156250000e-01
9.517211914062500000e-01
9.798126220703125000e-01
9.603576660156250000e-01
9.906921386718750000e-01
9.764099121093750000e-01
8.973541259765625000e-01
9.603118896484375000e-01
9.673461914062500000e-01
9.761810302734375000e-01
9.762573242187500000e-01
8.646850585937500000e-01
9.591522216796875000e-01
9.751434326171875000e-01
9.868469238281250000e-01
9.758453369140625000e-01
9.671630859375000000e-01
9.841613769531250000e-01
9.365997314453125000e-01
9.464721679687500000e-01
9.704589843750000000e-01
9.655151367187500000e-01
9.620971679687500000e-01
9.774475097656250000e-01
9.952850341796875000e-01
8.957519531250000000e-01
9.859466552734375000e-01
9.622039794921875000e-01
9.714660644531250000e-01
9.827423095703125000e-01
9.891357421875000000e-01
9.655761718750000000e-01
9.718170166015625000e-01
9.775848388671875000e-01
9.152069091796875000e-01
8.990325927734375000e-01
9.296875000000000000e-01
9.843750000000000000e-01
8.729400634765625000e-01
9.355621337890625000e-01
9.741210937500000000e-01
9.860687255859375000e-01
9.896850585937500000e-01
9.040222167968750000e-01
9.747467041015625000e-01
9.580383300781250000e-01
8.583679199218750000e-01
9.268798828125000000e-01
9.881286621093750000e-01
9.664154052734375000e-01
9.726409912109375000e-01
9.597625732421875000e-01
9.689636230468750000e-01
9.954681396484375000e-01
9.922027587890625000e-01
9.660949707031250000e-01
8.981475830078125000e-01
9.942016601562500000e-01
9.886169433593750000e-01
9.951171875000000000e-01
9.940032958984375000e-01
7.554321289062500000e-01
9.373474121093750000e-01
9.953002929687500000e-01
9.903411865234375000e-01
9.798736572265625000e-01
9.811096191406250000e-01
9.560394287109375000e-01
9.502105712890625000e-01
9.592590332031250000e-01
9.376831054687500000e-01
9.544525146484375000e-01
9.957275390625000000e-01
9.841613769531250000e-01
9.779052734375000000e-01
9.773559570312500000e-01
9.894409179687500000e-01
9.860076904296875000e-01
9.855957031250000000e-01
9.468841552734375000e-01
9.877166748046875000e-01
9.951782226562500000e-01
