5.708117443868738761e-01
8.118678354686446053e-01
8.484134464341815951e-01
5.068779053220756614e-01
8.970588235294117974e-01
6.418918918918918859e-01
7.261971830985916032e-01
9.344671201814058747e-01
4.579378774805867303e-01
8.210816987240525666e-01
5.735747303543913267e-01
1.116458132820019183e-01
5.322715842414081910e-01
3.890991672975018800e-01
7.553191489361702482e-01
5.937572792918704989e-01
5.825335892514394986e-01
8.119897959183673963e-01
8.666175386882829512e-01
7.673870333988211945e-01
4.212050984936268616e-01
3.119584055459271865e-01
8.471797114123306160e-01
6.066508730367640156e-01
7.337013922227556550e-01
8.337165852256395171e-01
8.183112919633773741e-01
2.552083333333333148e-01
2.392926857274084163e-01
9.656121045392022095e-01
5.608994378513428858e-01
8.403896590483327378e-01
7.148668639053253893e-01
0.000000000000000000e+00
8.074948202864606905e-01
7.076497170541057313e-01
8.010902805477994326e-02
4.217639923756714704e-01
5.474171164225134500e-01
5.200372786579683382e-01
7.889079965606190514e-01
7.648139641708773251e-01
4.467065868263472850e-01
8.304489591171306806e-01
9.038767923526287440e-01
9.001741149158444255e-01
0.000000000000000000e+00
9.291798732171157038e-01
9.619229951074239615e-01
8.264094955489613703e-01
3.076296054776654909e-01
9.488904353204979936e-01
6.133982035928143839e-01
9.003558718861209842e-01
8.831942789034564756e-01
9.650701243715268385e-01
9.613615455381784303e-01
9.531568228105906648e-01
3.660678642714570996e-01
9.400507263085081666e-01
8.943355119825707744e-01
7.710363153232949740e-01
3.876627051499716980e-01
8.266199649737302479e-01
8.561269146608314617e-01
9.339430894308943243e-01
8.962450592885375933e-01
9.382417050133203817e-01
8.349775784753362684e-01
8.436315702751688850e-01
8.207763164900697683e-01
9.371127995324372018e-01
8.828344845228959237e-01
9.197012138188608299e-01
8.106276747503566860e-01
8.185349611542730441e-01
9.001329694170341345e-01
9.295206454674893592e-01
8.809638554216867590e-01
9.157698579082227397e-01
9.444691907943578713e-01
9.027262461687368678e-01
5.546066252587992240e-01
8.963414634146341653e-01
9.028186790071518475e-01
7.859163784973278721e-01
7.405849082632086633e-01
7.552561747295366557e-01
7.925373134328358438e-01
4.178738699488073194e-01
7.704918032786884918e-01
7.884983382012287212e-01
6.976867151354924079e-01
3.817637577711259222e-01
7.474904811353410006e-01
8.363303441476125366e-01
7.531080883428403761e-01
8.719999999999999973e-01
6.290819470117067214e-01
2.537823328452903926e-01
8.716875871687587152e-01
8.629776021080368675e-01
8.510543510543510104e-01
6.526541554959786051e-01
7.669441141498216652e-01
4.679363792928781240e-01
1.949339207048458034e-01
7.907054496823804346e-01
7.107218683651804758e-01
8.246094820498767186e-01
9.232894177645558642e-01
5.880197068012497086e-01
8.272410578479957310e-01
7.204692556634304523e-01
4.836055354693928332e-01
6.992999096657632752e-01
7.046313799621928275e-01
8.294784979333391650e-01
8.576388888888888395e-01
8.003852636648206564e-01
4.128028716721507396e-01
6.948883599682648127e-01
6.332686277437659106e-01
8.088772083515841649e-01
7.547329754167844129e-01
3.322693903606766530e-01
4.524170821591155245e-01
6.859252823631624141e-01
8.921219822109275333e-01
6.351684470008216454e-01
8.348640056517131480e-01
8.427843262185409356e-01
6.417980923599961862e-01
8.381782430780676529e-01
8.916052832105664239e-01
8.104166666666666741e-01
8.357653365098273168e-01
9.000835421888053745e-01
5.472473294987674208e-01
4.493231516834432226e-01
8.721917124313529612e-01
6.098252243741143497e-01
6.047461583349542646e-01
5.237341772151898889e-01
7.556137724550898715e-01
7.833163784333672108e-01
6.209677419354838745e-01
8.704788470478846962e-01
6.047591825067886173e-01
1.815465931288061663e-01
7.914613109906357691e-01
5.545251039334825327e-01
6.432538095872761819e-01
7.957621178627271030e-01
8.785664846573867370e-01
9.342759698735256801e-01
8.517110266159695353e-01
6.396809232858112759e-01
7.051720668142483772e-01
5.062430851904535789e-01
2.918974521285013224e-01
6.268609935746748407e-01
8.928240311514926697e-01
5.723258096172718634e-01
8.917309956823237238e-01
7.798910834755750088e-01
8.829302488608482546e-01
8.827692307692307505e-01
6.863147104049205360e-01
7.867531102155247424e-01
6.393794456708363771e-01
9.589123867069486717e-01
9.500659068000310015e-01
7.262357414448669113e-01
9.322340185227016018e-01
3.177460543391802950e-01
6.901183970856101801e-01
8.768809849521204125e-01
7.622001654259719094e-01
8.722530789664332262e-01
8.455243610726426162e-01
8.093599999999999683e-01
7.062547480374778974e-01
5.583512663466313475e-01
8.416760026887744051e-01
8.335459997448002589e-01
9.347826086956522174e-01
8.715220949263502437e-01
8.508984944147643947e-01
8.220199910487840933e-01
8.814176245210727512e-01
9.081451969898185483e-01
9.101678183613030049e-01
8.005474679606818800e-01
9.327370630647074945e-01
8.880964092474176175e-01
