7.267729521715228236e-01
8.961667286937105015e-01
9.179909917566074773e-01
6.727524553009317509e-01
9.457364341085271464e-01
7.818930041152263311e-01
8.413838120104438767e-01
9.661235494080412378e-01
6.281994377866548795e-01
9.017516339869281472e-01
7.290085679314565192e-01
2.008658008658008587e-01
6.947483588621443662e-01
5.602179836512261035e-01
8.606060606060605966e-01
7.451037708272435500e-01
7.362037598544572958e-01
8.962410249190483347e-01
9.285432293722858388e-01
8.683859493108048166e-01
5.927435792906644574e-01
4.755614266842800308e-01
9.172683157770150641e-01
7.551744852820708731e-01
8.463988037548805243e-01
9.093189121404499087e-01
9.000783260601992186e-01
4.066390041493775920e-01
3.861762253312331916e-01
9.825052484254723772e-01
7.186874749899959669e-01
9.132736156351791701e-01
8.337287039033858260e-01
0.000000000000000000e+00
8.934961375529528738e-01
8.287996185480986933e-01
1.483350772450298394e-01
5.932967702620353112e-01
7.075236671649227649e-01
6.842427958307786273e-01
8.819995193463109340e-01
8.667360749609578363e-01
6.175496688741721751e-01
9.073718827075911708e-01
9.495118549511855077e-01
9.474648747709224494e-01
0.000000000000000000e+00
9.632900343995481895e-01
9.805919982652065992e-01
9.049553208773355450e-01
4.705148983917217254e-01
9.737750446340012189e-01
7.603804221758292403e-01
9.475655430711610316e-01
9.379746835443038000e-01
9.822246162133045910e-01
9.803001876172607876e-01
9.760166840458811555e-01
5.359438924605494092e-01
9.690991205134299458e-01
9.442208165612421267e-01
8.707176794198550063e-01
5.587275693311581914e-01
9.050814956855225413e-01
9.224874742116121462e-01
9.658434051497635231e-01
9.452840020844189839e-01
9.681369486442583661e-01
9.100684261974584244e-01
9.151845562606131246e-01
9.015674347876945216e-01
9.675356022206130779e-01
9.377717391304347672e-01
9.581712062256809714e-01
8.954106755958243236e-01
9.002136100091546744e-01
9.474420831645242735e-01
9.634731275365883141e-01
9.367153471688445254e-01
9.560332668644521137e-01
9.714416615760537166e-01
9.488766426451886726e-01
7.135009155984683993e-01
9.453376205787781261e-01
9.489277028520892721e-01
8.801267382503080716e-01
8.509609669110362873e-01
8.605651819979067696e-01
8.842631140716069593e-01
5.894372959477626184e-01
8.703703703703703498e-01
8.817434395765288979e-01
8.219263411975394895e-01
5.525745709048491827e-01
8.555016341487570175e-01
9.108713438330946488e-01
8.591690305356248780e-01
9.316239316239316448e-01
7.723146747352496178e-01
4.048267808485792041e-01
9.314456035767511022e-01
9.264497878359264638e-01
9.195346971520256263e-01
7.898254493543572785e-01
8.681022880215343296e-01
6.375431331953070879e-01
3.262672811059907918e-01
8.831217326362957865e-01
8.309028855103940403e-01
9.038750375488134869e-01
9.601149044304496671e-01
7.405697854791721824e-01
9.054536666577159831e-01
8.375264519162943788e-01
6.519327731092436906e-01
8.230447205794404475e-01
8.267258109232048513e-01
9.067922895736192368e-01
9.233644859813083805e-01
8.891266550755650977e-01
5.843743383442726591e-01
8.199812759127992345e-01
7.754616931797403412e-01
8.943417547824683567e-01
8.602254428341384873e-01
4.988021082894106284e-01
6.229850746268656980e-01
8.137078072661685368e-01
9.429856960580216274e-01
7.768844221105527525e-01
9.100009625565501636e-01
9.146857982539545739e-01
7.818234109864825587e-01
9.119662320390875543e-01
9.426969686797139758e-01
8.952819332566167576e-01
9.105361343174629418e-01
9.474147027787548359e-01
7.073818374933616981e-01
6.200455035325110886e-01
9.317333333333333023e-01
7.576291079812206286e-01
7.536969696969696431e-01
6.874350986500519234e-01
8.607972713707098267e-01
8.784940102681118024e-01
7.661691542288556755e-01
9.307550827658199744e-01
7.537070846506657151e-01
3.073033161528736512e-01
8.835929708724509224e-01
7.134334499074264091e-01
7.829025629934032171e-01
8.862667387257551210e-01
9.353584148687926758e-01
9.660213789810087048e-01
9.199178644763860158e-01
7.802504916675292446e-01
8.270978401982769235e-01
6.721930745015739506e-01
4.518895081766399202e-01
7.706386667951063973e-01
9.433777429467085085e-01
7.279990013731120202e-01
9.427672303489297301e-01
8.763357384236003522e-01
9.378257632166790980e-01
9.377349240071907177e-01
8.139817629179331160e-01
8.806511719133078842e-01
7.800261829063025454e-01
9.790252930289944366e-01
9.743936381709741301e-01
8.414096916299559359e-01
9.649286883329436515e-01
4.822568859802395247e-01
8.166509497507745685e-01
9.344023323615160415e-01
8.650551513729171083e-01
9.317683477363600808e-01
9.162971553311958228e-01
8.946367776451341625e-01
8.278420896408429375e-01
7.165923093265349486e-01
9.140326544516631513e-01
9.092174397160652788e-01
9.662921348314607028e-01
9.313511149978137560e-01
9.194437155602204204e-01
9.023172029804307215e-01
9.369717951328785377e-01
9.518617329776127844e-01
9.529715762273901491e-01
8.892267293207103407e-01
9.651980922699154863e-01
9.407320567930180788e-01
