9.385577391586811258e-01
9.970998222471699757e-01
9.965264311609476344e-01
9.942362466079077699e-01
9.881835890335979311e-01
9.987086488640892767e-01
9.866124939678388994e-01
9.937735326237551181e-01
9.997865458187610299e-01
1.000000000000000000e+00
9.445916805214901180e-01
9.936081971212490371e-01
9.917368379633273445e-01
9.985531211244316196e-01
9.513279824235014726e-01
9.997060984570168563e-01
9.902767874505736811e-01
9.978769953812495208e-01
9.929919399216651232e-01
9.927985660580873617e-01
9.675817116354862302e-01
9.970842193440299095e-01
9.726302621353702937e-01
9.861548604497838433e-01
9.847552880785910290e-01
9.787466765388886936e-01
9.984017662953931227e-01
9.991071428571428603e-01
8.720981579611405410e-01
9.953247562812764793e-01
8.490229304874531424e-01
9.821036332865219487e-01
9.972876640876293663e-01
1.000000000000000000e+00
9.618784432516696015e-01
8.485276404867716504e-01
9.980204291709557918e-01
1.000000000000000000e+00
9.815343319500794417e-01
9.964559861334654212e-01
9.953344681924216619e-01
9.597156398104265129e-01
9.898146860172176709e-01
9.943659235514109573e-01
9.962851500047023023e-01
9.987784251080623621e-01
1.000000000000000000e+00
9.906878458480328220e-01
9.972934846794829777e-01
9.907868353730208133e-01
9.981051367678510644e-01
9.987085992099665743e-01
9.988078017453781987e-01
9.932848169389689730e-01
9.864087118479117899e-01
9.977856438604147948e-01
9.989765220357906816e-01
9.990171453532816770e-01
9.727931162560357059e-01
9.988226818253703732e-01
9.963533352114439801e-01
9.967536049168702617e-01
9.740636227660328661e-01
9.998306806637318189e-01
9.996389835031157522e-01
9.961610143842489773e-01
9.973961766644693361e-01
9.954721023077671704e-01
9.997946611909650505e-01
9.838453389830508211e-01
9.960137281234678897e-01
9.988269281274620992e-01
9.991245845829618277e-01
9.979376574307304848e-01
9.936598510064986733e-01
9.958740567591735093e-01
9.870817000405507358e-01
9.960993368872708142e-01
9.992756019590243177e-01
9.273366300216601132e-01
9.957620653998067173e-01
9.913446832826339206e-01
1.000000000000000000e+00
9.991431302112513402e-01
9.959612532735935275e-01
9.953404656170098397e-01
9.695254018315156985e-01
9.713524669689005409e-01
9.872838592477964914e-01
9.808816162965436902e-01
9.863881864443819758e-01
9.561463062757245002e-01
9.482068404179332388e-01
9.510747890344902755e-01
9.956529008527001956e-01
9.243518733020238409e-01
9.838484445715631743e-01
9.917876930138018743e-01
9.872800410020656781e-01
9.751632085838018993e-01
9.836708797355283584e-01
9.975214700681990232e-01
9.889337545827772136e-01
9.375168372844827624e-01
9.908419103541461492e-01
8.273861328691616279e-01
7.747575314043073647e-01
9.855688313419653790e-01
9.667718944250984769e-01
9.954751906761505342e-01
9.833377969927689088e-01
9.788069073783359775e-01
9.703465368059480678e-01
9.712147659684510215e-01
9.817443871696950319e-01
9.523744888783318707e-01
9.844059924852042176e-01
9.573893607510057802e-01
9.910634354729782602e-01
9.916188488958441738e-01
8.904326014724086580e-01
9.982729451571972223e-01
9.995581162154353327e-01
9.765293634428070524e-01
1.000000000000000000e+00
8.579964735845360124e-01
9.603106808402935846e-01
9.914749484569820304e-01
9.918581384116470501e-01
9.989949914327138636e-01
9.865882482273401477e-01
9.895367719685935759e-01
9.599505125486037516e-01
9.331418864261445956e-01
9.678024382619568877e-01
9.620166353069442566e-01
9.663005305237988285e-01
9.786846319509635572e-01
9.992226247298621189e-01
8.901609065344360250e-01
9.907014790825013906e-01
9.948614270069918719e-01
9.899398362757668712e-01
9.896203008699475667e-01
9.919624810510359048e-01
9.628929945578702521e-01
9.961818812912183185e-01
9.848924624565071895e-01
9.599355672516810545e-01
1.000000000000000000e+00
9.267109442679757336e-01
1.000000000000000000e+00
8.687447724351782252e-01
9.634827945776850422e-01
9.776511258525647508e-01
9.879617699659621888e-01
9.906901884053397334e-01
9.899174308119994548e-01
9.878206916927925185e-01
1.000000000000000000e+00
8.499199637815900710e-01
9.977078992233378019e-01
9.883617421120306501e-01
9.966644649933950051e-01
9.745083192575766384e-01
9.972238895558223071e-01
9.713550109659578879e-01
9.992937172942951696e-01
9.992608784538206113e-01
9.908813472074126105e-01
8.816642388929352148e-01
9.963817906657157497e-01
9.943609733943912232e-01
9.982252389700159156e-01
9.944592920930839242e-01
9.983437349975996522e-01
9.603127766302743673e-01
9.991220508891229812e-01
9.989227893419510007e-01
9.780929162517597586e-01
9.791011274168041068e-01
9.577547356465028194e-01
9.995531308767944267e-01
9.899104447742774759e-01
9.308566205275529137e-01
9.486534250259326395e-01
9.968578036526039021e-01
9.824502079599635174e-01
9.780686868686868651e-01
9.769476021166141333e-01
9.889532688803900351e-01
9.893342236123069400e-01
9.973685633437269216e-01
9.717499553633424103e-01
9.941847746828058607e-01
9.989102856027584076e-01
