9.036812909732727661e-01
4.985734664764622237e-01
7.828598940779971649e-01
0.000000000000000000e+00
5.285171102661596620e-01
1.000000000000000000e+00
9.992289899768697081e-01
5.264038231780167054e-01
7.582559896395424381e-01
8.392687107217672304e-01
1.000000000000000000e+00
9.027400641816835103e-01
7.391304347826086474e-01
6.203633610900832762e-01
1.000000000000000000e+00
1.000000000000000000e+00
1.000000000000000000e+00
0.000000000000000000e+00
9.983999999999999542e-01
7.300441235459286249e-01
1.000000000000000000e+00
1.000000000000000000e+00
5.023088361900289733e-01
1.506586169045005530e-01
8.408062930186823714e-01
5.888707037643208242e-01
9.997935590421139773e-01
0.000000000000000000e+00
1.000000000000000000e+00
9.910083493898522722e-01
9.817170111287758516e-01
9.848909345607363974e-01
4.596683705273656440e-01
6.296749388325759700e-01
1.000000000000000000e+00
1.000000000000000000e+00
9.823568575233022626e-01
1.000000000000000000e+00
1.000000000000000000e+00
3.815217391304348005e-01
5.702676864244742294e-01
7.675196277987786919e-01
1.000000000000000000e+00
8.121517643937383735e-01
8.222094361334867374e-01
9.542755344418052399e-01
0.000000000000000000e+00
9.797833935018050999e-01
3.024934383202099730e-01
8.072618427902134020e-01
9.947686774562694012e-01
9.585403726708074945e-01
5.770841263799010301e-01
1.000000000000000000e+00
9.614413200875567833e-01
9.830924461412599014e-01
9.819047619047619468e-01
9.575504523312456939e-01
1.304347826086956451e-02
9.843514547351338573e-01
9.914738124238733352e-01
8.284478616049976152e-01
1.000000000000000000e+00
0.000000000000000000e+00
0.000000000000000000e+00
9.731786879304095139e-01
6.538303130148269693e-01
8.376722817764165052e-01
8.113207547169811740e-01
1.000000000000000000e+00
6.279731543624160750e-01
1.000000000000000000e+00
9.096338613347182411e-01
9.330357142857143016e-01
6.954210956663940957e-01
0.000000000000000000e+00
9.932358716997600201e-01
9.952594810379241652e-01
9.769041769041768575e-01
9.968831421822874628e-01
9.740259740259740173e-01
1.000000000000000000e+00
7.906314699792961198e-01
9.913402061855670633e-01
1.000000000000000000e+00
8.927398160315374032e-01
9.812432181057200165e-01
8.407369729851926765e-01
9.046679815910585454e-01
9.922832501134816185e-01
0.000000000000000000e+00
9.941310727094880839e-01
1.000000000000000000e+00
3.848466626578472827e-01
5.073349633251833524e-01
9.895308259015122010e-01
6.097720937858664980e-01
8.450331125827814649e-01
3.498694516971279644e-01
1.000000000000000000e+00
1.000000000000000000e+00
9.105839416058394420e-01
4.235071687411375296e-01
9.723307291666666297e-01
4.839864018607979990e-01
2.064714946070878299e-01
9.964317573595004029e-01
9.639949339605572431e-01
1.000000000000000000e+00
6.490057015714086885e-01
9.458603528879505618e-01
8.661829652996845264e-01
4.043914423175350437e-01
8.534388646288210145e-01
4.162116757664846567e-01
4.959830225860239472e-01
4.212765957446808485e-01
7.569451669961502205e-01
0.000000000000000000e+00
5.737602790929479113e-01
8.328502415458937103e-01
2.577343039126478441e-01
6.877706435717485522e-01
7.485986071003907227e-01
0.000000000000000000e+00
1.000000000000000000e+00
4.426724137931034586e-01
0.000000000000000000e+00
8.375198307773664697e-01
6.774793388429751761e-01
9.634936570229076791e-01
7.895915905566086579e-01
9.823581956230460488e-01
1.000000000000000000e+00
9.975613154960980555e-01
9.780828238551159126e-01
1.000000000000000000e+00
9.039164956731198242e-01
0.000000000000000000e+00
1.000000000000000000e+00
9.549165779197728021e-01
9.280051771557999984e-01
3.438962143768609092e-01
6.839266450916936524e-01
9.986413043478260532e-01
9.924725695330441910e-01
6.198609731876861817e-01
7.506705075990861564e-01
2.799868280233802631e-01
8.510858324715615542e-01
7.452726068721948760e-01
6.044131755676367401e-01
8.935036628927771618e-01
4.946548390765381775e-01
7.786373845769902768e-01
9.515330624307350993e-01
5.915818686401480564e-01
8.947155878620053349e-01
9.065683936700628109e-01
7.161371898214003995e-01
6.828408782867986249e-01
9.614781107798524573e-01
1.631103816167419063e-01
5.699356913183279971e-01
9.977902915389550431e-01
8.147905759162303863e-01
9.501564766048393729e-01
8.539221741815935518e-01
6.882383153569594514e-01
8.324358283970562100e-01
9.672192916352675418e-01
8.734004224127220883e-01
1.000000000000000000e+00
7.711213517665130857e-01
9.937679769894535164e-01
7.123890098844027907e-01
2.586633663366336711e-01
1.577854671280276844e-01
1.000000000000000000e+00
9.705075445816186974e-01
9.965819586862832979e-01
9.999086757990867103e-01
9.408234001183531925e-01
8.652431365512290862e-01
9.616602001225239560e-01
9.248404807834990082e-01
9.472016895459345331e-01
9.450704225352112298e-01
7.039060366020213344e-01
9.857878841712559570e-01
9.943637546065466903e-01
7.872463768115941507e-01
9.365363573062767122e-01
1.000000000000000000e+00
1.000000000000000000e+00
9.089338598223100085e-01
