2.562609202096680083e-01
8.722485973241260737e-01
7.445493003579564117e-01
6.675838773341430388e-01
6.925808453423429878e-01
9.709562109025916543e-01
0.000000000000000000e+00
8.346022578104489442e-01
8.624125503497985790e-01
1.000000000000000000e+00
9.187424425634824754e-01
4.588050743418360389e-01
7.851939068364117702e-01
5.789124139946337788e-01
3.871367686943045228e-01
3.703204185058034947e-01
1.000000000000000000e+00
7.285105264146336523e-01
8.314917127071823622e-01
9.886135693215338804e-01
6.631676802107138169e-01
0.000000000000000000e+00
4.598585050753614123e-01
8.521268057784912031e-01
6.634537147149026648e-01
9.698883975573805438e-01
9.982687729928586551e-01
8.005881417898584873e-01
6.868596881959910805e-01
1.000000000000000000e+00
3.044930398108193770e-01
1.000000000000000000e+00
3.643319375713741648e-01
9.974293059125963756e-01
2.756562302340290760e-01
9.954545454545454808e-01
4.432588284580694649e-01
7.904144396740558909e-01
6.750672377726865125e-01
1.000000000000000000e+00
3.612894939635242775e-01
5.524431339511373107e-01
7.459990779768177482e-01
4.627425614489004135e-01
9.372967951695309052e-01
7.439227630595942609e-01
9.923408329344183265e-01
1.000000000000000000e+00
9.799964595503628528e-01
3.394994559303590731e-01
9.480611045828437611e-01
1.000000000000000000e+00
9.539881178106434101e-01
8.933140236543567481e-01
5.596452018438329290e-01
6.264279098487187669e-01
9.963996399639963863e-01
1.361380889774799555e-02
5.666429080541696139e-01
7.105519480519481013e-01
8.750000000000000000e-01
9.911592756309710595e-01
1.000000000000000000e+00
5.969912905779889423e-01
8.607480476777640277e-01
5.785332685769790650e-01
5.951504203432224083e-01
5.971986417657045854e-01
9.133911476517625472e-01
3.067672718698420398e-01
9.023275145469659142e-01
7.425779782036828758e-01
3.619145588769211996e-01
3.333057166528583526e-01
9.781305506216696477e-01
9.944223107569720721e-01
0.000000000000000000e+00
9.797687861271676679e-01
8.402819400158231256e-01
8.338908262757098733e-01
8.967463479415670458e-01
2.600578490665264031e-01
6.864754098360655865e-01
9.734597156398103746e-01
7.150668286755771375e-01
9.960334949316880238e-01
4.811633514165159498e-01
7.748197448696616529e-01
6.928453947368421462e-01
9.298986486486486847e-01
8.690165592886427426e-01
5.883220544855110035e-01
7.721626199887069442e-01
9.195375722543353003e-01
1.878633408745954830e-02
7.157464212678936732e-01
8.457587078343039577e-01
9.183973834832379612e-01
6.864406779661016422e-01
8.287508118640397881e-02
9.602157788267026151e-01
7.254901960784313486e-01
8.501494055566152230e-01
8.898049177970569490e-01
7.982259868946779413e-01
9.874631268436577791e-01
9.596886294134000517e-01
6.465245528637236783e-01
7.493089517329364346e-01
9.927206551410373558e-01
9.873853211009174791e-01
1.000000000000000000e+00
9.967373572593800635e-01
5.379828578137841877e-01
1.194244604316546804e-01
6.625089094796864364e-01
7.899100618324901291e-01
8.767221510883482782e-01
8.160828025477706582e-01
4.985056784219963899e-01
9.676665368134008682e-01
7.466863033873343269e-01
4.727513227513227556e-01
9.809175801867641153e-01
8.754716981132075748e-01
7.878260869565217872e-01
5.584856585506827731e-01
9.349328995526636765e-01
7.971429648335909279e-01
9.831271091113610305e-01
3.548766849137677259e-01
6.365254637999611109e-01
8.214196874787996761e-01
7.031906957819069603e-01
9.695776664280600921e-01
5.068649885583523806e-01
6.757865937072503604e-01
8.321713147410358946e-01
5.219114968391728171e-01
9.454545454545454364e-01
9.573717948717949122e-01
1.576683212422043956e-01
6.273790705026873749e-01
4.716850828729281520e-01
1.000000000000000000e+00
9.007787712719931283e-01
6.775107991360691528e-01
7.431971373886993026e-01
0.000000000000000000e+00
1.000000000000000000e+00
6.384971098265895817e-01
1.000000000000000000e+00
4.800419250589570974e-01
6.415868673050615367e-01
5.162226521803839896e-01
9.761244303546661172e-01
9.460547504025764720e-01
6.310610761457318141e-01
3.452664386823081077e-01
8.750988142292490668e-01
8.187217194570135526e-01
6.777921689747932188e-01
7.309644670050761128e-01
8.187226307527059044e-01
7.252348772045491554e-01
3.712308812818645443e-01
8.125000000000000000e-01
4.014350252458145363e-01
6.755869315383352669e-01
9.477035015916325245e-01
7.539729252501471413e-01
3.017751479289940697e-01
8.940292605773032530e-01
6.625582298136646342e-01
6.392896781354051594e-01
7.543055658215684911e-01
8.107710738401219253e-01
8.543873614598004318e-01
9.874476987447698972e-01
4.046997389033942794e-01
7.893569844789356804e-02
2.562128876182098169e-01
3.325573192239859033e-01
9.326932187865197288e-02
1.000000000000000000e+00
9.234856535600425298e-01
9.898523985239852108e-01
1.022861753630984333e-01
8.448361606896170883e-01
8.626747018848570647e-01
7.907796033650196232e-01
5.334299691973183322e-01
5.994052413109473010e-01
5.783212161269002394e-01
3.618126032570214701e-01
3.577707879667715307e-01
4.825652879555402675e-01
9.769277474195506850e-01
8.553737284387439299e-01
8.687233344273055380e-01
8.955407904651003781e-01
8.793038214150586951e-01
9.181818181818182101e-01
8.212927756653992661e-01
9.891598915989160412e-01
8.832765796443435846e-01
7.273445501097293153e-01
8.981344388510512644e-01
9.006581398236681579e-01
9.484600879949717234e-01
4.637066222154871964e-01
8.155339805825242427e-01
9.284144427001569388e-01
5.673089760135285875e-01
7.942905121746431929e-01
9.939137337920084248e-01
9.579785773139247729e-01
9.593001841620626413e-01
9.043251730782956299e-01
9.990223840345199280e-01
7.519895034085398722e-01
9.994007490636703794e-01
2.567734943489704547e-01
8.933197866395732323e-01
9.204863704256908141e-01
9.985725938009788472e-01
7.257429287504475468e-01
9.753323722569277043e-01
1.885505240261024229e-01
7.806706357775241578e-01
9.894847528916929091e-01
6.016548463356974352e-01
9.999033131365218097e-01
7.969585204190720029e-01
9.992506660746003355e-01
8.888025746310065367e-01
9.918192340067339963e-01
1.000000000000000000e+00
9.921447059531691703e-01
9.895719306331739462e-01
9.979602243753187274e-01
6.005187285119729657e-01
8.927923256416904207e-01
8.232251390146126946e-01
9.769195957157942312e-01
9.732968881412952245e-01
8.012985795321363458e-01
5.348734264766911162e-01
9.962756989355544546e-01
4.261056247316444834e-01
9.996396396396396433e-01
9.713155291790306345e-01
9.584265292229894317e-01
1.000000000000000000e+00
9.931279041330398627e-01
9.772320016865183590e-01
8.478797713963169835e-01
9.913043478260870067e-01
8.089957459012475649e-01
8.730404490032901421e-01
5.073330384785492697e-01
8.522832185214118672e-01
9.012989896746974594e-01
9.998142644873699858e-01
9.999012638230647676e-01
9.459774436090225835e-01
8.053948264125255774e-01
9.207317073170732113e-01
9.547784142297256471e-01
4.753164416661124769e-01
7.239016077646884817e-01
8.006941001487357656e-01
1.000000000000000000e+00
9.965026433509556192e-01
8.764498757249378214e-01
9.562222562375631840e-01
8.112454423335252462e-01
9.968372446075020044e-01
9.985045568691628404e-01
9.987042436022027792e-01
5.533563723950152280e-01
7.322599880739415479e-01
9.149931446084361708e-01
9.850162069598189518e-01
9.996452642781128439e-01
8.556605234629084400e-01
9.827552420145012624e-01
9.882672594788193265e-01
9.989481987904286209e-01
8.893535642232682781e-01
9.348115680460659105e-01
7.224157955865272429e-01
9.081735620585267288e-01
8.259793085153417369e-01
9.641448233540808044e-01
5.564884181520709516e-01
9.713103448275861584e-01
9.665256279792191485e-01
6.912937347436940438e-01
1.000000000000000000e+00
9.962124053101327759e-01
8.457984767136971227e-01
9.621448863636363757e-01
7.422087895753852749e-01
9.498621718107460588e-01
9.992115119258820899e-01
9.948790896159317443e-01
7.242055551108620426e-01
9.932479502706178520e-01
9.653703703703703232e-01
7.237047035614162516e-01
1.000000000000000000e+00
7.814621409921671535e-01
4.906028230523278300e-01
9.183946488294314481e-01
9.731810363542240383e-01
8.712939554125488373e-01
8.059742181719048437e-01
9.793660549653173675e-01
3.707075962539022052e-01
9.940460242326814022e-01
8.213110379791870308e-01
9.995840532411851553e-01
7.316059367022839099e-01
9.998482664441241674e-01
7.502794545048065977e-01
1.000000000000000000e+00
9.165448811629874903e-01
9.525480500837387732e-01
9.981555487242544933e-01
8.873168266801414461e-01
9.974016332590942557e-01
5.665918825209055321e-01
9.985770911678015782e-01
9.997479711679015946e-01
9.996913946587536737e-01
8.941698766076907612e-01
9.982708089097304116e-01
7.604749556435103086e-01
6.780235203019890911e-01
9.950262164943401988e-01
9.708635683819863971e-01
6.877173170079348141e-01
8.793251205141938698e-01
9.996244307778977545e-01
7.418780764861794275e-01
9.365551831626315327e-01
9.122784889953963194e-01
9.899892191590944357e-01
9.034166825730101102e-01
1.000000000000000000e+00
9.999526739233317585e-01
7.810745789895749969e-01
8.363115693012600493e-01
9.899881580363871780e-01
9.993235930735930861e-01
9.982846943742611501e-01
8.365310365310365537e-01
9.936441972743383921e-01
9.253807705930969796e-01
8.891842346471127145e-01
6.167625057248995457e-01
1.000000000000000000e+00
9.758124605949446417e-01
7.129724208375893824e-01
9.997879109225874528e-01
9.905491282385530116e-01
7.557211978553680654e-01
9.646510086182403798e-01
9.709954312612487648e-01
9.692261047525202455e-01
9.914082636881981214e-01
9.802232069588051599e-01
8.772083632209558557e-01
9.641884001557026185e-01
9.848026614244669297e-01
9.940173496859108226e-01
6.647930821494749676e-01
9.986815836064338869e-01
1.000000000000000000e+00
8.019437340153452443e-01
9.132163309026490872e-01
9.962779156327543628e-01
6.018940722553489664e-01
9.934872217642208847e-01
9.350937311026003007e-01
8.516742313950500520e-01
9.482608240588912274e-01
7.280808785079310175e-01
8.743272335844994858e-01
9.885666480758504848e-01
5.960867305264720972e-01
9.148629148629148222e-01
7.222150965176681314e-01
3.669696434874691326e-01
5.611186566242746254e-01
9.979027264556077359e-01
9.979865771812080899e-01
5.086160291931342003e-01
9.897590867119953062e-01
1.000000000000000000e+00
7.529118587139065344e-01
9.824273455479635153e-01
9.117128463476070754e-01
9.684019095248920239e-01
8.097117249682295181e-01
9.782758620689655515e-01
9.217165058101717268e-01
9.489499192245557380e-01
7.661447378671029096e-01
9.990458394624895933e-01
7.898550724637680709e-01
8.345695364238410185e-01
9.160176531671858635e-01
9.710994764397905543e-01
9.200462634779689175e-01
9.140503523340059999e-01
1.000000000000000000e+00
1.000000000000000000e+00
4.245209010422503759e-01
8.952610265951624902e-01
6.827031779927145161e-01
1.000000000000000000e+00
5.640013726835964025e-01
8.056356991729178851e-01
9.502226672639595140e-02
9.669012813571556952e-01
9.927896010578578512e-01
7.435776942355889485e-01
8.905048633626678756e-01
9.991161392964468257e-01
7.067408065816400686e-01
9.875685770981673661e-01
7.039910421498840609e-01
9.417853550060888423e-01
9.167838065785774981e-01
7.924575738529227031e-01
9.491154676947475277e-01
7.005850928516916820e-01
7.130332153093913439e-01
4.974688343257286927e-01
7.340062619748586314e-01
6.962286895126571507e-01
4.368792856279254400e-01
6.554175665946724294e-01
8.348654189537728643e-01
8.139956576718440084e-01
9.598009950248755917e-01
8.817985611510791299e-01
9.653118430273300854e-01
9.643915620641562159e-01
9.637028074767278740e-01
9.159811985898942410e-01
9.845214427719397587e-01
8.925998483316481824e-01
9.818105204017135712e-01
7.607080874696285910e-01
9.835771872200657073e-01
8.649649451960106372e-01
8.596506941334527419e-01
9.940688018979834117e-01
7.541582150101420190e-01
8.457481872116018318e-01
0.000000000000000000e+00
1.000000000000000000e+00
9.398626290985661047e-01
9.937949674521299182e-01
9.909517204940228030e-01
7.581987388358846225e-01
9.663304446654353841e-01
9.993839738425815966e-01
9.225705021126068273e-01
9.136639315019622343e-01
9.987593052109181579e-01
4.867085548574190401e-01
8.106407322654461955e-01
5.163147792706334060e-01
9.992862241256245115e-01
8.354609929078014030e-01
6.133682830930536900e-01
7.716894977168949898e-01
9.669475048606610557e-01
9.601328903654484659e-01
1.550950651570177363e-01
6.618037135278515004e-01
9.489795918367347483e-01
9.796703296703296315e-01
9.090909090909090606e-01
9.433304272013949276e-01
6.874563242487771175e-01
8.884720327421554709e-01
7.428721663940173192e-01
7.324091027988490765e-01
9.510658914728682412e-01
3.932279909706546395e-01
9.506474689848772863e-01
7.930879712746857768e-01
9.787862513426422995e-01
9.102011494252874035e-01
9.165154264972776854e-01
7.670364500792392626e-01
9.154518950437318114e-01
2.337278106508875741e-01
7.628209564675756393e-01
6.514499532273152482e-01
5.109768378650554332e-01
9.186351706036745002e-01
1.000000000000000000e+00
9.460463359355325563e-01
9.998416844771630396e-01
8.339350180505414878e-01
7.753303964757709554e-01
6.698202459791863239e-01
9.042857142857142483e-01
9.318181818181817677e-01
9.805825242718446688e-01
8.941411451398135757e-01
8.817584325396825573e-01
4.567901234567900981e-01
9.978828510938603236e-01
7.713073659853451058e-01
9.512195121951219079e-01
6.078988941548183478e-01
7.530454042081948796e-01
9.505831191935164570e-01
7.961165048543689116e-01
9.260935143288084870e-01
9.879093198992443536e-01
8.689999999999999947e-01
7.098550192695907146e-01
9.982168330955777380e-01
9.915397631133672229e-01
8.149368478857770270e-01
8.618618618618618665e-01
9.512195121951219079e-01
7.604079799858874944e-01
9.947698744769873924e-01
8.710063897763578034e-01
8.704590256265840598e-01
6.742313323572474149e-01
7.546572934973637681e-01
8.840894965817277518e-01
5.064759327276242562e-01
8.631779776505860147e-01
7.780195865070729244e-01
9.815229563269877167e-01
7.927439532944120515e-01
9.638554216867469826e-01
7.648984937786509342e-01
9.349663784822286328e-01
9.102296450939457717e-01
9.764705882352940902e-01
5.956566701137538944e-01
9.394335511982571107e-01
8.658946581994769742e-01
4.361633182112767404e-01
7.054956969573761283e-01
9.820761762509335746e-01
5.099457504520795714e-01
9.182582123758594728e-01
8.398912576906567562e-01
7.690782953419227352e-01
8.828420256991685866e-01
9.898853674983142392e-01
1.000000000000000000e+00
5.454571058412662765e-01
3.815942488635162277e-01
8.517269449936039072e-01
8.249128919860627684e-01
8.313582497721057063e-01
9.475605708596083199e-01
8.699334543254688690e-01
6.891891891891891442e-01
6.911258278145695488e-01
9.241849886277483384e-01
9.279528922757187548e-01
9.702734839476813145e-01
9.951826575672421127e-01
8.458646616541353191e-01
9.667024704618689679e-01
7.073661275454621311e-01
8.884826325411334658e-01
8.838951310861423716e-01
9.104253544620517502e-01
9.641025641025641191e-01
9.620473537604457004e-01
5.763993948562783354e-01
8.936535162950257627e-01
1.000000000000000000e+00
7.144607843137255054e-01
6.840565577766942740e-01
9.458598726114649802e-01
7.890222984562607067e-01
8.986111111111111382e-01
7.102646216079554486e-01
5.480023852116875371e-01
9.024725274725274859e-01
4.761904761904761640e-01
8.958944281524926501e-01
5.171141929772794521e-01
