4.079740380157626523e-01
9.308359560911951824e-01
8.535720947584405360e-01
8.001228193872677030e-01
6.958072839997921921e-01
5.390721905234433509e-01
0.000000000000000000e+00
9.097152668479038251e-01
8.821424699121760415e-01
8.989151024625452457e-01
6.938179161720390287e-01
6.282023346303502453e-01
7.451377492230873978e-01
7.333052914949104162e-01
5.581811072007150099e-01
4.394064303380049719e-01
4.032845660093679618e-01
8.388966382283928880e-01
8.408256168847964007e-01
9.727454793486779439e-01
5.326261102210331222e-01
0.000000000000000000e+00
6.276501952223014769e-01
7.371984030550251532e-01
6.935584126672554861e-01
9.370359068253484303e-01
8.889102996435109816e-01
7.254591285559957026e-01
7.481351203832857788e-01
8.443877551020407823e-01
4.664625037346877834e-01
8.301994845852820326e-01
5.340810803269998575e-01
9.593484110246527363e-01
4.305384045443319541e-01
9.391080617495711769e-01
6.142471741283338504e-01
7.971193779270124846e-01
5.601983880967141838e-01
2.576853526220614921e-01
5.308047929049910518e-01
7.117080450413784121e-01
8.530679871217968779e-01
6.327054037322012991e-01
9.131221719457013331e-01
8.531321053151876832e-01
9.650837988826815872e-01
9.106960950764007023e-01
9.863697104677060512e-01
5.069049553208773151e-01
9.442883895131085614e-01
8.803329864724245279e-01
9.690549563430919111e-01
9.435309114085405069e-01
7.174000626706656947e-01
7.703113135914958498e-01
9.156327543424317428e-01
2.686192468619246973e-02
7.223113964686997956e-01
8.255375330064126382e-01
9.329058850469429398e-01
9.795659526493799563e-01
8.075068870523416376e-01
4.014054514480409064e-01
8.660876757650951552e-01
7.068177772503412282e-01
7.424485373781148922e-01
7.478076003188944831e-01
9.503720630456435892e-01
4.695055936485023618e-01
9.474143574078114360e-01
8.519077387367967047e-01
5.314790953925445649e-01
4.999689305909401638e-01
9.601176855181431380e-01
9.447388342165026209e-01
0.000000000000000000e+00
9.529163738580463949e-01
9.109314897598502769e-01
8.813750564164284373e-01
9.362218370883882423e-01
4.127712854757930039e-01
8.140382545908980694e-01
9.716177861873226407e-01
8.338646829613886036e-01
9.714162905652267144e-01
6.497100417132973815e-01
8.706762231224680626e-01
8.185572018460043342e-01
9.607329842931937591e-01
9.274612871146469262e-01
7.346695557963163203e-01
8.714353990759917679e-01
9.556650246305419261e-01
3.687983134223471460e-02
8.343265792610250475e-01
9.162711107804478727e-01
9.388687656728893494e-01
8.140703517587939420e-01
1.530648966372105957e-01
9.365340348569549667e-01
8.403473613894455463e-01
9.190062197175354886e-01
9.414509217232548410e-01
8.827324142806645124e-01
9.240855762594892830e-01
9.604897050639955580e-01
7.788799640510026823e-01
8.457938317532701644e-01
9.368827823100043251e-01
9.719661335841957017e-01
2.180236509446785431e-01
6.561874542348059558e-01
6.995953889609893839e-01
2.133676092544987135e-01
5.525338088869073960e-01
8.801377906521569150e-01
9.341846758349705571e-01
8.987286277948268731e-01
6.645418326693227629e-01
9.421581642328844541e-01
8.549747048903878488e-01
6.013882072495267961e-01
9.575901704320253227e-01
9.036027263875364701e-01
8.813229571984435573e-01
7.167029808539242541e-01
9.641434262948207490e-01
8.871224832214764655e-01
9.668141592920354022e-01
5.238508992962029875e-01
7.757890097969423193e-01
9.019218354273228488e-01
8.211722547243587300e-01
9.751619870410367374e-01
6.727410782080486262e-01
8.065306122448979709e-01
9.074124355145262166e-01
6.858631371444663394e-01
9.543786051389616665e-01
9.683903387907277782e-01
2.723894544734932754e-01
7.710000777061154498e-01
6.410136086344438988e-01
1.184313993640808277e-01
6.608125264494286721e-01
8.077573026474611506e-01
7.869935893199392352e-01
0.000000000000000000e+00
6.270881521459779062e-01
5.931375181227513949e-01
9.590352220520673709e-01
6.486486486486486847e-01
7.816666666666666208e-01
6.809325153374232720e-01
9.706432863757264995e-01
9.548963835839089365e-01
7.737833211054047089e-01
5.133056601345046266e-01
9.253273892449149773e-01
8.341737501800893240e-01
8.079572446555819409e-01
8.441346968019279862e-01
7.602424428417984270e-01
8.406840110817437317e-01
5.223941785384852432e-01
8.494841189560995431e-01
5.728913834951456785e-01
8.060724779627815861e-01
9.520328917313841677e-01
8.585790884718498273e-01
4.636363636363636243e-01
9.337187693578360426e-01
7.970346156091296930e-01
7.798420458819105283e-01
8.599477542765652238e-01
8.952020202020202211e-01
9.212333289317311547e-01
9.688374696771785421e-01
5.702023298589822264e-01
1.463214138923140117e-01
4.079131652661064367e-01
4.991264757266133945e-01
1.706246027618882610e-01
9.537638517386319847e-01
9.510023379595085036e-01
9.401971522453450580e-01
1.855891467193714339e-01
9.144959176959654990e-01
9.206349206349205838e-01
8.824645834745475925e-01
6.956521739130434590e-01
7.495351719863649897e-01
7.325496215160288704e-01
5.312668463611859293e-01
5.269973269973270424e-01
6.502534875244375678e-01
9.798279668112963581e-01
9.207331587717210164e-01
9.273077596777018483e-01
9.379775442120744655e-01
9.194856577645895701e-01
3.406408094435076084e-01
9.018789144050104456e-01
9.523809523809523281e-01
8.905206942590120356e-01
8.417826543398015948e-01
9.441979920616390132e-01
9.468668407310705248e-01
9.329211746522411142e-01
6.336059633502433286e-01
8.753668323650954930e-01
9.495825305073859468e-01
7.235781587013281335e-01
8.657057881491649898e-01
9.398223445514825025e-01
9.767572108653038709e-01
9.729823484676655143e-01
9.463542152926897044e-01
8.779700183681934389e-01
8.574216209184337689e-01
9.202013931995309814e-01
4.085981768908598100e-01
9.434856478583564243e-01
9.438129651343655224e-01
8.922292065227293012e-01
8.296326614141000810e-01
9.351147968977961966e-01
3.168721544647901123e-01
8.749330152638766789e-01
9.499110705186751824e-01
7.510395707578806368e-01
9.459562466651421087e-01
8.695614137408141930e-01
9.580894092602447731e-01
9.360864906983539235e-01
9.669684302310671553e-01
9.425662238485402744e-01
9.611487717763685934e-01
9.832555743194894005e-01
8.217893386212528073e-01
7.504051253061994053e-01
9.431662558203232072e-01
9.025946405784772697e-01
9.812492897458237051e-01
9.407899193821557260e-01
8.240923774167108196e-01
6.922443425952449214e-01
9.724292924951183359e-01
5.825037565740045498e-01
9.066840987089394011e-01
9.801486081845403042e-01
9.333743725731603602e-01
9.593439283895692782e-01
9.677565416329059200e-01
9.800729425445319221e-01
9.174683157734004890e-01
9.862223646267221921e-01
8.876593066554780975e-01
9.316237845280096463e-01
6.553694266060287044e-01
9.198635649407886916e-01
9.470921075657703359e-01
9.489643014543851507e-01
9.363846509477576907e-01
9.289353219137626017e-01
8.915787490580255881e-01
9.584041709169216494e-01
9.666687015444722642e-01
6.437685771759690256e-01
8.398409799075964299e-01
8.893171806167400328e-01
9.538726333907057153e-01
9.377009031073013645e-01
9.248674935795858643e-01
9.649664802743365133e-01
8.669811320754716721e-01
9.708002217704675418e-01
9.272977399279397348e-01
9.520574384312514571e-01
7.084296966649907823e-01
8.450025804231894311e-01
9.181030994577972226e-01
9.822828042570060925e-01
9.520959528923426118e-01
9.201432259138978553e-01
9.776304888152443917e-01
9.721192978193524681e-01
9.718908893223753287e-01
9.327323620815057836e-01
9.655998934706377934e-01
8.331787738279237132e-01
9.427168576104746345e-01
9.037563795563940960e-01
9.735974327763637914e-01
7.088406273993638207e-01
9.806433644339228595e-01
9.438161111910147172e-01
8.172688445111393474e-01
9.273902007537881964e-01
9.651401478682628543e-01
9.149314544267609373e-01
9.634621197304553686e-01
8.520319654181952584e-01
9.685959172388368676e-01
9.709797912077386961e-01
9.593306357588642364e-01
8.400454956941575402e-01
9.873222180791562108e-01
9.764915238362835703e-01
8.397084512981145554e-01
9.064296617544259638e-01
8.735406937958638540e-01
6.574698228562471103e-01
9.568944488970972939e-01
9.669321387091421860e-01
9.137875622690020405e-01
8.878735225346976456e-01
8.738183527445553267e-01
5.408996014423989029e-01
9.643192352677861789e-01
9.003510140405616147e-01
9.258101320215146313e-01
8.449146241243917776e-01
9.440882553100039543e-01
8.573253289053518467e-01
5.936717505121784644e-01
9.502392344497607723e-01
9.700119789657483116e-01
9.865802400364612756e-01
9.395398608881755376e-01
9.759881692114105167e-01
7.233433146725686269e-01
9.403263626357850624e-01
9.376004538148813294e-01
8.915328513512082997e-01
9.011415600223706690e-01
9.353819959356292069e-01
8.631176743945887520e-01
8.081215931704784916e-01
9.666753945395253345e-01
7.872880404267265098e-01
8.052124291033091463e-01
9.326781047608225794e-01
9.704330784919160680e-01
8.517029276880609956e-01
9.634603561138503913e-01
9.501789878156917668e-01
9.759726703359271616e-01
9.451822266600099498e-01
9.545889101338431715e-01
9.382326820603907880e-01
8.752332895555402503e-01
9.108602083463289700e-01
9.665755728400252655e-01
9.622875008141731357e-01
9.555368196844977735e-01
9.098867729482644773e-01
9.864700885814828846e-01
9.347618668998965985e-01
8.962283760999607551e-01
7.629599320134714535e-01
9.517561002847729767e-01
7.885047356598661183e-01
8.324388789505068331e-01
9.161225124378109541e-01
9.833586088363158728e-01
8.598636081835090428e-01
9.506509869802604040e-01
9.610496385872357994e-01
9.749904689287075543e-01
9.246740001456982272e-01
9.614068976618777018e-01
9.338612741285441388e-01
9.411690203280349554e-01
9.352337186759531740e-01
9.749633251833740299e-01
7.667183131199800661e-01
9.669207483861556041e-01
9.490902829593066414e-01
8.900874304530487224e-01
9.383439867925327249e-01
9.415804681938104714e-01
7.514779943069849200e-01
9.779076136571115407e-01
9.659552316501821556e-01
9.188764667837013844e-01
9.709483536209622123e-01
8.426467621545289388e-01
9.308922124806601195e-01
9.847222222222222765e-01
7.461281964889451279e-01
9.550590007532011594e-01
8.353144065125076567e-01
5.369097188599464276e-01
7.188674022224859073e-01
9.474682344016688296e-01
9.162233769434574571e-01
6.742816188492463114e-01
9.835258789673436697e-01
4.783633355061926717e-02
8.590413202707296580e-01
9.877756751181624439e-01
9.515922310953366381e-01
9.746053534660260587e-01
8.946201596216375451e-01
9.699145299145298660e-01
9.541574914921108208e-01
9.675506506341624569e-01
8.675899788285109659e-01
9.405093848831334036e-01
8.825910931174089091e-01
9.085796683489545389e-01
9.560387455124297329e-01
9.752865706173099447e-01
9.561289572145862392e-01
9.396021084849515148e-01
9.663896357858714481e-01
7.884130982367758556e-01
5.960191959719927102e-01
9.443546525051951246e-01
2.281360841186223787e-01
9.062452744593981757e-01
7.212287438288534913e-01
8.885942347980587686e-01
1.735531223679460944e-01
9.447863579452272509e-01
9.802675338112482040e-01
8.529332494834246381e-01
9.418507813648165916e-01
9.386755241851775233e-01
8.203467098554375614e-01
9.841223682680004803e-01
8.246205733558178430e-01
8.881759624506915252e-01
9.565855089469053052e-01
8.842134792061154824e-01
9.497127222982215677e-01
8.235645933014353881e-01
8.324803149606299080e-01
6.632474058216631940e-01
8.465103745621126441e-01
8.209137055837563146e-01
6.080215382026658011e-01
7.918456102201685276e-01
9.092971746529090460e-01
8.959413857850023755e-01
9.350523458704924629e-01
9.334754959826357945e-01
9.556018036767256474e-01
9.562023292495840376e-01
9.760056016104630139e-01
9.378148732987442449e-01
9.782700719627487329e-01
9.230040352224273548e-01
9.349919743178169984e-01
8.640933643496432337e-01
9.613308040274332056e-01
9.275201185938162229e-01
9.233285233285233318e-01
9.751556408913714113e-01
8.598519888991674742e-01
9.119772538798720518e-01
0.000000000000000000e+00
3.865353037766831035e-01
9.443604856178530182e-01
9.777161904048538021e-01
9.775229656655156640e-01
8.604301618760059611e-01
9.397623652942801442e-01
9.845708550220583222e-01
9.544091486658196066e-01
9.437995209139488084e-01
9.292929292929292817e-01
6.547464239271781894e-01
8.954186413902053276e-01
6.810126582278480667e-01
9.540034071550255179e-01
9.089506172839506570e-01
7.603574329813159727e-01
8.684480986639260269e-01
9.666342727567217574e-01
9.659090909090909394e-01
2.685407804697614309e-01
7.964884277733439433e-01
9.702660406885759148e-01
9.499200852424081187e-01
9.160305343511450094e-01
9.367965367965368495e-01
8.076765188834154063e-01
9.409427487809283175e-01
8.524117587906010485e-01
8.455382757058734766e-01
9.729260888420792064e-01
5.643019112406867377e-01
9.724422212959102918e-01
8.846057571964955901e-01
9.806295399515738698e-01
9.465819947702651671e-01
9.483568075117371210e-01
8.681614349775784722e-01
9.558599695585996425e-01
3.788968824940047719e-01
8.654548309842565734e-01
7.716343490304709007e-01
6.720974898999934055e-01
9.519492293744333811e-01
9.370829361296473259e-01
9.616049145709348878e-01
9.349024832537655705e-01
9.092860976918948346e-01
8.734491315136476697e-01
7.464417501317870407e-01
9.476047904191616800e-01
9.645437741556041056e-01
9.776164549304294793e-01
9.428972618769014824e-01
9.039249960273320061e-01
6.018028610621203311e-01
9.336414658303070491e-01
8.703220191470844025e-01
9.241240231913284697e-01
7.530332681017612995e-01
8.591282375236891644e-01
9.733832608035624112e-01
8.858024691358025171e-01
9.611270545264806175e-01
9.657719773454813694e-01
9.294117647058823817e-01
8.303101856820864768e-01
9.080291970802919499e-01
9.667972777892348546e-01
8.980332829046898668e-01
9.213483146067416030e-01
9.543529411764706261e-01
7.737850452038251836e-01
9.529058116232465014e-01
9.272959183673469274e-01
9.170746180091974287e-01
8.054219501530389680e-01
8.601762820512820484e-01
9.384793006762328638e-01
6.721826694888076714e-01
9.223824086209407858e-01
8.746177370030581155e-01
9.199685122015218708e-01
8.821345707656612634e-01
9.796458712559986681e-01
8.667903525046382063e-01
9.185975178141664310e-01
9.523116126683655036e-01
9.737430167597765918e-01
7.465975372650680564e-01
9.603563474387527554e-01
8.720842738901429803e-01
6.074007220216606218e-01
8.273204068658613908e-01
9.446839080459770166e-01
6.754491017964071586e-01
9.517022961203484011e-01
7.114289177069446080e-01
8.669583837631505974e-01
9.070083478936128429e-01
9.479376866575187632e-01
1.892591394370753688e-01
7.058844969292730198e-01
5.523969851168840650e-01
9.195229127432517080e-01
9.040572792362768784e-01
9.023002720751917005e-01
9.486625685329789226e-01
9.182630906768838308e-01
8.136752136752136710e-01
8.173558897243107246e-01
9.564535111808551981e-01
9.583258808799857142e-01
9.651094027202838932e-01
9.686431571749536396e-01
9.146341463414634498e-01
9.779951100244498319e-01
8.286050849121429085e-01
9.382239382239382364e-01
9.333227873131376695e-01
9.531127215576704614e-01
9.255384615384615321e-01
9.689637033140452438e-01
7.250237868696479682e-01
9.429864253393664963e-01
8.119545093890505605e-01
8.334524660471765989e-01
8.116864333236910589e-01
9.580645161290322065e-01
8.816482989937709513e-01
9.410909090909090891e-01
8.294459206770986581e-01
7.080123266563944640e-01
9.480519480519480346e-01
6.451612903225806273e-01
9.448453608247422419e-01
6.817076728581152878e-01
