1.000000000000000000e+00
9.997781001962959824e-01
1.000000000000000000e+00
9.954049844236759759e-01
7.632630714481247747e-01
9.423204524629530399e-01
1.000000000000000000e+00
9.999837996338717394e-01
9.927983031618409226e-01
9.694832426437458572e-01
8.946320678936890980e-01
9.961484918793503951e-01
9.156832925866749129e-01
1.000000000000000000e+00
1.000000000000000000e+00
8.121895393006720587e-01
8.336959499750197233e-01
9.639515013426641632e-01
9.743552957211003562e-01
9.846457827357675274e-01
4.624487021324806824e-01
1.000000000000000000e+00
9.946103070308242033e-01
9.621647509578543644e-01
7.623726996605324491e-01
9.921693783210225881e-01
9.812033160961995959e-01
9.034067303697548290e-01
9.762889879057924380e-01
9.803940475042586256e-01
9.982461149406534062e-01
9.374010345191596816e-01
1.000000000000000000e+00
9.908015545712201000e-01
9.969433399602385393e-01
9.978738593332919793e-01
1.000000000000000000e+00
9.593518467195092381e-01
8.670378579022289811e-01
8.980060873346170647e-01
1.000000000000000000e+00
1.000000000000000000e+00
9.622916666666666563e-01
1.000000000000000000e+00
9.960715018222552342e-01
9.999792250960839457e-01
9.978880010087158858e-01
9.959031077186696335e-01
9.993320754086864044e-01
1.000000000000000000e+00
9.958388407499877415e-01
9.964445818519090947e-01
9.979522776572667953e-01
9.999837114980535402e-01
9.998438049123354876e-01
1.000000000000000000e+00
9.968956150562670038e-01
1.000000000000000000e+00
9.988986536602908473e-01
9.988715979520345067e-01
9.999683584356410249e-01
9.961040958255727995e-01
9.823076070959472217e-01
8.531095388460174789e-01
9.250594573605785964e-01
9.891022972067847752e-01
9.977318499110338079e-01
1.000000000000000000e+00
9.986232945620134860e-01
1.000000000000000000e+00
9.999049580231268441e-01
9.999681908548707643e-01
1.000000000000000000e+00
1.000000000000000000e+00
9.905356637418624155e-01
9.978376192031860326e-01
1.000000000000000000e+00
9.991826537536240282e-01
9.919412381951731028e-01
9.561895602927820148e-01
9.990883500735717737e-01
1.000000000000000000e+00
9.999587254416377746e-01
9.984608231389587862e-01
1.000000000000000000e+00
9.980400524760143499e-01
1.000000000000000000e+00
9.998587858723110289e-01
1.000000000000000000e+00
9.997783687943262443e-01
9.980109079242861503e-01
9.927972883909236268e-01
1.000000000000000000e+00
9.996569244090114381e-01
1.000000000000000000e+00
1.000000000000000000e+00
9.995880818344089480e-01
9.852302345786272397e-01
1.000000000000000000e+00
1.000000000000000000e+00
9.979079824520319386e-01
9.999845366404305214e-01
1.000000000000000000e+00
9.997761511427484260e-01
9.975670476406020004e-01
9.968370208787784570e-01
9.977558565685593628e-01
9.387429722245531627e-01
9.982575246987654971e-01
9.978428542607508112e-01
9.981563890654799875e-01
8.200275292498279134e-01
8.805810215501845839e-01
1.000000000000000000e+00
1.000000000000000000e+00
9.670970827355331867e-01
9.993837726805888666e-01
9.998913303340505321e-01
1.000000000000000000e+00
9.999530244429482018e-01
9.964744556845431811e-01
1.000000000000000000e+00
7.764175257731958935e-01
9.973522743487704956e-01
9.994923545518875629e-01
1.000000000000000000e+00
1.000000000000000000e+00
9.998256099687683474e-01
1.000000000000000000e+00
9.978526777903259370e-01
1.000000000000000000e+00
9.945914883547983809e-01
9.998592540464461553e-01
9.148351648351648047e-01
9.991552707914953535e-01
1.000000000000000000e+00
1.000000000000000000e+00
9.999370356378289859e-01
1.000000000000000000e+00
9.989152819480907608e-01
9.990066649577031832e-01
1.000000000000000000e+00
9.999798877737776648e-01
1.000000000000000000e+00
5.958717321798006061e-01
9.538900256166524816e-01
1.000000000000000000e+00
9.157390005300949376e-01
9.976366133307783546e-01
9.043128462147190794e-01
9.217733713040114907e-01
9.966048452348844622e-01
9.999530934846849739e-01
1.000000000000000000e+00
1.000000000000000000e+00
9.935969120883084704e-01
9.986043265875784725e-01
9.999767301158840604e-01
1.000000000000000000e+00
9.989958050566074554e-01
9.917741935483871396e-01
1.000000000000000000e+00
9.998588343244340093e-01
9.240918533490539710e-01
9.999577479666208468e-01
9.867389877620352800e-01
9.914027299231380486e-01
1.000000000000000000e+00
9.999327109092438493e-01
9.985000868370778049e-01
9.999373404138666155e-01
1.000000000000000000e+00
9.991588236227720854e-01
1.000000000000000000e+00
9.999651731763804507e-01
1.000000000000000000e+00
9.997668108199779802e-01
9.998374148968600661e-01
9.978698713974597512e-01
9.937178010129774641e-01
1.000000000000000000e+00
1.000000000000000000e+00
1.000000000000000000e+00
1.000000000000000000e+00
9.941254531330916411e-01
9.965026728277611712e-01
9.960390102259815137e-01
1.000000000000000000e+00
9.989249351799152077e-01
9.984585274607270522e-01
9.985586801189855199e-01
9.999833380542180183e-01
1.000000000000000000e+00
9.997678345293372626e-01
9.996350764514834175e-01
1.000000000000000000e+00
9.992478375329071349e-01
9.980830562529686700e-01
9.999051758198340689e-01
9.997599577525644321e-01
9.959950527121738117e-01
9.986007981810376410e-01
9.706090542578401648e-01
1.000000000000000000e+00
9.958455835357279406e-01
9.911867219917012140e-01
9.991709448040559938e-01
9.995066516960974257e-01
9.997564497329645139e-01
9.978888106966924409e-01
1.000000000000000000e+00
9.924348210340255827e-01
9.986207117768760577e-01
9.996052478811099373e-01
9.984640719511036488e-01
9.636652122173741120e-01
9.995536787173412430e-01
9.826346000145317339e-01
9.948819107533187767e-01
7.711585637823371586e-01
9.976047511237983167e-01
9.804114778885849590e-01
9.999809950967349925e-01
9.998091329865915755e-01
9.431858251057827491e-01
9.305839760742956601e-01
9.951070561400927605e-01
9.883460104902771493e-01
9.948550046772685063e-01
9.962257314532443342e-01
9.588719411829255135e-01
9.996012547184858210e-01
8.973571345774892238e-01
9.520270270270270174e-01
8.941499457700651243e-01
9.928576994000467559e-01
9.176962209302325091e-01
9.309718437783832679e-01
9.255957907768492809e-01
9.916146038730567769e-01
8.412303965585649079e-01
1.000000000000000000e+00
9.999481166338072269e-01
9.991908449890185562e-01
9.963847124985654169e-01
9.733361941171880805e-01
7.325784733758853307e-01
9.871389200775747552e-01
9.187114780788463442e-01
7.060593626042949156e-01
9.909179267379423228e-01
9.982812693800166004e-01
9.564376250833889204e-01
9.681556740417314177e-01
9.016067516026941009e-01
9.971275134257524542e-01
9.998831843934349317e-01
9.990549566721660391e-01
9.935447719376890863e-01
9.989285921121213718e-01
7.434247031406059358e-01
9.994113554877722683e-01
9.996815793663429428e-01
9.903910094427450517e-01
8.826524806554392200e-01
9.380265050339018362e-01
9.997211066488175257e-01
9.998935264054514827e-01
9.788667119817091589e-01
9.970134638922888426e-01
1.000000000000000000e+00
1.000000000000000000e+00
9.505626268216196273e-01
9.702297101857590977e-01
9.967430207587687496e-01
9.745064038209971802e-01
9.602846939033965468e-01
9.819414000442415746e-01
8.173783020435287927e-01
9.896735285199286247e-01
9.876371616678858434e-01
9.997697620874903546e-01
9.817452998852024271e-01
9.931686489783470018e-01
9.568150557823723590e-01
9.995429848169400389e-01
9.948852340502439828e-01
9.936628423196782744e-01
9.828511247118670857e-01
9.532642602495543516e-01
9.992192121140422989e-01
9.939281575898030185e-01
9.974482710734620117e-01
9.989980893797474337e-01
9.912223210523851691e-01
9.925076813991964286e-01
9.980790691718044449e-01
8.919273604312973891e-01
9.996265548246243693e-01
5.636699792003697640e-01
9.532287110882428083e-01
9.982172540894745927e-01
9.735391695205479756e-01
1.000000000000000000e+00
9.761725726102077338e-01
9.892038274056689229e-01
9.904796089289987782e-01
1.000000000000000000e+00
9.925333333333333785e-01
9.989357456432087501e-01
1.000000000000000000e+00
8.057571001273432509e-01
9.946547539121003423e-01
9.974507703107104994e-01
9.996639386391491522e-01
5.789846099416239289e-01
8.601020714500150488e-01
9.654491609081934378e-01
7.143995664509548149e-01
1.000000000000000000e+00
9.289090624510878413e-01
9.993553496767538791e-01
8.543258853042412504e-01
9.996238657200620104e-01
9.702225193391270652e-01
1.000000000000000000e+00
9.432684973302821740e-01
9.968973065575330583e-01
9.929062237381975908e-01
9.955716513975294557e-01
9.999527982755637145e-01
9.369877785765635680e-01
1.000000000000000000e+00
9.778623624252652524e-01
9.423375713941833931e-01
5.628550681303661207e-01
9.724407096915510529e-01
8.520817417876241917e-01
9.991504993686144420e-01
1.000000000000000000e+00
8.949518647358627454e-01
8.116167891666491441e-01
9.784238090757989559e-01
9.917009504894310767e-01
8.875468736373942624e-01
9.998466492869191313e-01
9.858323494687131205e-01
9.789590871138325046e-01
9.904281636536631517e-01
9.974106264678135325e-01
9.787130746536206738e-01
9.373733279286582398e-01
9.963157576855710129e-01
1.000000000000000000e+00
9.768729502960091793e-01
9.901279581728122947e-01
8.243357892386693475e-01
9.976463942760308568e-01
9.930449636995912766e-01
9.654596655618411516e-01
9.525345411291060715e-01
1.000000000000000000e+00
9.643645212513661802e-01
8.188567031961571097e-01
1.000000000000000000e+00
8.972617430471151456e-01
9.855811457011808274e-01
9.988965841061157036e-01
8.825321888412017701e-01
6.295149638802889358e-01
9.872286079182630569e-01
9.628695503764246322e-01
9.865417057169634241e-01
9.980283204875425307e-01
9.739435776704840064e-01
9.693557637163066065e-01
9.918568829156683142e-01
9.322897816383158842e-01
9.543717458770422102e-01
9.637959183673469044e-01
1.000000000000000000e+00
9.050618010594467799e-01
9.750608272506082752e-01
1.000000000000000000e+00
9.774445198178117744e-01
9.999174576970697448e-01
9.995543920236171775e-01
9.650426309378806744e-01
1.000000000000000000e+00
9.983601669648181076e-01
9.988861985472154981e-01
9.920294823448748689e-01
9.999684825945127642e-01
8.621997471554994075e-01
1.000000000000000000e+00
1.000000000000000000e+00
9.804225276011743206e-01
9.065900986430788233e-01
1.000000000000000000e+00
9.949089010312739401e-01
7.081264698197020646e-01
1.000000000000000000e+00
9.601391964568174453e-01
9.880978989718373073e-01
9.986423933133781183e-01
9.998616190570327467e-01
9.981959256657513269e-01
9.323933895758695911e-01
9.993754103874057382e-01
1.000000000000000000e+00
9.218730653988064239e-01
1.000000000000000000e+00
9.996723347014796479e-01
9.999654170701341993e-01
9.965348479977137464e-01
9.969018666253581795e-01
9.729813928460165906e-01
9.605404759057754038e-01
8.959449120122418009e-01
1.000000000000000000e+00
9.998758843241901673e-01
4.051063829787234227e-01
9.791747140721831499e-01
1.000000000000000000e+00
9.964461332141260064e-01
1.000000000000000000e+00
9.414765668367212070e-01
9.484187782361028773e-01
1.000000000000000000e+00
9.999086607844211994e-01
9.316211429104129804e-01
9.540765778891543425e-01
9.931201190033469572e-01
9.991891840929232327e-01
7.565377134212232235e-01
1.000000000000000000e+00
1.000000000000000000e+00
9.373338397265477129e-01
9.997590941941700837e-01
1.000000000000000000e+00
9.942981396472577726e-01
9.999093730883386044e-01
1.000000000000000000e+00
9.986909281319544807e-01
1.000000000000000000e+00
9.987816626055420199e-01
9.945392202514498070e-01
9.922658690155509165e-01
9.979859013091642028e-01
9.947516213144347308e-01
9.715909090909090606e-01
9.820665415185525493e-01
9.956579485083776326e-01
9.965979416692309911e-01
9.612252124645892515e-01
9.671520751700879437e-01
1.000000000000000000e+00
9.966230884268416634e-01
9.999337485093414690e-01
9.995034117452318290e-01
9.933982418660035618e-01
1.000000000000000000e+00
9.993277035336558534e-01
1.000000000000000000e+00
6.868451492850078388e-01
9.212681328965840466e-01
9.738457228716225211e-01
9.890266891556701578e-01
9.922192595182934838e-01
9.753196781841502183e-01
9.854162446830059263e-01
9.980310337975758506e-01
9.989957438668642942e-01
9.961986108503848580e-01
1.000000000000000000e+00
1.000000000000000000e+00
1.000000000000000000e+00
9.979106572074529780e-01
9.999691505606885800e-01
1.000000000000000000e+00
9.998105642029488926e-01
9.991874111230916178e-01
9.993440677171995246e-01
1.000000000000000000e+00
1.000000000000000000e+00
9.998915670115868792e-01
9.976301086069433444e-01
9.997704245615108842e-01
9.987420211526814029e-01
9.985788804922088868e-01
1.000000000000000000e+00
9.999586947542338233e-01
1.000000000000000000e+00
9.994238826815642351e-01
9.999842074509246448e-01
9.990824509570036538e-01
1.000000000000000000e+00
9.989484242541901704e-01
9.997193813918683336e-01
9.994315669803575108e-01
1.000000000000000000e+00
1.000000000000000000e+00
1.000000000000000000e+00
1.000000000000000000e+00
9.967104716651991048e-01
9.982915512714455319e-01
9.997981147019086023e-01
9.891126837234621716e-01
9.930919197615403204e-01
9.667882728767744904e-01
9.999839971835042807e-01
1.000000000000000000e+00
9.958374065781590012e-01
9.997582049132761606e-01
9.999839887280645989e-01
9.990010148420651603e-01
9.998197607733901870e-01
9.774125647668393535e-01
9.929947460595446307e-01
9.969119917653114227e-01
9.999523378294647991e-01
9.967457435268594068e-01
9.996633050616472449e-01
1.000000000000000000e+00
9.997850422474660048e-01
9.999526612279677762e-01
9.999685272318126206e-01
9.981904297335998377e-01
9.999845047725300917e-01
1.000000000000000000e+00
9.910412548619523809e-01
9.977679984803393687e-01
1.000000000000000000e+00
9.998605451136557409e-01
9.985805311967699271e-01
9.360121729032774285e-01
9.972023135923551163e-01
9.996985658078436643e-01
9.984028393966282167e-01
1.000000000000000000e+00
1.000000000000000000e+00
1.000000000000000000e+00
9.999094038775140358e-01
9.994989251135499853e-01
9.999845241964189224e-01
9.957333333333333591e-01
9.998257784535462545e-01
9.998078924197550954e-01
1.000000000000000000e+00
9.809890070021405339e-01
9.999687982651835894e-01
9.991843265203682600e-01
1.000000000000000000e+00
9.993833114593381195e-01
9.948933326969885416e-01
1.000000000000000000e+00
1.000000000000000000e+00
9.979749832546692678e-01
1.000000000000000000e+00
9.997664533607361070e-01
9.377764872666404239e-01
9.994788339329545579e-01
9.911976110281607300e-01
9.901852224682907710e-01
7.642558128596290690e-01
1.000000000000000000e+00
1.000000000000000000e+00
9.998770570981962980e-01
1.000000000000000000e+00
9.996053171671245297e-01
9.975848887609359839e-01
9.993582017125056671e-01
9.998424303542166047e-01
1.000000000000000000e+00
9.998287057944158507e-01
9.996009513320244233e-01
9.994744570677795981e-01
9.950952868514053584e-01
9.999379575629731010e-01
9.997016050507271379e-01
1.000000000000000000e+00
9.999538383418732357e-01
9.988447359032296413e-01
1.000000000000000000e+00
9.985638396442028109e-01
9.989148474403165556e-01
9.997196872956053415e-01
9.999689296256020210e-01
9.888907985812721568e-01
1.000000000000000000e+00
9.999527447428526727e-01
9.995820045205436877e-01
9.999844648128010105e-01
9.998765736855097508e-01
9.997651124943375267e-01
1.000000000000000000e+00
9.999687890137328727e-01
1.000000000000000000e+00
9.999842494881083788e-01
1.000000000000000000e+00
