6.492614746093750000e-01
9.862518310546875000e-01
9.880218505859375000e-01
7.318115234375000000e-01
7.319793701171875000e-01
9.432983398437500000e-01
9.483489990234375000e-01
9.903717041015625000e-01
9.834136962890625000e-01
9.731292724609375000e-01
8.976745605468750000e-01
6.354980468750000000e-01
8.886260986328125000e-01
7.581329345703125000e-01
7.586364746093750000e-01
6.472167968750000000e-01
8.425445556640625000e-01
7.726593017578125000e-01
9.530487060546875000e-01
9.856719970703125000e-01
5.415191650390625000e-01
6.799011230468750000e-01
7.293395996093750000e-01
9.537963867187500000e-01
7.141418457031250000e-01
9.905548095703125000e-01
9.824066162109375000e-01
8.836669921875000000e-01
9.366302490234375000e-01
9.813842773437500000e-01
5.640258789062500000e-01
9.457092285156250000e-01
7.451934814453125000e-01
9.914703369140625000e-01
7.185363769531250000e-01
9.978332519531250000e-01
6.552734375000000000e-01
9.299316406250000000e-01
8.376312255859375000e-01
8.997802734375000000e-01
9.241180419921875000e-01
9.675750732421875000e-01
7.618408203125000000e-01
9.366302490234375000e-01
9.941406250000000000e-01
9.319915771484375000e-01
9.977111816406250000e-01
9.959869384765625000e-01
9.976654052734375000e-01
9.907379150390625000e-01
9.927368164062500000e-01
9.964904785156250000e-01
9.926452636718750000e-01
9.932403564453125000e-01
9.036712646484375000e-01
9.815368652343750000e-01
9.968872070312500000e-01
2.902221679687500000e-01
8.600921630859375000e-01
9.717712402343750000e-01
9.955291748046875000e-01
9.955749511718750000e-01
9.829406738281250000e-01
8.284301757812500000e-01
9.011840820312500000e-01
9.246063232421875000e-01
9.093170166015625000e-01
9.855194091796875000e-01
9.870758056640625000e-01
9.551391601562500000e-01
9.963226318359375000e-01
9.895172119140625000e-01
8.390960693359375000e-01
6.316375732421875000e-01
9.888305664062500000e-01
9.977722167968750000e-01
8.943786621093750000e-01
9.989776611328125000e-01
8.954162597656250000e-01
9.037475585937500000e-01
9.943847656250000000e-01
9.141235351562500000e-01
9.182586669921875000e-01
9.972534179687500000e-01
9.928436279296875000e-01
9.979705810546875000e-01
9.474639892578125000e-01
9.936676025390625000e-01
9.658050537109375000e-01
9.972534179687500000e-01
9.610443115234375000e-01
8.505249023437500000e-01
9.876861572265625000e-01
9.943695068359375000e-01
4.771881103515625000e-01
9.893951416015625000e-01
9.141387939453125000e-01
9.665222167968750000e-01
9.841918945312500000e-01
6.768035888671875000e-01
9.970550537109375000e-01
9.963531494140625000e-01
9.640350341796875000e-01
9.647674560546875000e-01
9.595031738281250000e-01
9.966430664062500000e-01
9.956665039062500000e-01
6.996612548828125000e-01
9.803924560546875000e-01
9.977569580078125000e-01
9.977264404296875000e-01
8.244323730468750000e-01
8.925323486328125000e-01
9.399566650390625000e-01
8.879394531250000000e-01
9.540557861328125000e-01
9.766387939453125000e-01
9.631958007812500000e-01
9.400787353515625000e-01
9.871520996093750000e-01
9.953460693359375000e-01
9.947509765625000000e-01
5.662384033203125000e-01
9.967346191406250000e-01
9.984893798828125000e-01
9.851074218750000000e-01
9.067535400390625000e-01
9.973907470703125000e-01
9.178771972656250000e-01
9.972534179687500000e-01
8.327636718750000000e-01
7.981567382812500000e-01
8.794555664062500000e-01
7.243499755859375000e-01
9.978942871093750000e-01
7.961273193359375000e-01
9.963836669921875000e-01
9.947967529296875000e-01
9.319152832031250000e-01
9.973449707031250000e-01
9.970245361328125000e-01
4.950714111328125000e-01
9.100646972656250000e-01
9.182891845703125000e-01
6.065521240234375000e-01
9.510803222656250000e-01
9.635467529296875000e-01
8.524627685546875000e-01
9.532775878906250000e-01
9.114379882812500000e-01
8.843841552734375000e-01
9.967346191406250000e-01
8.182983398437500000e-01
9.960021972656250000e-01
9.008026123046875000e-01
9.909057617187500000e-01
9.966125488281250000e-01
8.729705810546875000e-01
7.692108154296875000e-01
9.918212890625000000e-01
9.824371337890625000e-01
8.519592285156250000e-01
9.634857177734375000e-01
9.046325683593750000e-01
9.236602783203125000e-01
8.577880859375000000e-01
9.772949218750000000e-01
8.281555175781250000e-01
9.697875976562500000e-01
9.967956542968750000e-01
9.935607910156250000e-01
8.811645507812500000e-01
9.951019287109375000e-01
8.938903808593750000e-01
9.553375244140625000e-01
9.492797851562500000e-01
9.468078613281250000e-01
9.635925292968750000e-01
9.974517822265625000e-01
8.181610107421875000e-01
9.049224853515625000e-01
9.483947753906250000e-01
7.112731933593750000e-01
5.619506835937500000e-01
9.944610595703125000e-01
9.849700927734375000e-01
9.958343505859375000e-01
4.907073974609375000e-01
9.563751220703125000e-01
9.822998046875000000e-01
8.941650390625000000e-01
9.606933593750000000e-01
9.013366699218750000e-01
8.830108642578125000e-01
6.285095214843750000e-01
8.784942626953125000e-01
8.389434814453125000e-01
9.959564208984375000e-01
9.949188232421875000e-01
9.936676025390625000e-01
9.736175537109375000e-01
9.937896728515625000e-01
9.701690673828125000e-01
9.964141845703125000e-01
9.955444335937500000e-01
9.824829101562500000e-01
8.574218750000000000e-01
9.890594482421875000e-01
9.875793457031250000e-01
9.966888427734375000e-01
8.379974365234375000e-01
9.682464599609375000e-01
9.952087402343750000e-01
8.513793945312500000e-01
9.910430908203125000e-01
9.706420898437500000e-01
9.949340820312500000e-01
9.691009521484375000e-01
9.561614990234375000e-01
8.742980957031250000e-01
8.662109375000000000e-01
9.823455810546875000e-01
8.534851074218750000e-01
9.614257812500000000e-01
9.283447265625000000e-01
9.458465576171875000e-01
9.491882324218750000e-01
9.871063232421875000e-01
3.726806640625000000e-01
8.896026611328125000e-01
9.682006835937500000e-01
8.300781250000000000e-01
9.459075927734375000e-01
8.634948730468750000e-01
9.519348144531250000e-01
9.499359130859375000e-01
9.606933593750000000e-01
9.559326171875000000e-01
9.593353271484375000e-01
9.910736083984375000e-01
8.834381103515625000e-01
7.978820800781250000e-01
9.873352050781250000e-01
9.161376953125000000e-01
9.924468994140625000e-01
9.733276367187500000e-01
7.773132324218750000e-01
7.377014160156250000e-01
9.657440185546875000e-01
4.573364257812500000e-01
9.912872314453125000e-01
9.945373535156250000e-01
9.570617675781250000e-01
9.768524169921875000e-01
9.587097167968750000e-01
9.942474365234375000e-01
9.670104980468750000e-01
9.986877441406250000e-01
9.346313476562500000e-01
9.393768310546875000e-01
5.397949218750000000e-01
9.361877441406250000e-01
9.861602783203125000e-01
9.911651611328125000e-01
9.370117187500000000e-01
9.412536621093750000e-01
9.648742675781250000e-01
9.888000488281250000e-01
9.666748046875000000e-01
6.379089355468750000e-01
8.862762451171875000e-01
9.938659667968750000e-01
9.672851562500000000e-01
9.751586914062500000e-01
9.790191650390625000e-01
9.653930664062500000e-01
9.010314941406250000e-01
9.855346679687500000e-01
9.153289794921875000e-01
9.905242919921875000e-01
7.345275878906250000e-01
9.450073242187500000e-01
9.691162109375000000e-01
9.911346435546875000e-01
9.697113037109375000e-01
9.853668212890625000e-01
9.929962158203125000e-01
9.929962158203125000e-01
9.865875244140625000e-01
9.068603515625000000e-01
9.763488769531250000e-01
9.011840820312500000e-01
9.866485595703125000e-01
9.392852783203125000e-01
9.817962646484375000e-01
8.379821777343750000e-01
9.936370849609375000e-01
9.344329833984375000e-01
8.550720214843750000e-01
8.847656250000000000e-01
9.707183837890625000e-01
9.423370361328125000e-01
9.686431884765625000e-01
9.206085205078125000e-01
9.584045410156250000e-01
9.907531738281250000e-01
9.909515380859375000e-01
8.948516845703125000e-01
9.927368164062500000e-01
9.961700439453125000e-01
8.781890869140625000e-01
8.999176025390625000e-01
9.074401855468750000e-01
6.999359130859375000e-01
9.811248779296875000e-01
9.391784667968750000e-01
8.690185546875000000e-01
8.404846191406250000e-01
8.525390625000000000e-01
7.047119140625000000e-01
9.622955322265625000e-01
9.688110351562500000e-01
9.235992431640625000e-01
8.185882568359375000e-01
9.761810302734375000e-01
9.488677978515625000e-01
9.455261230468750000e-01
9.809570312500000000e-01
9.774627685546875000e-01
9.959564208984375000e-01
9.965515136718750000e-01
9.717559814453125000e-01
9.675750732421875000e-01
9.809722900390625000e-01
9.597167968750000000e-01
8.436431884765625000e-01
9.541473388671875000e-01
9.281921386718750000e-01
9.190979003906250000e-01
8.984832763671875000e-01
9.572753906250000000e-01
8.554840087890625000e-01
8.291625976562500000e-01
9.276733398437500000e-01
9.604034423828125000e-01
8.958892822265625000e-01
9.537506103515625000e-01
9.305572509765625000e-01
9.903411865234375000e-01
9.748687744140625000e-01
9.826049804687500000e-01
9.575500488281250000e-01
8.898315429687500000e-01
9.563903808593750000e-01
9.805908203125000000e-01
9.911651611328125000e-01
9.388427734375000000e-01
9.148712158203125000e-01
9.931945800781250000e-01
9.499206542968750000e-01
9.314422607421875000e-01
8.850860595703125000e-01
9.736328125000000000e-01
8.606414794921875000e-01
9.056701660156250000e-01
9.341430664062500000e-01
9.874420166015625000e-01
9.137725830078125000e-01
9.354553222656250000e-01
9.306030273437500000e-01
9.799804687500000000e-01
9.684448242187500000e-01
9.853668212890625000e-01
9.286346435546875000e-01
9.716491699218750000e-01
9.724731445312500000e-01
9.921875000000000000e-01
8.001251220703125000e-01
9.723205566406250000e-01
9.729309082031250000e-01
9.704589843750000000e-01
9.111022949218750000e-01
9.787139892578125000e-01
8.787689208984375000e-01
9.833831787109375000e-01
9.950103759765625000e-01
9.732055664062500000e-01
9.503631591796875000e-01
9.761962890625000000e-01
9.631958007812500000e-01
9.983215332031250000e-01
6.665802001953125000e-01
9.972686767578125000e-01
7.289733886718750000e-01
7.810821533203125000e-01
7.830505371093750000e-01
9.830932617187500000e-01
9.377593994140625000e-01
7.780914306640625000e-01
9.939727783203125000e-01
7.102508544921875000e-01
9.304046630859375000e-01
9.792022705078125000e-01
9.325714111328125000e-01
9.966125488281250000e-01
9.564819335937500000e-01
9.973144531250000000e-01
9.231262207031250000e-01
9.969940185546875000e-01
9.541931152343750000e-01
9.514923095703125000e-01
9.588470458984375000e-01
9.806518554687500000e-01
9.900970458984375000e-01
9.928283691406250000e-01
9.654693603515625000e-01
9.458007812500000000e-01
9.748229980468750000e-01
9.128417968750000000e-01
8.432922363281250000e-01
9.852905273437500000e-01
4.388275146484375000e-01
9.810791015625000000e-01
9.612274169921875000e-01
9.358978271484375000e-01
4.759674072265625000e-01
9.522247314453125000e-01
9.755554199218750000e-01
9.750213623046875000e-01
9.818878173828125000e-01
9.549255371093750000e-01
7.714996337890625000e-01
9.916687011718750000e-01
9.428710937500000000e-01
8.633117675781250000e-01
9.909667968750000000e-01
9.244232177734375000e-01
9.439086914062500000e-01
9.279785156250000000e-01
9.220886230468750000e-01
6.543579101562500000e-01
9.130859375000000000e-01
9.730834960937500000e-01
5.023651123046875000e-01
8.831481933593750000e-01
9.231414794921875000e-01
8.790740966796875000e-01
9.897766113281250000e-01
9.733428955078125000e-01
9.921875000000000000e-01
9.690704345703125000e-01
9.707183837890625000e-01
9.873809814453125000e-01
9.953002929687500000e-01
9.280853271484375000e-01
9.703369140625000000e-01
9.474029541015625000e-01
9.959564208984375000e-01
9.582214355468750000e-01
9.756774902343750000e-01
9.934844970703125000e-01
9.260253906250000000e-01
9.886627197265625000e-01
3.702697753906250000e-01
7.149658203125000000e-01
9.325866699218750000e-01
9.818420410156250000e-01
9.894714355468750000e-01
8.398895263671875000e-01
9.733886718750000000e-01
9.899139404296875000e-01
9.863128662109375000e-01
9.953460693359375000e-01
9.962615966796875000e-01
9.837951660156250000e-01
9.949493408203125000e-01
9.923095703125000000e-01
9.979400634765625000e-01
9.981994628906250000e-01
9.954986572265625000e-01
9.921875000000000000e-01
9.984283447265625000e-01
9.984436035156250000e-01
9.396514892578125000e-01
9.766540527343750000e-01
9.991302490234375000e-01
9.971313476562500000e-01
9.994964599609375000e-01
9.977722167968750000e-01
9.714050292968750000e-01
9.950103759765625000e-01
9.328155517578125000e-01
9.687805175781250000e-01
9.933319091796875000e-01
9.794769287109375000e-01
9.909210205078125000e-01
9.859313964843750000e-01
9.978027343750000000e-01
9.978179931640625000e-01
9.966430664062500000e-01
9.932708740234375000e-01
9.973449707031250000e-01
9.446716308593750000e-01
9.477081298828125000e-01
9.685516357421875000e-01
9.244537353515625000e-01
9.983825683593750000e-01
9.899291992187500000e-01
9.816894531250000000e-01
9.731597900390625000e-01
9.922637939453125000e-01
9.922180175781250000e-01
9.853210449218750000e-01
9.946594238281250000e-01
9.967803955078125000e-01
9.983062744140625000e-01
9.925537109375000000e-01
9.538726806640625000e-01
9.379882812500000000e-01
9.969329833984375000e-01
9.909057617187500000e-01
9.954071044921875000e-01
9.807434082031250000e-01
9.931945800781250000e-01
9.959869384765625000e-01
9.932250976562500000e-01
9.977264404296875000e-01
9.978790283203125000e-01
9.979858398437500000e-01
9.758758544921875000e-01
9.913482666015625000e-01
9.975433349609375000e-01
9.948577880859375000e-01
9.977569580078125000e-01
9.970397949218750000e-01
8.942413330078125000e-01
9.971313476562500000e-01
9.947814941406250000e-01
9.914703369140625000e-01
9.660491943359375000e-01
9.893493652343750000e-01
9.943084716796875000e-01
9.220123291015625000e-01
9.918670654296875000e-01
9.968719482421875000e-01
9.953460693359375000e-01
9.922485351562500000e-01
9.981231689453125000e-01
9.835662841796875000e-01
9.736785888671875000e-01
9.980010986328125000e-01
9.985656738281250000e-01
9.821014404296875000e-01
9.972839355468750000e-01
9.896240234375000000e-01
9.468994140625000000e-01
9.336853027343750000e-01
9.976501464843750000e-01
9.958648681640625000e-01
9.981384277343750000e-01
9.273376464843750000e-01
9.781951904296875000e-01
9.780731201171875000e-01
9.901580810546875000e-01
7.705688476562500000e-01
7.537384033203125000e-01
8.214874267578125000e-01
9.804382324218750000e-01
9.969329833984375000e-01
9.939727783203125000e-01
9.952850341796875000e-01
9.960937500000000000e-01
9.900207519531250000e-01
9.822082519531250000e-01
9.983062744140625000e-01
9.964447021484375000e-01
9.990997314453125000e-01
9.951019287109375000e-01
9.974365234375000000e-01
9.987640380859375000e-01
9.467163085937500000e-01
9.990234375000000000e-01
9.871368408203125000e-01
9.754180908203125000e-01
9.981536865234375000e-01
9.972991943359375000e-01
9.911804199218750000e-01
9.980773925781250000e-01
9.891510009765625000e-01
9.964447021484375000e-01
9.900665283203125000e-01
9.988098144531250000e-01
9.962310791015625000e-01
9.987640380859375000e-01
9.735565185546875000e-01
9.421691894531250000e-01
9.978027343750000000e-01
9.870758056640625000e-01
9.967346191406250000e-01
9.500579833984375000e-01
