3.717401151879893839e-01
8.913825348870666465e-01
7.731858119101855387e-01
6.716069530894185347e-01
7.098876094601116460e-01
7.966934763181412471e-01
1.784342688330871618e-01
8.668941979522184482e-01
8.965444138223447323e-01
1.000000000000000000e+00
9.217654171704957600e-01
4.722411676442504480e-01
7.863713297520052992e-01
6.026618494806471604e-01
4.340953118946144773e-01
4.071031551414092120e-01
1.000000000000000000e+00
7.272334591620185362e-01
8.625946388377327967e-01
9.926253687315633734e-01
6.554595808963086245e-01
1.163123271999237304e-02
4.569978468163641838e-01
9.010834670947029945e-01
6.588533516930588085e-01
9.724152453148031672e-01
9.984851763687513371e-01
7.996343983468446881e-01
7.370824053452116331e-01
1.000000000000000000e+00
3.107584290206977240e-01
1.000000000000000000e+00
4.043014845831747195e-01
9.971268713140782891e-01
3.495809614168248203e-01
9.936363636363636509e-01
4.794844624066635363e-01
7.813020240077105383e-01
6.998705050303815067e-01
1.000000000000000000e+00
5.590804007192397007e-01
6.274220724515585657e-01
7.356921759747102607e-01
5.203104786545924565e-01
9.665582907570831050e-01
8.140911441871157006e-01
9.932982288176160912e-01
9.985085756897837950e-01
9.776951672862453924e-01
5.614798694232862042e-01
9.513513513513514042e-01
9.988179669030733399e-01
9.643534319302237146e-01
9.046584600531015763e-01
6.089537644922474735e-01
6.955850571163939566e-01
9.936993699369937039e-01
1.641290979261206956e-02
5.777619387027798092e-01
7.896103896103896513e-01
8.981958762886598224e-01
9.915870526165692089e-01
1.000000000000000000e+00
6.509897070467142166e-01
8.764488286066584033e-01
6.870325400679941907e-01
6.200931008128951483e-01
6.167232597623090173e-01
9.380560873972294544e-01
4.803112473473237221e-01
9.218620116375727536e-01
7.846674182638105899e-01
3.921699140747912371e-01
3.631041148853907941e-01
9.841252220248667415e-01
9.944223107569720721e-01
1.675816238081479226e-01
9.841040462427745883e-01
8.381961592865191379e-01
8.514696462885203987e-01
9.332669322709162829e-01
3.466999737049697439e-01
7.339578454332552626e-01
9.791469194312796276e-01
7.746051032806804404e-01
9.960334949316880238e-01
5.417420132610005767e-01
8.463671658347199367e-01
7.190241228070175517e-01
9.451013513513513153e-01
8.817421862520632425e-01
6.020735727919486191e-01
7.885375494071146241e-01
9.350289017341040232e-01
9.696726710386895098e-02
7.460122699386503298e-01
8.657565102735963469e-01
9.396565821749796044e-01
7.345641646489103893e-01
1.669192465901710443e-01
9.554956169925825638e-01
7.681660899653979246e-01
8.643906160595079546e-01
9.023630350381057763e-01
8.569602045708806237e-01
9.992625368731563595e-01
9.791492910758965440e-01
6.547119491225125154e-01
8.734850095683606153e-01
9.090081892629663374e-01
9.923547400611620883e-01
1.000000000000000000e+00
9.985169805724455339e-01
6.259246213455441632e-01
1.442446043165467595e-01
7.459016393442623460e-01
8.397976391231029014e-01
8.932138284250960014e-01
8.584675908579992853e-01
8.661087866108786448e-01
9.844176081028437331e-01
8.225331369661266212e-01
4.721340388007054800e-01
9.930978481526593349e-01
8.716981132075471983e-01
8.302173913043477960e-01
5.927317390361968030e-01
9.381862545750304649e-01
8.317439975877275460e-01
9.801274840644919051e-01
4.027900406145152878e-01
6.403638083052874963e-01
8.131883041993622774e-01
6.923402956734029390e-01
9.846098783106657093e-01
5.266479663394109112e-01
7.647058823529411242e-01
8.939243027888446047e-01
5.639129968927462100e-01
9.771428571428570908e-01
9.682692307692307709e-01
1.596029018709431146e-01
6.595637053430287722e-01
5.195343330702446583e-01
1.000000000000000000e+00
9.100086530141332508e-01
7.284017278617710422e-01
7.707414496130481352e-01
0.000000000000000000e+00
1.000000000000000000e+00
7.591907514450867422e-01
1.000000000000000000e+00
5.162459603458817714e-01
7.222982216142270762e-01
6.030659324304211699e-01
9.786011491975430410e-01
9.557165861513687855e-01
6.748958425671482964e-01
3.765637851175273609e-01
8.988142292490118868e-01
9.420248868778280382e-01
7.293015841386868425e-01
8.031584884376762323e-01
7.912087912087911734e-01
7.725949123674523689e-01
4.414420975965039906e-01
8.531346749226006443e-01
4.309327664097794552e-01
7.891971761615498293e-01
9.749886311959982121e-01
8.092995879929369973e-01
3.395194549040702614e-01
9.296164491894028936e-01
7.036587732919254989e-01
7.174744111481070608e-01
7.699016926602113564e-01
8.445327815290786244e-01
8.617353499479517565e-01
9.912514263978698947e-01
4.418676086622638777e-01
1.506282335550628293e-01
4.446888058060259330e-01
3.623985890652557385e-01
1.113357127064843188e-01
1.000000000000000000e+00
9.474446913341706411e-01
9.976937269372693207e-01
1.253093060785368529e-01
8.900922804884787709e-01
9.146044364662135884e-01
7.949099523187657113e-01
6.396086247508606659e-01
5.785886871941019471e-01
6.209517514871116806e-01
4.170665827498492018e-01
3.827728042584079282e-01
5.368612600206560392e-01
9.825440194292652807e-01
9.071207430340557654e-01
9.149983590416803647e-01
9.254058497157339191e-01
8.936814226258039673e-01
9.709090909090909438e-01
8.798479087452470981e-01
9.901761517615176311e-01
9.506242905788876429e-01
7.512216532553035453e-01
9.154575066627184121e-01
9.197814479076120708e-01
9.679446888749214661e-01
4.782037682477143226e-01
8.466688985604284845e-01
9.516483516483515981e-01
5.846646789194962501e-01
8.316540722082284010e-01
9.964937814236570768e-01
9.712990936555890853e-01
9.648776637726913519e-01
9.213118264220969689e-01
9.931903991370011342e-01
7.462277874440229608e-01
9.983520599250936822e-01
4.201888837281312905e-01
9.008551350436033722e-01
9.318287901418969010e-01
9.982327351821642658e-01
7.603831006086645417e-01
9.694057344225532891e-01
1.977061498912398574e-01
7.799611315050745119e-01
9.846277101797606957e-01
6.226448886023353557e-01
9.995487946371020005e-01
8.135824246311738062e-01
9.974189609236234766e-01
8.979395553582658618e-01
9.915824915824915653e-01
9.999578023461895837e-01
9.931379040510444067e-01
9.896871579189951973e-01
9.951272026743724908e-01
6.017250738886543715e-01
9.042001555613170538e-01
8.339260312944523079e-01
9.765424649268366064e-01
9.750490608354359656e-01
7.803666025971590647e-01
5.522755567851708181e-01
9.608193462341779734e-01
4.220867325032202633e-01
9.949549549549550065e-01
9.719749423013518408e-01
9.607118545171642321e-01
9.996088948485863934e-01
9.794815358278308182e-01
9.738589648993359882e-01
8.550059973188457452e-01
9.809983896940418502e-01
8.080397686535060187e-01
8.813302367589187503e-01
5.000973020787262691e-01
8.617285704140330571e-01
9.168424558676584457e-01
9.996285289747399716e-01
9.998354397051079090e-01
9.466541353383458590e-01
8.328795098706602840e-01
9.285714285714286031e-01
9.617425384383478937e-01
4.533705748043714290e-01
7.312365710898718341e-01
8.066435299950421856e-01
9.997293395885962219e-01
9.938999593330621884e-01
8.914664457332228675e-01
9.573549670901576603e-01
8.158894645941278112e-01
9.924726421658548459e-01
9.973477046358737441e-01
9.964366699060576149e-01
5.574667504450727673e-01
7.503726893261777331e-01
9.354786676344866159e-01
9.839153568589077414e-01
9.993918816196220023e-01
8.657271178565897340e-01
9.793258867332941264e-01
9.920958379646782621e-01
9.975019721272679885e-01
8.928421318090113967e-01
9.352412874393021269e-01
7.265255070133118664e-01
9.119576185671038893e-01
8.340702095676010286e-01
9.636188305426492962e-01
5.580814604322741346e-01
9.683678160919539923e-01
9.646510631460554208e-01
6.984540276647680512e-01
9.999377954715102934e-01
9.951998799969998810e-01
8.526657510300911236e-01
9.645951704545454586e-01
7.502353465788039744e-01
9.528220886619368502e-01
9.977330967869111333e-01
9.931721194879089554e-01
7.074761866645321584e-01
9.920154332565243038e-01
9.594444444444444331e-01
7.330495275672308519e-01
1.000000000000000000e+00
7.934352853412905970e-01
5.047440796485481718e-01
9.300334448160535450e-01
9.320842309169546924e-01
8.598406496590822456e-01
7.799587179187599251e-01
9.602833143091287216e-01
3.785770031217481901e-01
9.936590158078056900e-01
8.446144267544249962e-01
9.994240737185640100e-01
7.367790905188966732e-01
9.999241332220620837e-01
7.535583873612042849e-01
1.000000000000000000e+00
9.173909699253903760e-01
9.590078953664566974e-01
9.944666461727635909e-01
8.772107124810509804e-01
9.952009757132251888e-01
5.957576993677340393e-01
9.978656367517023673e-01
9.991431019708654215e-01
9.766409495548961095e-01
8.975647972840634647e-01
9.978604923798358728e-01
7.988262590418998554e-01
6.921550597686686457e-01
9.938501494585191276e-01
9.653243228272309073e-01
6.923236946120241431e-01
8.798607391537225375e-01
9.994601192432279735e-01
7.785687239681938765e-01
9.366958070640073464e-01
9.051312774589560517e-01
9.902972431849684787e-01
9.102245975695106850e-01
9.997496244366549378e-01
9.995740653099858264e-01
7.846523965208809237e-01
8.515463917525772919e-01
9.873506297771558193e-01
9.962121212121212155e-01
9.974502213671448958e-01
8.434214434214434286e-01
9.896718205707999427e-01
9.266795230036600772e-01
8.916131989000916080e-01
6.323342323545875221e-01
1.000000000000000000e+00
9.503066429758697531e-01
7.159439130838517462e-01
9.991516436903499221e-01
9.900195535277822589e-01
7.602109759818664880e-01
9.631830665782744605e-01
9.337359822788314778e-01
9.672553626923368064e-01
9.879715691634772812e-01
9.724273756770064336e-01
8.816450147445604735e-01
9.692487349163098065e-01
9.877513987600181622e-01
9.907268920131618861e-01
6.732859789993823618e-01
9.978905337702942413e-01
9.998790517658442401e-01
8.163682864450128029e-01
9.163267828451365782e-01
9.927330733782346872e-01
5.862103522573532954e-01
9.907666941467435651e-01
9.381173150574481090e-01
8.642630812708743671e-01
9.344799916268360374e-01
7.462088199407356237e-01
8.744886975242195382e-01
9.785276073619632031e-01
6.067980990569540323e-01
9.240019240019240465e-01
7.172288847559802338e-01
3.957377338510412734e-01
5.657179898752932035e-01
9.961050634175572238e-01
9.963758389261745396e-01
5.215907555075010027e-01
9.888357256778309567e-01
1.000000000000000000e+00
7.616338913267240995e-01
9.776104757996896266e-01
9.136230058774139628e-01
9.674926119572629934e-01
8.172028626847702704e-01
9.624137931034483229e-01
8.989504772955012601e-01
9.528271405492729773e-01
8.191166160317830958e-01
9.981711923031050260e-01
7.914913510986442136e-01
8.452980132450330641e-01
9.213395638629283679e-01
9.353926701570680624e-01
9.239637354027534499e-01
9.184503920336123395e-01
9.981029467560389445e-01
1.000000000000000000e+00
4.395382718816541745e-01
9.222939695742584654e-01
6.994096219067956755e-01
1.000000000000000000e+00
5.878517501715854188e-01
8.379496056934025994e-01
1.668818677699017150e-01
9.681284966612524467e-01
9.905441481000972770e-01
7.893170426065162504e-01
8.922649374710514003e-01
9.991161392964468257e-01
6.935940632945407636e-01
9.865180343177307742e-01
7.267855714628489450e-01
9.344787419918462179e-01
9.179083497329210140e-01
8.031845799287660181e-01
9.519590955076149275e-01
7.105062325108114640e-01
7.247794076322149337e-01
4.813674984946811897e-01
7.416234403476797965e-01
7.087997244704666855e-01
4.472079727792458992e-01
6.519978401727861694e-01
8.380728787778586319e-01
8.197218046906687983e-01
9.554228855721392799e-01
8.944604316546762579e-01
9.654870357393132707e-01
9.673988842398884014e-01
9.586656460653349976e-01
9.130434782608695121e-01
9.745810849190570391e-01
8.956964105156723921e-01
9.792822529672027265e-01
7.868101353696632660e-01
9.555091071961779869e-01
8.702478522760935808e-01
8.744290192566054332e-01
9.941874258600237324e-01
7.505070993914807476e-01
8.525598769501208096e-01
2.129876423552217249e-02
1.000000000000000000e+00
9.437982552892810739e-01
9.928813430279036512e-01
9.891024370913413799e-01
7.470873672613047578e-01
9.654780508594971167e-01
9.987679476851631932e-01
9.277783236710228643e-01
9.539778808419550060e-01
9.968982630272953394e-01
5.258579023682938836e-01
8.283752860411899288e-01
5.710172744721688787e-01
9.957173447537472910e-01
8.624113475177305199e-01
6.933158584534730995e-01
8.621004566210045406e-01
9.727802981205443400e-01
9.634551495016611122e-01
2.161931211279640996e-01
6.993810786914235189e-01
9.459183673469387932e-01
9.741758241758241565e-01
9.898989898989899450e-01
9.633827375762860079e-01
7.342767295597484312e-01
8.935879945429741067e-01
7.663589623743864987e-01
7.481035835731101313e-01
9.612403100775194220e-01
6.735891647855530850e-01
9.664040568686045329e-01
8.110412926391382671e-01
9.857679914070891503e-01
9.123563218390804419e-01
9.287658802177858330e-01
8.040147913365028876e-01
9.275996112730806598e-01
2.948013524936601848e-01
7.871825039795141699e-01
7.244153414405987146e-01
5.415911379657603053e-01
9.317585301837270073e-01
1.000000000000000000e+00
9.731805590531352745e-01
9.997625267157445039e-01
8.411552346570396743e-01
7.894273127753304031e-01
8.344370860927152744e-01
9.268571428571428239e-01
9.392857142857142794e-01
9.830097087378640852e-01
9.172214824678206480e-01
8.938492063492063933e-01
4.664584262977837237e-01
9.978828510938603236e-01
8.198997300424218926e-01
9.647119875454073235e-01
6.470774091627171654e-01
7.668881506090808875e-01
9.580944850761019538e-01
8.206195099398982951e-01
9.401709401709401615e-01
9.894206549118388372e-01
8.980000000000000204e-01
7.531657184804551042e-01
1.000000000000000000e+00
9.860406091370558235e-01
8.434925864909390558e-01
8.768768768768768762e-01
9.868667917448404880e-01
7.609853101545961396e-01
9.937238493723848931e-01
8.865814696485623259e-01
9.048155449169248410e-01
7.073206442166910524e-01
7.634446397188049405e-01
9.014916096954630476e-01
5.642760487144790060e-01
8.768056691196510766e-01
8.759521218715995428e-01
9.904815229563269652e-01
9.103419516263553390e-01
9.622272875284924032e-01
7.845448592010477729e-01
9.672430355427473758e-01
9.331941544885177242e-01
9.854341736694678389e-01
7.173388486728714541e-01
9.429193899782135624e-01
9.226746357863280235e-01
4.789371354504212697e-01
7.245375076235006651e-01
9.850634802091112752e-01
6.672694394213382063e-01
9.656226126814362321e-01
8.685076548862498136e-01
8.237528906508093662e-01
9.196271101033005602e-01
9.910654079568442798e-01
9.897435897435897800e-01
5.582155128710640790e-01
4.222433661063537125e-01
9.041749040586114505e-01
8.388501742160279218e-01
8.641750227894257064e-01
9.697975439761035155e-01
8.959467634603750508e-01
7.741312741312741386e-01
7.303311258278145646e-01
9.522365428354814254e-01
9.345341184620713504e-01
9.821640903686087443e-01
9.935768767563227799e-01
8.646616541353383534e-01
9.661654135338345606e-01
7.677030084639235863e-01
9.396709323583181117e-01
9.104119850187265550e-01
9.173755907700862355e-01
9.717948717948717841e-01
9.700557103064066933e-01
9.409984871406958939e-01
9.331046312178388202e-01
1.000000000000000000e+00
7.463235294117647189e-01
7.776694295465627071e-01
9.490445859872611578e-01
8.567753001715265881e-01
9.180555555555555136e-01
7.982470925332884049e-01
5.942754919499105837e-01
9.059065934065934078e-01
5.306122448979592177e-01
9.203323558162267437e-01
5.840956034228386162e-01
