9.192607565694485006e-01
1.000000000000000000e+00
1.000000000000000000e+00
9.900311526479750324e-01
5.603613468382151463e-01
9.576131947296913083e-01
1.000000000000000000e+00
9.999837996338717394e-01
9.973034742432463906e-01
9.760336880047135732e-01
7.826982851954038534e-01
9.993039443155452561e-01
9.469844264346353180e-01
1.000000000000000000e+00
9.698685999093792365e-01
7.217054641083081590e-01
7.681832100436751798e-01
9.676133127186915539e-01
9.928983895843047636e-01
9.915407730621990101e-01
6.399959717012009275e-01
7.852910812873109547e-01
9.873735844486162261e-01
9.980017175320385903e-01
8.618902983741290047e-01
9.966604701663184240e-01
9.854387260937371718e-01
1.000000000000000000e+00
9.771730674022207630e-01
9.797030180310480896e-01
9.947791328465962479e-01
9.583201379358879946e-01
9.931492894616207323e-01
9.947728391290328043e-01
1.000000000000000000e+00
9.999844807250605205e-01
8.846816524422005390e-01
7.466511464626868211e-01
9.852244265455790684e-01
9.567675010870240193e-01
5.454718614718614411e-01
1.000000000000000000e+00
9.706249999999999600e-01
1.000000000000000000e+00
9.994162472587286850e-01
6.972057754232886539e-01
9.986760603338219466e-01
9.981462730742269862e-01
9.998497169669544604e-01
1.000000000000000000e+00
9.984334459294071928e-01
9.999227083011285044e-01
9.988546637744034618e-01
1.000000000000000000e+00
8.201608809402943789e-01
1.000000000000000000e+00
9.994101668606907296e-01
1.000000000000000000e+00
9.986963655570789689e-01
9.952337644839666098e-01
9.999841792178205679e-01
9.615023153290159774e-01
8.197053377854440770e-01
1.000000000000000000e+00
9.017133427170800353e-01
1.000000000000000000e+00
9.935475040572512295e-01
1.000000000000000000e+00
1.000000000000000000e+00
9.690513092421894070e-01
9.999841596705211222e-01
1.000000000000000000e+00
1.000000000000000000e+00
9.952260792470845052e-01
9.785592980469856039e-01
9.991132683063425057e-01
5.473948203500870191e-01
9.999691567454197516e-01
9.908919202518362557e-01
6.561414756638349610e-01
9.999360245665663838e-01
1.000000000000000000e+00
9.997729899290077604e-01
9.987654518927066016e-01
1.000000000000000000e+00
9.996522673747767485e-01
1.000000000000000000e+00
1.000000000000000000e+00
1.000000000000000000e+00
1.000000000000000000e+00
9.948026948989412421e-01
1.000000000000000000e+00
1.000000000000000000e+00
1.000000000000000000e+00
1.000000000000000000e+00
1.000000000000000000e+00
9.996910613758066555e-01
9.903159500752262145e-01
1.000000000000000000e+00
1.000000000000000000e+00
9.986261377296925534e-01
1.000000000000000000e+00
1.000000000000000000e+00
1.000000000000000000e+00
8.970050167854852763e-01
9.997974446868183040e-01
9.995156524968114020e-01
9.517496014097507340e-01
9.737149244653395819e-01
9.998603286931421197e-01
9.996980292434838322e-01
9.720484264531064067e-01
9.782116918680795470e-01
9.997369297953313527e-01
1.000000000000000000e+00
9.784473138849035800e-01
9.999828825744607741e-01
1.000000000000000000e+00
1.000000000000000000e+00
9.992327325681537031e-01
9.992218393177595415e-01
1.000000000000000000e+00
7.169904837430610689e-01
9.989060295213483265e-01
1.000000000000000000e+00
1.000000000000000000e+00
1.000000000000000000e+00
9.999841463607971326e-01
1.000000000000000000e+00
9.987116066741955622e-01
1.000000000000000000e+00
9.979042017374843976e-01
1.000000000000000000e+00
9.421550671550671385e-01
9.996493576870357778e-01
1.000000000000000000e+00
1.000000000000000000e+00
9.998583301851152738e-01
1.000000000000000000e+00
9.994183395953529780e-01
9.994232248141502462e-01
1.000000000000000000e+00
9.998994388688884349e-01
7.988628158844764959e-01
5.895084947652184937e-01
9.518439156422691116e-01
1.000000000000000000e+00
9.949159076671003632e-01
1.000000000000000000e+00
8.324320759694011640e-01
6.970607882431529845e-01
9.983341530358077476e-01
1.000000000000000000e+00
1.000000000000000000e+00
1.000000000000000000e+00
9.970419537534720433e-01
9.995242022457654363e-01
9.998603806953041406e-01
1.000000000000000000e+00
9.990120017492427618e-01
1.000000000000000000e+00
9.999717713479181480e-01
9.345520636657196345e-01
8.753579248778844413e-01
1.000000000000000000e+00
9.665482762614369117e-01
9.928273257354890413e-01
1.000000000000000000e+00
9.962149886449659375e-01
9.993842461752214801e-01
1.000000000000000000e+00
1.000000000000000000e+00
9.999841287475994545e-01
1.000000000000000000e+00
1.000000000000000000e+00
1.000000000000000000e+00
1.000000000000000000e+00
1.000000000000000000e+00
9.991256934840320181e-01
1.000000000000000000e+00
1.000000000000000000e+00
1.000000000000000000e+00
8.786640133383530893e-01
1.000000000000000000e+00
9.942063697566028146e-01
9.975355621998731603e-01
9.993214240626183686e-01
1.000000000000000000e+00
9.999156811905816067e-01
9.993591631016506271e-01
9.900027599742402540e-01
1.000000000000000000e+00
1.000000000000000000e+00
8.827986492190798007e-01
9.897821406415355794e-01
1.000000000000000000e+00
9.350264362984758160e-01
9.991857230101106602e-01
9.999367838798893793e-01
9.999839971835042807e-01
9.992343483126214787e-01
9.989823986771182440e-01
7.029975687071061685e-01
1.000000000000000000e+00
9.954301418893007902e-01
9.838340248962655910e-01
9.991071713274448651e-01
9.999319519580823767e-01
9.994607101229928681e-01
9.991242474001095220e-01
7.553947397188395252e-01
9.930181175430844442e-01
9.995669676508797119e-01
9.983745500986880295e-01
9.980998828261076206e-01
9.702300674335581077e-01
9.997425069523122598e-01
9.881566518927559217e-01
9.963746867836007493e-01
9.498494647636038790e-01
9.974406929815926581e-01
9.980462445422265683e-01
1.000000000000000000e+00
9.996182659731831510e-01
9.925070521861777406e-01
9.539587596411144288e-01
9.962107276874402340e-01
9.826623716121632990e-01
9.955231858880128071e-01
1.000000000000000000e+00
9.319214309228575077e-01
1.000000000000000000e+00
8.526138866349831646e-01
8.986842105263157521e-01
9.629541757049892015e-01
9.996883359738202302e-01
9.966569767441860739e-01
9.028634255939576025e-01
9.628597957288764775e-01
9.992112746217232111e-01
9.591329588406038997e-01
1.000000000000000000e+00
1.000000000000000000e+00
9.995087273147612583e-01
9.997704579364168342e-01
9.777834126550675187e-01
9.142257585031039469e-01
1.000000000000000000e+00
9.441795557622979507e-01
9.347558473533031931e-01
9.973709787925623127e-01
9.999645622552580937e-01
9.588392261507672210e-01
9.873210462236030605e-01
9.181205875192729460e-01
9.983585791004300214e-01
1.000000000000000000e+00
9.999519469494321244e-01
9.670962680712764659e-01
9.990444199918920853e-01
9.554988347575186225e-01
1.000000000000000000e+00
9.999292398591873576e-01
9.931340603803697764e-01
8.821404187528447682e-01
9.827152249845900744e-01
1.000000000000000000e+00
1.000000000000000000e+00
9.708644874250756951e-01
1.000000000000000000e+00
1.000000000000000000e+00
1.000000000000000000e+00
9.560966611326323639e-01
9.880731015570707321e-01
1.000000000000000000e+00
9.956496607952298739e-01
9.888553987994225247e-01
9.850584189675628544e-01
8.216647283601927754e-01
9.985849533371516928e-01
9.965252377468910572e-01
9.763046815042210058e-01
9.839283361875905687e-01
9.996340347666972104e-01
9.638451629805907528e-01
9.995937642817244173e-01
1.000000000000000000e+00
9.998955413569178274e-01
9.846196645735633135e-01
9.192290552584669872e-01
1.000000000000000000e+00
9.996292004634994566e-01
9.999826412998195080e-01
9.993708933314693343e-01
9.905435138804362660e-01
1.000000000000000000e+00
9.999634108413677502e-01
8.904376817762644780e-01
1.000000000000000000e+00
5.634966489484631857e-01
9.389503473115513588e-01
9.999277265171409024e-01
9.952375856164383805e-01
1.000000000000000000e+00
9.452486135915029175e-01
9.959198411265571815e-01
9.997607083034218967e-01
1.000000000000000000e+00
9.999146666666666183e-01
9.999667420513502769e-01
1.000000000000000000e+00
9.168715017620754359e-01
9.991220368744512248e-01
9.972660435216315067e-01
1.000000000000000000e+00
9.854944277374845241e-01
9.536175322725908288e-01
9.969679875899026822e-01
7.946698970321017796e-01
1.000000000000000000e+00
9.664736265456252973e-01
1.000000000000000000e+00
8.627559652295665460e-01
9.962856739856128518e-01
9.791232929042116284e-01
1.000000000000000000e+00
9.995232646834477652e-01
9.999048253545255172e-01
9.959216965742251348e-01
9.994442153575846532e-01
1.000000000000000000e+00
9.884974838245865758e-01
1.000000000000000000e+00
9.851877120850315306e-01
9.337812110204171123e-01
7.634445346204775662e-01
9.997013082697783215e-01
9.278711484593837877e-01
9.834921363792905602e-01
1.000000000000000000e+00
9.564760132675349524e-01
6.157150980350862834e-01
9.520494245303728897e-01
9.926230671017165497e-01
9.128368361384843199e-01
1.000000000000000000e+00
9.940968122786304484e-01
9.790704146952406983e-01
9.888867745004756848e-01
1.000000000000000000e+00
9.927736490271501513e-01
9.340179255055622853e-01
1.000000000000000000e+00
1.000000000000000000e+00
9.985306018143873530e-01
9.936020913593835990e-01
8.632283991962491632e-01
9.980229711918658930e-01
9.994102454599068652e-01
9.856455752984274454e-01
9.518940433708481530e-01
9.999346191565871012e-01
9.851725062382710174e-01
9.430015180186737123e-01
1.000000000000000000e+00
8.403517552012582659e-01
9.946325753879183829e-01
9.986148608991666231e-01
8.676824034334763569e-01
8.055985552115583204e-01
9.266922094508301955e-01
9.681413915385053137e-01
9.900843486410496608e-01
9.982075640795841087e-01
9.990024340608913977e-01
9.931370674823170042e-01
9.992073071864809863e-01
9.782543129448666441e-01
9.832516863730795809e-01
9.537755102040815780e-01
9.999103315937662995e-01
8.954679223072395944e-01
9.943965199439651625e-01
1.000000000000000000e+00
1.000000000000000000e+00
1.000000000000000000e+00
9.995915260216491349e-01
9.649208282582216745e-01
1.000000000000000000e+00
1.000000000000000000e+00
9.998547215496368379e-01
9.862015769626328865e-01
1.000000000000000000e+00
9.557522123893805732e-01
1.000000000000000000e+00
1.000000000000000000e+00
9.975865857392431924e-01
9.675126198305006309e-01
9.947412353923205108e-01
9.998321615724595768e-01
7.275242472217525735e-01
1.000000000000000000e+00
9.726879679426342351e-01
9.918417523468932018e-01
9.997382926869162745e-01
1.000000000000000000e+00
1.000000000000000000e+00
9.788512654570669103e-01
1.000000000000000000e+00
1.000000000000000000e+00
9.219225911893618175e-01
1.000000000000000000e+00
9.997758079536439579e-01
9.998789597454695866e-01
9.994998749687421524e-01
9.999225466656339600e-01
9.751054971820215522e-01
9.552313763003706937e-01
8.985317156702007368e-01
1.000000000000000000e+00
9.993439599992908207e-01
4.067911419887103586e-01
9.869002233679861069e-01
1.000000000000000000e+00
9.874608851139919929e-01
1.000000000000000000e+00
9.366921307922074780e-01
9.966607739147514966e-01
1.000000000000000000e+00
1.000000000000000000e+00
9.342313787638668598e-01
9.819336791188297831e-01
9.815090285525391867e-01
1.000000000000000000e+00
7.026150853684892672e-01
1.000000000000000000e+00
1.000000000000000000e+00
9.590512032593309089e-01
1.000000000000000000e+00
1.000000000000000000e+00
9.924136264798260054e-01
1.000000000000000000e+00
1.000000000000000000e+00
1.000000000000000000e+00
1.000000000000000000e+00
1.000000000000000000e+00
8.963721796554205978e-01
9.971410156830989857e-01
9.989735843210163502e-01
1.000000000000000000e+00
9.883311419984973645e-01
9.924511722650477541e-01
1.000000000000000000e+00
9.996067972783533317e-01
8.481763456090651854e-01
7.272160165311811753e-01
9.995501750405820784e-01
9.973788733979770393e-01
9.118413497637030130e-01
9.998160784241599819e-01
9.947641228592442042e-01
9.969661253710494497e-01
1.000000000000000000e+00
1.000000000000000000e+00
6.561331746324453595e-01
9.920449227889565069e-01
9.631751852700740635e-01
9.925984720706418907e-01
9.928312278707872585e-01
8.770453573788332680e-01
9.916728557603582406e-01
9.972000939323325541e-01
9.999840594264581828e-01
9.961516801201426574e-01
1.000000000000000000e+00
1.000000000000000000e+00
1.000000000000000000e+00
9.995634209090200617e-01
1.000000000000000000e+00
1.000000000000000000e+00
9.998894957850534837e-01
9.999687465816573528e-01
9.999843825646952400e-01
1.000000000000000000e+00
1.000000000000000000e+00
1.000000000000000000e+00
9.985090087262226133e-01
1.000000000000000000e+00
9.999223469847333678e-01
1.000000000000000000e+00
1.000000000000000000e+00
9.994217265592730826e-01
1.000000000000000000e+00
9.998952513966480327e-01
9.999842074509246448e-01
9.994311195933422987e-01
1.000000000000000000e+00
9.999352876464117079e-01
9.998908705412821174e-01
9.997315732962799295e-01
1.000000000000000000e+00
1.000000000000000000e+00
1.000000000000000000e+00
1.000000000000000000e+00
9.989699456729411731e-01
8.919001546595690666e-01
9.999844703616852515e-01
9.906797974299335063e-01
9.893458470957866568e-01
9.632345991720696610e-01
1.000000000000000000e+00
1.000000000000000000e+00
9.971303333228217491e-01
9.998388032755174404e-01
1.000000000000000000e+00
9.996828618546238499e-01
9.999508438472882732e-01
9.810556994818653287e-01
1.000000000000000000e+00
9.990174519253263163e-01
1.000000000000000000e+00
9.980977534625603553e-01
1.000000000000000000e+00
1.000000000000000000e+00
1.000000000000000000e+00
1.000000000000000000e+00
1.000000000000000000e+00
9.998741168510330013e-01
1.000000000000000000e+00
1.000000000000000000e+00
9.932092074220493227e-01
9.995251060596467285e-01
1.000000000000000000e+00
1.000000000000000000e+00
9.999053687464513063e-01
9.658838368670791263e-01
9.979095938639507279e-01
1.000000000000000000e+00
9.992578849721707179e-01
1.000000000000000000e+00
1.000000000000000000e+00
1.000000000000000000e+00
1.000000000000000000e+00
9.999030177639128825e-01
1.000000000000000000e+00
9.998431372549019258e-01
1.000000000000000000e+00
9.999519731049387739e-01
1.000000000000000000e+00
9.918550230381307786e-01
1.000000000000000000e+00
9.997803956016376725e-01
9.764827971581384602e-01
9.973751205705159162e-01
9.903434671248348975e-01
1.000000000000000000e+00
1.000000000000000000e+00
9.991588391980933404e-01
1.000000000000000000e+00
9.997975929126380334e-01
9.862162023673287647e-01
9.999663763827713048e-01
9.964582103545261971e-01
9.901684450708005958e-01
8.698672018312663123e-01
1.000000000000000000e+00
1.000000000000000000e+00
9.999824367283137727e-01
1.000000000000000000e+00
9.999368507467398803e-01
9.968171712809685836e-01
9.995616987304917211e-01
9.998109164250599257e-01
1.000000000000000000e+00
1.000000000000000000e+00
1.000000000000000000e+00
9.999227142746734964e-01
9.970604749479803353e-01
1.000000000000000000e+00
9.999685900053396637e-01
1.000000000000000000e+00
1.000000000000000000e+00
9.989806493263790887e-01
1.000000000000000000e+00
9.993977392056334619e-01
9.996489212306907124e-01
5.712617186283365234e-01
1.000000000000000000e+00
9.962344338369713004e-01
1.000000000000000000e+00
1.000000000000000000e+00
9.999535560578381999e-01
1.000000000000000000e+00
9.999691434213774377e-01
1.000000000000000000e+00
1.000000000000000000e+00
9.999843945068663809e-01
1.000000000000000000e+00
1.000000000000000000e+00
1.000000000000000000e+00
