6.186910197869102124e-01
8.227593152064450743e-01
7.513830133420110746e-01
7.202297456117071617e-01
4.858763420288550461e-01
3.372234010306153218e-01
3.414634146341463672e-01
8.530259365994236065e-01
7.473923762564005369e-01
8.314558979808713834e-01
3.773038191145734466e-01
4.260450526220080358e-01
7.005819185314056119e-01
3.379379964402411951e-01
6.277615364689338451e-01
4.755549271878976580e-01
1.933248322891833459e-01
7.063156713906443285e-01
7.139165390505359809e-01
9.540051679586563083e-01
3.696249779324607410e-01
5.222240830681628143e-01
5.643653904130238042e-01
8.071026586454492779e-01
5.806243619364891417e-01
8.751940993788820400e-01
7.861915367483296446e-01
1.266719687658159343e-01
5.650154798761609642e-01
6.028045893279913026e-01
3.342175066312997322e-01
7.867933061962912866e-01
6.254948535233570972e-01
9.313572542901715767e-01
1.245616769266734147e-01
9.328558639212175541e-01
4.868178466076696354e-01
4.372840560580767977e-01
5.218332731865752416e-01
2.600364963503649651e-01
2.394513470291548818e-01
5.286436394271272210e-01
7.097224962188465325e-01
4.668822768434670034e-01
8.244567533020877859e-01
5.394773900797996680e-01
9.245960502692998073e-01
8.709677419354838745e-01
9.602532536053464129e-01
0.000000000000000000e+00
8.797540423593714909e-01
8.792735042735042583e-01
9.148568608094768129e-01
8.447984552256818658e-01
5.477167778347871163e-01
6.140080222153656564e-01
8.851351351351350871e-01
1.522541244327579694e-02
5.847365175734003939e-01
8.109576968272620423e-01
8.701243034719245983e-01
7.267478479949611714e-01
1.670346890804188245e-01
2.002530844669408450e-01
8.095103711020177339e-01
3.089363121040346605e-01
7.011965582145738285e-01
5.840407470288624392e-01
8.088963963963964332e-01
3.248743410567610512e-01
8.714344770566350151e-01
7.968456627863311770e-01
3.642139658719593109e-01
3.838699169336011741e-01
8.288636991982305524e-01
8.921852387843705046e-01
2.096749765243994812e-01
8.822695035460993429e-01
7.524844943604971359e-01
6.593675809466080784e-01
8.082644628099173723e-01
2.427031291085984810e-01
7.252165823594395322e-01
9.274096385542168752e-01
7.358834244080145748e-01
9.473002159827214053e-01
4.814653292629742509e-01
7.505506607929515184e-01
6.558388157894736725e-01
8.485232067510548593e-01
8.367464515791127599e-01
2.442738157209786432e-01
7.444946357989836727e-01
8.528188539741220486e-01
0.000000000000000000e+00
6.662576687116564811e-01
8.363366663004065948e-01
8.203975890874484200e-01
6.861380145278450637e-01
1.904308291838060219e-01
8.704477611940298898e-01
6.574394463667819766e-01
8.422658783139423955e-01
8.756650529645784165e-01
5.832517140058766092e-01
8.835477318889640719e-01
8.845422439554468941e-01
6.302890386924000499e-01
7.326478149100257298e-03
8.635983263598326909e-01
9.584905660377358583e-01
4.614499424626006818e-01
7.048315936726567976e-01
5.221145991364219974e-01
2.203836930455635446e-01
3.876624393298888638e-01
7.429453881791380221e-01
8.681960161810640120e-01
8.025009366804046751e-01
6.655974338412189439e-01
9.135174418604651292e-01
7.452135493372606945e-01
7.385866043552535842e-01
9.004196871423121307e-01
2.270992366412213637e-01
7.979841303881621828e-01
4.912217325337764340e-01
8.954619124797407181e-01
7.992537032151068033e-01
9.191335740072201776e-01
5.091529813408676164e-01
6.542183415827818038e-01
7.446235951244883911e-01
7.391120220893399040e-01
9.469148569458807341e-01
3.093673876134937495e-01
4.651162790697674354e-01
3.102477477477477708e-01
5.039108539590699820e-01
8.759652509652510188e-01
9.370716510903426277e-01
1.515082092401680014e-01
6.705011814450938523e-01
4.518515094077943939e-01
6.160850851919041221e-02
4.108537220197813755e-01
6.479481641468682884e-01
6.722662565558579217e-01
2.001293242806336803e-01
3.201889639787415254e-01
1.898823921928434466e-01
9.384441087613293320e-01
5.407187459062923196e-01
5.225718194254446169e-01
2.903705908617353892e-01
9.371692485326662547e-01
8.868296529968454633e-01
6.403116561158085362e-01
3.911086100168824076e-01
8.276915245609569594e-01
6.740547588005214585e-01
7.982217264345943253e-01
5.654802387969469768e-01
5.369134461172331285e-01
6.916103510796109965e-01
1.509373804361688609e-01
6.975593104625362750e-01
5.362211001860217596e-01
7.336520883138799576e-01
9.159120310478654492e-01
6.297822248381400589e-01
3.161197776582391761e-01
8.120124804992199241e-01
6.795692665890570305e-01
5.005549389567147678e-01
7.194175474905758483e-01
7.727074711391853645e-01
7.757026513991794880e-01
9.303428154631655511e-01
1.639277120769979113e-01
8.100517368810052077e-02
6.586760501429513859e-01
7.804221603967581578e-01
8.388869587189286270e-02
8.642659279778392989e-01
8.865400804414927949e-01
8.832179930795848177e-01
2.921732114039806150e-01
8.304580278895441481e-01
8.539284396901511975e-01
7.277037570519745424e-01
5.062959076600209718e-01
6.699089275757388329e-01
7.014147112877718859e-01
8.087199290299014187e-01
3.572062263085732936e-01
6.529792746113989299e-01
9.436307146027519410e-01
8.791739894551845458e-01
8.740644321509924985e-01
8.688076528869149717e-01
8.040955631399316905e-01
2.810136930308603995e-02
8.159695817490494330e-01
8.344351825237137366e-01
6.093219346527696256e-01
8.424052105140730218e-01
8.837415166715845150e-01
8.880154795017535241e-01
8.541912632821723195e-01
6.422288382163880982e-01
8.453967603034652223e-01
7.552556449519854942e-01
4.933663541482398718e-01
7.449149716572190938e-01
8.761849374818261316e-01
9.492724058207534510e-01
9.444270425476376518e-01
9.141403358952462366e-01
8.919149204746276149e-01
7.018739838557859212e-01
9.091041940669296606e-01
1.958507508902306848e-01
9.018903032097095318e-01
8.524940727999628098e-01
8.363843741089249662e-01
5.817056156260900224e-01
7.660264728782766319e-01
1.839380286143387777e-01
5.976493814973624641e-01
8.409148773656963671e-01
2.347589368865964643e-01
8.628197997775305383e-01
7.865106606869942674e-01
9.597037037037037255e-01
8.209849157054126545e-01
9.612989323843416090e-01
8.497667743092931492e-01
9.438159769680402045e-01
9.620412844036697608e-01
7.516429076938631049e-01
4.644429700223173807e-01
7.709359605911330071e-01
7.784638262106420292e-01
8.867612825711496116e-01
8.652190427956444330e-01
8.689900676804078739e-01
4.010513210679208518e-01
8.511869187922832536e-01
5.194198749083968059e-01
8.783294968760275712e-01
9.040149188240456102e-01
8.575227797881153080e-01
9.551051131781278514e-01
9.320098096461520987e-01
9.093727394853776680e-01
8.012698412698412431e-01
9.403655017633857360e-01
7.960821539523644796e-01
8.600966183574879631e-01
3.657474090988933613e-01
7.413180882039628328e-01
8.164985031599956145e-01
9.160696008188331518e-01
8.729597701149425237e-01
8.178570152559934137e-01
7.219196732471069300e-01
8.569250871080139609e-01
8.911347620566656413e-01
3.484294296291370330e-01
7.068607838778987462e-01
7.471492315319782085e-01
9.137959658006142849e-01
9.292184861047136923e-01
7.619096934548467148e-01
8.757244829479592374e-01
6.947202757897102954e-01
9.272694675192733049e-01
8.691372606919631760e-01
8.958563100677485735e-01
4.724853228962818119e-01
7.913659710031857308e-01
8.561582925744775086e-01
9.307111544081831944e-01
9.093471330222242521e-01
8.154152011010857848e-01
9.078625281503965860e-01
9.079822616407982050e-01
9.439048686340431038e-01
8.779465581747183389e-01
7.987194362081561083e-01
7.443050364833599941e-01
8.260267069790879768e-01
8.124448367166813290e-01
9.138496952129246953e-01
6.482036542804352486e-01
9.014873301505692549e-01
8.816459414471751188e-01
6.517493897477624198e-01
8.744696282864914405e-01
9.007335461522787412e-01
7.945678396140087862e-01
9.284106100049250854e-01
7.090125353019868237e-01
9.390162771100367678e-01
9.460986117759693226e-01
9.391968325791855143e-01
6.831706926891697451e-01
9.241888853196273956e-01
9.033092993159549389e-01
6.740040840341950945e-01
9.153022033555689996e-01
7.391773683230969949e-01
5.072076049972727985e-01
8.697425610163824761e-01
8.935141981069191219e-01
9.770488704036298655e-01
6.476303363581602524e-01
5.091137494457854684e-01
3.475221123829344561e-01
9.511162321762927085e-01
7.720359334697144416e-01
8.617679558011049901e-01
6.233989201888540110e-01
8.968112768578075933e-01
7.273269245100231206e-01
8.484424221211060990e-01
7.914520716427089209e-01
9.438588179557029223e-01
9.596462695669851772e-01
7.604850934815563512e-01
9.430027316663164294e-01
3.803793595757699597e-01
8.958679210477771271e-01
8.485446049642045852e-01
8.715144307345976671e-01
7.817957540738816880e-01
9.230874429036405315e-01
7.419076391886059163e-01
6.285147364855054875e-01
9.240067846819083330e-01
5.079711789402019395e-01
8.427343616597415821e-01
8.813753734528382289e-01
9.507385854968666283e-01
4.400605831124573819e-01
9.110425864928632933e-01
8.830594711819167442e-01
9.289502361060660851e-01
7.506838857433678625e-01
9.576591805522015610e-01
8.730152166721799611e-01
6.626056381469372925e-01
8.029782359679267234e-01
9.591542527630946280e-01
9.319105691056910334e-01
9.306674775733617677e-01
8.195997034840623030e-01
9.620553359683794437e-01
8.686117394471495334e-01
7.625210567402112005e-01
5.666819315117285205e-01
9.485800705763737239e-01
7.795777388597002755e-01
5.279505989414058353e-01
7.568444730077120708e-01
9.521812757035722496e-01
7.708641545557393115e-01
8.248086025257923559e-01
6.922620259176335278e-01
8.711221234132102698e-01
8.223951285520973986e-01
9.069875776397515743e-01
8.487325812873257602e-01
8.918505292692258113e-01
8.737864077669902363e-01
9.422169811320755262e-01
5.905326159240674722e-01
9.586201845613007144e-01
8.674047644034001969e-01
8.015134471827385365e-01
8.600187172696680538e-01
8.996926754311080909e-01
5.723305105977852802e-01
9.074989699217140826e-01
8.097157831082443247e-01
8.490836922557216671e-01
9.080873404958103023e-01
7.462583863753655677e-01
7.493003229278794031e-01
9.182599057910778573e-01
6.812367923479034637e-01
7.772967772967772637e-01
7.385974458278654620e-01
4.063713378044475633e-01
4.692245956290900244e-01
9.452269170579029600e-01
9.199494417526858925e-01
5.782481800798416893e-01
9.437338015216119036e-01
2.582706156261844327e-02
7.235494880546075036e-01
9.646316537812138492e-01
8.984253946982704297e-01
9.026627880957708294e-01
7.445655808975988332e-01
8.991741225051617104e-01
6.735593815881939506e-01
8.397932816537467815e-01
6.533457973046662426e-01
8.801878855860908457e-01
7.191834190431666274e-01
8.049005401132920401e-01
9.112976113621691354e-01
9.450503791419965216e-01
8.797822358117681762e-01
8.876512387171116014e-01
9.115354938271604812e-01
6.322105388225509603e-01
3.858567746273675048e-01
9.126821370750134443e-01
1.209012509476876385e-01
8.671704694085161647e-01
4.370281400137268624e-01
8.304066543438077819e-01
0.000000000000000000e+00
8.960026648900732971e-01
9.344270444941585874e-01
6.077694235588972926e-01
8.387216303844372556e-01
8.753872366790582671e-01
4.499012020418244884e-01
9.204086091991696694e-01
6.315284331760377956e-01
7.862585420168984873e-01
8.328647736856902295e-01
7.911166980934423165e-01
8.962068512928206276e-01
5.545662681251589676e-01
7.130493424749915210e-01
5.934224872610756041e-01
7.087927490188750124e-01
6.147752712243843565e-01
2.406860459091144655e-01
6.530777537796976784e-01
8.030222868857880281e-01
9.075729231621977311e-01
8.163419708719500401e-01
8.830518179215574026e-01
7.809106830122591880e-01
8.977311066126855144e-01
9.714062079592984400e-01
8.058166862514688500e-01
8.865416899832120334e-01
7.814392301038062261e-01
4.944075624188194462e-01
8.848062870536329561e-01
8.631465517241379004e-01
7.342864185358639606e-01
8.797174029690574271e-01
9.419961481817151761e-01
7.824979961337168444e-01
6.995387656490226203e-01
1.041919069542040187e-03
2.213904145662478340e-01
8.631361418185439227e-01
9.306430376143197680e-01
9.423554113380415709e-01
7.264001121023868635e-01
6.541577200858871288e-01
9.731381993330863178e-01
8.581614221884209526e-01
7.300285306704707988e-01
8.541114058355437910e-01
4.151764137264378762e-01
8.407534246575342207e-01
2.072936660268714093e-01
9.429945054945054750e-01
3.971631205673759046e-02
1.494102228047182179e-01
8.014931927975406101e-01
8.777848504137492069e-01
8.643183300717547368e-01
3.289895321512497500e-02
6.602564102564102422e-01
8.686354378818736954e-01
8.800203355363497293e-01
0.000000000000000000e+00
8.016736401673639767e-01
5.933624454148471727e-01
8.495907230559345269e-01
7.500727886799044564e-01
7.278315459063562365e-01
9.355735525202465430e-01
7.675033025099075035e-01
9.508284818629646473e-01
7.710951526032315817e-01
9.472140762463343577e-01
8.866052445074414923e-01
8.745551601423487975e-01
7.585842577918647800e-01
8.448860882210372791e-01
3.622147083685545166e-01
7.654508962557962093e-01
6.593870434942191716e-01
3.656320507348009285e-01
9.130434782608695121e-01
8.695344308727208649e-01
9.250622997508010092e-01
8.496367061356296935e-01
7.840498851329176233e-01
7.511013215859030367e-01
7.138377107016856682e-01
9.091165678803273531e-01
8.970779220779220298e-01
9.495831679237792811e-01
8.906284454244762783e-01
8.068441499085923230e-01
2.696433748912728176e-02
9.045776918117344190e-01
7.824441922058267274e-01
8.266239707227813760e-01
5.551342812006319072e-01
7.430786267995570515e-01
9.099348212522220258e-01
6.107258437355524983e-01
9.002506265664160789e-01
9.229622266401590336e-01
8.161838161838161909e-01
6.735180767113231326e-01
8.043728423475259293e-01
9.485596707818929607e-01
7.501372872048325258e-01
8.191808191808191975e-01
8.951828724353255717e-01
7.299623760118572058e-01
9.104908565928777620e-01
7.629688747007182803e-01
8.037307380373074350e-01
6.228404099560761464e-01
7.500878734622143940e-01
8.515066790928860208e-01
1.048714479025710383e-01
8.452348628835189004e-01
8.195488721804511378e-01
8.130790190735694978e-01
7.693911592994161497e-01
9.350649350649350433e-01
7.552936040165902920e-01
8.582192410181016529e-01
8.942976356050069686e-01
9.229922992299229856e-01
4.014530839387849825e-01
4.978024520009252663e-01
6.137165910237014632e-01
4.637070641607258792e-01
6.592125770820627118e-01
8.616010854816824605e-01
0.000000000000000000e+00
8.881069669247009246e-01
6.105886082637641543e-01
7.837837837837837718e-01
6.130341639418198652e-01
8.684716674064211217e-01
1.089615684913680937e-01
4.653579676674364785e-01
2.595817906867601832e-01
8.736193465876060937e-01
7.891986062717769590e-01
7.916102841677943314e-01
8.713949381989405385e-01
8.281430219146481697e-01
6.646051379638439061e-01
7.035761589403973781e-01
8.688771665410700562e-01
8.715818622360678170e-01
9.106728538283063168e-01
9.407122232916265148e-01
7.558685446009389963e-01
9.465811965811965489e-01
5.809938825106846227e-01
6.819012797074954779e-01
8.704792708027050407e-01
8.976369196552682617e-01
8.500563697857947965e-01
9.334465195246179903e-01
4.678486746646848271e-02
8.885135135135134865e-01
7.281831187410586770e-01
6.433823529411765163e-01
6.533398342272062065e-01
8.898128898128898623e-01
7.916310845431255849e-01
8.287671232876712146e-01
6.399797741446148214e-01
5.694692903995229871e-01
9.213406292749658499e-01
4.533085961657390417e-01
8.132942326490714136e-01
6.341103570374742038e-01
