9.438637019924920324e-01
1.000000000000000000e+00
1.000000000000000000e+00
9.954828660436136900e-01
5.777990692581439491e-01
9.311194666498151529e-01
9.990506991037956253e-01
9.998703970709738043e-01
9.908581199953961915e-01
9.726198315599764443e-01
7.767960046100652605e-01
9.996751740139211417e-01
9.407087993531868531e-01
1.000000000000000000e+00
9.694658410109248114e-01
7.346595889743839924e-01
7.655079050427887610e-01
9.805517129139881272e-01
9.879129156056095651e-01
9.904293417856996351e-01
6.517032150859789486e-01
8.007765160016159234e-01
9.800157451704717415e-01
9.972090104373100283e-01
8.431302483473289699e-01
9.933702929902775702e-01
9.800377575309857647e-01
9.764134909544132102e-01
9.760237640568639739e-01
9.649503423006460245e-01
9.969816861769384975e-01
9.585312642950138962e-01
9.935567666683644550e-01
9.925665699302479439e-01
9.908051689860835065e-01
9.997361723260289601e-01
8.872861321472933493e-01
7.349370877445817740e-01
9.811701533416220533e-01
9.496242002608857868e-01
5.717748917748918247e-01
1.000000000000000000e+00
9.808333333333333348e-01
1.000000000000000000e+00
9.969392423836044292e-01
6.976420484055261273e-01
9.978091950762053575e-01
9.972271983799361195e-01
9.993821697530348436e-01
1.000000000000000000e+00
9.977807150666601066e-01
9.986087494203123027e-01
9.966507592190889664e-01
1.000000000000000000e+00
8.229138193603811047e-01
9.999678957253158584e-01
9.988668994955374192e-01
1.000000000000000000e+00
9.991458946753275505e-01
9.890864995957963091e-01
9.999208960891026177e-01
9.570596175862481347e-01
8.149420012343530084e-01
9.998817986862768015e-01
9.024899286511672836e-01
9.692076537354501475e-01
9.905558923019768258e-01
1.000000000000000000e+00
9.999823499302822327e-01
9.361122440655844645e-01
9.997940757167749215e-01
9.999681908548707643e-01
1.000000000000000000e+00
9.785855554797789901e-01
9.673966883668270178e-01
9.980242995597454758e-01
5.548674378134916818e-01
9.997995188452285520e-01
9.979853095487932757e-01
6.930063578564941151e-01
9.997920798413408860e-01
1.000000000000000000e+00
9.975441637774475900e-01
9.975148706931106224e-01
9.999843480982939514e-01
9.992729226927149488e-01
9.958743633276739837e-01
9.997960240377826713e-01
1.000000000000000000e+00
9.999683383991894159e-01
9.933269169072826976e-01
1.000000000000000000e+00
1.000000000000000000e+00
9.999509892012873324e-01
1.000000000000000000e+00
1.000000000000000000e+00
1.000000000000000000e+00
9.879426161768133374e-01
1.000000000000000000e+00
1.000000000000000000e+00
9.970024823193293084e-01
1.000000000000000000e+00
1.000000000000000000e+00
1.000000000000000000e+00
8.894043981743426919e-01
9.981146774696166846e-01
9.986438269910719034e-01
9.558613745070068113e-01
9.494189009254845324e-01
9.985101727268494987e-01
9.994596312778131209e-01
9.707188888193706289e-01
9.566274896671372874e-01
9.990880232904820746e-01
1.000000000000000000e+00
9.429140761995855602e-01
9.998801780212256407e-01
9.999130642672404701e-01
1.000000000000000000e+00
9.871443558868202572e-01
9.970620464037860398e-01
1.000000000000000000e+00
7.240781126090404252e-01
9.974949661503337284e-01
9.920315047841737899e-01
9.989661283970067140e-01
1.000000000000000000e+00
9.998573172471740822e-01
1.000000000000000000e+00
9.983616726844708467e-01
1.000000000000000000e+00
9.996957712199574519e-01
1.000000000000000000e+00
9.925213675213675479e-01
9.982946032960376970e-01
1.000000000000000000e+00
1.000000000000000000e+00
9.477395793980607497e-01
1.000000000000000000e+00
9.976890789328889397e-01
9.985580620353755599e-01
1.000000000000000000e+00
9.946300355986403829e-01
7.925090252707581717e-01
5.865306250391825182e-01
9.320594821891765580e-01
1.000000000000000000e+00
9.680738277673365255e-01
9.971415796365494799e-01
8.291842521762068374e-01
7.305488169321098235e-01
9.977312750868619906e-01
9.999296402270275719e-01
1.000000000000000000e+00
1.000000000000000000e+00
9.946069766602936291e-01
9.991752838926600822e-01
9.993717131288686328e-01
1.000000000000000000e+00
9.978296431868612926e-01
9.951774193548387215e-01
9.896118560338743597e-01
9.229235411409715262e-01
8.647652199951341156e-01
1.000000000000000000e+00
9.623209666833957288e-01
9.885535382984362851e-01
1.000000000000000000e+00
9.828412818571788945e-01
9.981053728468352038e-01
1.000000000000000000e+00
1.000000000000000000e+00
9.994445061659815721e-01
9.998219373219373596e-01
1.000000000000000000e+00
1.000000000000000000e+00
1.000000000000000000e+00
1.000000000000000000e+00
9.982036975217384311e-01
1.000000000000000000e+00
1.000000000000000000e+00
1.000000000000000000e+00
8.731242940891733584e-01
1.000000000000000000e+00
9.904842050750906068e-01
9.938389054996829008e-01
9.977275596515591261e-01
1.000000000000000000e+00
9.990303336916882548e-01
9.942151479986837126e-01
9.878254469624949685e-01
9.649266041288301343e-01
1.000000000000000000e+00
8.893837062051498377e-01
9.929569755136299358e-01
1.000000000000000000e+00
9.374599031037762487e-01
9.970991382235190326e-01
9.997629395495851723e-01
9.995839267711117415e-01
9.992932445962660060e-01
9.954366940677022990e-01
7.072908010956205915e-01
1.000000000000000000e+00
9.915793173974178920e-01
9.460082987551867717e-01
9.930805777876980933e-01
9.995917117484944825e-01
9.962423673085956111e-01
9.983892407537727776e-01
7.865934978902031638e-01
9.859832081307998708e-01
9.892864589180606627e-01
9.967258794845001990e-01
9.902302308642366713e-01
9.587663625545418400e-01
9.987811995742781335e-01
9.891012133982416410e-01
9.978141493842298537e-01
9.435771632471008363e-01
1.000000000000000000e+00
9.971458181138614929e-01
1.000000000000000000e+00
9.994035405830987706e-01
9.923307475317348914e-01
9.444553754131905787e-01
9.945552203664189683e-01
9.753259238021351196e-01
9.977281838834691774e-01
1.000000000000000000e+00
9.211017228135630619e-01
1.000000000000000000e+00
8.570766199142227926e-01
9.112019914651493524e-01
9.629541757049892015e-01
9.996104199672752877e-01
9.927325581395348708e-01
9.002820402504899677e-01
9.640668523676880763e-01
9.982772577263953062e-01
9.554576398605049148e-01
1.000000000000000000e+00
1.000000000000000000e+00
9.999422032135013572e-01
9.988714181873827869e-01
9.701958336584224352e-01
8.755792602955320136e-01
1.000000000000000000e+00
9.189052990657828879e-01
9.381753522090001685e-01
9.957616991443730692e-01
9.996987791696936299e-01
9.472759617522793496e-01
9.852848566270624442e-01
9.218940193134788075e-01
9.966101090117576167e-01
9.999610614644782736e-01
9.997757524306835064e-01
9.494564608315588794e-01
9.986100654427521039e-01
9.550549328598380017e-01
1.000000000000000000e+00
9.997877195775619619e-01
9.920534645564569320e-01
8.743741465634956578e-01
9.643260735566057118e-01
1.000000000000000000e+00
1.000000000000000000e+00
9.594327380584564136e-01
1.000000000000000000e+00
1.000000000000000000e+00
1.000000000000000000e+00
9.555893746541228584e-01
9.862699799027065950e-01
1.000000000000000000e+00
9.964406315597335029e-01
9.839923000937159658e-01
9.814185452571038137e-01
8.273135072271141643e-01
9.970856777062767629e-01
9.952816386247256286e-01
9.622985418265540547e-01
9.793928900765944690e-01
9.985158076649385261e-01
9.582996746937973986e-01
9.986120279625586571e-01
9.998734863545997165e-01
9.996343947492122295e-01
9.831094507590811826e-01
9.259692513368984468e-01
1.000000000000000000e+00
9.979142526071842489e-01
9.998264129981947468e-01
9.990213896267300386e-01
9.849023922101025619e-01
9.733160009454029371e-01
9.996889921516254329e-01
8.755054266865290868e-01
1.000000000000000000e+00
6.000693321007626313e-01
9.284795472086442292e-01
9.996386325857042898e-01
9.928831335616438158e-01
1.000000000000000000e+00
9.607105931008553812e-01
9.946019137028344614e-01
9.992821249102655790e-01
9.995561035758323554e-01
9.996373333333333777e-01
9.998503392310762461e-01
1.000000000000000000e+00
9.153019219948470564e-01
9.985797655322006250e-01
9.988177485498946906e-01
9.999011584232792016e-01
9.778878471607995726e-01
9.487391173821675405e-01
9.923142010999859153e-01
7.949886830947751060e-01
1.000000000000000000e+00
9.648145249647832600e-01
1.000000000000000000e+00
8.557260369873402883e-01
1.000000000000000000e+00
9.726291662687422956e-01
1.000000000000000000e+00
9.960430968726162737e-01
9.998477205672409163e-01
9.937960353947303815e-01
9.985836455886835106e-01
1.000000000000000000e+00
9.872034507548526072e-01
1.000000000000000000e+00
9.819918487530746587e-01
9.236711381491126138e-01
7.880483533381743566e-01
9.982875007467293393e-01
9.223007384772090589e-01
9.727011824130409323e-01
1.000000000000000000e+00
9.577299571232100739e-01
6.377861550449634986e-01
9.533038542352683109e-01
9.947510285146828890e-01
9.093921688323013397e-01
1.000000000000000000e+00
9.938781756963575020e-01
9.785694405789033823e-01
9.851760228353948490e-01
9.999598546739195681e-01
9.917653209844269346e-01
9.312255100662072405e-01
1.000000000000000000e+00
1.000000000000000000e+00
9.967843604923548595e-01
9.917446340121078840e-01
8.705961152042867024e-01
9.982740224690893616e-01
9.983324181969780442e-01
9.832033294290627445e-01
9.423780766767316797e-01
9.999564127710580674e-01
9.833371141036481022e-01
9.353490403210713566e-01
1.000000000000000000e+00
8.201901765925502241e-01
9.938030643115057794e-01
9.990374457095902994e-01
8.450214592274678527e-01
8.488132094943240391e-01
9.214303959131545652e-01
9.625092446854910389e-01
9.869915651358950326e-01
9.987811435741171806e-01
9.946530465663779852e-01
9.870196903077805839e-01
9.973516853730159948e-01
9.788273615635179059e-01
9.804816743183975003e-01
9.485306122448979860e-01
9.999282652750129952e-01
9.014125956444967169e-01
9.920740249207402606e-01
1.000000000000000000e+00
9.997577284620602356e-01
1.000000000000000000e+00
9.969550121613843796e-01
9.761266747868453386e-01
9.987290757370524963e-01
1.000000000000000000e+00
9.996287328490718327e-01
9.933150497086047359e-01
1.000000000000000000e+00
9.639696586599241224e-01
1.000000000000000000e+00
1.000000000000000000e+00
9.961997730670172357e-01
9.679294215718057259e-01
9.940734557595993781e-01
9.991048617197844095e-01
7.234510213805930290e-01
1.000000000000000000e+00
9.776442054202256760e-01
9.934063477872150383e-01
9.988550305052587008e-01
1.000000000000000000e+00
9.999042084424292209e-01
9.957240263492430632e-01
9.999839848817283494e-01
1.000000000000000000e+00
9.164252284377089053e-01
1.000000000000000000e+00
9.992929327768771408e-01
9.992910499377507527e-01
9.986246561640410579e-01
9.996127333281698002e-01
9.712537879860658752e-01
9.474112160707880426e-01
8.872190038984224536e-01
1.000000000000000000e+00
9.977304562137626620e-01
4.051758575770733617e-01
9.850864081420149798e-01
1.000000000000000000e+00
9.811354492624050350e-01
1.000000000000000000e+00
9.388067986571858592e-01
9.941465330976232417e-01
1.000000000000000000e+00
1.000000000000000000e+00
9.255150554675118935e-01
9.879363599277347641e-01
9.757861245403082195e-01
1.000000000000000000e+00
7.107917297024709535e-01
1.000000000000000000e+00
1.000000000000000000e+00
9.474501950764768754e-01
1.000000000000000000e+00
9.999790545210816006e-01
9.951679149553032122e-01
9.998867163604232555e-01
1.000000000000000000e+00
1.000000000000000000e+00
1.000000000000000000e+00
1.000000000000000000e+00
9.413283664225542413e-01
9.956702087223811004e-01
9.986056239832674652e-01
9.999665708363977279e-01
9.819684447783620929e-01
9.846626992051763505e-01
1.000000000000000000e+00
9.981878483263240120e-01
8.423040604343720039e-01
7.372750843129227682e-01
9.980246816999471804e-01
9.941627671378262532e-01
9.097213020626296887e-01
9.996873333210718471e-01
9.930480159703007903e-01
9.675004365287236396e-01
9.999672050504222476e-01
1.000000000000000000e+00
6.530318016462423047e-01
9.893932303852752685e-01
9.533450480046858910e-01
9.885702946720904549e-01
9.930497879966778685e-01
8.753546581678262051e-01
9.889946661265275329e-01
9.938221427410177666e-01
9.999840594264581828e-01
9.957293035479631849e-01
1.000000000000000000e+00
9.999372922806797348e-01
1.000000000000000000e+00
9.991424339284321610e-01
1.000000000000000000e+00
1.000000000000000000e+00
9.986265904713793606e-01
9.995624521432031617e-01
9.995627118114662757e-01
1.000000000000000000e+00
1.000000000000000000e+00
9.999690191461676481e-01
9.976928871868918636e-01
1.000000000000000000e+00
9.992545310534407532e-01
9.999832809469672013e-01
1.000000000000000000e+00
9.988228004956629658e-01
1.000000000000000000e+00
9.997032122905027407e-01
9.991156172517806633e-01
9.977611803350888708e-01
1.000000000000000000e+00
9.995631916132790007e-01
9.997037914691943028e-01
9.993052485315480071e-01
1.000000000000000000e+00
9.999212325530104639e-01
1.000000000000000000e+00
1.000000000000000000e+00
9.982721669352561111e-01
8.836636334208538557e-01
9.998912925317969824e-01
9.878919846257897541e-01
9.804640296463384974e-01
9.578284785361889098e-01
1.000000000000000000e+00
1.000000000000000000e+00
9.931096464949071834e-01
9.993068540847249714e-01
1.000000000000000000e+00
9.992547253583661249e-01
9.995248238571194932e-01
9.721502590673575250e-01
9.970244673796609947e-01
9.979101358411702760e-01
9.992056304910792441e-01
9.959282491471332932e-01
1.000000000000000000e+00
1.000000000000000000e+00
9.999338591530664289e-01
1.000000000000000000e+00
9.999055816954379727e-01
9.995751443722364904e-01
9.999845047725300917e-01
1.000000000000000000e+00
9.892877638206976076e-01
9.989552333312227139e-01
1.000000000000000000e+00
9.999690100252568437e-01
9.982650936849409851e-01
9.608985524656135091e-01
9.973909216647806053e-01
9.999682700850361927e-01
9.976123255626361264e-01
1.000000000000000000e+00
1.000000000000000000e+00
9.999839532719279056e-01
1.000000000000000000e+00
9.997737081157967998e-01
9.998142903570267359e-01
9.992313725490196141e-01
1.000000000000000000e+00
9.998559193148163216e-01
1.000000000000000000e+00
9.914196567862714193e-01
9.999843991325917392e-01
9.994823610610029663e-01
9.430350443043027386e-01
9.679321958855805486e-01
9.794937876835456692e-01
1.000000000000000000e+00
1.000000000000000000e+00
9.978970979952334064e-01
1.000000000000000000e+00
9.982561850934964509e-01
9.577433514953798133e-01
9.997646346793988004e-01
9.838362443140387104e-01
9.861250922756862325e-01
8.467882284692933581e-01
1.000000000000000000e+00
9.944442061006477651e-01
9.999648734566275454e-01
1.000000000000000000e+00
9.996368917937545895e-01
9.938422660460950464e-01
9.987320570417794752e-01
9.995272910626497032e-01
1.000000000000000000e+00
9.998754223959387399e-01
9.999680761065619095e-01
9.996753999536285296e-01
9.964824784489876297e-01
9.999844893907432475e-01
9.998429500266985404e-01
1.000000000000000000e+00
1.000000000000000000e+00
9.978423744075024526e-01
1.000000000000000000e+00
9.983476434616097572e-01
9.988350568109281014e-01
5.805431837294048325e-01
9.997203666304178560e-01
9.912188872048873778e-01
1.000000000000000000e+00
1.000000000000000000e+00
9.996903737189212213e-01
9.999223240640049415e-01
9.998457171068871885e-01
1.000000000000000000e+00
1.000000000000000000e+00
9.999063670411985072e-01
1.000000000000000000e+00
1.000000000000000000e+00
1.000000000000000000e+00
