9.282956425813568835e-01
9.799432019879303901e-01
8.306099336676913136e-01
8.088047639302424763e-01
7.464940668824163739e-01
9.076086956521739468e-01
9.952794080122480125e-01
6.861966236345581338e-01
9.994376757263355726e-01
8.989777510523151438e-01
8.459657701711491562e-01
9.913033844790339888e-01
9.726184620429578764e-01
9.624724061810154829e-01
9.921671018276762011e-01
0.000000000000000000e+00
9.992911571858940079e-01
8.959854014598540584e-01
9.651804001890657014e-01
1.000000000000000000e+00
7.938808373590982015e-01
9.410631741140215167e-01
1.000000000000000000e+00
9.998190700199023340e-01
1.000000000000000000e+00
7.794465303852037286e-01
9.843160910873171021e-01
8.688958990536277405e-01
9.262974715938171455e-01
9.912663755458515080e-01
9.126417471650567492e-01
8.975291799302713702e-01
8.609929078014184611e-01
9.961502445114972515e-01
8.938337801608579047e-01
8.559681036630949480e-01
1.000000000000000000e+00
7.062101910828025852e-01
5.548753173062564992e-01
9.650076439612705892e-01
8.455778468493925226e-01
9.204014939309056453e-01
1.000000000000000000e+00
7.623247399366802624e-01
8.681914331041776789e-01
7.826446280991735671e-01
9.392169389431413995e-01
9.867310012062726621e-01
1.000000000000000000e+00
9.856414719045251127e-01
9.990245261984392888e-01
9.970008074749105997e-01
9.850883038987003903e-01
9.751985012043893342e-01
9.909613804437140683e-01
9.150690374490910717e-01
9.239318350209928532e-01
3.237963920487188507e-01
8.630711500257522983e-01
6.635753118004477091e-01
7.644850759823212938e-01
7.853406118503355460e-01
9.646452042259379134e-01
9.699298115995567127e-01
9.990749306197964641e-01
4.043498326987423619e-01
7.756340776067635057e-01
7.629208155523945489e-01
1.000000000000000000e+00
9.865055703750196248e-01
1.000000000000000000e+00
9.786019971469329670e-01
2.851869683838870184e-01
8.359669642430896941e-01
9.985375840889149091e-01
9.274279615795090193e-01
1.000000000000000000e+00
9.882915173237754036e-01
9.980402269210933985e-01
6.358267716535432879e-01
9.500260281103591886e-01
9.976986191715029317e-01
8.099987532726592443e-01
3.614120936735407130e-01
8.970549217299018663e-01
1.000000000000000000e+00
9.863420427553444281e-01
5.483294622118992656e-01
3.366846493379107574e-01
9.631211180124223947e-01
6.928054815378759113e-01
1.000000000000000000e+00
9.952854015827580225e-01
9.994545950368148857e-01
1.000000000000000000e+00
9.916492693110646739e-01
9.880434782608695787e-01
9.582705459603569897e-01
1.000000000000000000e+00
8.971648246035559549e-01
1.000000000000000000e+00
9.894736842105262831e-01
9.978106185002736384e-01
1.000000000000000000e+00
8.976523887973640869e-01
9.859622256253189887e-01
9.321653189577717713e-01
1.000000000000000000e+00
8.415570469798657749e-01
7.727110794442465513e-01
9.249545572578551367e-01
9.841269841269840724e-01
9.591169255928045922e-01
8.449525934188510945e-01
9.877081969597788502e-01
1.000000000000000000e+00
9.813267813267813056e-01
8.607154162709718115e-01
9.761650114591291505e-01
9.755639097744360777e-01
9.924213230571612421e-01
9.759538950715421768e-01
8.135117634362184491e-01
8.453627880403732364e-01
9.105911608454843043e-01
9.612097304404996212e-01
8.279618701770312672e-01
9.287652645861601552e-01
9.310944462558417012e-01
8.838442419221209656e-01
6.226708074534161863e-01
9.354639175257731809e-01
1.000000000000000000e+00
7.504927726675426625e-01
8.608742830568903992e-01
3.853751516201698313e-01
1.000000000000000000e+00
9.043478260869565188e-01
9.851816443594646477e-01
9.364640883977900510e-01
5.640718562874251774e-01
9.899466557242511122e-01
6.006832797427652526e-01
9.791859719153183095e-01
9.087041884816754456e-01
8.858865735440042410e-01
9.110562075355157496e-01
8.947148527261332696e-01
6.112071093557146506e-01
9.110444777611194089e-01
5.011355034065102521e-01
9.651533472573375905e-01
6.543929154043346408e-01
7.983281086729362430e-01
8.945445053510833189e-01
9.317333333333333023e-01
9.169675090252707994e-01
6.744457409568261896e-01
4.121387283236994103e-01
9.067856304296783021e-01
7.404866447127698148e-01
9.009341199606686335e-01
9.490998363338788435e-01
9.638728323699421452e-01
9.878472222222222099e-01
7.113507960965588239e-01
9.532399928199605244e-01
9.794649585531273184e-01
9.981364144614237599e-01
9.917257683215130459e-01
1.000000000000000000e+00
9.882550335570470246e-01
7.231948400067013116e-01
6.944837340876944820e-01
7.702422145328720049e-01
8.742738589211618283e-01
9.991769547325103362e-01
9.989597265566948492e-01
5.883105022831049968e-01
5.286161129427677796e-01
9.870805670195585968e-01
9.981621400857667581e-01
9.879804125241133939e-01
1.000000000000000000e+00
1.000000000000000000e+00
9.904397705544932817e-01
9.936045478770652029e-01
9.989161066551051071e-01
9.943188405797100948e-01
9.482741470207898260e-01
9.637781743671095525e-01
9.529962546816479474e-01
9.442250740375123241e-01
9.986791414419372570e-01
1.000000000000000000e+00
8.058588548601863799e-01
