3.558286516853932380e-01
8.034840195796141282e-01
6.684285161789351726e-01
6.679796487772854396e-01
5.385751199704688075e-01
6.613439787092482147e-01
7.178827421429884170e-01
6.998043052837573663e-01
4.328249229271458609e-01
7.398817644383810510e-01
8.339344262295081966e-01
7.952769886363636465e-01
7.455263482660743346e-01
6.514183870488637895e-01
3.997912317327766418e-01
8.461117196056955336e-02
7.768447136563876310e-01
8.265682656826568442e-01
7.988065897003502336e-01
3.750457819558051797e-01
7.027999374315657688e-01
4.914771307173206871e-01
1.455718119643320818e-01
4.430460921843687450e-01
5.655306178996951649e-01
8.033884410438584256e-01
8.863388722418958920e-01
6.945862103472431048e-01
8.417980420094681726e-01
5.976089092695708871e-01
5.617717614804660364e-01
6.728804042672655861e-01
6.283060771249747711e-01
6.734177215189873777e-01
6.127873563218391162e-01
7.979390681003584174e-01
2.558872612646022615e-01
7.203743375803359772e-01
5.859340002986411777e-01
7.425219185146982870e-01
8.548721492743607264e-01
8.596491228070175517e-01
3.286118980169971948e-01
7.865345642873227128e-01
8.323090430201931511e-01
7.919260895762201269e-01
7.255256928004456540e-01
7.035913613200679428e-01
5.718664197688525519e-01
8.227965882657016783e-01
7.513496514492373768e-01
7.345170333871379187e-01
7.830687830687830253e-01
7.367994050436076359e-01
6.401893740136770372e-01
8.696715912298861317e-01
8.367753355952205485e-01
3.641273124210042678e-01
7.931749749079959333e-01
7.391304347826086474e-01
7.548829843392573791e-01
7.897786853579116251e-01
7.128177064331752133e-01
9.219784047370254143e-01
5.781166399143927714e-01
4.284065997461636299e-01
7.068965517241379004e-01
7.677661169415291864e-01
2.372499839217956097e-01
7.603126879134094462e-01
3.514711095356256587e-01
6.439428834638415422e-01
3.868338557993730165e-01
8.138792505204719419e-01
7.196202531645569112e-01
5.965934558493949380e-01
2.998843930635838317e-01
8.778787238537925086e-01
8.600230926370014961e-01
6.318407960199005080e-01
8.616670591005415325e-01
7.331274812527569518e-01
6.974622483221476488e-01
3.881469843763638017e-01
8.413604766633564491e-01
7.155207904487443926e-01
8.270935960591132563e-01
5.709913280054412787e-01
3.817261370131460607e-01
9.502559792160159002e-01
6.251753155680224161e-01
8.780032034169781285e-01
8.780124962808687483e-01
9.428865448932338689e-01
8.058326937835763593e-01
8.468361916026020397e-01
3.773662551440329360e-01
9.457948191258701565e-01
8.660337552742616296e-01
7.559269335406140211e-01
2.768795472918350598e-01
7.304236200256739586e-01
8.449791763072651563e-01
8.489230769230768914e-01
8.620344413295955022e-01
8.699168726128959639e-01
9.381578947368420796e-01
8.242112041210559736e-01
8.151526143960201587e-01
7.555476864966950146e-01
9.326556543837356550e-01
8.864648263579697485e-01
7.396578538102643874e-01
4.780888618381010091e-01
9.167512690355329452e-01
7.809820732657832831e-01
8.794916739702015596e-01
8.246830616719093010e-01
9.429657794676805649e-01
2.398076042143838793e-01
9.593889716840536819e-01
7.958356963461070688e-01
7.851778656126482403e-01
8.445330296127562253e-01
6.073832951098616650e-01
7.379518072289156239e-01
7.372466806429071040e-01
4.776368491321762444e-01
8.133186201602456977e-01
8.870299553855959251e-01
6.948538919058702135e-01
8.457023854600530521e-01
8.428067424539396058e-01
7.502803139516258657e-01
6.935553767102086153e-01
4.181251083001212843e-01
3.194444444444444198e-01
4.906666666666666399e-01
5.954415954415954726e-01
7.440860215053763937e-01
1.057365580651608988e-01
8.473443545550475298e-01
5.829536826119969817e-01
8.434396397507865073e-01
9.006685768863419428e-01
8.694312974231838131e-01
9.246186060424768094e-01
6.777777777777778123e-01
5.791935843172199005e-01
6.180623973727421561e-01
6.602418745275888678e-01
6.954254562692581132e-01
6.421100500227375774e-01
6.761375774407177852e-01
8.730237154150197743e-01
8.724028354925446038e-01
7.126506024096385117e-01
4.986915887850467133e-01
4.215607401448109304e-01
8.474271320618927961e-01
6.658869081229329412e-01
8.402699131747829453e-01
8.552516729706138854e-01
8.926940639269406175e-01
5.859613428280773251e-01
7.149554617909048559e-01
8.182500938790837619e-01
4.996897226597928343e-01
9.191353082465972824e-01
8.926877610249875916e-01
1.258579023682938614e-01
9.018189787420556325e-01
7.300133244503663743e-01
6.499959797378789261e-01
7.861741782446628468e-01
7.620578778135048692e-01
7.733446519524618257e-01
8.295665061133753460e-01
5.766161862888780076e-01
5.386216638168166426e-01
6.555647742088419605e-01
8.103175922846691526e-01
8.391056554142919399e-01
8.063050269809712844e-01
7.962616822429906538e-01
5.127303418202279195e-01
8.021443888491779362e-01
8.404740200546946260e-01
8.316543975203409822e-01
9.233797407585213612e-01
7.793309502214159634e-01
9.049409237379162363e-01
9.306304194984766909e-01
7.587014725568942408e-01
7.371813902201110880e-01
5.596777905638664619e-01
