8.535534219678186929e-01
9.780975593469333207e-01
9.734478982394069169e-01
9.771344971561956028e-01
9.865739141358625952e-01
9.873989388580091120e-01
9.472425387361780302e-01
9.987603510685774122e-01
8.838723609242371548e-01
9.916083478151958008e-01
9.937468650727303565e-01
9.057557441610681881e-01
9.662836280431381653e-01
9.638887978231649445e-01
9.732088775684533122e-01
1.000000000000000000e+00
9.729350675371077894e-01
9.961006567314978355e-01
9.769889675446451482e-01
8.276198814655172376e-01
9.865881528683670965e-01
8.255548302872062205e-01
6.825149180512440905e-01
8.842173673948907631e-01
9.489699612718456301e-01
9.978061530551032288e-01
9.727971840685618599e-01
9.167572354385541411e-01
9.517587721205269524e-01
9.605314197051978420e-01
9.224393334817529988e-01
9.608408693734199479e-01
9.769718275789779360e-01
9.175860527492176733e-01
9.855664274159350313e-01
9.843157711702312795e-01
8.039123069906833896e-01
9.986430283377978334e-01
1.000000000000000000e+00
9.686667001961474233e-01
9.973143111293578666e-01
9.917716972507020223e-01
9.250189825360668472e-01
9.996891056059168390e-01
9.929448699372110942e-01
9.977098985106102047e-01
9.376133677788159870e-01
9.591682989302395823e-01
8.814952279957581904e-01
9.341328264034945983e-01
9.076469209127852045e-01
9.454516679269171497e-01
9.417918254501980169e-01
9.340659340659340781e-01
9.893655063045134757e-01
9.899042708539904645e-01
9.735713349191781329e-01
1.000000000000000000e+00
9.739339686206565094e-01
9.999839766700315824e-01
9.891470654236113047e-01
9.888842544316996941e-01
9.173129029244136978e-01
9.842310724793753574e-01
9.751317575030770124e-01
1.000000000000000000e+00
9.862285179653004219e-01
9.942069617794592196e-01
8.082364544763691594e-01
9.264254593673043603e-01
8.811434140003248094e-01
9.880094801509339275e-01
9.974875642863164638e-01
9.850187265917602630e-01
9.787336799909847063e-01
9.736787564766838932e-01
9.528635252728093752e-01
9.910677902560675046e-01
9.719919055890833270e-01
9.991634407191128942e-01
9.859987554449284319e-01
9.350401497965503683e-01
9.736590454664000305e-01
9.997596687125638315e-01
9.958068224132627932e-01
9.891689394651870249e-01
9.945812190690972443e-01
9.952618495470394455e-01
9.997561067126936596e-01
9.960688240656335735e-01
9.964234052361347072e-01
9.926582807203560010e-01
9.868617547863147710e-01
9.964440996298631337e-01
9.960766678038643906e-01
9.960373796783100753e-01
9.766311749411910048e-01
9.976102198246322716e-01
9.960246658528186803e-01
9.922464738791269001e-01
9.724136867588780708e-01
9.967829326109041155e-01
9.947574126104632430e-01
9.921786641604408707e-01
9.977257745550428547e-01
9.913499302151969061e-01
9.991470541778549874e-01
9.819253177966101864e-01
9.856750015987721936e-01
9.991070646940383160e-01
9.986382426846073246e-01
9.963790931989924271e-01
9.878110635599937073e-01
9.765778203096810994e-01
9.801880780890956935e-01
9.817318944220517762e-01
9.961102974756302908e-01
9.633413707139646398e-01
9.950331406485735108e-01
8.958491042139793414e-01
9.953767034337067665e-01
9.589162099798096417e-01
9.929888511239183257e-01
9.993822000944870831e-01
9.176207024290427006e-01
9.683105698714929988e-01
9.496994489898146208e-01
9.762417657893914802e-01
9.482114821572538155e-01
9.959496479050772288e-01
9.999513555584381708e-01
9.928813894473189627e-01
9.936736818855899100e-01
9.973926793163773175e-01
9.382338412433027797e-01
1.000000000000000000e+00
9.765669592582879588e-01
9.852203788535347506e-01
9.776495807326145426e-01
9.666371168468068653e-01
9.355805938084419404e-01
9.866143549503807453e-01
9.951783355350065641e-01
9.576368260624769091e-01
9.936224489795918435e-01
9.959950414799275675e-01
9.983145526341135056e-01
9.721312284975884843e-01
9.928763112954379633e-01
9.835681120642165709e-01
9.999364009285464094e-01
9.369230496642392270e-01
9.982529186056005033e-01
9.861768328255655636e-01
9.964832671582529722e-01
9.944809503771080417e-01
9.868819694494234129e-01
9.849424963178841086e-01
9.956666022295250773e-01
9.788093026782160866e-01
9.731704637022928761e-01
9.811487742278077739e-01
9.871436744859152235e-01
9.932116259144533332e-01
9.937346059113300045e-01
9.970749657959709911e-01
9.600507408905394335e-01
8.118536052439913053e-01
9.879277053942630005e-01
9.728077810997993735e-01
8.592178597004701546e-01
9.936281859070464906e-01
9.966394623139702702e-01
9.792527294187075571e-01
9.990262746224818358e-01
9.938377213826316003e-01
9.633622909727707073e-01
9.767374632271668133e-01
9.755981387168871644e-01
9.697990950900254870e-01
9.522372129479845793e-01
9.027596413336815839e-01
9.521879442160666729e-01
9.891538400191403069e-01
9.723565414398268603e-01
9.442747474747474890e-01
9.771979902181715527e-01
9.856868506147103970e-01
9.701463688917784101e-01
9.934754789755420035e-01
9.283036086257860919e-01
9.910310631471489495e-01
9.965031552924338287e-01
9.492125914509929041e-01
8.713087178635211538e-01
8.672697759125821415e-01
