9.604135148764497698e-01
8.281027104136947647e-01
8.969667790081848890e-01
5.313887430180932459e-01
7.686458028663352149e-01
8.886517253646388781e-01
1.000000000000000000e+00
9.875746714456391517e-01
8.279732354845672493e-01
7.693772614740049809e-01
9.659494464173804529e-01
0.000000000000000000e+00
9.280359820089955081e-01
1.514004542013626109e-01
9.818621523579201815e-01
6.042880447448146786e-01
7.390282131661441989e-01
7.319237796919864092e-01
9.245333333333333181e-01
8.756518251103088124e-01
9.049008168028004340e-01
1.098265895953757232e-01
9.103858495734522549e-01
5.947676545920234092e-01
6.914945919370698579e-01
9.746317512274959016e-01
9.516928158546655858e-01
3.072916666666666852e-01
9.487781954887217761e-01
9.899807321772640112e-01
9.884737678855325393e-01
9.228537122273363646e-01
6.347088891659393717e-01
0.000000000000000000e+00
9.876719867914144357e-01
1.000000000000000000e+00
1.425432756324900019e-01
3.952521226823774159e-01
9.817671809256661719e-01
4.478260869565217628e-01
9.077437858508604629e-01
9.760104681593486653e-01
1.000000000000000000e+00
8.360307773945343524e-01
9.533947065592635051e-01
8.236342042755344650e-01
0.000000000000000000e+00
9.643115007735946209e-01
9.877515310586176822e-01
7.980218636127016651e-01
5.980055582802027425e-01
9.634316770186335255e-01
4.141606395127521711e-01
1.000000000000000000e+00
9.994948644552954509e-01
9.937278429233705745e-01
9.819047619047619468e-01
9.582463465553235915e-01
8.967391304347825942e-01
9.226845948765504124e-01
9.993909866017052224e-01
8.366170110523786230e-01
8.423357664233576125e-01
8.105263157894736503e-01
9.064039408866995107e-01
9.996375498368974544e-01
7.885090609555189811e-01
9.821337417049514906e-01
7.744833782569631175e-01
1.000000000000000000e+00
7.534496644295302081e-01
7.730673316708229770e-01
8.704232666839781807e-01
9.747023809523809312e-01
9.022894521668028966e-01
8.343558282208588528e-01
8.780274929085751801e-01
9.715568862275448803e-01
8.255528255528254977e-01
8.111865975113838889e-01
9.706646294881589032e-01
9.410107705053852856e-01
4.831780538302277161e-01
8.876288659793813984e-01
9.990697674418604901e-01
6.433968462549277678e-01
8.111920632460083436e-01
9.181643494970046504e-01
9.488823142669297050e-01
9.271448025419881667e-01
9.538670284938941535e-01
8.927290511900880521e-01
9.810684161199625386e-01
9.993986770895970650e-01
6.875654907439748831e-01
9.813881349360217277e-01
9.260534513854730143e-01
8.792494481236202697e-01
9.190600522193211885e-01
5.725629791894851772e-01
7.747651958178274345e-01
8.727189781021897907e-01
8.402394832204190811e-01
9.933268229166666297e-01
7.827876185364107675e-01
9.298921417565485514e-01
1.000000000000000000e+00
9.366745069658042322e-01
1.000000000000000000e+00
7.584480600750939105e-01
9.898205398884029060e-01
4.419558359621451049e-01
8.921076875831712716e-01
9.871724890829693955e-01
9.351812963740725460e-01
9.739275428224950515e-01
8.712056737588652622e-01
9.838726459265425550e-01
8.863270777479892448e-01
6.846498878644405872e-01
8.466183574879226903e-01
8.008416742493175144e-01
6.852321935194863878e-01
8.933242738236792935e-01
7.876518790618818322e-01
9.381419234360410808e-01
9.336206896551724199e-01
4.516056083220262307e-01
8.523268112109995132e-01
6.985537190082644621e-01
8.706762800036506045e-01
8.693779079786317920e-01
1.000000000000000000e+00
9.846469418199900181e-01
9.699693422519509722e-01
9.658553466374437679e-01
7.767410863045651759e-01
9.094477651886876401e-01
5.792933442892358453e-01
7.683397683397683586e-01
9.307774227902023689e-01
9.111794208056949174e-01
7.096980008507017823e-01
7.179072276159654820e-01
1.000000000000000000e+00
9.904312324572595028e-01
6.218470705064548243e-01
8.951028111651931907e-01
7.637276693833868757e-01
1.386878088015626731e-01
7.323228607166507587e-01
4.841701311160857002e-01
9.378216383120421273e-01
7.417832366655293663e-01
9.386074369852758226e-01
9.796823051348355627e-01
9.005550416281220549e-01
6.126687435098649992e-01
3.008887925428138099e-01
9.391496759917812298e-01
1.000000000000000000e+00
8.814530048642711391e-01
9.846122281493639994e-01
5.699356913183279971e-01
9.531684368094660575e-01
7.693880890052355870e-01
8.752766964353866364e-01
8.471278567016676808e-01
5.814072932717000430e-01
8.958894273918506235e-01
9.458364732479276338e-01
9.881972915890172571e-01
9.640661938534278441e-01
6.589861751152074065e-01
9.808245445829338882e-01
6.042888255989278257e-01
7.431930693069307425e-01
6.449826989619377171e-01
9.062240663900414939e-01
9.894375857338820746e-01
9.997027790161985283e-01
9.059360730593607469e-01
8.808859582382281284e-01
9.998205634308271472e-01
9.958648151929753167e-01
9.761834100014838977e-01
9.514255543822597305e-01
9.996870109546165395e-01
9.928981152690521395e-01
9.943151536685024272e-01
9.804899197918924836e-01
9.526956521739130546e-01
9.296727345071122972e-01
9.147332936744001497e-01
9.547752808988764217e-01
8.993089832181638821e-01
