8.614723510120999572e-01
8.822188449848024083e-01
9.092979744570081069e-01
6.923555389687130468e-01
8.558866634098680759e-01
7.955414012738853957e-01
6.319123020706455263e-01
9.567129629629629317e-01
8.826507132995857763e-01
8.696588096006888646e-01
6.614691366855017796e-01
0.000000000000000000e+00
7.908858603066439841e-01
2.629848783694937464e-01
8.724360226606758806e-01
7.526850507982583149e-01
7.728452397213495528e-01
8.417892524767337514e-01
9.059315390645413801e-01
9.088259783513739087e-01
6.047962565802300627e-01
1.979166666666666574e-01
9.032458456282030923e-01
7.343988253233184604e-01
7.997384431682492689e-01
9.260555166783298597e-01
9.702199305482479552e-01
4.701195219123506241e-01
3.085033234013293546e-01
9.814083789634534538e-01
8.046916076845298527e-01
9.193122352354846649e-01
7.758305394696738411e-01
0.000000000000000000e+00
8.763123199374969197e-01
7.862490105167929677e-01
2.495192587844531074e-01
5.665673124689518669e-01
7.887323943661971315e-01
6.081180811808117870e-01
8.896697118763176038e-01
8.752852206793141354e-01
1.369750656167978975e-01
8.930140286240612069e-01
9.293325855300056393e-01
9.012345679012345734e-01
0.000000000000000000e+00
9.674048013245033495e-01
9.672306703790961580e-01
8.688013601586851431e-01
7.373884997228241645e-01
9.779721795326477007e-01
5.816626570435712296e-01
9.629629629629629095e-01
9.298973917130101130e-01
9.819455672325518858e-01
9.721829325789721477e-01
9.714285714285714191e-01
5.042787286063569185e-01
9.569608078865111667e-01
9.535153980244044369e-01
8.735574510787756930e-01
8.870099923136048892e-01
8.953488372093023617e-01
9.414440022740193648e-01
9.613105611711397769e-01
8.686479128856624543e-01
9.713492364003534218e-01
8.729113924050633244e-01
9.174805124988800742e-01
8.591544984234854576e-01
8.714859437751003579e-01
9.272475795297372425e-01
9.550425273390036329e-01
8.986156351791531049e-01
8.327303089340384323e-01
9.241722488038277561e-01
9.681750372948781935e-01
8.974358974358974672e-01
8.491931989089703814e-01
9.703681075301664460e-01
9.050920392063112052e-01
6.515442331181294788e-01
9.331310285033055374e-01
9.527611443779108180e-01
7.820704801836877440e-01
8.789787519946250516e-01
8.304876801962989274e-01
8.558298124675709495e-01
8.489634748272457676e-01
8.782011242973142284e-01
8.952588555858310704e-01
9.299928926794598372e-01
5.773840541948931371e-01
8.121712222795255398e-01
9.358476613052320037e-01
8.765422518817412856e-01
9.191184954424830300e-01
8.595848595848596396e-01
5.637638177406308904e-01
8.500048605035481764e-01
9.320341047503044596e-01
8.954747712198807275e-01
8.022346368715084219e-01
8.613900374089387135e-01
7.306848278471433922e-01
3.974472611239142084e-01
9.181519907776890532e-01
6.636858791968133220e-01
8.626334519572953496e-01
9.402621588711410627e-01
6.060474975126530772e-01
9.067499024580569777e-01
8.393085044668755490e-01
8.617131062951496334e-01
7.783161720169594622e-01
8.145888594164456542e-01
9.178800232964472450e-01
8.863270777479892448e-01
7.981698017285205893e-01
6.719064506853253960e-01
8.657322021394319167e-01
8.104194260485650947e-01
9.193252338082334996e-01
8.806571360871968679e-01
4.827337697435589714e-01
7.313861218976870360e-01
6.222152983330736520e-01
9.064323374340949035e-01
8.108885957548866985e-01
8.681803703872229550e-01
8.976868327402135472e-01
7.291675147567677762e-01
9.100100531380151958e-01
9.612954459137520447e-01
9.208688479516085046e-01
8.207746478873239049e-01
9.109512532952057651e-01
7.336108220603537733e-01
5.847617714965367419e-01
9.330960854092527068e-01
8.919154327341832778e-01
7.764076314564913872e-01
6.959477124183006680e-01
8.530036700791964188e-01
9.213149774507476408e-01
7.573778422835026891e-01
9.207581872988299665e-01
8.370099697748906165e-01
2.435923309788092794e-01
8.087267408791743994e-01
6.524455936220642238e-01
9.165138157505473560e-01
8.484001040582725972e-01
9.347582950167764304e-01
9.622990674552777124e-01
9.196976854038734217e-01
7.510077080828795326e-01
4.625895684052657719e-01
8.204349326889885941e-01
4.799635701275045685e-01
9.124132050188816789e-01
9.456157635467979938e-01
7.254124568359124892e-01
9.546314474388720717e-01
8.669800884955751741e-01
9.230459631328986614e-01
9.170845870946171541e-01
7.353036700227346678e-01
9.119312991046957251e-01
8.297661350301628325e-01
9.787731495723865915e-01
9.733084052667170250e-01
7.893284268629254807e-01
9.615791328868522614e-01
7.523399817494459407e-01
7.835041938490214797e-01
7.841817416912073568e-01
9.434125269978401729e-01
9.191462249123925066e-01
9.164850136239781619e-01
9.113040282945202852e-01
9.020473531575985415e-01
8.695380774032459570e-01
9.332599751219978756e-01
8.659624181393359432e-01
9.657020364415862534e-01
9.484076905946106084e-01
7.208725830441249371e-01
8.682904126590132998e-01
9.314250411861614287e-01
9.561321852455201276e-01
9.618194916126376892e-01
9.319191919191919249e-01
9.686060318214201326e-01
9.439191814531796565e-01
