9.813079833984375000e-01
9.952697753906250000e-01
9.829864501953125000e-01
8.490600585937500000e-01
9.864959716796875000e-01
9.804077148437500000e-01
9.769439697265625000e-01
9.942932128906250000e-01
9.844360351562500000e-01
9.630432128906250000e-01
9.277801513671875000e-01
9.381866455078125000e-01
9.850158691406250000e-01
9.657897949218750000e-01
9.601440429687500000e-01
9.739990234375000000e-01
9.746246337890625000e-01
9.839172363281250000e-01
9.890136718750000000e-01
9.933166503906250000e-01
9.690704345703125000e-01
9.530029296875000000e-01
9.619750976562500000e-01
9.282379150390625000e-01
8.925170898437500000e-01
9.854888916015625000e-01
9.956817626953125000e-01
9.939117431640625000e-01
8.618927001953125000e-01
9.955444335937500000e-01
9.263153076171875000e-01
9.752960205078125000e-01
9.551086425781250000e-01
8.253784179687500000e-01
9.613494873046875000e-01
8.557891845703125000e-01
8.034820556640625000e-01
9.467468261718750000e-01
9.942779541015625000e-01
9.918975830078125000e-01
9.928131103515625000e-01
9.708099365234375000e-01
8.394470214843750000e-01
9.884796142578125000e-01
9.961547851562500000e-01
9.953613281250000000e-01
9.145965576171875000e-01
9.903869628906250000e-01
9.953308105468750000e-01
9.717407226562500000e-01
9.204864501953125000e-01
9.914703369140625000e-01
9.761199951171875000e-01
9.961395263671875000e-01
9.863433837890625000e-01
9.979553222656250000e-01
9.990997314453125000e-01
9.987640380859375000e-01
9.752502441406250000e-01
9.890747070312500000e-01
9.975585937500000000e-01
9.923095703125000000e-01
9.977569580078125000e-01
9.983520507812500000e-01
9.968566894531250000e-01
9.966125488281250000e-01
9.823303222656250000e-01
9.965362548828125000e-01
9.923400878906250000e-01
9.859466552734375000e-01
9.297943115234375000e-01
9.707031250000000000e-01
9.919738769531250000e-01
9.971771240234375000e-01
9.924011230468750000e-01
9.908294677734375000e-01
9.697723388671875000e-01
9.960937500000000000e-01
9.941406250000000000e-01
8.194580078125000000e-01
9.940795898437500000e-01
9.818267822265625000e-01
9.695281982421875000e-01
9.905853271484375000e-01
9.967498779296875000e-01
9.666900634765625000e-01
9.560241699218750000e-01
9.494018554687500000e-01
9.703216552734375000e-01
9.112854003906250000e-01
9.940490722656250000e-01
9.413452148437500000e-01
9.879760742187500000e-01
9.628753662109375000e-01
9.722137451171875000e-01
9.629364013671875000e-01
9.757232666015625000e-01
9.893035888671875000e-01
9.947357177734375000e-01
9.506225585937500000e-01
9.764556884765625000e-01
9.957427978515625000e-01
9.810028076171875000e-01
9.540863037109375000e-01
9.785156250000000000e-01
8.913879394531250000e-01
8.444061279296875000e-01
9.859161376953125000e-01
9.368743896484375000e-01
9.734954833984375000e-01
9.745483398437500000e-01
8.610382080078125000e-01
9.452972412109375000e-01
9.788665771484375000e-01
9.672851562500000000e-01
9.441528320312500000e-01
9.786682128906250000e-01
9.741821289062500000e-01
9.935302734375000000e-01
9.575958251953125000e-01
9.477691650390625000e-01
9.666748046875000000e-01
9.672393798828125000e-01
9.859161376953125000e-01
9.769439697265625000e-01
8.685760498046875000e-01
9.757232666015625000e-01
9.629974365234375000e-01
9.796905517578125000e-01
9.759368896484375000e-01
9.557952880859375000e-01
9.824523925781250000e-01
8.984832763671875000e-01
9.521942138671875000e-01
9.828948974609375000e-01
9.780426025390625000e-01
9.378662109375000000e-01
9.695892333984375000e-01
9.921875000000000000e-01
9.094390869140625000e-01
9.885253906250000000e-01
9.791717529296875000e-01
9.706726074218750000e-01
9.822540283203125000e-01
9.883880615234375000e-01
9.797668457031250000e-01
9.693908691406250000e-01
9.763336181640625000e-01
9.448699951171875000e-01
8.856201171875000000e-01
9.281616210937500000e-01
9.753875732421875000e-01
9.569396972656250000e-01
9.288635253906250000e-01
9.759674072265625000e-01
9.841461181640625000e-01
9.948120117187500000e-01
8.925476074218750000e-01
9.507904052734375000e-01
9.603118896484375000e-01
8.780212402343750000e-01
9.670867919921875000e-01
9.915771484375000000e-01
9.672393798828125000e-01
9.806060791015625000e-01
9.559631347656250000e-01
9.708251953125000000e-01
9.924316406250000000e-01
9.875640869140625000e-01
9.705810546875000000e-01
9.371337890625000000e-01
9.947357177734375000e-01
9.897613525390625000e-01
9.930114746093750000e-01
9.950103759765625000e-01
8.550567626953125000e-01
9.291076660156250000e-01
9.843444824218750000e-01
9.960021972656250000e-01
9.806365966796875000e-01
9.812927246093750000e-01
9.705352783203125000e-01
9.654693603515625000e-01
9.744873046875000000e-01
9.574279785156250000e-01
9.378509521484375000e-01
9.970703125000000000e-01
9.893951416015625000e-01
9.570465087890625000e-01
9.740905761718750000e-01
9.898376464843750000e-01
9.884948730468750000e-01
9.886779785156250000e-01
9.691467285156250000e-01
9.899139404296875000e-01
9.933929443359375000e-01
