8.242450112047806643e-01
8.694404591104734070e-01
9.018647281921617909e-01
6.976586776605236961e-01
8.329870544989611547e-01
7.465086754126111224e-01
5.661283282409428352e-01
9.373946274024952396e-01
8.767416934619507440e-01
8.743837084673097282e-01
6.443607974348249945e-01
5.893627216099664445e-02
8.058592944089126853e-01
4.311163895486935793e-01
8.584357435457750096e-01
7.632105112824907334e-01
7.571706683971447527e-01
8.487732342007434649e-01
8.904074917742343942e-01
7.918491074435837218e-01
5.751872830257628300e-01
3.561193328635189337e-01
8.956340956340956838e-01
7.429041998353005383e-01
7.981509146771147423e-01
9.083617101778281855e-01
9.652083333333333348e-01
8.669683257918552322e-01
2.938693754918091372e-01
9.806640376542424820e-01
7.771972237385946780e-01
9.057857701329163902e-01
7.925491963346853463e-01
1.109276989105315303e-01
8.650602409638554757e-01
7.848821457599566287e-01
3.597192753386649344e-01
6.139065689924342317e-01
6.312527667109339991e-01
7.043941411451397627e-01
8.728644331040603666e-01
8.322775078418106487e-01
1.325607239244324387e-01
8.900538396146217002e-01
8.943396226415094574e-01
9.252782193958664081e-01
3.533392174168873412e-01
9.663498587207809409e-01
9.508824154794811578e-01
8.700660205084983501e-01
7.412752171992342820e-01
9.777428234368855664e-01
6.100547017452461196e-01
9.548555668456960577e-01
9.247546346782987703e-01
9.776469013518940265e-01
9.589169000933707165e-01
9.696546913149634017e-01
4.751853964632059557e-01
9.519392917369308149e-01
9.447004608294931050e-01
8.920758385999028039e-01
8.935888962326503648e-01
9.298409728718428635e-01
9.335548172757475172e-01
9.477663230240549463e-01
8.752978554408260559e-01
9.676610679368262691e-01
8.828105395232120900e-01
9.156755790038451082e-01
8.635781773849435794e-01
8.591749644381223572e-01
9.315332690453230757e-01
9.571739656423905451e-01
9.066077525607552090e-01
7.560334528076463334e-01
9.128605309463698747e-01
9.666001994017946464e-01
8.896644295302013061e-01
8.517085916286695202e-01
9.701006736810233733e-01
8.411717671003852148e-01
7.072599531615925139e-01
9.101982061787177170e-01
9.452386188695843794e-01
7.887099980123235543e-01
8.753467191057752173e-01
8.196491929438808333e-01
8.491587417702999296e-01
8.427855037998241983e-01
7.628323242958673367e-01
8.813623565085553224e-01
9.147192186955005466e-01
5.293649530479070942e-01
8.190954773869346672e-01
9.347013943699026273e-01
8.585142519568749186e-01
8.968462549277266271e-01
7.707249392993409387e-01
5.944517833553500941e-01
8.500290641348575704e-01
9.413997627520759304e-01
8.905672769066579342e-01
7.729310018306925212e-01
8.690065209052550976e-01
7.181126667401609431e-01
3.876210235131397064e-01
8.914748292436124322e-01
6.312533828191447816e-01
8.842398884239888179e-01
9.378615813156203629e-01
6.329242488362251118e-01
9.065942511656505109e-01
8.152479478241313471e-01
8.573599240265906696e-01
7.530454042081948796e-01
8.110610610610610172e-01
9.028565978348991328e-01
8.864265927977839077e-01
8.173483779971790764e-01
6.292643199710433732e-01
8.468511167723206112e-01
8.167747514051015845e-01
9.155946551581044535e-01
9.069355707797706057e-01
4.739676840215439890e-01
7.086513994910941250e-01
7.136832921331975887e-01
9.101570680628272569e-01
8.261428738454343890e-01
8.496644295302013816e-01
8.910262066531368097e-01
7.177432280814233234e-01
9.004015609976810941e-01
9.548055507966420885e-01
9.239040983156855402e-01
8.251016348066776418e-01
9.011722351494929617e-01
8.824057450628366439e-01
5.839930809660035527e-01
9.127411785155571389e-01
8.715708812260536398e-01
8.034875922199865572e-01
7.268518518518518601e-01
8.354143019296254025e-01
9.217288336293665285e-01
7.749764373232799208e-01
9.208589268490786628e-01
8.446854472512453915e-01
2.945326278659611829e-01
8.138117806364252305e-01
7.471955128205127750e-01
9.052194993720243943e-01
8.579242005018982153e-01
9.234614439072359460e-01
9.573049900918753075e-01
8.746281342966425454e-01
7.540719464779852554e-01
5.134919367715152783e-01
7.765294986197599503e-01
4.652541304073653516e-01
8.998749949594742059e-01
9.262690600270218066e-01
7.417887822132389619e-01
9.503760480765770513e-01
8.701542404686712917e-01
9.228380315336837114e-01
9.318181818181817677e-01
7.614276768941765638e-01
8.928976034858387978e-01
8.198034219148161439e-01
9.766381063921593109e-01
9.669779455593086048e-01
8.294509151414309889e-01
9.539827143190843239e-01
7.271279560474560588e-01
7.901744719926537819e-01
8.148299042574862483e-01
9.368961973278520095e-01
9.094562350872786860e-01
9.160596364626590882e-01
8.784375547381327864e-01
8.881656804733727428e-01
8.340317270278360118e-01
9.257156431880271263e-01
8.532363917127783193e-01
9.631458296596719926e-01
9.454518540448523245e-01
6.807318894697534928e-01
8.467748019615239929e-01
9.211311053984575503e-01
9.571116476946073259e-01
9.645999590750972130e-01
9.310310410220581367e-01
9.656977020790713517e-01
9.602408127430076545e-01
