8.967369332948310623e-01
9.998293078433045933e-01
1.000000000000000000e+00
9.943146417445483110e-01
8.116342732001095017e-01
5.905873803279724221e-01
1.000000000000000000e+00
1.000000000000000000e+00
9.888192834476068338e-01
9.716840536512667548e-01
6.151293961512939168e-01
9.884918793503479906e-01
9.482164513831404795e-01
9.972753020471085694e-01
9.604792830891607514e-01
8.273108015973507090e-01
8.678141468839143391e-01
9.667995768573520721e-01
9.891861841397366906e-01
9.875066891697196203e-01
7.814899670183035330e-01
7.733515866959916885e-01
1.000000000000000000e+00
9.819659135949266870e-01
7.022809838604013866e-01
9.954102028394229418e-01
9.841746696216038259e-01
9.523171054122445689e-01
9.766249381144352926e-01
9.859704946485391419e-01
9.974711424725700715e-01
9.547661775572680032e-01
9.885906382111750990e-01
9.908524684758074352e-01
9.985586481113319923e-01
9.986653423552052100e-01
1.000000000000000000e+00
9.930713375090072237e-01
8.226570805629133121e-01
7.331666563140567527e-01
9.110303030303030791e-01
1.000000000000000000e+00
9.127083333333333437e-01
1.000000000000000000e+00
9.977596516416074035e-01
1.000000000000000000e+00
9.984869260957964787e-01
9.957940649583301163e-01
9.999499056556514498e-01
1.000000000000000000e+00
9.955124753186141984e-01
9.981449992270829963e-01
9.995314533622560171e-01
1.000000000000000000e+00
9.658908977312663513e-01
1.000000000000000000e+00
9.963213038416763867e-01
1.000000000000000000e+00
9.989885594839406080e-01
9.994779035300458414e-01
1.000000000000000000e+00
9.940877945423166606e-01
9.864537671503853522e-01
9.980581212745478492e-01
9.389166626219482836e-01
6.056371173584836898e-01
9.979273800911170333e-01
1.000000000000000000e+00
9.991527966535467264e-01
1.000000000000000000e+00
9.999841596705211222e-01
1.000000000000000000e+00
1.000000000000000000e+00
1.000000000000000000e+00
9.848747523351260025e-01
9.989265879497829514e-01
9.754836728426655723e-01
9.999845783727099313e-01
9.994543546694648617e-01
9.868034407223379434e-01
9.998240675580577497e-01
1.000000000000000000e+00
9.999174508832755492e-01
9.992785108463869692e-01
1.000000000000000000e+00
9.994942070905843412e-01
1.000000000000000000e+00
9.999843095413678551e-01
1.000000000000000000e+00
1.000000000000000000e+00
9.990375360923965387e-01
9.974107899444496494e-01
1.000000000000000000e+00
9.999836630670957405e-01
1.000000000000000000e+00
1.000000000000000000e+00
9.995194288068103283e-01
8.723909219978385199e-01
1.000000000000000000e+00
1.000000000000000000e+00
9.992037843660718233e-01
1.000000000000000000e+00
1.000000000000000000e+00
1.000000000000000000e+00
9.994341971257213464e-01
9.996727952633218672e-01
9.983370735723857692e-01
9.514139464630360088e-01
9.838903226866996254e-01
9.995499480112357560e-01
9.986331849968214103e-01
8.563630106988675550e-01
9.576480193220281434e-01
1.000000000000000000e+00
1.000000000000000000e+00
9.641160529252351674e-01
9.995720643615200185e-01
1.000000000000000000e+00
1.000000000000000000e+00
9.957252243082849175e-01
9.987930569010148307e-01
9.976160054847456049e-01
7.187252180808881841e-01
9.986523552074579868e-01
9.996769528966557017e-01
1.000000000000000000e+00
1.000000000000000000e+00
9.999524390823913977e-01
1.000000000000000000e+00
9.990297284830361724e-01
1.000000000000000000e+00
9.937464084102356487e-01
9.507858315740088662e-01
9.328449328449328615e-01
9.997928022696120909e-01
1.000000000000000000e+00
9.999691381837820803e-01
9.998740712756579718e-01
1.000000000000000000e+00
9.980506516168586861e-01
9.992950525506280046e-01
1.000000000000000000e+00
1.000000000000000000e+00
9.593501805054152065e-01
6.043194784026080235e-01
9.987755562358020534e-01
1.000000000000000000e+00
9.353043226832441492e-01
9.912810194500335514e-01
5.953244526510155232e-01
1.000000000000000000e+00
9.983500182449905891e-01
1.000000000000000000e+00
1.000000000000000000e+00
1.000000000000000000e+00
9.974387648353234548e-01
9.992545835183658243e-01
1.000000000000000000e+00
1.000000000000000000e+00
9.991253785976903501e-01
9.952258064516128488e-01
9.336626676076217324e-01
9.998941257433254792e-01
9.996818445529915831e-01
9.992605894158655966e-01
9.590780990618846813e-01
9.842466207262126066e-01
1.000000000000000000e+00
1.000000000000000000e+00
9.993684576156117716e-01
1.000000000000000000e+00
1.000000000000000000e+00
9.763359626708143502e-01
9.970842236467236663e-01
1.000000000000000000e+00
1.000000000000000000e+00
9.998940049181718193e-01
9.999390305863224970e-01
9.984421447533661231e-01
9.971088842032040933e-01
1.000000000000000000e+00
9.998688288051943429e-01
9.331468832356263343e-01
1.000000000000000000e+00
9.935914034179181842e-01
9.977711334601794269e-01
8.798289357404368571e-01
1.000000000000000000e+00
9.981871455975042107e-01
9.991166842752481347e-01
9.970560274770768894e-01
1.000000000000000000e+00
9.804231197489624572e-01
9.999788940481215693e-01
9.830675473488303950e-01
1.000000000000000000e+00
9.565294338871314084e-01
9.996267897129673674e-01
1.000000000000000000e+00
9.999679943670085613e-01
9.963287983194927255e-01
9.989982986977883339e-01
1.000000000000000000e+00
1.000000000000000000e+00
9.976671353700626854e-01
9.959834024896265792e-01
1.000000000000000000e+00
9.999659759790412439e-01
1.000000000000000000e+00
9.992649933536632556e-01
9.631168149719058214e-01
9.947680070702606958e-01
9.993263941235905889e-01
9.950307674445605377e-01
9.999841656902175302e-01
9.668583895279651008e-01
9.985923713393071166e-01
9.954588389159340078e-01
9.962147464946420339e-01
7.691514272970562116e-01
9.961610394723889872e-01
9.862897334397988658e-01
1.000000000000000000e+00
1.000000000000000000e+00
9.575546544428772400e-01
9.817212340626475520e-01
9.985284379368699614e-01
9.997638844382978895e-01
9.947213684351196017e-01
1.000000000000000000e+00
9.837814111708548248e-01
1.000000000000000000e+00
9.455488582357713945e-01
9.278449502133712112e-01
9.528877440347071071e-01
9.992468119367321489e-01
9.883720930232557933e-01
9.961279219847984923e-01
9.443825441039925828e-01
9.973432408310675124e-01
8.812621379497567187e-01
1.000000000000000000e+00
1.000000000000000000e+00
1.000000000000000000e+00
9.985653621026052695e-01
9.988881953655301960e-01
9.673428346594387106e-01
1.000000000000000000e+00
9.825948753731054142e-01
9.995896594173163674e-01
9.974347126400152641e-01
9.997873735315484511e-01
9.819657549477429637e-01
9.792182711280910112e-01
9.905461332467743185e-01
9.997323770272440457e-01
1.000000000000000000e+00
1.000000000000000000e+00
1.000000000000000000e+00
9.982915387733827250e-01
1.000000000000000000e+00
1.000000000000000000e+00
9.998761697535778481e-01
9.951456310679611672e-01
9.108158852981338427e-01
9.969180193137456847e-01
1.000000000000000000e+00
1.000000000000000000e+00
9.820181672125068983e-01
1.000000000000000000e+00
1.000000000000000000e+00
1.000000000000000000e+00
9.605469470577384650e-01
9.780808023891361946e-01
9.997136721546170390e-01
9.947370022208025242e-01
9.739874876522884861e-01
9.994972550123675248e-01
9.140388768898488614e-01
9.918971732758330440e-01
9.997073884418434808e-01
9.998848810437451773e-01
9.537610328020024175e-01
9.998170173833486052e-01
9.584743357422003118e-01
1.000000000000000000e+00
9.991866979938550664e-01
9.987639060568602734e-01
9.928860980844129713e-01
9.505347593582887944e-01
9.999763397610316185e-01
1.000000000000000000e+00
9.997743368976530487e-01
9.987417866629386687e-01
9.981508356350358158e-01
1.000000000000000000e+00
9.997987596275224043e-01
9.605589841810314722e-01
1.000000000000000000e+00
6.746013404206147035e-01
9.933624903524569394e-01
9.999518176780939349e-01
9.890303938356164171e-01
1.000000000000000000e+00
9.618385186577685930e-01
9.988626105795269661e-01
9.975558062420948335e-01
9.999506781750925333e-01
9.958186666666666298e-01
9.998503392310762461e-01
1.000000000000000000e+00
8.507418485503598360e-01
9.999741775551309608e-01
9.657516533047622032e-01
9.999011584232792016e-01
1.000000000000000000e+00
9.969978985289702500e-01
9.937949513467776441e-01
7.485734323695367731e-01
1.000000000000000000e+00
9.852559085928940252e-01
9.999263256773432973e-01
9.457149524531823781e-01
9.877286191170248086e-01
9.807659249355362707e-01
1.000000000000000000e+00
1.000000000000000000e+00
9.998667554963357462e-01
9.998022640763261082e-01
9.999820714631478813e-01
1.000000000000000000e+00
9.793673616103523161e-01
1.000000000000000000e+00
9.916512559024722728e-01
9.611353042869335006e-01
7.785656315407286643e-01
9.770007367729345304e-01
8.737267634326457699e-01
9.999081620939042070e-01
1.000000000000000000e+00
9.441388237197637645e-01
9.999789398310974242e-01
9.835042493806253061e-01
9.961696694566605226e-01
9.497689020668004245e-01
1.000000000000000000e+00
9.960645415190869656e-01
9.942109657667687062e-01
9.948239771646051333e-01
9.991770208153515354e-01
9.918773574336183785e-01
9.563797684997522586e-01
1.000000000000000000e+00
1.000000000000000000e+00
9.972315686358022013e-01
9.962506879471656474e-01
8.277294038847957669e-01
9.979915897822130288e-01
9.996746181847762092e-01
9.765245346026366624e-01
9.962713880501418151e-01
1.000000000000000000e+00
9.804706027922707179e-01
9.119549169248685194e-01
9.994317923541978788e-01
9.663973689854865601e-01
9.952669073875280992e-01
9.989670149078530015e-01
9.722317596566523168e-01
8.951238390092879360e-01
9.979310344827586610e-01
9.865549086909525256e-01
9.965323336457356795e-01
9.982434127979924465e-01
9.968277403136347470e-01
9.813228828139934912e-01
1.000000000000000000e+00
9.822354928218119952e-01
9.801482469414449783e-01
9.883877551020407992e-01
1.000000000000000000e+00
9.028251912889935227e-01
9.826734498267345463e-01
1.000000000000000000e+00
9.958087023936428306e-01
1.000000000000000000e+00
1.000000000000000000e+00
9.831912302070645593e-01
1.000000000000000000e+00
9.998083312036800674e-01
9.999031476997578549e-01
9.958861844360644699e-01
1.000000000000000000e+00
1.000000000000000000e+00
1.000000000000000000e+00
1.000000000000000000e+00
9.898960791023539985e-01
9.631593571990922920e-01
9.910127991096271405e-01
9.986572925796766143e-01
6.745569406231266552e-01
1.000000000000000000e+00
9.764842349467468541e-01
9.887125614662494177e-01
9.998691463434581372e-01
1.000000000000000000e+00
1.000000000000000000e+00
9.898301167225239672e-01
1.000000000000000000e+00
1.000000000000000000e+00
9.251912933660203509e-01
1.000000000000000000e+00
1.000000000000000000e+00
1.000000000000000000e+00
9.996963526595934457e-01
9.982443910877030202e-01
9.457928573451528376e-01
9.984216190362310561e-01
9.041060953838306880e-01
1.000000000000000000e+00
9.982978421603220243e-01
4.096048632218844965e-01
9.925767932418588790e-01
1.000000000000000000e+00
9.129637907912382389e-01
9.980063073186645761e-01
9.898760275964156863e-01
9.871145158122176522e-01
1.000000000000000000e+00
1.000000000000000000e+00
9.545772350144494656e-01
1.000000000000000000e+00
9.994215115077889067e-01
9.992457526445798210e-01
9.943808082991139052e-01
1.000000000000000000e+00
1.000000000000000000e+00
9.882263577668058963e-01
1.000000000000000000e+00
1.000000000000000000e+00
9.881130707900459553e-01
1.000000000000000000e+00
1.000000000000000000e+00
1.000000000000000000e+00
1.000000000000000000e+00
1.000000000000000000e+00
9.983067349616898678e-01
9.975376377848655940e-01
9.993996436594624333e-01
9.983118272380825386e-01
9.706048084147257393e-01
9.811878419938491191e-01
9.999829723470916587e-01
9.998974253769616904e-01
9.975802644003777253e-01
9.967054603583055394e-01
1.000000000000000000e+00
9.998391946869924496e-01
9.999558323395609793e-01
1.000000000000000000e+00
9.999649774104297784e-01
9.968788196263314028e-01
9.999836025252111238e-01
1.000000000000000000e+00
6.457058557274815147e-01
9.457962876306348354e-01
9.951103980441592389e-01
9.991268975096735394e-01
9.957162215325435772e-01
9.887092386023552670e-01
9.941259874417662790e-01
9.988077819324771012e-01
9.998724754116653513e-01
9.942744509104561867e-01
1.000000000000000000e+00
1.000000000000000000e+00
1.000000000000000000e+00
9.996569735713728422e-01
1.000000000000000000e+00
1.000000000000000000e+00
9.997316326208443016e-01
9.997812260716015809e-01
9.998282082116475289e-01
1.000000000000000000e+00
1.000000000000000000e+00
9.999690191461676481e-01
9.974103835771235271e-01
1.000000000000000000e+00
9.967541039618568188e-01
9.985788804922088868e-01
1.000000000000000000e+00
1.000000000000000000e+00
1.000000000000000000e+00
9.997905027932960653e-01
1.000000000000000000e+00
9.993760666507625068e-01
1.000000000000000000e+00
9.996926163204555849e-01
9.997817410825642348e-01
9.998578917450893222e-01
1.000000000000000000e+00
1.000000000000000000e+00
1.000000000000000000e+00
1.000000000000000000e+00
9.966606303267930844e-01
8.972053375535014030e-01
9.999844703616852515e-01
9.919499843288629437e-01
9.905945379843712484e-01
9.572425004253066749e-01
1.000000000000000000e+00
1.000000000000000000e+00
9.930781116962568156e-01
1.000000000000000000e+00
1.000000000000000000e+00
9.997621463909679429e-01
9.999508438472882732e-01
8.916977007772021180e-01
1.000000000000000000e+00
9.975514278139084867e-01
9.999841126098215627e-01
9.961483437878287939e-01
9.998717352615799081e-01
1.000000000000000000e+00
1.000000000000000000e+00
1.000000000000000000e+00
1.000000000000000000e+00
9.997954398829286271e-01
1.000000000000000000e+00
1.000000000000000000e+00
9.937033730791302588e-01
9.981162540365985381e-01
1.000000000000000000e+00
9.999690100252568437e-01
9.999053687464513063e-01
9.698880813662482669e-01
9.978624418458443834e-01
9.999365401700723854e-01
9.974832620795354154e-01
1.000000000000000000e+00
1.000000000000000000e+00
1.000000000000000000e+00
1.000000000000000000e+00
9.998868540578983444e-01
9.999845241964189224e-01
9.952941176470587736e-01
8.214387532072603415e-01
9.999679820699591826e-01
1.000000000000000000e+00
9.884627943257264793e-01
1.000000000000000000e+00
9.991058963780959923e-01
1.000000000000000000e+00
8.884426242469284363e-01
9.869549308770422247e-01
1.000000000000000000e+00
1.000000000000000000e+00
9.971805536084240584e-01
9.999846113598941377e-01
9.999532906721472214e-01
9.144277247339743786e-01
1.000000000000000000e+00
9.711621931317059309e-01
9.891450238239044568e-01
8.258415515592417711e-01
1.000000000000000000e+00
1.000000000000000000e+00
9.992974691325500203e-01
1.000000000000000000e+00
9.996368917937545895e-01
9.978727828159237312e-01
9.996086595807961439e-01
9.999684860708433209e-01
1.000000000000000000e+00
9.999532833984769997e-01
9.999680761065619095e-01
9.998299714042816477e-01
9.962182514780195675e-01
9.999844893907432475e-01
9.999528850080094955e-01
1.000000000000000000e+00
1.000000000000000000e+00
9.978253852296087301e-01
1.000000000000000000e+00
9.978534807585397459e-01
9.996329631048129771e-01
9.824337371912666983e-01
1.000000000000000000e+00
9.327666755206950322e-01
1.000000000000000000e+00
1.000000000000000000e+00
9.999380747437842665e-01
9.998757185024079730e-01
9.999228585534435387e-01
1.000000000000000000e+00
1.000000000000000000e+00
9.999843945068663809e-01
1.000000000000000000e+00
1.000000000000000000e+00
9.999319241635181710e-01
