7.559886317498984987e-01
8.383852894699037606e-01
7.126586397657013183e-01
6.974549451382440202e-01
5.707916515729930529e-01
7.949419244840691401e-02
2.189069423929098923e-01
7.849829351535836386e-01
7.267000185288122749e-01
8.266060862214708038e-01
2.626525899043219980e-01
5.627119410408283340e-01
7.354260089686098789e-01
5.800790052758556525e-01
5.291453615777940156e-01
7.061787072243346230e-01
2.522884763452818979e-01
7.126642437797036100e-01
7.700684205454370046e-01
9.482827362305633612e-01
4.160192486085343422e-01
3.411204427711812537e-01
4.501999384804675208e-01
6.459842001316655757e-01
5.767305491990846189e-01
9.063245823389021183e-01
8.259623992837958895e-01
1.938174356258688114e-01
5.778489613667249225e-01
7.905809227826918750e-01
3.853362868479345837e-01
7.718519833170645050e-01
4.555355939815854405e-01
9.240771812080537106e-01
3.667665851542162847e-01
9.224283305227656271e-01
3.688853840656497463e-01
7.169155072955547547e-01
2.691514511342487648e-01
6.221688588113299945e-02
5.410863509749304079e-01
4.919966301600673941e-01
7.597416400948410198e-01
3.549805950840879687e-01
8.383442265795206794e-01
6.713981955060054352e-01
9.395881006864988949e-01
8.311607697082556978e-01
9.621372965322010362e-01
3.503808487486398393e-01
8.799116997792494343e-01
8.726708074534161863e-01
9.147140337616528338e-01
8.380400675838763913e-01
6.797385620915032955e-01
5.029330040135844282e-01
8.234421364985162750e-01
1.145086729717121124e-02
5.538643907064959571e-01
7.021482797609432946e-01
7.938144329896906770e-01
9.502649816551161921e-01
7.253983130271790536e-01
3.989113530326593993e-01
7.324095802138042011e-01
3.209164588528678475e-01
5.641078695082419880e-01
5.988964346349745504e-01
8.991822560770695860e-01
2.372082056118839932e-01
8.512671375155795861e-01
8.263810597519729573e-01
3.201016579934648498e-01
3.631041148853907941e-01
9.021595863327588338e-01
9.335347432024169168e-01
4.444311520516808223e-01
8.484848484848485084e-01
6.780510018214935819e-01
6.793957196810742616e-01
8.296394310287793505e-01
2.597948987641335861e-01
6.500234137204401463e-01
9.414330218068536205e-01
7.144592952612394132e-01
9.682746631899173950e-01
5.544002411091019100e-01
7.688470066518846568e-01
6.957236842105263275e-01
8.969594594594594295e-01
8.381493678954636817e-01
5.419221138070978716e-01
7.857142857142856984e-01
9.010633379565418100e-01
1.618030298691257030e-01
7.153374233128834137e-01
8.402987533637212847e-01
7.237247096482948283e-01
6.794794188861985607e-01
6.814462004762935621e-01
9.289439374185136655e-01
6.412918108419838337e-01
8.448089516180303793e-01
8.692901308536643556e-01
7.849968112244898322e-01
9.302832244008714113e-01
9.189189189189189699e-01
6.264622310786376325e-01
7.416857293682913577e-01
9.237588652482269236e-01
9.526276831976313586e-01
1.486975062575322248e-01
7.189429221271526060e-01
3.818245861218739212e-01
2.370503597122302075e-01
4.202096104409729360e-01
8.005881529197591551e-01
8.406145966709347439e-01
7.587111277632071493e-01
5.601233299075025762e-01
9.443813847900113245e-01
7.538054268696228188e-01
7.643186048790046039e-01
9.266091051805337431e-01
7.876588021778584414e-01
7.504347826086956719e-01
6.872335813886280009e-01
9.260763606823720906e-01
7.783724699408239855e-01
9.314516129032257563e-01
3.337453646477132052e-01
7.144556976036304796e-01
8.678815992931301349e-01
7.893275444264943319e-01
9.465621660135375981e-01
5.731896360817892999e-01
7.435197817189631575e-01
8.506944444444444198e-01
5.164470159648558711e-01
9.102000976085895534e-01
9.380530973451327581e-01
1.610029273259513671e-01
6.156180840973759505e-01
5.758798837584759855e-01
6.420045963377567222e-02
6.353372847869037665e-01
6.351241900647948135e-01
6.028668737602455030e-01
4.341040462427745439e-01
1.658397335689526242e-01
3.127167630057803294e-01
9.563050977385971763e-01
4.741898855795265710e-01
6.922024623803009202e-01
3.784045244828099230e-01
9.435326299335677902e-01
9.154484393520347929e-01
6.166563247939012005e-01
4.790268819531621758e-01
8.532086256170433591e-01
8.723903966597077453e-01
7.853424108930716629e-01
6.986810957051065030e-01
4.806930693069306759e-01
7.178109234481245826e-01
4.466876971608833014e-01
7.236476548455630375e-01
5.862343874568163304e-01
6.018716138565095575e-01
9.240732469852612763e-01
7.404355503237198821e-01
1.573426573426573438e-01
6.119402985074626766e-01
7.251555041226674936e-01
6.497718584289061683e-01
7.558577869761253787e-01
7.453318090260765416e-01
8.525774458185380045e-01
9.409607627429409371e-01
6.862097020237973855e-01
8.263118994826311459e-02
7.365532381997804690e-01
8.268906472953690967e-01
1.096933135403177356e-01
9.038647342995168588e-01
8.949780408630895190e-01
2.123070632730246210e-01
8.308230231307153768e-02
8.529395589286696833e-01
7.490445859872610912e-01
8.153105411379947265e-01
5.057075557166152979e-01
7.175590367079728304e-01
6.225698077876301584e-01
8.935409487784025107e-01
3.809984676183563179e-01
6.221185756570095648e-01
9.432677760968229963e-01
8.137992038920831561e-01
8.399475237782879633e-01
8.587853374814012897e-01
8.115299334811529874e-01
7.145454545454545947e-01
8.212927756653992661e-01
9.396384764364106301e-01
7.458393632416787655e-01
6.487783467446963659e-01
8.368857312018945782e-01
8.268968086427418429e-01
8.498168498168497953e-01
8.531930739154719445e-01
7.731446472939397241e-01
9.008366904245429518e-01
5.546837117037689557e-01
6.005035669324381153e-01
8.956930958479776272e-01
9.526072786529060643e-01
9.482889733840303981e-01
8.862732566396818168e-01
7.660034260113322002e-01
7.823800318398907994e-01
8.830526597166532543e-01
1.868710326675956102e-01
8.665227330454661203e-01
9.438268927894820637e-01
9.261556166485518382e-01
5.157305367934589269e-01
9.034681157104043070e-01
4.766530434954293072e-01
6.693710090384674682e-01
9.329792370835344739e-01
2.798911096783437413e-01
9.312912146351840503e-01
7.867156800608442468e-01
9.559082892416225219e-01
8.131328061488434233e-01
9.718019616026710716e-01
9.609807208717519034e-01
9.310167604145846987e-01
9.652845295967972250e-01
7.562031283479750954e-01
5.387538452258882060e-01
8.414570910033705164e-01
7.901202638044743098e-01
9.148728718217955524e-01
9.314485165794066379e-01
6.289018406321269516e-01
3.929174159634803987e-01
8.128048173584154767e-01
3.888163770007556364e-02
9.230245231607628886e-01
9.120842937108989412e-01
8.248117135238808295e-01
9.461033460398136086e-01
9.258808939036549113e-01
9.013891812250052205e-01
8.508431524730120099e-01
9.111111111111110938e-01
3.268964198652072328e-01
8.795917710311966786e-01
2.570720919946926086e-01
8.082167459697464640e-01
8.692034612824495188e-01
9.450317124735729823e-01
9.062024523404635934e-01
7.422155688622754655e-01
7.302586793737235737e-01
8.718423344947735520e-01
9.132199573358615874e-01
2.148034847376471268e-01
6.937467585389345270e-01
7.050074367873079284e-01
9.210184681100548332e-01
9.099688010696775908e-01
7.903225806451612545e-01
9.249345270722942880e-01
7.094380031016911392e-01
9.345080207149172313e-01
9.219522457136846150e-01
9.117956423741547800e-01
4.784054025756465101e-01
6.630159439725823445e-01
7.671647819063004414e-01
9.413202933985329590e-01
9.059856713658424043e-01
6.818956171596716187e-01
9.498585503853282930e-01
9.434378060724779580e-01
9.677585099550417569e-01
8.531317049017990151e-01
8.580268133379168605e-01
5.356026087733404273e-01
8.942198715527012176e-01
7.965772759350741028e-01
8.802690778840693842e-01
6.447085163179195888e-01
9.294506705860738904e-01
9.340770791075050372e-01
6.459560618388934250e-01
8.954140363906424316e-01
9.672782647452087268e-01
7.941237671147363120e-01
9.306615330766537797e-01
6.828519050686221448e-01
9.123585533614377852e-01
9.645410911940445198e-01
9.634741391328592863e-01
7.565631503121498236e-01
9.519541814710718031e-01
9.441671288593085354e-01
7.159519606825182070e-01
8.630769648727213417e-01
7.056805042706352227e-01
6.924814702000202660e-01
8.888665997993981938e-01
6.308468179616919524e-01
9.054007502105182459e-01
7.081761984370747998e-01
7.885337898891900954e-01
3.549037460978147762e-01
9.304503552345722017e-01
8.214635013781452777e-01
9.351653329306960361e-01
6.025871361839740814e-01
9.136594305046518150e-01
7.019897160742231135e-01
5.931748466257669161e-01
8.238776137761377738e-01
7.825878976321454239e-01
9.347336065573770281e-01
7.594744820616472492e-01
9.572212065813527904e-01
5.102998164389149771e-01
9.248835403726708426e-01
9.075641915336571941e-01
8.801496543997970878e-01
8.294681884409907946e-01
8.943734082495339299e-01
6.795997270866499518e-01
6.216425494845859712e-01
9.391634079867282603e-01
7.607732358480114865e-01
6.707534747622531102e-01
8.631435590685750947e-01
9.717054440736846432e-01
4.848163574403634990e-01
8.978646771288911754e-01
8.223387519664394629e-01
9.508975712777191225e-01
8.723188221855565638e-01
9.632761536603043906e-01
9.155503533185936904e-01
7.242921473073838934e-01
7.678694158075601850e-01
9.442484498610220767e-01
9.659658344283836851e-01
9.145939275303729410e-01
8.149937748265844162e-01
9.482263874473411125e-01
8.677849037987173109e-01
8.391939225765364663e-01
5.925398198564958419e-01
9.458648288128056469e-01
7.778239011115722912e-01
7.826833000973890675e-01
9.301580948569141416e-01
9.485490259477811215e-01
7.359147269958669080e-01
7.756686798964624874e-01
7.697493045719063787e-01
9.216760494200324505e-01
9.026791000592065961e-01
9.491552825155605833e-01
8.658795436455293260e-01
9.059269248057535417e-01
8.920650566781666013e-01
9.272110878452487492e-01
5.031089811641238363e-01
9.443651403682149503e-01
9.549254603916983442e-01
7.916112531969309307e-01
8.623822140765384781e-01
9.024869109947644130e-01
6.375206694392945295e-01
9.598084557770228953e-01
8.502318081032049779e-01
7.119979446775712706e-01
7.215648057914519908e-01
5.966533031200975667e-01
7.735219753617731397e-01
8.532850779510022798e-01
5.068996216336523197e-01
8.951418951418951275e-01
6.878887962547296508e-01
6.818743381574302598e-01
5.577231757007038437e-01
9.417439001324002801e-01
8.909402280606490976e-01
3.437949129315819308e-01
9.319148936170212894e-01
2.203233256351039282e-02
7.275041984939595308e-01
9.665754495699765414e-01
9.032649136741774942e-01
9.162695711368277207e-01
7.426259113102802178e-01
8.793103448275861878e-01
8.120096189289287558e-01
8.875605815831987266e-01
6.679909636207836954e-01
8.884432455455384403e-01
7.310269596384603163e-01
7.305960264900662748e-01
7.829698857736241413e-01
9.322671683913452689e-01
9.131405604555096200e-01
8.570672972216172303e-01
9.564047589019212259e-01
6.690557022507229723e-01
4.207665583323993985e-01
9.214773096501678307e-01
9.424832550711510770e-02
9.243201243201243367e-01
5.253946465339739413e-01
7.567841231267720126e-01
5.843069150615725071e-01
9.089646824266590652e-01
9.546883120097008346e-01
6.995614035087719396e-01
7.922186197313570988e-01
9.193961834235260255e-01
4.090786944209025278e-02
9.315930544225614618e-01
6.772701905445268622e-01
5.598207223833376878e-01
8.112173179645768561e-01
7.816886654095956954e-01
8.368911524083003650e-01
6.240778427880946388e-01
6.152419490810993041e-01
6.813937498613791277e-01
6.972755736249357517e-01
6.280351300154984884e-01
1.209043646475637784e-04
5.391018718502519347e-01
8.016334898485549809e-01
8.348389864848759778e-01
8.533049864708156518e-01
8.618907472543249071e-01
8.999827853331038297e-01
9.069680938998181396e-01
9.205516231388820581e-01
8.607725069760611136e-01
8.862088535754824026e-01
5.024897573274503815e-01
6.759439200444197215e-01
7.905588337382852826e-01
8.719857100327478294e-01
8.389612954186413951e-01
5.534258844603672234e-01
8.879269449715370133e-01
8.564667975633086794e-01
7.785588752196836992e-01
0.000000000000000000e+00
2.178096894777749037e-01
8.830240782907804453e-01
9.673859642492724786e-01
9.529799143891998225e-01
6.561732581799470942e-01
7.797939832185005748e-01
9.664856768395431175e-01
8.797227374792541132e-01
8.936321593738882907e-01
8.149646107178968313e-01
4.209763170613823324e-01
8.083524027459954020e-01
4.836852207293665940e-01
9.704848910751932012e-01
8.014184397163121032e-01
6.356487549148099880e-01
8.355233348436792440e-01
9.319203596660243782e-01
9.234828496042216672e-01
1.864986114078188428e-01
6.295313881520777644e-01
9.144602851323828663e-01
9.047858942065490906e-01
6.919191919191919338e-01
8.053097345132743667e-01
6.276467550352901048e-01
8.693724420190995783e-01
7.111474643608319823e-01
7.236463510332199478e-01
9.377116594097726354e-01
3.679458239277652587e-01
9.359032228942854026e-01
7.571813285457810183e-01
9.593908629441624258e-01
9.068278805120910668e-01
8.563036601897876521e-01
7.004754358161647820e-01
8.566569484936832346e-01
2.561284868977176665e-01
7.585992110180634906e-01
6.626397403534078911e-01
3.496740380928032854e-01
9.029720279720280240e-01
9.069035720895798347e-01
9.475261451898966403e-01
8.480026854649210799e-01
7.827371184771906298e-01
7.422907488986784097e-01
6.235801018409714569e-01
8.542857142857143149e-01
8.886363636363636687e-01
9.473260956976277125e-01
8.673763583943224775e-01
7.410493970855254187e-01
3.078982597054886333e-02
8.996188055908513892e-01
7.675404780262143900e-01
8.402394106813996233e-01
5.921840529467381486e-01
7.458471760797341643e-01
9.102589444554259890e-01
7.420249653259362033e-01
8.657616892911010886e-01
9.304304304304303885e-01
8.459999999999999742e-01
7.091209396219489980e-01
8.690215692403876480e-01
9.444220700765203480e-01
7.775947281713344594e-01
8.451548451548451801e-01
6.749298409728718973e-01
7.697888024337448121e-01
9.262695312500000000e-01
8.277511961722487932e-01
8.478554086862691852e-01
6.250366032210834533e-01
7.831282952548330734e-01
8.676196395276569717e-01
4.683935820606998091e-01
8.446681175190424717e-01
8.076086956521738580e-01
8.494726749760306284e-01
1.725424224692802821e-01
9.381711682395054153e-01
7.550753110674525148e-01
8.214738366829621441e-01
9.164926931106471830e-01
9.120521172638436092e-01
5.342985177524991469e-01
2.389304812834224523e-01
6.585644838432942461e-01
4.573882047958522379e-01
7.163380090804364331e-01
8.598684210526316152e-01
6.877256317689530718e-01
8.475609756097560732e-01
5.116259688307358555e-01
7.158903204492896855e-01
8.115428690488593055e-01
8.928408572731417747e-01
1.349607401072844548e-01
5.518503914831296431e-01
2.141346865419177514e-01
9.104062970251186604e-01
8.327526132404181602e-01
8.245376635092467321e-01
9.132231404958677246e-01
8.230035756853396611e-01
6.943105110896817811e-01
6.468874172185430371e-01
9.009077155824508631e-01
8.985808238144686877e-01
9.272300469483567564e-01
9.403185568988677856e-01
8.854460093896713291e-01
9.238605898123324334e-01
6.781195005447079316e-01
7.550274223034735277e-01
8.660884903718947259e-01
8.980817347789824545e-01
8.487486398258977660e-01
9.395509499136441844e-01
5.171428571428571264e-01
8.473413379073756468e-01
2.629325111339499976e-01
6.936274509803921351e-01
6.977084349098000571e-01
8.826638477801268534e-01
7.964224872231686625e-01
8.593103448275861700e-01
6.408225181189954878e-01
5.100775193798449125e-01
9.045984900480439350e-01
4.922696351267779602e-01
8.709677419354838745e-01
7.338543202595104731e-01
