4.685201346465527883e-01
8.802053622361665219e-01
7.959648551903677482e-01
6.982544586168337730e-01
6.270595336567481581e-01
4.726643598615917208e-01
1.190895018294399060e-01
8.677815521296053936e-01
7.470327723649247131e-01
7.848050516187230485e-01
3.544441070576497821e-01
3.001159011885553007e-01
7.634314921298716028e-01
5.250996857588000610e-01
4.696241766757071057e-01
5.411185392854575005e-01
1.915092267135325155e-01
7.286973738279353130e-01
7.150916784203102949e-01
9.449768857819370593e-01
4.658515676028739394e-01
4.853383923784385656e-01
6.073912068192014457e-01
2.223709454334537872e-01
6.154168412232928764e-01
8.573303337082864850e-01
7.696544817225838830e-01
3.013822917222607756e-01
6.228254635824890251e-01
6.645251957438265134e-01
2.729577533458472649e-01
8.112216175642710247e-01
3.634981566645129614e-01
9.104230024882499217e-01
4.257590132827324819e-02
4.961521050248981490e-01
4.965809033733561972e-01
5.123882128720128604e-01
5.643693107932379327e-01
1.744986989132098487e-01
3.682034318792640204e-01
6.099410278011794251e-01
6.970284662415356935e-01
5.243208279430788821e-01
8.152866242038216971e-01
6.198025725396351104e-01
8.995236032914681878e-01
8.052884615384615641e-01
9.603064066852368130e-01
1.952881067272211058e-01
9.029340392675931914e-01
6.448170731707316694e-01
9.200245700245700542e-01
9.035447311309380281e-01
4.809462234730356722e-01
7.534414193943101967e-01
7.976878612716763461e-01
1.855464608337927673e-02
6.143521153481312780e-01
8.150802752293577758e-01
5.987082280258354539e-01
8.209535020600353672e-01
4.665738161559888630e-01
5.143849206349205838e-01
7.924493142516397803e-01
4.714253444770725165e-01
6.764987027174654832e-01
6.392190152801358050e-01
8.658768302224209013e-01
3.249247859291830576e-01
8.938411669367909429e-01
8.854707190511490467e-01
3.525353987655814869e-01
3.451353058860692768e-01
8.651325371395280905e-01
7.924050632911392444e-01
2.937033265444670693e-01
8.793324775353016376e-01
7.611718806098757284e-01
7.447765772521217631e-01
8.745588707090150571e-01
3.610307651853799649e-01
7.341669561190228288e-01
9.179411764705882604e-01
7.692307692307692735e-01
9.075260208166533449e-01
5.973854289071680590e-01
7.993421052631578538e-01
7.042214912280702066e-01
9.186286658405617978e-01
8.494679470542434441e-01
3.690352247093527938e-01
7.930547713156408385e-01
9.102387511478420290e-01
1.336521664423379885e-01
7.341513292433538007e-01
8.709783502329405680e-01
7.185623884471847855e-01
7.351694915254237683e-01
3.613819771351715060e-01
3.169480658260311889e-01
7.620689655172413479e-01
8.557441668256087208e-01
8.917343526039178681e-01
8.223715415019763331e-01
7.540707467714766743e-01
8.991683991683991906e-01
6.250000000000000000e-01
3.401318816132494760e-01
4.135053110773899698e-01
9.447875045405013106e-01
1.599361850633163884e-01
6.782229603487648362e-01
7.160317783662660807e-01
2.573141486810551770e-01
2.124496193461710702e-01
8.201796821008984217e-01
8.716070879852504394e-01
8.223585612588985017e-01
2.800468697689990072e-01
8.788190868520425747e-01
8.321060382916053433e-01
3.666436520185200054e-01
9.026581804567577194e-01
8.752327746741154213e-01
6.175529483467926406e-01
6.019073766346362264e-01
9.301485347250100233e-01
7.852027740087441643e-01
9.241087186727849900e-01
5.424686561892989589e-01
6.905930300257838717e-01
6.486737070622554668e-01
6.281603741611875291e-01
9.233601070950469003e-01
3.203661327231121514e-01
6.944099378881987139e-01
6.887084300077339627e-01
5.265188042430086757e-01
8.803538175046554670e-01
9.225941422594142738e-01
1.632429680539646266e-01
6.922882905605649562e-01
6.812352012628255515e-01
5.980043503780685388e-02
3.628814838779251817e-01
6.614294913071474546e-01
6.884673810403579841e-01
5.285136955545577386e-01
3.690818333081228309e-01
1.823957849062451675e-01
9.056057866184448191e-01
5.874232460915385090e-01
8.279569892473118697e-01
5.618050075328215875e-01
9.325460557392536431e-01
9.003397508493771184e-01
6.278636947755572573e-01
4.758155230596175511e-01
8.654037886340977259e-01
3.531353135313531344e-01
6.975553353154938518e-01
5.690227511942352878e-01
7.629880606647305719e-01
7.104005274435470918e-01
3.883613123902965869e-01
6.897280966767371790e-01
5.588626096199840187e-01
7.779771615008156394e-01
8.797336662505201854e-01
7.914003486345148053e-01
3.648915187376725600e-01
7.484510532837670427e-01
7.227561803662793105e-01
7.054187192118226424e-01
7.893569844789356527e-01
7.701465201465201860e-01
8.516062302263324169e-01
7.885885885885886015e-01
2.546438048581343150e-01
1.841832963784183208e-01
7.340750436300174098e-01
3.096067870595275995e-01
1.324973942705536811e-01
8.411592900471803746e-01
8.997041967091884418e-01
7.279211956521739468e-01
1.631791285637439470e-01
8.591994764968916565e-01
8.535533932750338781e-01
6.841194156771038815e-01
4.110012360939431231e-01
6.124775416640853010e-01
7.153932837502817721e-01
6.728085306570488200e-01
3.950318574078554579e-01
5.979258836401694088e-01
9.431413301662707749e-01
9.083405734144222032e-01
9.006979695431471811e-01
8.848016139878951414e-01
8.179495368891728235e-01
8.933333333333333126e-01
8.701206529453513472e-01
8.291713961407491951e-01
7.762030836318331017e-01
7.251684228709621705e-01
9.189387276458516052e-01
9.068447807069393019e-01
8.642117376294591313e-01
9.063722335000247154e-01
8.118258482055304981e-01
8.953254946945798931e-01
5.444919024737497892e-01
6.679072430575436758e-01
8.685592291269979004e-01
9.572279371954520721e-01
9.520877875376728694e-01
9.454410883586508163e-01
8.100200180985548393e-01
8.496871444823663744e-01
8.269995032290113901e-01
7.457259998452850924e-01
8.990437505288990661e-01
9.013356509011068995e-01
8.006320492562524205e-01
4.818295739348371076e-01
7.947474747474747581e-01
2.963460398972940779e-01
8.059132238969914930e-01
8.953829489551834442e-01
3.229815889390357242e-01
8.915880864765409752e-01
7.364239432273989028e-01
9.200936141758608855e-01
8.852180820335066036e-01
9.446782922429344254e-01
8.242495913185627909e-01
9.293977543382102580e-01
9.705632606849702304e-01
6.617542280721491199e-01
5.730140539236383557e-01
8.788192646297254829e-01
8.535175798275917991e-01
9.442811043384725656e-01
8.619739018562764254e-01
7.611051883439943211e-01
6.042290612413507844e-01
8.519594316558952718e-01
3.870314083080040324e-01
7.972405518896220622e-01
9.500435350457118178e-01
8.868586530575047755e-01
9.224898148625650940e-01
9.305571444914769730e-01
9.379472500511143451e-01
8.652940763122760615e-01
9.537627551020407823e-01
7.026669188575751512e-01
8.961018195772441075e-01
5.065755230924042785e-01
8.566575846573015740e-01
9.060395394308059513e-01
8.940375352931406727e-01
8.505444671500154152e-01
8.285033602389503260e-01
7.932998894651814847e-01
9.388942774005819558e-01
9.311849223430864742e-01
4.862228724701292415e-01
7.506112469437652424e-01
4.556271690629647986e-01
8.951342620633959690e-01
8.587055606198723545e-01
8.475249541658178565e-01
9.336718030937323221e-01
7.450032469875171870e-01
9.277393412571698361e-01
8.641037539994627092e-01
8.523545706371191688e-01
5.189311311935181914e-01
7.912151423204739631e-01
8.488262228359618744e-01
9.526006711409396033e-01
8.798287090730663174e-01
8.776223776223776030e-01
9.524807161222740293e-01
9.341218214074512582e-01
9.327147597394617184e-01
8.707443274477038031e-01
9.370665296686360168e-01
7.571171645391937544e-01
8.988029125015426501e-01
8.343466384703498440e-01
9.017838227193762934e-01
7.003329171868497571e-01
9.503546099290780536e-01
8.570882233429739649e-01
7.077103107528279757e-01
8.732458125848799879e-01
9.259104227710338586e-01
8.430443382231745941e-01
9.280491572551576862e-01
7.394837239260764195e-01
9.431269017361733065e-01
9.573739295908658686e-01
9.335758555645378154e-01
7.780883174958077575e-01
9.674660229836805625e-01
9.218778653951953395e-01
7.518220441435529144e-01
8.670270860637833144e-01
7.936007537051128491e-01
5.705111605986845635e-01
9.047269328348244155e-01
8.283223389796797731e-01
9.503207547169811864e-01
6.614616344953423432e-01
3.704599892457349775e-01
4.753604406285436568e-01
9.198916408668730282e-01
8.381794078656650271e-01
8.408380911343316111e-01
7.048817403483407240e-01
8.167451660882498743e-01
7.214397496087636696e-01
4.945671223273747086e-01
8.880998654507400447e-01
9.370051098022389446e-01
9.655734365451211776e-01
8.161616161616161991e-01
9.358239226782182341e-01
6.039159698143993227e-01
8.846084282872128668e-01
8.029223670363474508e-01
2.702702702702702853e-01
8.253959179006346014e-01
8.765794281890939565e-01
7.975096219153271493e-01
6.874606785074771631e-01
9.432101643548198577e-01
6.297392477146710466e-01
8.613541009679984706e-01
8.761609907120743168e-01
9.354703955323967479e-01
7.646220221346838875e-01
9.334670834694163144e-01
9.018057751518682164e-01
9.265581295273613849e-01
9.146643547188506584e-01
9.394724446537917606e-01
8.694613737440289869e-01
7.904426405268800693e-01
8.149484536082474140e-01
9.416825511308021257e-01
9.095619987661937023e-01
9.262803931712364491e-01
8.449541284403669916e-01
9.601271135627773567e-01
8.944761616696282891e-01
8.180658960964172222e-01
6.800468050468050363e-01
9.210440985732814001e-01
6.604247545101621375e-01
8.194265759970593699e-01
8.300024673081667359e-01
9.581523255350523627e-01
7.584758605758822325e-01
8.179977502812147971e-01
7.507345323618824784e-01
9.032224241576960466e-01
8.462515034077241483e-01
8.999105011933173914e-01
8.927623898970603600e-01
8.822698375323757558e-01
8.037756733489115346e-01
9.369589762890477846e-01
6.269984829034893625e-01
9.410887397464579029e-01
8.822901659463209256e-01
8.110485933503835954e-01
8.771143386528001962e-01
8.634286156944767088e-01
6.872926019910209350e-01
9.459715639810426513e-01
9.179404666130329682e-01
8.960324845613738542e-01
9.362917322902785111e-01
8.124350536889504149e-01
8.844333351061001158e-01
8.780284043441938246e-01
5.631936852637625668e-01
6.974506974506974322e-01
6.040691335855832289e-01
4.106953759265796200e-01
5.492344733917767785e-01
8.820562732259776828e-01
8.433027939728932054e-01
5.491023579849946268e-01
9.526603112523425176e-01
2.143242271746944802e-02
7.714935803673005354e-01
9.715375066501152901e-01
9.135245730510668238e-01
9.350592365072399881e-01
8.065615394895095935e-01
9.161005434782608647e-01
8.431585018438575441e-01
9.082421120412105253e-01
7.748793022893630811e-01
8.574887464193152731e-01
7.650771388499298942e-01
8.212687549355093264e-01
9.341853035143770079e-01
9.291001981023876422e-01
9.153877000473916725e-01
8.790706412825651794e-01
9.157451086536231299e-01
6.203077640475634924e-01
7.612711678029470130e-01
9.305950500263296954e-01
1.336094312539708728e-01
7.926200238063748627e-01
4.476716274603936840e-01
8.595479050411425348e-01
6.485019368099291526e-02
9.026987209535927148e-01
9.616021426832237484e-01
7.372788476593079565e-01
8.856272500692329297e-01
8.665721185173828056e-01
5.457670820799311873e-01
9.500253821422528500e-01
6.873701039168664817e-01
7.992806539509537123e-01
8.964014619061005940e-01
8.120259794678399423e-01
9.256026821350646916e-01
7.528403681370993139e-01
7.284221173297370511e-01
8.318731655252157298e-01
7.067588397402961853e-01
6.841742724298260914e-01
3.647261750754635656e-01
7.149478041756659463e-01
8.474184603195563659e-01
8.816101213040181683e-01
8.507514854945823490e-01
8.727670691237732203e-01
8.759249698847014765e-01
9.152260638297872175e-01
9.574170861533274346e-01
8.382038488952244792e-01
9.139681668496157929e-01
7.268954410307234548e-01
7.397934087555336768e-01
7.735862116702429958e-01
6.859273066169617739e-01
5.490767255850695916e-01
8.626594131811290422e-01
9.237288135593220151e-01
8.483592569115997462e-01
8.006500541711809582e-01
9.207656893627331682e-04
2.197863758589782002e-01
8.942814686990701034e-01
9.464214747642617498e-01
9.301663883218902473e-01
6.407293271700050807e-01
7.453618756371049869e-01
9.597777069193276223e-01
9.043239142802957931e-01
8.596181046676095727e-01
8.009950248756219082e-01
5.471242145964233528e-01
9.282868525896413869e-01
6.209213051823416762e-01
9.089134677944047391e-01
8.174157303370787053e-01
8.103896103896104375e-01
8.011718749999999778e-01
8.833836858006042236e-01
8.667883211678831801e-01
2.452467421491134336e-01
7.502210433244915766e-01
9.260326609029778666e-01
8.462980318650421552e-01
3.468309859154929398e-01
8.309215536938309166e-01
6.569611780455153482e-01
8.775579809004092624e-01
7.391329749941575322e-01
7.678524718807219207e-01
9.424954792043399587e-01
6.736983842010771939e-01
9.544804149526023851e-01
8.017048003589053451e-01
9.520691461498166364e-01
9.046653144016226777e-01
8.744086021505376172e-01
8.129952456418383377e-01
9.097490347490347906e-01
4.592138630600168803e-01
7.835913740669062655e-01
7.062997577016268957e-01
3.397657213316892522e-01
9.259567387687187567e-01
8.557993730407523758e-01
9.396441799744975620e-01
8.363239091571210704e-01
8.198227765014768353e-01
8.101321585903084044e-01
6.196105702364395063e-01
9.108689578094439909e-01
9.286409341550437846e-01
9.411764705882352811e-01
8.968830059777967989e-01
8.384771964570610914e-01
3.229910354823125052e-01
8.347107438016528880e-01
8.124536693847294044e-01
7.717163239613932246e-01
7.136194029850746468e-01
8.118428334255672896e-01
9.369830641985033015e-01
7.986175115207373443e-01
9.364764267990074442e-01
9.313160422670508920e-01
9.130434782608695121e-01
7.717012295834098090e-01
8.087937518079258981e-01
9.181675802662490060e-01
7.742998352553541741e-01
8.547263681592039974e-01
8.690335466514491347e-02
7.606637649619151231e-01
8.770152003684937858e-01
8.943661971830986213e-01
8.414570230607966161e-01
6.818448023426061377e-01
7.877408056042031204e-01
8.950636448307979220e-01
4.052774018944519385e-01
8.564476885644768389e-01
8.565573770491803351e-01
8.036446469248291757e-01
5.242611380679311761e-01
9.556127372145384324e-01
7.838899803536345523e-01
8.508480503584542332e-01
9.320859320859320452e-01
8.848063555114200618e-01
3.346933571337498137e-01
5.695397915077549111e-01
5.596248325145154467e-01
5.344241049732706417e-01
7.162702446296672631e-01
8.286978508217446304e-01
8.838821490467937414e-01
8.217695735200509777e-01
6.038091019820618355e-01
8.023575004036815894e-01
6.411830357142856984e-01
8.617410387710314756e-01
1.701774917105519924e-01
4.383766124035374245e-01
3.064004575469245761e-01
9.019189765458421881e-01
9.176672384219554113e-01
8.444542642509942354e-01
8.466534877153346628e-01
8.320959451741861690e-01
2.798755480130108997e-01
7.692715231788079810e-01
9.123823316437363884e-01
9.132670551936921122e-01
8.982494529540481221e-01
9.380463702014443239e-01
8.923076923076923572e-01
9.521304576538663911e-01
5.962457051872956937e-01
9.237435008665511038e-01
8.718508810251929253e-01
9.095913261050875276e-01
7.089416058394160114e-01
9.288351795904665753e-01
7.393322521111794776e-02
9.118616144975287829e-01
1.375324791685332837e-01
8.347613219094247583e-01
7.326226012793176645e-01
8.901846452866860604e-01
8.351648351648351953e-01
8.891891891891892108e-01
7.171972376621189582e-01
6.109719737626714275e-01
9.488903833221250528e-01
7.143734643734643841e-01
8.806042884990253894e-01
7.415565345080763482e-01
