4.863780495696628514e-01
8.879297942742051530e-01
7.959648551903677482e-01
6.991422498861393775e-01
9.670068261738951065e-01
9.155495978552279368e-01
1.000000000000000000e+00
8.718823838277762750e-01
8.940004239983040391e-01
1.000000000000000000e+00
9.880290205562273220e-01
3.002318919656254415e-01
9.672529251600558986e-01
5.282522646972876990e-01
4.696241766757071057e-01
6.152934444989374141e-01
1.000000000000000000e+00
7.326797753864067175e-01
7.780847145488029026e-01
9.889085545722713366e-01
8.840299027772398066e-01
5.609686338068452516e-01
6.663180559827744931e-01
1.000000000000000000e+00
7.355573637103336448e-01
9.629395662244683018e-01
9.978359662410734021e-01
4.488157685582578327e-01
7.256124721603562922e-01
1.000000000000000000e+00
2.729710621906921153e-01
9.940216141641756709e-01
3.640654739246288463e-01
9.959171329200060541e-01
4.257590132827324819e-02
9.963636363636363402e-01
5.350797210379752977e-01
6.124594760360991819e-01
7.781651558920210654e-01
1.000000000000000000e+00
9.149755972257899161e-01
6.099410278011794251e-01
6.982679135932560177e-01
5.243208279430788821e-01
9.512308406874129263e-01
9.525889316705936638e-01
9.942556247008137449e-01
9.992542878448918975e-01
9.764560099132589821e-01
7.486398258977149389e-01
9.619271445358401618e-01
1.000000000000000000e+00
9.466565541650865390e-01
9.044170890658942419e-01
8.832239139544628692e-01
7.604198826798395094e-01
9.936993699369937039e-01
1.855464608337927673e-02
6.154906153480637077e-01
9.230519480519480124e-01
9.158075601374570107e-01
9.944388991872237238e-01
1.000000000000000000e+00
6.568487727632620343e-01
8.739416358405260876e-01
6.081593006313744665e-01
6.883901896755366678e-01
6.392190152801358050e-01
8.725081653339340493e-01
3.310539966988917948e-01
9.168744804655029057e-01
8.977827884254039326e-01
3.525353987655814869e-01
3.620822977078155258e-01
9.891207815275311344e-01
9.976095617529880943e-01
1.000000000000000000e+00
9.898843930635837784e-01
7.624127927884730704e-01
7.775603159917443552e-01
9.050464807436918724e-01
3.610307651853799649e-01
7.425058548009367820e-01
9.860979462875197887e-01
7.897934386391251005e-01
9.991185544292640053e-01
6.128691983122362963e-01
8.086522462562395486e-01
7.042214912280702066e-01
9.391891891891891442e-01
8.713593525371385873e-01
3.690352247093527938e-01
7.930547713156408385e-01
9.167630057803468624e-01
1.336521664423379885e-01
7.341513292433538007e-01
8.730359301175695252e-01
9.656037067320796252e-01
7.351694915254237683e-01
3.722883741069495378e-01
1.000000000000000000e+00
7.647058823529411242e-01
8.557441668256087208e-01
8.945980923165411935e-01
8.313089339939268019e-01
9.904129793510324520e-01
9.619127050319711270e-01
6.305600626643540485e-01
9.432277269827769040e-01
9.918107370336669559e-01
9.942660550458715107e-01
1.000000000000000000e+00
9.690048939641109360e-01
8.254080075143830353e-01
2.573141486810551770e-01
8.453314326443335247e-01
8.338954468802698416e-01
8.716517285531369952e-01
8.223585612588985017e-01
1.000000000000000000e+00
9.972730814179976422e-01
8.321060382916053433e-01
3.980379188712522276e-01
9.788875355257815603e-01
8.867924528301887044e-01
8.810869565217391841e-01
6.019073766346362264e-01
9.422529483529890060e-01
7.852323696807508302e-01
9.816272965879264678e-01
5.424686561892989589e-01
6.928211832114149482e-01
6.486737070622554668e-01
6.284585650345856367e-01
9.874731567644953190e-01
3.203661327231121514e-01
7.647058823529411242e-01
8.869521912350597503e-01
5.265188042430086757e-01
9.823376623376622874e-01
9.894230769230769607e-01
1.632429680539646266e-01
6.942143534619032996e-01
6.812352012628255515e-01
1.000000000000000000e+00
9.705797519469281376e-01
6.933045356371489998e-01
6.977198968128485168e-01
8.078242964996568132e-01
1.000000000000000000e+00
5.442774566473987941e-01
9.996007984031936022e-01
5.890907502838675924e-01
8.426812585499315889e-01
5.827504092870963159e-01
9.779076679215374934e-01
9.601449275362319291e-01
6.280028366279585272e-01
4.760832864378165552e-01
9.148880105401844265e-01
9.683257918552036214e-01
7.012387499584868955e-01
7.927805978567400436e-01
7.814591423613980181e-01
7.104005274435470918e-01
6.284777858703568532e-01
8.835139318885448789e-01
5.588626096199840187e-01
7.829584633065178600e-01
9.613460663938153683e-01
8.016480282519128364e-01
3.648915187376725600e-01
9.553183076314748501e-01
7.334530279503105321e-01
7.063756320138118161e-01
7.894153300317835464e-01
7.785340884338923795e-01
8.570816239054558361e-01
9.988588817040700008e-01
2.554651103261147971e-01
1.841832963784183208e-01
7.400483835495931251e-01
3.102292768959435398e-01
1.324973942705536811e-01
1.000000000000000000e+00
9.402956236112453015e-01
9.884686346863468254e-01
1.631791285637439470e-01
8.706415427971486709e-01
8.885754583921015026e-01
6.841194156771038815e-01
7.229570574379416970e-01
6.124775416640853010e-01
8.741462877285746114e-01
6.750845724175910112e-01
3.950318574078554579e-01
6.181576747159789331e-01
9.643290831815422015e-01
9.248120300751879741e-01
9.317361339021988931e-01
9.012261113774916454e-01
9.689746500189179157e-01
9.745454545454544926e-01
9.323193916349810095e-01
9.898373983739837678e-01
9.428679530836171496e-01
7.370299926847110328e-01
9.281907018063370041e-01
9.525642617658015565e-01
9.440603394091766631e-01
9.246855584179420884e-01
9.238924227206785078e-01
9.802197802197801790e-01
5.446130568288015672e-01
9.794290512174642638e-01
9.958322307488753911e-01
9.711617687448502734e-01
9.724019994738226647e-01
9.572835629148526149e-01
9.957861380798274098e-01
8.521349724749707200e-01
9.976029962546816288e-01
7.462455488465706832e-01
8.995004656675980037e-01
9.197628827483196323e-01
9.987765089722675516e-01
4.818295739348371076e-01
9.452186448822681442e-01
2.966976468261815492e-01
8.147885368787981530e-01
9.933904161033498825e-01
3.229815889390357242e-01
9.995165656826092704e-01
7.654746632456702615e-01
9.928952042628774732e-01
9.069285687862982392e-01
9.917929292929292817e-01
1.000000000000000000e+00
9.865165833985433119e-01
9.877859077029440549e-01
9.998866791319621639e-01
5.730140539236383557e-01
8.799585169821104724e-01
8.546489072804862586e-01
9.932116457987629765e-01
9.861227922624054010e-01
8.032441048239651327e-01
6.474754461197952393e-01
8.857042200357331252e-01
3.870845856590811596e-01
9.578378378378378244e-01
9.593361907901967189e-01
9.463677915005348495e-01
9.994412783551235302e-01
9.946197114208853440e-01
9.671128913249710246e-01
8.688351090100896457e-01
9.632850241545893866e-01
7.102910950719373284e-01
9.038771692148893644e-01
5.165501990269791843e-01
8.596690575953412905e-01
9.260575108249139431e-01
9.998142644873699858e-01
1.000000000000000000e+00
8.759398496240601295e-01
7.939074200136146953e-01
9.486062717770035180e-01
9.652095266807355634e-01
4.862228724701292415e-01
7.506112469437652424e-01
4.556271690629647986e-01
1.000000000000000000e+00
9.960146400976006564e-01
8.617439933719966971e-01
9.627123832848614171e-01
7.925542122433314463e-01
9.924093870580049659e-01
9.982506136960017651e-01
9.967606090055070034e-01
5.231699654414074807e-01
8.163387000596302734e-01
9.419308008710379765e-01
9.722341141214604354e-01
9.995439112147164185e-01
8.940684528418770816e-01
9.800117577895355314e-01
9.754229961714214747e-01
9.978306600052589959e-01
9.088979488903833337e-01
9.405698079154312108e-01
7.710176002858929456e-01
9.186427850655902727e-01
8.372977274736934650e-01
9.328920838081879996e-01
7.245759063118918375e-01
9.611034482758620268e-01
9.602592255369288843e-01
7.086086248982912394e-01
9.999377954715102934e-01
9.954248856221405983e-01
8.515003953885212917e-01
9.600497159090909394e-01
7.394837239260764195e-01
9.524605720999593794e-01
9.917208752217622214e-01
9.856330014224751190e-01
7.799567757944448898e-01
9.879963560366540332e-01
9.309259259259259345e-01
7.533312567057764975e-01
9.995278416065975780e-01
8.168966803431555457e-01
5.727208921469234548e-01
9.064214046822742787e-01
8.345607267504967508e-01
9.646632957940702857e-01
6.706196206721969366e-01
4.436151842421049429e-01
4.771071800208116498e-01
9.906820279241463911e-01
8.435470959708263328e-01
9.989761310552249807e-01
7.048817403483407240e-01
9.998482664441241674e-01
7.214397496087636696e-01
5.410276073619632031e-01
9.138527805553419148e-01
9.578913788978387078e-01
9.714110052259452566e-01
8.165740272865082972e-01
9.909322303531657994e-01
6.039159698143993227e-01
9.942067283260493937e-01
9.998991884671606378e-01
2.744213649851632297e-01
9.425474962460012041e-01
9.983294255568581077e-01
8.012829261635048272e-01
6.874606785074771631e-01
9.913020042142401955e-01
9.310917852988422894e-01
9.334898511099883889e-01
8.791644349223353139e-01
9.987324538754048797e-01
7.717152593714502462e-01
9.378207982750135230e-01
9.112274284753315579e-01
9.948405975666101408e-01
9.397467710122796580e-01
9.987481221832749112e-01
9.992427827733081358e-01
7.958793411880821234e-01
8.149484536082474140e-01
9.839056949079556524e-01
9.972943722943723444e-01
9.960826128277044944e-01
8.479655479655480166e-01
9.786102792886389734e-01
9.310874099728442266e-01
9.114573785517873228e-01
6.802198361406543992e-01
9.998826635376943939e-01
9.945549378116581574e-01
8.280248862475624305e-01
9.988547189819724226e-01
9.793465862799413113e-01
7.635674120570158374e-01
8.608769769864570431e-01
7.649868475702616966e-01
9.794209050253922522e-01
9.892212762633757483e-01
9.901526341703594802e-01
8.939719986185277190e-01
9.723627870766835546e-01
9.882806593074248136e-01
9.929205304616611771e-01
6.637121680049413719e-01
9.983048932082720928e-01
9.999395258829221200e-01
8.110485933503835954e-01
9.068718329007539047e-01
9.877702942219070970e-01
7.057172921781831310e-01
9.873042044517724714e-01
9.199758113283612593e-01
9.070822985355827539e-01
9.436904720371209754e-01
8.176747428969844966e-01
8.950484391819160113e-01
8.792526491912995290e-01
5.642496472859582779e-01
6.974506974506974322e-01
6.040691335855832289e-01
4.106953759265796200e-01
5.492344733917767785e-01
9.956057125736542668e-01
9.966442953020133722e-01
5.539262062440870604e-01
9.814488374045160501e-01
1.000000000000000000e+00
7.714935803673005354e-01
9.773785524414393411e-01
9.184718723761544634e-01
9.688565583087065392e-01
8.073707444318105608e-01
9.300000000000000488e-01
8.481092769368704376e-01
9.114701130856219802e-01
7.751811170834307374e-01
9.996819464874965311e-01
7.650771388499298942e-01
8.264900662251655206e-01
9.488577362409138516e-01
9.330890052356021203e-01
9.368354288699026755e-01
9.287722896747940826e-01
9.983980439273217877e-01
1.000000000000000000e+00
7.758601367253166181e-01
9.670570209040166842e-01
7.132269815349830955e-01
1.000000000000000000e+00
6.400137268359643583e-01
8.740142335064435830e-01
6.485019368099291526e-02
9.731095470131745362e-01
9.853297073426311448e-01
7.376253132832080173e-01
8.887447892542843508e-01
9.991161392964468257e-01
5.512950368976993198e-01
9.830162250496089493e-01
6.877549388146845244e-01
9.706941282363530377e-01
8.964014619061005940e-01
8.120259794678399423e-01
9.511388182539031177e-01
7.543245993385906401e-01
7.285449334007756406e-01
8.343034276666443372e-01
7.070891163138464108e-01
6.841742724298260914e-01
3.652175414961051358e-01
7.149478041756659463e-01
8.488195225183519099e-01
8.878152363228593025e-01
9.687562189054725881e-01
8.892805755395682965e-01
8.917309039943938087e-01
9.599023709902371193e-01
9.815304081582261198e-01
8.636897767332549769e-01
9.458960522578813146e-01
7.415950455005055897e-01
8.450031603342931241e-01
7.758417216244359871e-01
8.790683786204837036e-01
5.490767255850695916e-01
8.663681146439766723e-01
9.956109134045076914e-01
8.823022312373225429e-01
8.119094704460557699e-01
9.207656893627331682e-04
1.000000000000000000e+00
9.353504462047528278e-01
9.972210590429784194e-01
9.931972789115646183e-01
6.433577908530438982e-01
7.790879386276460261e-01
9.984362412927072494e-01
9.371130981625233058e-01
8.672850517302890250e-01
9.987593052109181579e-01
5.471242145964233528e-01
9.330663615560640389e-01
6.209213051823416762e-01
9.971448965024982680e-01
8.255319148936169915e-01
8.178243774574049940e-01
9.365296803652968238e-01
9.475048606610498858e-01
9.468438538205979915e-01
2.452467421491134336e-01
7.502210433244915766e-01
9.836734693877551283e-01
9.923076923076923350e-01
9.949494949494949170e-01
9.511769834350479735e-01
6.858839972047519051e-01
8.775579809004092624e-01
7.391329749941575322e-01
7.678524718807219207e-01
9.469476744186046124e-01
6.776523702031602703e-01
9.664946119713846429e-01
8.020646319569120219e-01
9.761009667024704850e-01
9.612068965517240882e-01
9.224137931034482873e-01
8.129952456418383377e-01
9.159378036929057831e-01
4.592138630600168803e-01
7.846217731330887846e-01
7.635173058933583112e-01
5.549848942598187840e-01
9.737532808398949857e-01
9.997965412004069519e-01
9.742508184336439170e-01
9.998416844771630396e-01
8.198227765014768353e-01
8.101321585903084044e-01
8.429517502365184711e-01
9.314285714285713835e-01
9.295454545454545636e-01
9.708737864077670032e-01
9.323124722592099900e-01
9.450024801587301182e-01
8.949873568347463948e-01
9.978828510938603236e-01
8.453528731199383417e-01
9.543331603528800722e-01
7.251184834123223233e-01
8.122923588039867582e-01
9.405020755089938955e-01
8.012020342117429639e-01
9.487179487179486781e-01
9.768261964735516223e-01
9.240000000000000435e-01
7.717012295834098090e-01
9.971469329529244474e-01
9.919627749576988007e-01
7.742998352553541741e-01
8.598598598598599096e-01
1.000000000000000000e+00
8.968503431907114409e-01
9.958158995815900028e-01
9.129392971246006461e-01
9.042523232892143437e-01
6.818448023426061377e-01
7.905096660808436093e-01
8.958980733374767302e-01
4.052774018944519385e-01
8.634505314799673092e-01
9.096844396082698347e-01
9.876819708846584778e-01
9.912427022518766062e-01
9.674373168349071905e-01
7.838899803536345523e-01
9.348703170028818121e-01
9.359777313848295366e-01
9.983193277310924429e-01
9.048603929679420732e-01
9.760348583877995754e-01
9.361225252147926668e-01
5.345106934543097932e-01
7.162702446296672631e-01
9.790888722927557630e-01
9.222423146473779365e-01
9.862490450725744928e-01
7.802260695378452349e-01
8.207796498183019818e-01
7.237339380196523564e-01
9.929197572488199786e-01
9.943019943019942852e-01
4.383766124035374245e-01
3.115022729675441249e-01
9.346435632050238418e-01
9.320557491289198637e-01
8.710118505013673129e-01
9.950215731828742083e-01
8.814277071990320733e-01
9.551158301158301223e-01
7.692715231788079810e-01
9.552691432903714919e-01
9.227571873917561618e-01
9.762187871581450294e-01
9.907667603372140031e-01
9.266917293233082331e-01
9.720730397422127078e-01
5.962457051872956937e-01
9.744058500914076770e-01
8.969288389513108140e-01
9.095913261050875276e-01
9.961538461538461675e-01
9.634401114206128103e-01
1.000000000000000000e+00
9.493996569468267088e-01
1.000000000000000000e+00
8.357843137254902244e-01
8.376401755241346114e-01
9.723991507430997938e-01
8.473413379073756468e-01
9.138888888888888618e-01
7.176807685825046246e-01
6.109719737626714275e-01
9.690934065934065922e-01
7.192331478045763671e-01
8.831867057673509214e-01
7.450575390970788359e-01
