8.752822056509543813e-01
9.198423127463862814e-01
8.480776409107876335e-01
8.398755674760642886e-01
7.227050755425489248e-01
1.237147595356550556e-01
5.163269778654393516e-01
9.142776043145046660e-01
8.563318777292576733e-01
9.048554913294797331e-01
4.376775853750067280e-01
6.998755763741492109e-01
5.620895896942573744e-01
8.374937098766372934e-01
6.913403335392217519e-01
3.188495659639415947e-01
5.655205968212779766e-01
8.313055991627420482e-01
8.091334250343878987e-01
9.679587461614230781e-01
3.794564124540554806e-01
5.583153347732181526e-01
6.854023453295592372e-01
7.951855972489126900e-01
7.657465123181953492e-01
9.303182236774787395e-01
8.689421082406185715e-01
7.434279350723854707e-01
7.314320760502913688e-01
8.573279771932097448e-01
5.215998848485938755e-01
8.478409201676576634e-01
7.018185412136785928e-01
9.588483350298094843e-01
4.789392982772616714e-01
9.510186389250108174e-01
7.221390308288435644e-01
5.119653086353659344e-01
4.384044100757981677e-01
2.709125475285171225e-01
4.388580446974607585e-01
7.267363904532045948e-01
8.985473268469508223e-01
5.703717403366006522e-01
9.067899732294962822e-01
7.192455524983721871e-01
9.653558052434456638e-01
8.629343629343629862e-01
9.821316332944239891e-01
7.281486579490709099e-01
9.522240527182866954e-01
8.277886497064579352e-01
9.519667661949889892e-01
9.213951067152524876e-01
5.872798228035017720e-01
6.770046929198122454e-01
8.937198067632849963e-01
3.250099088386840945e-02
7.756060781811854321e-01
8.086788813886209848e-01
8.877005347593582840e-01
8.470559787208318259e-01
8.893280632411066922e-01
8.193832599118943127e-01
8.515452424699105904e-01
6.050721443474683658e-01
7.728618560189493003e-01
7.468085106382978955e-01
9.318276374442793220e-01
2.593884670634106215e-01
9.223279486612082634e-01
9.030402629416598437e-01
5.050431950789271429e-01
5.214853899348442789e-01
8.885485623950202250e-01
9.588607594936708889e-01
6.207083483917600342e-01
9.433427762039660047e-01
8.941517768840244740e-01
8.920610292216187842e-01
8.972776769509981376e-01
5.173489278752436693e-01
8.401544924786555901e-01
9.626256281407035154e-01
8.530640668523676862e-01
9.706943192064922954e-01
7.181459755745744911e-01
9.085989176187613259e-01
8.227511093182734436e-01
9.336034211118613424e-01
9.231297775487417034e-01
3.852054218766418070e-01
8.524218370322371729e-01
9.364786828848753464e-01
0.000000000000000000e+00
8.298636037329504278e-01
9.262238430657471211e-01
8.165198489875300503e-01
8.622589531680441288e-01
7.645237078171721601e-01
8.762135922330097637e-01
8.222523744911804933e-01
8.965589813743028991e-01
9.009061215888736207e-01
8.939652233208319476e-01
9.468462083628632620e-01
9.478991596638655093e-01
7.915417915417914951e-01
3.455783359618417316e-01
8.460342146189735457e-01
9.695167286245353067e-01
1.808750563824988722e-01
8.539125668082774290e-01
7.192456691762297849e-01
4.012268762580273873e-01
4.586053799947766851e-01
8.913950254904989823e-01
9.148256217868556694e-01
8.888774220181119290e-01
7.395522388059700969e-01
9.461766889383815826e-01
8.762929251137774322e-01
8.794019464948986675e-01
9.619841431185199854e-01
9.558685446009389519e-01
8.752695494268527554e-01
7.874546170333756034e-01
9.482684908080376562e-01
9.138004765104771332e-01
9.553290083410564959e-01
6.116127977771421698e-01
8.782242254912554502e-01
9.362142857142856656e-01
8.905818969507340865e-01
9.565367368057950959e-01
4.622282762926386290e-01
8.396825396825396970e-01
9.195524773574853539e-01
6.935890257558791072e-01
9.433573635427394688e-01
9.715394566623544170e-01
2.754230777672907471e-01
7.765446795437963567e-01
5.797954322544486283e-01
9.344483409765308446e-02
7.708459032219138196e-01
7.809774559815698680e-01
8.213095471476181686e-01
6.483516483516483797e-01
2.953740998413279528e-01
7.177546871470521506e-01
9.603693728357060033e-01
6.935713878272773414e-01
7.847049044056525480e-01
6.594842635542920162e-01
9.673575648342845890e-01
9.498287326213983306e-01
8.151609008346895058e-01
6.825206729398346495e-01
9.219129964874358540e-01
7.350605933974091455e-01
8.236328124999999778e-01
7.981290672451193391e-01
6.606244819010776981e-01
8.578479763079960296e-01
4.818080770655798206e-01
8.226643598615916986e-01
7.209760739532354856e-01
9.197536072905240223e-01
9.591466182478438629e-01
8.339052848318462274e-01
2.597706529370465978e-01
9.444336127900175848e-01
8.413952050366789726e-01
7.954545454545454142e-01
8.607754809918747307e-01
8.930347508966515191e-01
9.201263241002697324e-01
9.553505535055351050e-01
5.683847830672948964e-01
2.890743550834597997e-01
8.738030935428431345e-01
5.246940843314021885e-01
1.435942538844913463e-01
9.467695030977367754e-01
9.596479082187716614e-01
5.944887396838718363e-01
3.962040332147093724e-01
9.012956276360105656e-01
9.055632299384653860e-01
8.879342295899457227e-01
7.155322862129145367e-01
8.418491484184914553e-01
6.166915891901263436e-01
8.996324162885531717e-01
5.650135987500722878e-01
6.575622629061520508e-01
9.712170431366623502e-01
9.522292993630573354e-01
9.528333898880216868e-01
9.449991053855788525e-01
8.999644001423994233e-01
9.176470588235293713e-01
9.218174375767499429e-01
9.268991877687530190e-01
9.214298675376519920e-01
8.379693903152964918e-01
9.543531507459362961e-01
9.464354036474939003e-01
9.168393015685113445e-01
9.143160690571049409e-01
8.695038321903993950e-01
9.501963864886096012e-01
8.897302879059818537e-01
8.747346072186836796e-01
9.310387828906347973e-01
9.664592913172842525e-01
9.786385569394780992e-01
9.515647318530060517e-01
8.885004485969743016e-01
8.609060974225047902e-01
9.360707964601769904e-01
3.552330022918258057e-01
9.251245648761177165e-01
9.539820247909092110e-01
9.376729476874423597e-01
8.310790196277839659e-01
9.478395312881439105e-01
5.559136411601973693e-01
8.052996240878602663e-01
9.555403729851463801e-01
5.425215348472983701e-01
9.539931230843433640e-01
9.205013760748356200e-01
9.635299172843484472e-01
8.863253828153865310e-01
9.812433862433862508e-01
9.699513539110594662e-01
9.627928882609207983e-01
9.828772050994273313e-01
8.342968619893892379e-01
7.242016160061561791e-01
9.240418118466898756e-01
8.890365448504983226e-01
9.592139125009747636e-01
9.602584814216478248e-01
8.283451636825934772e-01
7.232526423457210640e-01
8.900333651756171527e-01
4.024665981500513690e-01
8.218478815722307651e-01
9.714413208389112153e-01
9.301384942272739043e-01
9.775462645647703397e-01
9.730026627183607779e-01
9.548330787693650734e-01
8.985000388590969056e-01
9.729907773386033965e-01
5.243519661435372958e-01
9.353520788272049469e-01
7.998639161228465744e-01
8.704023103766395097e-01
9.443440759951046148e-01
9.760669760669761219e-01
9.444185250847563218e-01
8.442962087308958363e-01
8.636627344807580320e-01
9.296661033739292979e-01
9.476528624395148537e-01
8.114544123797574615e-01
8.201923076923076650e-01
8.173556141893872917e-01
9.502461322081575679e-01
9.390724926281928120e-01
9.006967654223078101e-01
9.496340938441669710e-01
8.667494470528889217e-01
9.662168753048284708e-01
9.509839972761321425e-01
9.411946765707210893e-01
6.573404534710671765e-01
8.098903043170558869e-01
8.403964303331987740e-01
9.660503565343597776e-01
9.450750288572528079e-01
8.368577341851884954e-01
9.724310776942355350e-01
9.717373749922355586e-01
9.826872289785139047e-01
9.014129154967847057e-01
9.312094016113112716e-01
7.584906706590146541e-01
9.412550066755673850e-01
8.934280205969201694e-01
9.404390164920315431e-01
6.866093643971952210e-01
9.655793665844870644e-01
9.627937760359214225e-01
7.999453189079405169e-01
9.415003172433988876e-01
9.725677351471195831e-01
9.032082283223213937e-01
9.611498194287382280e-01
8.198111276788585533e-01
9.440195996812673629e-01
9.822255414488424430e-01
9.682594564691238137e-01
7.839291363492565390e-01
9.776246914919584086e-01
9.736202057998128989e-01
8.341605132550539148e-01
9.179659841336358372e-01
8.417825373521029553e-01
8.041572946560149315e-01
9.473425023743360374e-01
9.025467514059714036e-01
9.166950017001019857e-01
9.122424883967104048e-01
8.084854491891743100e-01
5.279785553587669211e-01
9.715951540365938000e-01
9.020999416682869976e-01
9.370595602770526167e-01
7.640687511326094139e-01
9.300042378867071635e-01
8.481050688870767074e-01
4.111752201639842230e-01
9.341144370435759958e-01
9.731532834981110325e-01
9.044714309698360655e-01
8.367586611861420609e-01
9.624919510624597718e-01
7.174993460633011244e-01
9.612403100775194220e-01
9.444027423309813152e-01
9.347457627118643808e-01
9.230298705270669757e-01
9.639016351522211590e-01
8.509970988735265918e-01
7.543404870991078370e-01
9.625756606466217002e-01
8.620958841422380337e-01
8.863189047078597893e-01
9.274665521928883161e-01
9.792762211610379630e-01
6.974427264432443430e-01
9.523203290448152281e-01
9.321622920228397335e-01
9.722742743508355767e-01
9.152845025926307221e-01
9.558513775381245470e-01
9.612328985408272741e-01
8.168016933070578744e-01
8.955658169397179291e-01
9.795631487889273625e-01
9.745915305101701120e-01
9.473348649569642843e-01
8.974082426381670974e-01
9.851970640843766835e-01
9.360432519022827691e-01
8.912359094140347437e-01
7.825710218481153335e-01
9.732378223495702363e-01
7.924061648384363998e-01
8.793671378550123041e-01
9.630475399626323707e-01
9.757007022559194276e-01
8.490367248645394049e-01
9.292243278441109089e-01
9.105159547681179744e-01
9.468437878517106387e-01
9.346116970278044445e-01
9.668049792531120401e-01
9.320732260258445256e-01
9.305646130084090917e-01
8.867388362652233180e-01
9.541569541569541180e-01
7.980559625486902675e-01
9.765292921825909911e-01
9.702584397673442718e-01
8.929016189290162053e-01
9.253695884582573417e-01
9.298057544702199584e-01
7.836289388675565792e-01
9.714786454964635665e-01
9.341497475561284514e-01
8.361407355726103718e-01
9.548369540568732994e-01
7.317342765557643958e-01
8.985386963867564303e-01
8.724601437949359717e-01
8.063836127451521341e-01
9.348697394789579063e-01
9.521632078790011056e-01
8.249639100845534978e-01
6.801922920231402436e-01
9.700166031839047021e-01
9.521665728756331104e-01
7.816724804374469704e-01
9.812645379572848547e-01
4.857186497632503402e-02
8.496198429515143813e-01
9.827321496306197224e-01
9.437848315968015989e-01
9.484978540772531774e-01
8.665353734282684739e-01
9.740350877192982537e-01
9.019509994913773587e-01
9.671641791044776060e-01
8.527124854768075579e-01
9.225204714867990541e-01
8.580834593825072965e-01
8.455657492354740068e-01
9.092837446086403652e-01
9.750874589208099463e-01
9.539706626201315265e-01
9.133411807616426126e-01
9.682773564463705851e-01
7.899933189815158130e-01
6.043638069914757383e-01
9.576417032143451635e-01
1.916265474552957260e-01
9.292133060066214423e-01
6.787576513262298938e-01
8.869077575670428759e-01
8.444252617509467873e-01
9.436123348017620982e-01
9.759683276175106226e-01
8.396946564885495734e-01
8.968371570180369012e-01
9.442738043001316361e-01
5.820208735538749956e-01
9.690875455033717278e-01
8.334415283316330969e-01
8.459486538886936691e-01
9.079745183820707721e-01
8.842764649510319597e-01
9.255686034836513310e-01
8.159192740690538459e-01
7.663454205089094140e-01
3.278266706443914158e-01
8.310128310128309659e-01
7.984688599213738414e-01
7.815678608390219662e-01
7.525469394628273578e-01
8.783473036124916922e-01
9.332912749984227929e-01
9.195166905590825834e-01
9.425243893216365132e-01
9.497088406564320184e-01
9.660497231475149160e-01
9.617632578865648041e-01
9.372515394808637046e-01
9.439175565678440405e-01
8.415354510707558910e-01
9.392931993929319878e-01
8.868521084230345242e-01
8.933793330047642423e-01
9.242617378372636194e-01
9.222902899040085201e-01
9.417950145357827374e-01
9.120352519966951066e-01
8.976833976833976658e-01
6.107951677490998099e-01
7.742402315484804287e-01
9.313356677036824793e-01
9.791108522616968068e-01
9.728120924321974616e-01
8.415105077029388925e-01
9.351220421091858137e-01
9.846392333709131917e-01
9.302641904263667660e-01
9.542483660130719469e-01
9.068917018284107234e-01
6.512385919165579740e-01
9.112426035502958488e-01
7.063935443823712301e-01
9.703108627314006585e-01
9.223744292237442410e-01
8.234387047031611617e-01
9.297658862876254648e-01
9.595412551768078835e-01
9.590909090909091050e-01
2.504204821528686065e-01
8.191072826938136098e-01
9.638175144205558542e-01
9.361590790162218623e-01
8.625592417061611616e-01
8.852719333068678198e-01
8.037037037037036979e-01
9.422799422799422731e-01
8.977557713330331923e-01
8.386361910547498466e-01
9.558897876643074332e-01
8.538283062645011245e-01
9.699657142857143199e-01
8.700393051857486792e-01
9.700978365715861029e-01
9.450877848337690956e-01
9.377323420074349380e-01
8.755568755568755579e-01
9.250457038391224351e-01
4.970620930601873932e-01
8.931288953466141045e-01
8.101071975497703415e-01
5.101482654383187043e-01
9.506398537477147581e-01
9.621898385191020031e-01
9.632727827812547217e-01
9.072364876997666139e-01
8.777163904235727454e-01
8.624404911049862177e-01
5.106896968232877976e-01
9.434466379694226301e-01
9.482670309031927536e-01
9.669507378923301033e-01
9.493098248463055500e-01
8.564495709663806355e-01
5.974025974025973934e-02
9.618687736173135994e-01
9.001051524710830254e-01
9.018375241779497120e-01
7.591469379769125725e-01
8.522402287893231509e-01
9.563872564181874480e-01
8.600790513833992401e-01
9.280517380759902846e-01
9.698364008179959361e-01
9.284951974386339568e-01
8.251401466149201891e-01
9.429254955570745000e-01
9.758781210325856437e-01
9.066346442509757297e-01
9.484106305367379086e-01
7.951303024538710629e-01
6.070095146332651348e-01
9.497876592555583031e-01
9.057261049423035448e-01
9.090102086107412216e-01
7.691475941611101153e-01
8.676616915422885601e-01
9.385401219311253485e-01
5.580487804878049296e-01
9.115948467347845252e-01
9.135229251305861942e-01
8.897835933568193356e-01
8.928901200369344648e-01
9.697476182517131837e-01
8.571784956966446156e-01
7.267949045515932349e-01
9.308035714285713969e-01
9.619899385131358560e-01
7.937629937629937515e-01
8.978190630048464849e-01
8.202559821925431427e-01
5.767323878704023743e-01
8.192510801728276615e-01
9.065934065934065922e-01
8.017334777898158515e-01
9.222309505106048855e-01
6.423500360119354102e-01
8.726256983240223697e-01
6.814221803626089313e-01
9.250568939810092095e-01
8.854139964111765737e-01
4.760065241651643686e-01
4.178305595048925070e-01
9.386294948498118407e-01
9.155261915998111899e-01
9.084745762711864403e-01
9.423616845582163393e-01
9.190040970690198652e-01
8.665764546684708858e-01
7.729562814887046551e-01
9.398073836276082949e-01
9.227900037299514580e-01
9.437229437229437412e-01
9.720167899260443445e-01
9.457058242843040530e-01
9.658617818484596107e-01
7.428360724820901595e-01
9.436485195797517100e-01
9.277032359905288406e-01
9.588430947216196598e-01
8.671484157865481102e-01
9.641263608781009964e-01
1.263801921514267901e-01
8.963558920965452037e-01
1.741152450090744097e-01
4.457142857142857295e-01
8.484340044742729736e-01
9.360755975541967810e-01
9.074848907484890370e-01
9.444053483462350185e-01
8.395544264217315034e-01
7.003022552894675457e-01
9.533045977011493921e-01
6.530612244897958663e-01
9.108805533386539199e-01
8.278426286208386831e-01
