8.279298518087102599e-01
8.559919436052366715e-01
7.393426618939147321e-01
7.249696371641111137e-01
7.066469006412466891e-01
1.000000000000000000e+00
3.480059084194978003e-01
8.456287739564189998e-01
8.314606741573034032e-01
9.996168582375478673e-01
9.871825876662636556e-01
5.434911108079844011e-01
9.889616601663110407e-01
7.295114629545997875e-01
5.420767144517628644e-01
2.732139937878044766e-01
1.000000000000000000e+00
7.160403403008620549e-01
7.523020257826887880e-01
9.856047197640117608e-01
4.458690010458224995e-01
6.900562494041376782e-01
5.213780375269148060e-01
7.887239165329053003e-01
8.073480628403330028e-01
9.572541587702674271e-01
9.971867561133953561e-01
8.754570020664441676e-01
6.640311804008908192e-01
9.993957703927492942e-01
3.533728272264072823e-01
1.000000000000000000e+00
5.406166730110392171e-01
9.971268713140782891e-01
3.148719165085389071e-01
9.972727272727273107e-01
5.763818723970526303e-01
8.379041443967405467e-01
2.851877677059467819e-01
1.000000000000000000e+00
1.000000000000000000e+00
5.707666385846672519e-01
8.203371970495257903e-01
3.989650711513583192e-01
8.653042266604737964e-01
9.839664387104188892e-01
9.870751555768310093e-01
1.000000000000000000e+00
9.681359532660648304e-01
5.756256800870511725e-01
9.508813160987074076e-01
1.000000000000000000e+00
9.269371760839337782e-01
8.544532947139753531e-01
5.833216929738790357e-01
5.121951219512195230e-01
9.990999099909990688e-01
1.651893634165995176e-02
6.354478498455690127e-01
6.806818181818181657e-01
8.556701030927834628e-01
9.990018537002709476e-01
9.594882729211087202e-01
8.836104513064132471e-01
8.476777640772709121e-01
1.000000000000000000e+00
6.347530049329535018e-01
5.959252971137520838e-01
8.828696925329428957e-01
1.490214572034897489e-01
8.661679135494596560e-01
8.260052611800074995e-01
3.378312961394167036e-01
3.602872134769400936e-01
9.983348134991119061e-01
9.657370517928286491e-01
9.924877203120485714e-01
9.624277456647398754e-01
8.128311476588909734e-01
9.206462173510782110e-01
8.207171314741036339e-01
3.489350512753089939e-01
7.259367681498829494e-01
9.684044233807267421e-01
7.442284325637910092e-01
9.488761568973116400e-01
5.626883664858348677e-01
8.380476982806434050e-01
6.988760964912280604e-01
8.758445945945946276e-01
8.584207443693093742e-01
2.385476314419573141e-01
7.428006775832862729e-01
8.811560693641617981e-01
0.000000000000000000e+00
7.092024539877300748e-01
8.650972420613118885e-01
9.726355955301172473e-01
7.578692493946731501e-01
6.199610305260878640e-01
9.737019554956169998e-01
6.989619377162630265e-01
8.125119206561128848e-01
8.196807745770023912e-01
8.381013265143040236e-01
9.852507374631268577e-01
9.407839866555463004e-01
6.649695070777149608e-01
9.551350201998723977e-01
9.899909008189262671e-01
9.969418960244648131e-01
1.000000000000000000e+00
9.240694053092095572e-01
5.776681930257132613e-01
2.509592326139089002e-01
3.129009265858873623e-01
8.108487914558740739e-01
8.430217669654289647e-01
8.067628325215436824e-01
5.923490735206216051e-01
9.929879236462797465e-01
7.798232695139911685e-01
8.246913580246914011e-01
9.606171335769386754e-01
9.603773584905660465e-01
8.382608695652173925e-01
6.503142836500253043e-01
9.019926799511996940e-01
8.456899476084580591e-01
9.662542182227221721e-01
4.405203366884454796e-01
7.912274358189859136e-01
8.891929173921891971e-01
8.155262444052624460e-01
9.924838940586971914e-01
3.005831549420535653e-01
7.236662106703146691e-01
8.595617529880478225e-01
5.309118182792242902e-01
9.516883116883116944e-01
9.628205128205128416e-01
1.597047219040346189e-01
6.393297502371166896e-01
4.082478295185477668e-01
1.000000000000000000e+00
9.212575713873666361e-01
6.406587473002159916e-01
6.972622118665223745e-01
8.706245710363761381e-01
9.918032786885245811e-01
7.346820809248555406e-01
9.964071856287425311e-01
5.310070748536990237e-01
6.456908344733242044e-01
4.919630897454978502e-01
9.571032296413710672e-01
9.488727858293075634e-01
6.882368584345359697e-01
5.180728107008354399e-01
8.990777338603425095e-01
9.949095022624434570e-01
7.002424363189532208e-01
6.640721940214325825e-01
4.938445013632983827e-01
7.639140706554584659e-01
4.735615440640932317e-01
9.200851393188854699e-01
5.637523252723890543e-01
8.947627647348547208e-01
9.608913142337426327e-01
7.151265450264862045e-01
1.492738031199569715e-01
9.576907868722814854e-01
7.263198757763975610e-01
6.603773584905660021e-01
7.556360410969029662e-01
8.067414506643433292e-01
8.563468250566407258e-01
9.847850893875998990e-01
4.138125223979931544e-01
1.689578713968957757e-01
7.827138772817242574e-01
3.561904761904761685e-01
7.735068380657590670e-02
1.000000000000000000e+00
9.373973529127620496e-01
9.801660516605166240e-01
2.470414201183432079e-01
8.206885119080510327e-01
9.246057186818822382e-01
8.003462204270052061e-01
5.571661532886392765e-01
7.288272102100241678e-01
7.836527869574796412e-01
8.215194188760390759e-01
3.937414307605451858e-01
4.901883637436679209e-01
9.757134183363691537e-01
9.256965944272446123e-01
9.215621923203151100e-01
9.044455099664360231e-01
9.564888384411653899e-01
8.509090909090909483e-01
8.562737642585551701e-01
9.857723577235771861e-01
9.606507756337495652e-01
7.329626920263350165e-01
9.518803671898133922e-01
9.215199304606979114e-01
9.736015084852294166e-01
8.694246603020659991e-01
9.621694007365249046e-01
9.494505494505494081e-01
8.052156112322549353e-01
9.513014273719563318e-01
9.878274675840169605e-01
9.813238121395221336e-01
9.684556695606418852e-01
9.152808507601170041e-01
9.681432038834951737e-01
7.569240423286459629e-01
9.904119850187266261e-01
2.159777055271713819e-01
8.606807213614426910e-01
9.277212471994025211e-01
9.673735725938009677e-01
7.314715359828142249e-01
9.328848310107320518e-01
3.854459165513149932e-01
6.740599068390041859e-01
9.454208602473587186e-01
3.722329679776488209e-01
9.880752868376949660e-01
8.626256147102843164e-01
9.957260213143872551e-01
7.986534975770355205e-01
9.756681397306397052e-01
9.507553380032069956e-01
9.844097995545657565e-01
9.838681799850204079e-01
9.934840500878237002e-01
5.676458169974063495e-01
8.594762768991444091e-01
8.002392344497607501e-01
9.277417408357218065e-01
9.373423044575273089e-01
7.330879939993436567e-01
5.868861529948816713e-01
8.088779284833539363e-01
2.522112494632889890e-01
8.702702702702702631e-01
9.570282448620727189e-01
8.833511621122240864e-01
9.960889484858643783e-01
9.964294448520421010e-01
9.225255612944028849e-01
8.157059197064842060e-01
9.513687600644122888e-01
3.553367429855169290e-01
8.787820140636087851e-01
6.862980981866431129e-01
7.705418649243661600e-01
8.995225935383590610e-01
9.960995542347697018e-01
9.993417588204318580e-01
7.518045112781954753e-01
7.600408441116405234e-01
8.685757839721254259e-01
9.092553512209827771e-01
6.881470151404314173e-01
6.951915240423798270e-01
6.911254338125929486e-01
9.752796824251173113e-01
9.972346482309881743e-01
8.233222866611433766e-01
9.117097811112812034e-01
8.573018614469392062e-01
9.398443924346890910e-01
9.851020005078863218e-01
9.850988014253320157e-01
4.914650748769504585e-01
6.823941562313655673e-01
7.557061053310750731e-01
9.362730108250260086e-01
9.957938478690518957e-01
7.201486758556605583e-01
9.504213207916911710e-01
9.660368037544769804e-01
9.906652642650538576e-01
8.366257565568258059e-01
8.716857891796656599e-01
6.110515500759403640e-01
8.892532795156408154e-01
8.093111680962065124e-01
8.910756552993776003e-01
5.227761990872298314e-01
9.363678160919540749e-01
9.933854640886936593e-01
6.665907241659886351e-01
9.999585303143402326e-01
9.705617640441011051e-01
8.278187039580472417e-01
9.356534090909091050e-01
6.946440073329038789e-01
8.967418319851778730e-01
9.722057953873447511e-01
9.958748221906116305e-01
6.446409989594172885e-01
9.658110497829698327e-01
9.637037037037037290e-01
7.155020247118679677e-01
9.998111366426390978e-01
7.271167474822827215e-01
6.737892848787335742e-01
9.007357859531772704e-01
8.240903094367350024e-01
8.519880487244311240e-01
8.726292012306733348e-01
8.594550297070272515e-01
3.586758584807492323e-01
9.872287219791014978e-01
8.253135284176821296e-01
9.934408395725347063e-01
6.191067838344590513e-01
9.989378651088688388e-01
7.362694686638349140e-01
2.595858895705521197e-01
8.953157449426967229e-01
9.655474918255044781e-01
8.280561532943949699e-01
7.200606366851944884e-01
9.511613108495068358e-01
5.594533958800734785e-01
9.767252769590405448e-01
9.512576238721709432e-01
9.949910979228486774e-01
8.866618789580205107e-01
9.942848769050410818e-01
7.406396433283289893e-01
6.055751826937036952e-01
9.585191355907286548e-01
8.869993906829889418e-01
9.167285803441409531e-01
8.679164434922335136e-01
9.988263461809304689e-01
5.354411207875804379e-01
9.116647526191201667e-01
8.768157070484118298e-01
9.789003542276297765e-01
8.479353566202201264e-01
9.468369220497412364e-01
9.991954566966398943e-01
6.903337240145580589e-01
8.108820160366552177e-01
9.752395306276240294e-01
9.885010822510822415e-01
9.988178299065854082e-01
8.155034155034155408e-01
9.761657397787691925e-01
9.198709118816167374e-01
8.043996333638863128e-01
6.434278153783522525e-01
9.963625696685245448e-01
9.916317991631798945e-01
7.870740087287584341e-01
9.838812301166489638e-01
9.593449568192927712e-01
7.376749051915784117e-01
9.038024434132020390e-01
8.604631039734182973e-01
9.035852345941028929e-01
9.517300632664219551e-01
9.560150992942720860e-01
8.738078159453787075e-01
8.794602309588686051e-01
9.909269620444578486e-01
9.183368232126831732e-01
6.896849907350216524e-01
9.952160319433457358e-01
9.785316884373488344e-01
8.068542199488490940e-01
8.825855889259671683e-01
9.608294930875576068e-01
6.442351054767750940e-01
9.596455070074195737e-01
8.764362023785526867e-01
7.184208272672775175e-01
9.181348777169172637e-01
5.769565975248387435e-01
8.157696447793326699e-01
7.783045175683211969e-01
6.781762827652780823e-01
8.975468975468975374e-01
9.114185852626178752e-01
7.060095305330038595e-01
5.153722681812569206e-01
9.919105163287725846e-01
9.841610738255033297e-01
7.003649141775916132e-01
9.738101233946109270e-01
1.000000000000000000e+00
7.385557180779023234e-01
9.706349347938557637e-01
8.993492863140217786e-01
9.042964310070470413e-01
7.651662096180857908e-01
9.572413793103448088e-01
8.261343459381537135e-01
9.421647819063004858e-01
7.432421905429617004e-01
9.988072993281119638e-01
7.514414835592956310e-01
7.324503311258278027e-01
8.346313603322949026e-01
9.631413612565444815e-01
9.147483490654031435e-01
9.112713798921494579e-01
9.419080139960372966e-01
1.000000000000000000e+00
4.330382158466883347e-01
9.439641020028455287e-01
5.599799020223590329e-01
9.834807275154346939e-01
5.137268359643102356e-01
8.897864974033468100e-01
7.990987904819626397e-01
9.277747698971304802e-01
9.656196202689553143e-01
7.236842105263158187e-01
8.129689671144048058e-01
9.985858228743149656e-01
4.144118072637823502e-01
9.477646784171822603e-01
7.187874910021594399e-01
8.605389950759781970e-01
8.314590947427608070e-01
7.926251833228576960e-01
8.695759166598310275e-01
6.890740269651488559e-01
6.211993480582251870e-01
1.960482594054548389e-01
7.112481891677181478e-01
6.645427931806440203e-01
6.456638513221756304e-01
6.032667386609070759e-01
7.830831294226572314e-01
8.823992556008874999e-01
8.935323383084576854e-01
8.966187050359711863e-01
9.428871758934828096e-01
9.543235704323570490e-01
9.406158176745105237e-01
8.830787309048178102e-01
8.974723090031241357e-01
7.269969666329625380e-01
9.127747735093756365e-01
8.665046858729608115e-01
8.118841445207524155e-01
8.591883084822751204e-01
8.562472010747872453e-01
9.030842230130485815e-01
8.396551724137930606e-01
8.174027686222807842e-01
4.398110007269202537e-01
1.000000000000000000e+00
8.967712824626491441e-01
9.599527960714149266e-01
9.606366818572088517e-01
7.279354884080733168e-01
8.912487569256997144e-01
9.932710988958916021e-01
8.736366316203203475e-01
9.375668926150553251e-01
1.000000000000000000e+00
4.828419526341227730e-01
8.369565217391304879e-01
5.460652591170824799e-01
9.914346895074946930e-01
8.595744680851064023e-01
6.998689384010484682e-01
9.520547945205479756e-01
9.760207388204795720e-01
9.813953488372092471e-01
1.431318094424268439e-01
6.936339522546418612e-01
9.377551020408163573e-01
9.829670329670329165e-01
9.191919191919192267e-01
9.721011333914559849e-01
7.203004891684137156e-01
8.908594815825374713e-01
8.156695489600374049e-01
7.222076902955794075e-01
9.160610465116278966e-01
7.476297968397290772e-01
9.606990853934619379e-01
7.699730700179533427e-01
9.452201933404941192e-01
9.087643678160919336e-01
9.156079854809436869e-01
7.786582144743793288e-01
8.605442176870747861e-01
3.307269653423499656e-01
8.082912312270745803e-01
6.927970065481758866e-01
5.353474320241692341e-01
9.098862642169728288e-01
9.940996948118006049e-01
9.932007051120624874e-01
9.998416844771630396e-01
7.820807351493271886e-01
7.581497797356828716e-01
1.000000000000000000e+00
9.080000000000000293e-01
9.016233766233766600e-01
9.409385113268607936e-01
9.081225033288947701e-01
7.550223214285713969e-01
3.078982597054886333e-02
9.880028228652082412e-01
8.252988816043193010e-01
9.678256357031654877e-01
6.129541864139020912e-01
7.425249169435216290e-01
9.167819727218817771e-01
7.545076282940360590e-01
8.657616892911010886e-01
9.556675062972291856e-01
8.699999999999999956e-01
7.023307028812626474e-01
9.839514978601997530e-01
9.754653130287648244e-01
8.292147171883580414e-01
9.109109109109109204e-01
9.803001876172607876e-01
9.699146834306241471e-01
9.942468619246861428e-01
8.306709265175719059e-01
8.651084201633342241e-01
6.248901903367496402e-01
7.662565905096661023e-01
8.850217526413921565e-01
3.870094722598105275e-01
8.389206868356500202e-01
8.563656147986942191e-01
9.899216125419932899e-01
8.065054211843202259e-01
9.446434386193421906e-01
7.500545732372844165e-01
9.563880883765609742e-01
8.705636743215031670e-01
9.641456582633053385e-01
6.580489486384005771e-01
9.686274509803921573e-01
8.259245423982068957e-01
4.052171095268956580e-01
6.938402114250864505e-01
9.858103061986557281e-01
6.690777576853526032e-01
8.968678380443085851e-01
8.932608384604378005e-01
7.740336967294351167e-01
5.468631897203325432e-01
9.935940660822656367e-01
9.840455840455840653e-01
3.123415760716498624e-01
2.640871128026218151e-01
8.848703337597395580e-01
8.449477351916376833e-01
8.550592525068367866e-01
9.468967806173249624e-01
8.820326678765880724e-01
7.726833976833976658e-01
6.299337748344371324e-01
8.877937831690674297e-01
8.569449255282299838e-01
9.072532699167658032e-01
9.761140104375752857e-01
9.003759398496240518e-01
9.344790547798066394e-01
5.908824268834325100e-01
9.031078610603290313e-01
8.804494382022471921e-01
9.216569363358354527e-01
1.000000000000000000e+00
9.404596100278551640e-01
1.000000000000000000e+00
8.121783876500857646e-01
1.000000000000000000e+00
2.867647058823529216e-01
7.396392003900535972e-01
8.938428874734607454e-01
8.370497427101201149e-01
9.319444444444444642e-01
7.240856227877970897e-01
5.388193202146690508e-01
9.114010989010988828e-01
4.848484848484848619e-01
8.367546432062561435e-01
7.062555326054883453e-01
