9.429974010973144471e-01
9.993855082358965580e-01
9.997918767910602966e-01
9.942367601246105968e-01
8.023542294004927244e-01
4.991310941893898900e-01
1.000000000000000000e+00
9.997407941419476085e-01
9.914335980532399395e-01
9.715280906664818250e-01
6.355254426710439386e-01
9.803712296983758678e-01
5.997843956340115357e-01
9.829706377944287254e-01
9.830337814026078869e-01
7.375328723093406147e-01
9.136488903930763961e-01
9.711937505085849187e-01
9.812058391018974035e-01
9.822582636973613557e-01
4.122963820841410998e-01
6.318955069796668989e-01
1.000000000000000000e+00
9.839476813317479253e-01
7.132987910189982905e-01
9.921364765492621807e-01
9.773947303619797689e-01
8.860142765419043442e-01
9.759176745172926104e-01
9.823385723009674386e-01
9.973487783986622057e-01
9.450719589007354760e-01
1.000000000000000000e+00
9.907166980635745412e-01
1.000000000000000000e+00
9.982928797566578139e-01
9.675842449012300728e-01
6.973190695268185468e-01
9.971349802692037745e-01
9.047145785452512801e-01
6.552207792207792592e-01
1.000000000000000000e+00
9.293749999999999512e-01
1.000000000000000000e+00
9.985327295962639349e-01
7.280980575464838234e-01
9.980928964332435038e-01
9.933639691564764007e-01
9.996827358191260338e-01
9.999226209820945011e-01
9.967853005009709166e-01
9.945586643994435150e-01
9.971887201735357698e-01
9.999837114980535402e-01
8.872857198641103116e-01
9.999518435879737321e-01
9.959177337989910672e-01
1.000000000000000000e+00
9.985165539097795584e-01
9.997136890326057124e-01
9.973421085938488639e-01
9.568887445961417049e-01
9.926413571552911153e-01
9.708718191182181823e-01
9.154249381158083843e-01
7.567205517640882562e-01
9.977905089650587200e-01
1.000000000000000000e+00
9.981114425401980128e-01
1.000000000000000000e+00
9.995406304451132096e-01
9.998568588469184393e-01
1.000000000000000000e+00
9.734706403873695235e-01
9.603559298046985271e-01
9.990510415208226913e-01
8.576449312450949991e-01
9.991672321263339596e-01
9.907660020986358562e-01
8.923171448415878615e-01
9.995841596826818831e-01
1.000000000000000000e+00
9.992364206702988305e-01
9.977874332622532760e-01
9.999843480982939514e-01
9.997787156021306076e-01
9.995076400679117068e-01
9.998117144964147052e-01
1.000000000000000000e+00
9.999841691995947635e-01
9.994439097422735951e-01
1.000000000000000000e+00
1.000000000000000000e+00
9.999509892012873324e-01
1.000000000000000000e+00
1.000000000000000000e+00
9.963613895372785967e-01
8.407111525502743987e-01
1.000000000000000000e+00
9.989868287740628627e-01
9.942391457074609695e-01
9.999845366404305214e-01
1.000000000000000000e+00
1.000000000000000000e+00
9.912866357361095337e-01
9.979744468681832625e-01
9.974329582331002975e-01
9.315263908701854056e-01
7.238012263080894071e-01
9.940251718733026376e-01
9.975206611570247572e-01
7.727585559657135228e-01
9.724456993179459996e-01
9.957207246707238113e-01
1.000000000000000000e+00
9.976885062968277040e-01
9.989729544676481110e-01
1.000000000000000000e+00
9.959034944776389287e-01
9.997494636957237057e-01
9.956804141720528856e-01
1.000000000000000000e+00
8.856066613798572185e-01
9.985730819843673389e-01
9.996000369196689217e-01
9.941742155704345052e-01
9.996324596189186673e-01
9.999841463607971326e-01
9.964363543135495993e-01
9.975981803432534267e-01
1.000000000000000000e+00
9.870533752492985924e-01
9.785127844241144901e-01
8.566849816849816390e-01
9.963182557138758888e-01
1.000000000000000000e+00
1.000000000000000000e+00
9.996851781891449296e-01
1.000000000000000000e+00
9.980034899624279365e-01
9.990387080235837436e-01
1.000000000000000000e+00
9.976870939844331154e-01
1.000000000000000000e+00
4.732932104570246601e-01
9.738033478870289361e-01
1.000000000000000000e+00
9.996144764107753877e-01
9.620740314905305013e-01
6.199551569506726034e-01
9.524839151988186980e-01
9.968745537909917687e-01
9.998827337117125458e-01
1.000000000000000000e+00
1.000000000000000000e+00
9.960499260488437923e-01
9.980650891327792484e-01
9.998138409270721505e-01
9.999764345469541738e-01
9.968416449361040543e-01
9.593870967741935374e-01
9.998870853916725920e-01
1.000000000000000000e+00
9.997192746055808543e-01
9.934298088095490087e-01
8.695517893680269061e-01
9.728829843625762530e-01
9.999571926970741709e-01
9.947850954663974843e-01
9.985158753966875134e-01
1.000000000000000000e+00
1.000000000000000000e+00
9.971749170727062239e-01
9.999332264957264682e-01
1.000000000000000000e+00
9.999807718191782158e-01
1.000000000000000000e+00
9.983335026928157330e-01
9.967889106140811473e-01
9.820446492620046319e-01
1.000000000000000000e+00
9.993441440259719366e-01
9.988436508363363053e-01
1.000000000000000000e+00
9.931868203003625384e-01
9.969556944821962308e-01
9.549299330892564441e-01
1.000000000000000000e+00
9.998313623811632134e-01
9.841349567868091786e-01
9.976080223251249102e-01
9.999833380542180183e-01
9.991294665451968537e-01
7.096032081046854678e-01
9.932854067072948157e-01
1.000000000000000000e+00
9.996681636174590269e-01
9.962509330257175444e-01
9.993362307388383714e-01
9.993758901566676123e-01
9.972122425741601903e-01
9.928926907604980201e-01
9.999692241405840898e-01
9.999688575388112621e-01
9.933369551323021351e-01
9.890788381742738888e-01
9.821115398105927374e-01
9.950665169609744787e-01
9.963815388897586667e-01
9.962624130111814580e-01
9.859857014801373110e-01
9.602474591250552693e-01
9.974980353161938540e-01
9.974921630094043534e-01
9.915603128859612481e-01
9.597778659262197198e-01
9.938201668554949020e-01
9.851776502216086362e-01
9.936823585861278563e-01
8.254070026761819445e-01
9.982609836926206182e-01
9.857460797472010761e-01
1.000000000000000000e+00
1.000000000000000000e+00
9.674717912552891486e-01
9.722178498347237019e-01
9.940769626959017335e-01
9.962558818072959621e-01
9.957236402512361639e-01
1.000000000000000000e+00
9.853615713815429000e-01
1.000000000000000000e+00
9.250318766662802838e-01
9.845305832147936975e-01
9.131643167028199448e-01
9.975326597927434147e-01
9.820857558139535204e-01
9.945265070032027754e-01
9.377901578458681664e-01
9.934618817327051099e-01
8.569549146950111718e-01
1.000000000000000000e+00
9.998962332676144538e-01
1.000000000000000000e+00
9.983166915337235992e-01
9.958453616290863231e-01
9.311445309084550592e-01
9.557007247116464654e-01
9.865100593092219761e-01
9.911092873751881083e-01
9.890537116999410516e-01
9.978560164431136137e-01
9.926617745163441864e-01
9.842772576514546845e-01
9.141848575833806390e-01
9.983407375689129504e-01
1.000000000000000000e+00
9.997917701142060576e-01
1.000000000000000000e+00
9.997683442404586840e-01
8.134502274997225113e-01
1.000000000000000000e+00
9.991154982398414708e-01
9.959768586248171074e-01
8.988962221210742287e-01
9.801212245736593554e-01
1.000000000000000000e+00
1.000000000000000000e+00
9.900512883890502103e-01
9.824724602203182000e-01
1.000000000000000000e+00
1.000000000000000000e+00
9.604316546762590168e-01
9.707556206682819155e-01
9.991589119541874897e-01
9.916339630677496464e-01
9.202147868595020874e-01
9.982303376435337494e-01
8.979564711746137462e-01
9.887470098716351075e-01
9.946232626188734605e-01
9.992900997697621301e-01
9.900257824115022975e-01
9.993087323370946073e-01
9.519463790581402796e-01
9.998984410704311321e-01
9.992047713717693291e-01
9.968662407075331577e-01
9.922700898179794837e-01
9.479723707664884369e-01
9.997397373713474700e-01
9.999073001158748086e-01
9.999652825996389049e-01
9.987417866629386687e-01
9.978933570525724273e-01
1.000000000000000000e+00
9.993779843032509769e-01
9.070724267574661326e-01
1.000000000000000000e+00
6.538594869424543266e-01
9.826344224337535405e-01
9.969645137199161233e-01
9.914918664383561842e-01
1.000000000000000000e+00
9.935614249459535641e-01
9.986459649756274093e-01
9.926503264622431599e-01
1.000000000000000000e+00
9.960106666666667108e-01
9.985699082080616851e-01
1.000000000000000000e+00
8.320549649065656084e-01
9.996901306615710858e-01
9.971921528059999318e-01
9.997430119005258353e-01
9.782416416062267306e-01
9.732062443710597366e-01
8.532647017345931229e-01
7.095858969045872877e-01
1.000000000000000000e+00
9.527312568477069865e-01
9.990790709667912717e-01
8.843124671839449613e-01
9.969909257604965269e-01
9.624104670041065956e-01
1.000000000000000000e+00
9.998728705822527152e-01
9.946511849243361292e-01
9.883335805032379406e-01
9.994800724312888907e-01
9.999685321837090690e-01
9.657081236520488332e-01
1.000000000000000000e+00
9.901969585435481669e-01
9.725364903604175604e-01
7.590448934261672109e-01
9.894661383141838407e-01
9.253246753246753276e-01
1.000000000000000000e+00
1.000000000000000000e+00
9.454332173772348469e-01
9.350714992734241449e-01
8.397152444569887519e-01
9.951411547737267771e-01
9.236504752768814885e-01
1.000000000000000000e+00
9.944903581267218184e-01
9.882549401614250106e-01
9.914176974310180412e-01
9.984544049459042059e-01
9.923255032303842649e-01
9.620321578165113019e-01
1.000000000000000000e+00
1.000000000000000000e+00
9.936964947399804515e-01
9.949091909741332174e-01
7.883456128600133672e-01
9.979288269629071895e-01
9.981697272893661488e-01
9.711416253395469544e-01
9.996340012809955544e-01
9.995859213250517517e-01
9.820172815574024217e-01
8.145313897149035753e-01
9.985226601209146180e-01
9.666356855175043394e-01
9.957304576949350672e-01
1.000000000000000000e+00
9.248068669527896857e-01
7.794117647058823595e-01
9.966028097062580304e-01
9.793867217871162767e-01
9.950515463917525283e-01
9.984226563900340246e-01
9.967080324009417458e-01
9.382909577518638855e-01
9.988109607797214240e-01
9.621787911690191653e-01
9.706840390879478697e-01
9.869999999999999885e-01
9.999282652750129952e-01
9.287227781047675546e-01
9.779731622797316337e-01
1.000000000000000000e+00
9.905998643279387839e-01
1.000000000000000000e+00
1.000000000000000000e+00
9.651644336175395633e-01
1.000000000000000000e+00
1.000000000000000000e+00
9.996610169491525477e-01
9.822591703805279018e-01
9.992593409710512908e-01
9.408975979772440379e-01
9.970376935995521883e-01
1.000000000000000000e+00
9.904003746195270130e-01
9.570231093409901080e-01
9.245687256538676069e-01
9.975570184435783583e-01
7.127684102122688881e-01
1.000000000000000000e+00
9.719498049140566920e-01
9.827335717478765664e-01
9.998200762222548832e-01
9.997430068202036724e-01
9.996168337697171058e-01
9.622096382757424626e-01
9.996957127528386389e-01
1.000000000000000000e+00
8.962434687863705118e-01
1.000000000000000000e+00
1.000000000000000000e+00
9.998443768156037859e-01
9.978923302254134597e-01
9.979087599721168100e-01
9.279220595315641473e-01
9.979433217744828610e-01
8.969286260793529753e-01
1.000000000000000000e+00
9.955495664816752521e-01
4.075727312201476438e-01
9.865811262448986874e-01
1.000000000000000000e+00
9.457532409476978597e-01
8.713161996592597713e-01
9.716898839576009195e-01
9.792575132586918141e-01
1.000000000000000000e+00
1.000000000000000000e+00
9.385895404120443430e-01
9.728422402237892896e-01
9.970868972356514703e-01
9.985669300247016489e-01
7.633095598299833862e-01
1.000000000000000000e+00
9.999520049914808473e-01
9.880882505265338178e-01
1.000000000000000000e+00
1.000000000000000000e+00
1.000000000000000000e+00
9.997507759929310511e-01
1.000000000000000000e+00
9.502552690142689329e-01
1.000000000000000000e+00
1.000000000000000000e+00
9.848452779071243945e-01
9.958519938523574533e-01
9.983925943140444792e-01
9.959216420405161418e-01
9.884720135236664262e-01
9.750768862084115973e-01
9.998467511238250394e-01
9.995042226553150222e-01
9.992622757318224691e-01
9.914614889759635341e-01
9.753183000528055091e-01
9.996944699052856542e-01
1.000000000000000000e+00
9.998896470544960113e-01
9.978285994466430386e-01
9.993015540422559573e-01
9.997212429285889934e-01
9.994642709964559613e-01
9.424653400613568488e-01
9.548822336608953076e-01
9.993887997555198632e-01
9.956940172636173925e-01
9.960222057087905201e-01
9.959190019044658060e-01
9.884770328359552272e-01
9.991509962246427623e-01
9.987725758372786311e-01
9.948219760966147129e-01
1.000000000000000000e+00
1.000000000000000000e+00
1.000000000000000000e+00
9.988617759413737085e-01
9.999537258410328144e-01
1.000000000000000000e+00
9.966848735516055102e-01
9.985935961745815437e-01
9.984694913401320759e-01
1.000000000000000000e+00
1.000000000000000000e+00
9.998760765846707033e-01
9.966570406177411856e-01
9.993571887722305647e-01
9.960086350152976831e-01
9.930950310974386852e-01
1.000000000000000000e+00
9.994836844279223476e-01
9.999827258593885215e-01
9.999127094972066754e-01
9.998736596073972693e-01
9.959077312682362848e-01
1.000000000000000000e+00
9.997896848508380785e-01
9.996882015465203830e-01
9.987052358997031698e-01
1.000000000000000000e+00
1.000000000000000000e+00
1.000000000000000000e+00
9.995106387143499749e-01
9.984383047299429936e-01
8.993813617235549840e-01
9.999223518084263684e-01
9.941439435179227901e-01
9.779465076935470735e-01
9.512125966391320464e-01
1.000000000000000000e+00
1.000000000000000000e+00
9.361262653337958373e-01
9.990489393255529427e-01
1.000000000000000000e+00
9.997938602055055357e-01
9.996231361625430578e-01
9.973486075129534001e-01
1.000000000000000000e+00
9.985339758885821704e-01
9.996504774160748230e-01
9.945919602571963170e-01
9.999038014461849588e-01
1.000000000000000000e+00
9.999669295765332144e-01
1.000000000000000000e+00
1.000000000000000000e+00
9.995279381913738659e-01
9.999380190901202559e-01
1.000000000000000000e+00
9.953931008097940403e-01
9.991135313113405081e-01
1.000000000000000000e+00
9.998450501262841073e-01
9.836761087628540512e-01
6.174144593268865444e-01
9.970137055199296272e-01
9.998572153826628117e-01
9.978059207872872483e-01
1.000000000000000000e+00
1.000000000000000000e+00
9.999518598157836058e-01
1.000000000000000000e+00
9.999030177639128825e-01
9.997369113391212370e-01
9.934117647058823275e-01
1.000000000000000000e+00
9.998239013847755041e-01
1.000000000000000000e+00
8.724558284656968032e-01
1.000000000000000000e+00
9.988706059512791890e-01
1.000000000000000000e+00
9.931373634193008115e-01
9.919979636965271519e-01
1.000000000000000000e+00
1.000000000000000000e+00
9.960590058725485862e-01
1.000000000000000000e+00
9.990191041150917606e-01
8.939996925546996875e-01
1.000000000000000000e+00
9.919788881558387894e-01
9.846151265015771203e-01
9.934306454900362349e-01
1.000000000000000000e+00
1.000000000000000000e+00
9.999121836415687525e-01
9.999844691557433496e-01
9.990527612010987601e-01
9.969771124226284309e-01
9.990294757603744857e-01
9.996533467792764194e-01
1.000000000000000000e+00
9.999688555989847405e-01
9.999840380532809547e-01
9.997990571141510685e-01
9.973412161046338875e-01
9.999379575629731010e-01
9.999842950026698318e-01
1.000000000000000000e+00
9.999076766837464714e-01
9.979952770085455116e-01
9.997055792727808088e-01
9.963092223114460300e-01
9.995212562236690523e-01
7.153735945432460053e-01
1.000000000000000000e+00
7.724723051202324609e-01
1.000000000000000000e+00
9.998739859809403496e-01
9.997677802891909993e-01
9.998601833152089835e-01
9.995371513206615655e-01
9.999161116051205056e-01
1.000000000000000000e+00
9.999843945068663809e-01
1.000000000000000000e+00
9.999842494881083788e-01
1.000000000000000000e+00
