6.658303426811065240e-01
8.438485804416403502e-01
7.299056296778392294e-01
7.003258563200970288e-01
6.558548909120544002e-01
1.322851400874807959e-01
3.258493353028065198e-01
8.241469816272966042e-01
7.143332778425171004e-01
8.351109215017065157e-01
2.078072583104605131e-01
6.636576016693506164e-01
6.488349856574908703e-01
5.174578785631026578e-01
3.824099186361875069e-01
5.237888721651062784e-01
2.228399795501022629e-01
7.163534079690032641e-01
7.473306154144826463e-01
9.572343740982282023e-01
4.268568409931325913e-01
4.612055897025991724e-01
7.071802998902840809e-01
6.791757413302060842e-01
6.059194440869900555e-01
9.026600985221674422e-01
8.054828007682905966e-01
5.931269171779141036e-01
5.546063488981651801e-01
8.206211180124223237e-01
3.116380882889456250e-01
7.670870447129376490e-01
5.370349805663520160e-01
9.257286995515695560e-01
5.328115117014547986e-01
9.014778325123152802e-01
5.756816265342452610e-01
4.283179713531524713e-01
4.861271676300578104e-01
2.297923805684337906e-01
4.017958509650118581e-01
5.183235046335299412e-01
7.498898516669114667e-01
4.124191461836998474e-01
8.466960352422907565e-01
6.108909381906867386e-01
9.437842778793418264e-01
8.595253367543297385e-01
9.605791034362463066e-01
5.375408052230685740e-01
9.219579773724313476e-01
7.628494138863841645e-01
9.351595878361397274e-01
8.619357953174028308e-01
4.103941171610344663e-01
5.767212102500771653e-01
8.668779714738510389e-01
1.571313456889605192e-02
5.887282358560201878e-01
7.214170692431561838e-01
8.466494845360824639e-01
7.392823118450301267e-01
4.695599758890898201e-01
2.535417063718950481e-01
7.989273282659657971e-01
5.421423499207953522e-01
5.913164293157345819e-01
6.001697792869269410e-01
9.023788150807899866e-01
2.223532185805234540e-01
8.611803823773898081e-01
7.801578354002254301e-01
3.337770785429021170e-01
5.460119551553400674e-01
8.926073926073926357e-01
9.056603773584905870e-01
3.304688245965816673e-01
9.212376933895921605e-01
8.278529062870699784e-01
7.839035691501863301e-01
8.250497017892644003e-01
3.148829871154351645e-01
6.515657009072285399e-01
9.429987608426270151e-01
6.913730255164034499e-01
9.659188955996548254e-01
4.921639541892706693e-01
6.777777777777778123e-01
6.747532894736841813e-01
8.817567567567567988e-01
8.445052919804117986e-01
5.491668825002158361e-01
7.594579333709768898e-01
8.907116451016635628e-01
3.608350754603510940e-03
6.797546012269938265e-01
8.400494437577256113e-01
7.429047718274640610e-01
6.688861985472155380e-01
5.622163634006137611e-01
9.159874608150470054e-01
7.024221453287197159e-01
8.349545425646893726e-01
8.756650529645784165e-01
7.986182799968236656e-01
8.905305574210879982e-01
9.063526834611171923e-01
6.587383470282619502e-01
2.076838154117906787e-01
4.798598949211909104e-01
9.573033707865168385e-01
3.524500109865963404e-01
5.077810673346997428e-01
5.929510033615157383e-01
2.218225419664268672e-01
3.790141133156064712e-01
7.679449360865290286e-01
8.552624839948783642e-01
7.658298988385162653e-01
4.206392199349945904e-01
9.209080922738923647e-01
7.599410898379970192e-01
6.787036487101819615e-01
9.226213975523095412e-01
9.408502772643253520e-01
5.631022691949020276e-01
5.704790116321074578e-01
9.461320372620494190e-01
7.773171007500659924e-01
9.381818181818182278e-01
4.650656307022190683e-01
7.670736096116047564e-01
7.882563082210364280e-01
8.530214102670083953e-01
9.544498948843728181e-01
4.736473019856795030e-01
6.320109439124487194e-01
7.620383356708742006e-01
4.874102646523090221e-01
9.216776149570490295e-01
9.442685243825206243e-01
1.566755759195621600e-01
6.285209043829733666e-01
5.656077348066298471e-01
5.804678597761243897e-02
4.602322206095790791e-01
6.252699784017278217e-01
6.290823295666211346e-01
3.817109144542772947e-01
2.235046258129522734e-01
1.661254059455408438e-01
9.167583425009168119e-01
6.045942877107171043e-01
5.882352941176470784e-01
3.659908243303240938e-01
9.480217222653219977e-01
9.131807419100236300e-01
6.216707290050963453e-01
4.655642612873901465e-01
8.375196232339089386e-01
3.973793924955330570e-01
6.920014597087217334e-01
6.874316939890710021e-01
7.430719656283566454e-01
6.880355965721819400e-01
2.264532255491145118e-01
7.224114441416893406e-01
5.397820887589689365e-01
6.168116893777705334e-01
9.038800705467372465e-01
7.801293356848912897e-01
2.449345526268603135e-01
8.802953750485814632e-01
6.785229037267080932e-01
5.862621778271056572e-01
7.319686668637304106e-01
7.974297538662600271e-01
8.484662952305148664e-01
9.392727272727272592e-01
3.943582654994112757e-01
1.396895787139689482e-01
6.689382281820179799e-01
4.354833021828825590e-01
9.159533811313604057e-02
9.093560145808019524e-01
9.106076405346478220e-01
9.115235217954251734e-01
9.892415277030661147e-02
8.168065371024735288e-01
8.348866498740553643e-01
7.585402079354975902e-01
4.919369450987498005e-01
6.295768539743510361e-01
7.017891549683457075e-01
8.275083090984628464e-01
3.480119364464876464e-01
6.440851139442939077e-01
9.465902232951116657e-01
8.623124448367166517e-01
8.819308545335942107e-01
8.752525932911221496e-01
8.812936420433663542e-01
9.280575539568345356e-01
8.114068441064639092e-01
9.253494282083862821e-01
6.151050080775444240e-01
7.120077242670723727e-01
8.981098641464855259e-01
8.889574336829118018e-01
8.744719372359686105e-01
8.197364596453832197e-01
8.307400758029124255e-01
9.267846247712019370e-01
7.541982724602095400e-01
8.255188316679477056e-01
8.714310534545665066e-01
9.553255243802778462e-01
9.512404208338745004e-01
9.169462198523958829e-01
8.223130159259568472e-01
6.945434838415243117e-01
8.942255801403130588e-01
5.147081591577643556e-01
8.899047619047618651e-01
8.861260763457199374e-01
8.196730458070635716e-01
7.083260451285638970e-01
8.532338308457710907e-01
2.141883751703434480e-01
7.393969261095881818e-01
9.054128948826898338e-01
3.052510924851350449e-01
9.071334407499633823e-01
8.051173478608866230e-01
9.600525131282821034e-01
8.511720477664750373e-01
9.722496492230940923e-01
9.082790341126868450e-01
9.390572197720373770e-01
9.657172096196486866e-01
6.812058517003126701e-01
5.683696242234151930e-01
8.339382940108892583e-01
7.910785232081140039e-01
9.192672998643147686e-01
9.086856768272697504e-01
7.578942630145618642e-01
5.352379948342206317e-01
8.473125559128605877e-01
1.682998404008855253e-01
8.954884777669588347e-01
9.396135265700482631e-01
8.712633040259138983e-01
9.480657127715951260e-01
9.404385801895558394e-01
9.175225319639488397e-01
8.198109214053901361e-01
9.575971731448763569e-01
8.313315434977156526e-01
8.817985912321893993e-01
3.951605958839232158e-01
7.920556600759646182e-01
8.650238650238649685e-01
8.760169215750081007e-01
8.775020941047341205e-01
8.660283712907881348e-01
7.450012762698885460e-01
8.687935540069686713e-01
9.104672564270023249e-01
4.070184766715406188e-01
7.299029413943839417e-01
5.979176995537928141e-01
8.908893622151670133e-01
9.288636363636363358e-01
7.620721745424464677e-01
9.106636155606406824e-01
7.611410834380312185e-01
9.549744032566459540e-01
8.999795092464525359e-01
9.314584293837405715e-01
4.846949435854575605e-01
7.894815145428847325e-01
7.827264520012037208e-01
9.493109937473441784e-01
8.840638164381106057e-01
8.037094281298300391e-01
9.402620258114978702e-01
9.507169538498614347e-01
9.511036078284249573e-01
8.810953737676020525e-01
8.554853680546603556e-01
7.980487804878049207e-01
8.905385002516356119e-01
8.074630161183484756e-01
9.352817475644822354e-01
6.841901317489020862e-01
9.399871335355206581e-01
9.059585622826031859e-01
6.545969158696076651e-01
8.688790401037725930e-01
9.409628258082893826e-01
8.168528593380123271e-01
9.255596226946360972e-01
7.189714115840063480e-01
9.178340517241379004e-01
9.729860106126386743e-01
9.544276163187338513e-01
7.548023051064510769e-01
9.644194756554307357e-01
9.130917159763313196e-01
6.659398470217700039e-01
8.895985657058016471e-01
7.701336089171033628e-01
6.136463759102335214e-01
8.899739147883084511e-01
8.976463973009880526e-01
9.583349094072700636e-01
8.647276084949214736e-01
6.848885957887794751e-01
3.500910509885535871e-01
9.459497881777600981e-01
7.799217499555397559e-01
8.793749120090103011e-01
6.792866011965232875e-01
9.243916162610774645e-01
7.370146806766525449e-01
5.490797546012270436e-01
8.389550518632347131e-01
9.449744665690194001e-01
9.763313609467455523e-01
8.185952501263263903e-01
9.493575010447137252e-01
5.033652865592493919e-01
9.075371252451667203e-01
8.351717750084203251e-01
8.452853773109413327e-01
8.258796964184909051e-01
9.138669612307028789e-01
7.290378319388868267e-01
6.334027004791172866e-01
9.368523162825912465e-01
5.386341283501352439e-01
8.410444852736485011e-01
8.655935506259843093e-01
9.429463336875664181e-01
7.687221340587924168e-01
9.172598903022523009e-01
8.864220221809143707e-01
9.388361475469236828e-01
8.856293861035594572e-01
9.439016703435234579e-01
8.714839561164727799e-01
7.329138909449790518e-01
8.359200503980298569e-01
9.597446449298301374e-01
9.231249999999999734e-01
9.188727583262169540e-01
8.209331278159829326e-01
9.815242494226328329e-01
8.758316541839333835e-01
8.071144879986185128e-01
5.852194700167845376e-01
9.474796928897296633e-01
7.289859407717619311e-01
7.784633942655655447e-01
8.712497222016445386e-01
9.550461687996112392e-01
7.713390759592795298e-01
8.277975703126728702e-01
9.254361189566373547e-01
9.143002212309142562e-01
8.729016786570743536e-01
9.476544393830416135e-01
8.589617761744343660e-01
8.996445347213406496e-01
8.183400683866957070e-01
9.635282457879088547e-01
6.079396516572493914e-01
9.583589372853786870e-01
8.889366734759702737e-01
8.107416879795396047e-01
8.732453677709152151e-01
9.148238459598082573e-01
6.041990279100064587e-01
9.508946643996437631e-01
8.369280387018745992e-01
8.173727000427899458e-01
9.377862595419846903e-01
6.224507582360118141e-01
7.854144241119482839e-01
9.273385300668151032e-01
6.130479102956166715e-01
8.119288119288119443e-01
7.487369700070346523e-01
2.966819625838333918e-01
5.401901469317199611e-01
9.449664429530201248e-01
9.186907336549658964e-01
6.245935280189424121e-01
9.587388736378005261e-01
2.327283372365339734e-02
7.323798688986402627e-01
9.745495175936436105e-01
9.079038087875812568e-01
9.206671174216812803e-01
7.695806300581901072e-01
9.421088904203996917e-01
8.110215616495708435e-01
8.717285945072698050e-01
6.994080074778002976e-01
9.012070699813191643e-01
7.477793361383824333e-01
7.859695565850429722e-01
8.852544132917964381e-01
4.224381071764337081e-01
9.103717910888167175e-01
8.661912092745609471e-01
9.665948275862068506e-01
6.389289145052833296e-01
4.032276140311554236e-01
9.290455979976058876e-01
1.250296166421835664e-01
7.721062129414797415e-01
4.627659574468084847e-01
8.552042595297554284e-01
3.609504783934391892e-01
8.956782430019873953e-01
9.695918316770339995e-01
6.663533834586465865e-01
8.855555555555555403e-01
8.934513694028376474e-01
5.638223573394683941e-01
9.658327542274728339e-01
6.455017992802878357e-01
7.873003506038176447e-01
8.493112173179645508e-01
8.150429499266708122e-01
8.978781254998133843e-01
6.552403968455863259e-01
6.789748777609172503e-01
4.060926148772117661e-01
7.077570093457944411e-01
6.412949888066127313e-01
6.047537030657940127e-01
6.773758099352051865e-01
7.864228556312413687e-01
8.728987871480247129e-01
8.133148952983010327e-01
8.836976710958708292e-01
8.997050147492625660e-01
9.284668389319552517e-01
9.657405371062727228e-01
8.440299603466000500e-01
9.178662150719728574e-01
9.199118526680308827e-01
9.221983802865646451e-01
8.713494809688581144e-01
8.793510324483775342e-01
8.730956959029729791e-01
8.605439144003567131e-01
9.283575468559387422e-01
8.710004050222762695e-01
7.446715007690617449e-01
1.085534286406590783e-02
2.417036306883522390e-01
8.802251969264969222e-01
9.633861334718254454e-01
9.359286293592863348e-01
8.543378782218902234e-01
9.029351535836177556e-01
9.702674092143416251e-01
8.970402717127607950e-01
8.613684960798289048e-01
8.326446280991735005e-01
4.610923151280811871e-01
8.535469107551487689e-01
5.489443378119002181e-01
9.229249011857707519e-01
9.228611500701262571e-01
6.867627785058977308e-01
8.342342342342342620e-01
9.421747328724072723e-01
9.417040358744395157e-01
1.380046998504592948e-01
6.536251105216622781e-01
9.528949950932286139e-01
9.316283924843423714e-01
5.999999999999999778e-01
8.787128712871287162e-01
6.043668122270742238e-01
8.806275579809004217e-01
7.592451948355436464e-01
7.246926497515040477e-01
9.288221764919500911e-01
4.830852503382949692e-01
9.440546860946212870e-01
7.701974865350089683e-01
9.535685858317856090e-01
9.236209335219236483e-01
8.873812754409768910e-01
7.760169043845747128e-01
8.776104905293832248e-01
3.628486897717667081e-01
7.582341544422916968e-01
5.995639534883721034e-01
3.366394023314226991e-01
9.418306244653550374e-01
9.214433377184739760e-01
9.282761100125831444e-01
8.548419841645801265e-01
8.011158516573678723e-01
7.528634361233480510e-01
6.673461068079902248e-01
8.925619834710744049e-01
9.162337662337662891e-01
9.578989574979951405e-01
8.735861610113107023e-01
8.248946399952513664e-01
4.391039905058596871e-02
9.044259140474663061e-01
7.947832757959339967e-01
8.433624253559944828e-01
5.750394944707740708e-01
7.884828349944629222e-01
9.189563154773671139e-01
7.480351363846509116e-01
8.919054801407743094e-01
9.506234413965086727e-01
8.915422885572139577e-01
6.854468709855019437e-01
9.079593842122501979e-01
9.620305406520841540e-01
7.957166392092257512e-01
9.023904382470119279e-01
3.516501650165016479e-01
6.718284120419352190e-01
9.180327868852459217e-01
8.450479233226837472e-01
8.258135083401695331e-01
6.360175695461200984e-01
7.462214411247802825e-01
8.751164958061510291e-01
5.740222114920328078e-01
8.350122515654777589e-01
7.616974972796517473e-01
8.958009331259719765e-01
7.472894078398665263e-01
9.482590302635860446e-01
7.544204322200392943e-01
7.961716633161436407e-01
8.852573018080667211e-01
9.297566371681416086e-01
7.631666114607486007e-01
9.333618111917983962e-01
7.026123936816525140e-01
4.154244977316914889e-01
6.673443111743578848e-01
8.807718814610613345e-01
7.274368231046931532e-01
8.965517241379310498e-01
5.867858109937720279e-01
7.439144736842104866e-01
7.285318559556787088e-01
9.034143340510611964e-01
4.949928469241773876e-01
3.632625471751253499e-01
1.902949571836346290e-02
8.579234972677595161e-01
8.998257839721254259e-01
7.855530474040631761e-01
8.918246813801679052e-01
8.230769230769230393e-01
6.740172579098753225e-01
6.919205298013244576e-01
9.036144578313253239e-01
8.881578947368421462e-01
9.307159353348729569e-01
9.420567920184190758e-01
9.384328358208955390e-01
9.567538707955152155e-01
5.613005949886867851e-01
9.225225225225225367e-01
8.553468421831089685e-01
9.153183208229079826e-01
8.779661016949152907e-01
9.426399447131996734e-01
7.977792529117132270e-02
8.664383561643835829e-01
7.169546940681924552e-01
7.745098039215686514e-01
6.845441248171623139e-01
9.149377593360995542e-01
7.727272727272727071e-01
8.965986394557823314e-01
6.239676386313838252e-01
5.444245676803816103e-01
9.527397260273973156e-01
4.891774891774891554e-01
8.460410557184750990e-01
6.077013868397757035e-01
