9.581452005847003184e-01
9.996725605762933897e-01
9.910294241632240375e-01
1.000000000000000000e+00
9.188788898369206759e-01
9.968752491032283336e-01
9.795451361322561334e-01
9.977832472168343125e-01
9.992611201418649669e-01
9.998001235599811576e-01
9.771025037449175832e-01
1.000000000000000000e+00
9.732430943574408300e-01
9.999523006964098348e-01
5.092577827388862222e-01
9.648461098865213081e-01
1.000000000000000000e+00
9.967263592901709490e-01
9.685689314731492638e-01
1.000000000000000000e+00
9.078217542540190088e-01
9.833591081899606401e-01
9.998673212153376122e-01
9.877481503186579248e-01
8.003141870962031668e-01
9.938242520109042966e-01
9.903611678639688831e-01
9.999230295566502447e-01
7.635787282361846673e-01
9.954459663036138162e-01
9.453417940582635737e-01
9.874869468150229146e-01
7.524471876901678291e-01
6.047659543000812876e-01
9.533046358789037944e-01
6.374548324126759757e-01
1.000000000000000000e+00
7.379737304442399726e-01
9.981179519614951090e-01
9.911941314844620043e-01
9.958073261458924019e-01
9.992669371611715423e-01
6.818905426500363465e-01
9.114090048083928197e-01
9.894824289162669206e-01
9.959750673432312684e-01
9.974640884899648174e-01
9.596891173152343191e-01
9.812020208647727060e-01
9.917202516766921994e-01
9.879554238114892639e-01
9.985376785171680147e-01
9.980130029089637755e-01
9.921281346892220077e-01
9.804184774401396574e-01
9.955551245373288616e-01
9.688769655429085859e-01
9.899842431239176399e-01
9.747430976847839545e-01
9.946581384315310581e-01
9.978245218643377878e-01
9.960129225435347955e-01
7.089944642333965152e-01
9.993996859895946105e-01
1.000000000000000000e+00
9.910636060977746631e-01
9.884146341463414531e-01
9.962510954591190515e-01
9.977412731006159996e-01
9.778701006355932090e-01
9.866129479226620758e-01
9.497680119058040660e-01
9.988489908405608908e-01
9.947575566750629372e-01
9.932318909494373127e-01
9.887987700610263442e-01
9.782957112788923659e-01
9.943277857235730544e-01
9.971024078360970488e-01
1.000000000000000000e+00
9.964909901510400347e-01
8.570780323019780989e-01
9.955409261901673190e-01
9.873941271462940428e-01
9.907550563215852257e-01
9.797974700578656604e-01
9.050803663031500301e-01
9.972128631656935749e-01
9.785204871156563122e-01
1.000000000000000000e+00
9.256501514158159694e-01
9.663088216574022837e-01
9.826913174199763956e-01
1.000000000000000000e+00
9.996823273700050638e-01
9.402312406545501045e-01
1.000000000000000000e+00
9.903452119463659331e-01
9.997980958889216563e-01
9.402591946221963148e-01
9.012238491977360155e-01
1.000000000000000000e+00
1.000000000000000000e+00
9.855872844827586743e-01
9.960798705523211671e-01
9.713700319118073745e-01
8.071831824103710140e-01
7.835657984635637785e-01
9.756891333355030005e-01
9.999828605707430373e-01
9.757431992960171607e-01
9.988527955560922988e-01
9.749989129962172152e-01
9.274631497284716586e-01
9.552514856232767748e-01
9.892940158468925826e-01
9.876634790601667158e-01
9.994814483683505113e-01
9.978483139891002329e-01
9.987828203790645176e-01
9.969704866766564422e-01
1.000000000000000000e+00
9.833443804279474731e-01
9.997988231152240557e-01
9.839371856717643583e-01
8.430745118526742354e-01
9.296380663123260391e-01
1.000000000000000000e+00
9.916338922238322473e-01
9.894226967180703713e-01
9.283240806903754194e-01
9.778179565734184120e-01
7.629374337221632718e-01
9.757725287170361250e-01
9.331040950296968228e-01
9.696660629187402458e-01
1.000000000000000000e+00
9.933550536565611822e-01
1.000000000000000000e+00
9.028404080070552284e-01
9.715535374444926875e-01
9.800522281189453233e-01
7.453397770983332116e-01
9.885053861373700457e-01
9.760611419909045461e-01
9.108807930950812981e-01
9.966446835589494180e-01
9.946997421983450050e-01
1.000000000000000000e+00
6.260447275350589091e-01
9.340841274424872553e-01
9.960582608277652739e-01
8.532405801831942638e-01
9.941605839416058910e-01
9.871998505092030030e-01
9.863271860156535009e-01
9.806703064348155641e-01
9.973445085266171573e-01
9.999835858378609554e-01
7.341620361769325420e-01
9.921095606900900421e-01
9.594999052850918808e-01
9.994889716791401924e-01
9.971763540290621286e-01
9.693828023375463676e-01
9.990808823529411242e-01
8.444550395728044334e-01
1.000000000000000000e+00
9.960685024139395161e-01
9.990256278265985390e-01
9.751274581209031789e-01
9.924504670621183688e-01
9.810960148355599708e-01
9.995485257028987602e-01
9.944592920930839242e-01
9.948391742678828198e-01
1.000000000000000000e+00
9.997924847556108885e-01
6.944523651110477980e-01
9.780585791298973541e-01
9.775877021443025727e-01
6.507529403143663682e-01
9.707300724300370609e-01
9.926121108016610073e-01
8.427787934186471430e-01
9.981366936878097729e-01
9.992343887072334674e-01
9.522875595982822627e-01
9.975919191919191409e-01
9.916203448678785337e-01
9.864583162352478229e-01
9.989105796770395562e-01
9.986302110556386502e-01
9.708770607256929086e-01
5.236072626513051942e-01
1.000000000000000000e+00
