8.875441250630358159e-01
7.268188302425107050e-01
7.960199004975124781e-01
6.462500596744163994e-01
9.991225504533489676e-01
8.064745642120242364e-01
1.000000000000000000e+00
7.892473118279570432e-01
9.941722426073817953e-01
7.935631308322224076e-01
9.860037601838311794e-01
1.000000000000000000e+00
8.920539730134932066e-01
9.776684330052990424e-01
9.761459821919313828e-01
1.000000000000000000e+00
1.000000000000000000e+00
7.329678935003914875e-01
9.909333333333333327e-01
6.566385880465303027e-01
1.000000000000000000e+00
9.979768786127167779e-01
7.849260389762855450e-01
1.530369557263080993e-01
9.332350049164208627e-01
8.859247135842880372e-01
8.410404624277456609e-01
2.222222222222222099e-01
1.000000000000000000e+00
9.942196531791906988e-01
9.875794912559618943e-01
8.681208725235141088e-01
6.162573245231267594e-01
9.919608528486543175e-01
1.000000000000000000e+00
1.000000000000000000e+00
1.000000000000000000e+00
8.164962744758273994e-01
1.000000000000000000e+00
5.043478260869564966e-01
6.826003824091778638e-01
8.909566734515848019e-01
1.000000000000000000e+00
9.604669673653488671e-01
9.982738780207134344e-01
9.964370546318289668e-01
4.572092192245845732e-01
9.891696750902526647e-01
6.185476815398075479e-01
9.092920353982301140e-01
9.864312571521988149e-01
9.654503105590062084e-01
8.248953178530643582e-01
1.000000000000000000e+00
9.998316214850985206e-01
9.967275702208889809e-01
1.000000000000000000e+00
9.819067501739735526e-01
6.999999999999999556e-01
9.812217456821606953e-01
9.884287454323995581e-01
8.736184526669870110e-01
1.000000000000000000e+00
9.035087719298245945e-01
9.014778325123152802e-01
1.000000000000000000e+00
6.762767710049423231e-01
9.645227156712607997e-01
7.888589398023360122e-01
1.000000000000000000e+00
9.305234899328859166e-01
1.000000000000000000e+00
8.904180732277330312e-01
9.647817460317460458e-01
7.146361406377759184e-01
8.443948689347462455e-01
9.965088370063277523e-01
9.875249500998003471e-01
9.842751842751842339e-01
9.499354713029927177e-01
9.807486631016042455e-01
9.991714995857498005e-01
7.870082815734990023e-01
9.944329896907216915e-01
1.000000000000000000e+00
8.355781865965834498e-01
9.958921097504263020e-01
8.453713123092573278e-01
9.368836291913215097e-01
9.748638220608261129e-01
1.112618724559022998e-01
9.969568525160308337e-01
1.000000000000000000e+00
8.039687312086590820e-01
5.801606706252182555e-01
9.867058106685869801e-01
6.364977865223807596e-01
8.582781456953642030e-01
5.230635335073977599e-01
1.000000000000000000e+00
1.000000000000000000e+00
9.794708029197080057e-01
5.356861509374507557e-01
9.853515625000000000e-01
6.784755770263016794e-01
6.364599383667179922e-01
1.000000000000000000e+00
9.703274832639768865e-01
1.000000000000000000e+00
6.541510221109720913e-01
9.997737897752978498e-01
9.929337539432177007e-01
4.230218036646534729e-01
1.000000000000000000e+00
6.945261094778104605e-01
6.166439290586630539e-01
8.184397163120566976e-01
8.547497658932473596e-01
8.327077747989276579e-01
7.452030899576377321e-01
8.408212560386473244e-01
0.000000000000000000e+00
8.294758847245035094e-01
5.838287752675386244e-01
8.731280022605255597e-01
1.000000000000000000e+00
6.909482758620689724e-01
1.000000000000000000e+00
8.330248545742993116e-01
8.049586776859504189e-01
9.480697271150861916e-01
8.611063243150094415e-01
1.000000000000000000e+00
5.573097961213326901e-01
9.972826086956522174e-01
9.833890875533509712e-01
8.254748417194268661e-01
8.864305468819698719e-01
2.374691865242399280e-01
9.323405037690751795e-01
9.282925097621583799e-01
1.000000000000000000e+00
1.000000000000000000e+00
6.925566343042071082e-01
9.963768115942028825e-01
9.994896657310538002e-01
6.903674280039722166e-01
8.772226085228965742e-01
5.154359101012595534e-01
9.177295185568195013e-01
7.605032742255904976e-01
6.805244643428205453e-01
7.242840709571956026e-01
6.340839303991812059e-01
9.361949920971632810e-01
9.883265607683783260e-01
8.478260869565217295e-01
9.206761278412368688e-01
1.000000000000000000e+00
3.998735577682945852e-01
8.040119273515857756e-01
9.547308959673622697e-01
9.936397209684038057e-01
5.872186495176848764e-01
9.982892579656426069e-01
8.026832460732984398e-01
9.981680787726128212e-01
8.724521309450278261e-01
6.949152542372881713e-01
8.082031951175731033e-01
9.688206480783723151e-01
9.848428376195800249e-01
1.000000000000000000e+00
7.795698924731182533e-01
9.901725790987535580e-01
9.926704640643323474e-01
1.842291371994342342e-01
7.557093425605536652e-01
1.000000000000000000e+00
9.836762688614540950e-01
9.989597265566948492e-01
9.999086757990867103e-01
9.612815960774367952e-01
6.206710927687062451e-01
9.736062895650398064e-01
8.906365929663154768e-01
9.676170362548398574e-01
9.577464788732393819e-01
7.978694345807156862e-01
9.772606146740095978e-01
9.997832213310210436e-01
7.708985507246376434e-01
9.573261712921515842e-01
9.913411329235243263e-01
1.000000000000000000e+00
9.269496544916090430e-01
