6.134282807731434861e-01
6.767158434894162689e-01
7.322812051649928433e-01
6.407707238555129248e-01
3.185163086714399294e-01
3.398574024884663536e-01
1.975327444410600042e-01
6.685518077156129557e-01
5.776723276723276790e-01
8.012759474385831027e-01
3.101056803170409437e-01
2.353043680297397799e-01
3.910963178697732245e-01
2.679095098449937318e-01
2.155871920703561484e-01
1.748360021187304048e-01
1.354788013001393121e-01
4.227669576897246650e-01
5.210776102735901194e-01
5.012846131886954382e-01
1.333333333333333315e-01
1.161335443736886686e-01
2.231043608330456895e-01
1.745778375199529553e-01
4.588945412372492649e-01
7.258976719715901638e-01
7.183391003460207758e-01
5.635910224438902549e-01
9.133831230148510560e-02
9.056559766763848662e-01
4.715643171181392868e-01
7.706550218340610936e-01
6.211172925359295105e-01
3.687708718347761372e-01
5.980514778487262539e-01
4.198956420910233134e-01
4.293473599954261144e-01
1.456821869164600380e-01
2.351660674824367428e-02
2.611940298507462455e-01
6.082180634662327501e-01
2.405588977294779718e-01
1.723355073061999532e-02
6.431883024251069392e-01
4.958630527817403655e-01
7.244941885492897082e-01
3.605821545157780195e-01
8.826282463063228612e-01
5.398373983739837012e-01
7.802720336171624638e-01
4.756829306805621105e-01
9.629259287747096163e-01
7.362428842504743498e-01
8.235146653296565589e-01
8.339421185726327845e-01
9.462393383303179251e-01
1.182054469431574190e-01
2.476373818690934536e-01
1.683715786563450278e-01
9.339240783284105119e-01
8.054989816700610650e-01
8.076759061833688191e-01
2.667030057623423142e-02
8.354231974921629833e-01
8.825065274151435712e-01
8.280312124849940059e-01
5.496376200910163545e-01
8.893857378206636577e-01
7.502120441051738364e-01
7.507331378299120228e-01
7.889974016665173284e-01
7.362065926317644671e-01
8.662041625371654785e-01
8.410852713178295081e-01
6.249577274264457305e-01
6.796610169491525966e-01
9.141026496696256221e-01
8.876557191392978607e-01
8.311092577147622951e-01
8.652597402597402843e-01
9.378531073446327859e-01
1.811004640511058861e-01
7.794154384211841036e-01
8.226684819605173393e-01
7.651245551601423278e-01
7.755795068654953717e-01
3.895296177767043067e-01
8.182967959527824853e-01
6.382647385984426824e-01
7.469011871508379752e-01
1.460502921005842059e-02
8.082390739844197425e-01
1.660648695760443272e-01
1.668124453330001311e-01
6.222105997210599648e-01
7.932105613490126883e-01
6.670445344129554144e-01
8.591433278418451058e-01
6.843434343434343647e-01
7.435458913592311869e-02
1.886786144175471580e-01
3.541090317331163639e-01
5.587683651140981089e-01
5.714285714285713969e-01
6.639127561136813904e-01
5.169124024284474928e-01
1.212984670874661802e-01
2.807618454512429418e-01
9.808957706514027930e-02
6.618525204832662601e-01
7.820369169074717908e-01
3.810639737147274997e-01
4.528802489922955088e-01
9.574327363157755788e-02
3.780093424362199195e-01
5.759467897380209367e-01
3.503363914373088805e-01
8.379377431906614992e-01
8.227785959744722266e-01
7.544361081338573083e-01
3.573475639885363986e-01
0.000000000000000000e+00
5.748606183476938636e-01
6.442035029190992246e-01
4.003157271591133437e-01
1.306256860592755198e-01
8.290638099673963701e-02
1.035766987562363878e-01
7.807930607187112404e-01
7.766953915324091851e-01
5.064822817631806640e-01
3.346200862124428799e-01
1.876132727720224713e-01
4.440441658089267496e-01
7.251290355227203444e-01
8.415783274440518102e-01
6.849794654278597017e-01
5.532612258275975137e-01
5.877991950857869297e-02
2.967993936920655385e-01
8.034612490594431611e-01
1.695989899267147938e-01
1.138762635670466650e-01
5.020888720091151169e-01
6.812712125887071535e-01
3.455603562296094000e-01
4.596017983301220466e-01
5.934387036791074488e-01
2.305124606456017966e-01
1.812968378724182095e-01
6.186754422048539315e-01
6.228133237479032136e-01
5.351794417368187506e-01
5.557328811530597434e-01
6.867548879351454971e-01
8.092065778417957267e-01
2.267013437364542583e-01
5.643599349685445299e-01
9.979012051842395259e-02
1.484964461454346685e-01
6.725260416666666297e-01
6.542908666595947942e-01
4.576158310341547075e-01
5.593855376545522340e-01
6.799573147070236967e-01
8.143887223527505048e-01
6.487369985141159257e-01
9.065391733497840665e-01
8.225966303270565438e-01
7.127643273061600171e-01
5.623207230611030338e-01
8.399736582153440878e-01
4.312512743831985462e-01
8.167723749119097931e-01
9.235399019170753565e-01
7.688714438641450766e-01
9.492798038614772005e-02
5.960284528749258959e-01
1.341348026938275761e-01
7.902021089630931749e-01
8.364043824701195007e-01
2.493277425823800242e-01
6.751338488994645948e-01
5.694400506168934006e-01
4.628272251308900298e-01
7.564943097476496403e-01
9.422222222222221832e-01
6.542798840081623934e-01
7.230510105871029713e-01
6.384579763834220545e-01
8.537849342957616328e-01
7.580124510029974116e-01
9.446804402394284317e-01
3.689834329967650040e-01
3.671238527379602212e-01
9.320691310609697799e-01
