9.504394531250000000e-01
9.926910400390625000e-01
9.736785888671875000e-01
6.974792480468750000e-01
9.028320312500000000e-01
9.679718017578125000e-01
6.926116943359375000e-01
9.747161865234375000e-01
9.714660644531250000e-01
9.836578369140625000e-01
9.231567382812500000e-01
9.336090087890625000e-01
8.787689208984375000e-01
9.484558105468750000e-01
2.533111572265625000e-01
6.372833251953125000e-01
7.541656494140625000e-01
9.250946044921875000e-01
6.660461425781250000e-01
9.619598388671875000e-01
9.147186279296875000e-01
7.355041503906250000e-01
4.391326904296875000e-01
8.437500000000000000e-01
8.648376464843750000e-01
9.336700439453125000e-01
8.817749023437500000e-01
9.969329833984375000e-01
7.406311035156250000e-01
9.925231933593750000e-01
8.523254394531250000e-01
9.670867919921875000e-01
9.333190917968750000e-01
8.235015869140625000e-01
9.229431152343750000e-01
8.265075683593750000e-01
7.660980224609375000e-01
4.364013671875000000e-01
6.422729492187500000e-01
9.676971435546875000e-01
9.607238769531250000e-01
6.926269531250000000e-01
5.449981689453125000e-01
9.220886230468750000e-01
9.808044433593750000e-01
9.942321777343750000e-01
9.573822021484375000e-01
9.782104492187500000e-01
9.169769287109375000e-01
9.393615722656250000e-01
7.525329589843750000e-01
9.923400878906250000e-01
6.799926757812500000e-01
9.912719726562500000e-01
9.831085205078125000e-01
9.959869384765625000e-01
9.949645996093750000e-01
9.938049316406250000e-01
9.633178710937500000e-01
9.912109375000000000e-01
9.951477050781250000e-01
9.858856201171875000e-01
7.475738525390625000e-01
9.985504150390625000e-01
9.976501464843750000e-01
9.904937744140625000e-01
9.674987792968750000e-01
9.906921386718750000e-01
9.839477539062500000e-01
9.812774658203125000e-01
9.528503417968750000e-01
9.633941650390625000e-01
9.939575195312500000e-01
9.930725097656250000e-01
9.833831787109375000e-01
9.880371093750000000e-01
9.684906005859375000e-01
9.838562011718750000e-01
9.958648681640625000e-01
3.955383300781250000e-01
9.904022216796875000e-01
1.470336914062500000e-01
9.868774414062500000e-01
9.876708984375000000e-01
9.885406494140625000e-01
9.759368896484375000e-01
8.860931396484375000e-01
9.713287353515625000e-01
9.655151367187500000e-01
8.012390136718750000e-01
8.290557861328125000e-01
9.586639404296875000e-01
7.949371337890625000e-01
9.340972900390625000e-01
9.774932861328125000e-01
9.367980957031250000e-01
9.723205566406250000e-01
9.907226562500000000e-01
9.942016601562500000e-01
1.414184570312500000e-01
9.005584716796875000e-01
4.875030517578125000e-01
9.495697021484375000e-01
9.872741699218750000e-01
9.692993164062500000e-01
8.789672851562500000e-01
5.636749267578125000e-01
9.604797363281250000e-01
9.294281005859375000e-01
9.654083251953125000e-01
9.525299072265625000e-01
6.629791259765625000e-01
8.258972167968750000e-01
3.119964599609375000e-01
8.809204101562500000e-01
9.316558837890625000e-01
8.789520263671875000e-01
9.623413085937500000e-01
9.708862304687500000e-01
9.547882080078125000e-01
9.839782714843750000e-01
8.583221435546875000e-01
9.562377929687500000e-01
9.593353271484375000e-01
7.466735839843750000e-01
8.073120117187500000e-01
8.583831787109375000e-01
2.877349853515625000e-01
9.736175537109375000e-01
9.665985107421875000e-01
9.677581787109375000e-01
9.485015869140625000e-01
6.679992675781250000e-01
6.174621582031250000e-01
9.549865722656250000e-01
9.714508056640625000e-01
9.117126464843750000e-01
9.208068847656250000e-01
9.814300537109375000e-01
8.875122070312500000e-01
9.542999267578125000e-01
8.870849609375000000e-01
6.538391113281250000e-01
9.807128906250000000e-01
9.803619384765625000e-01
9.451904296875000000e-01
9.664611816406250000e-01
9.681396484375000000e-01
7.122039794921875000e-01
5.815887451171875000e-01
9.054107666015625000e-01
9.725952148437500000e-01
8.632049560546875000e-01
8.887939453125000000e-01
9.607391357421875000e-01
9.785766601562500000e-01
9.932556152343750000e-01
9.078674316406250000e-01
9.349212646484375000e-01
4.506072998046875000e-01
9.771270751953125000e-01
8.495025634765625000e-01
9.216766357421875000e-01
9.662933349609375000e-01
9.548492431640625000e-01
9.647521972656250000e-01
8.131866455078125000e-01
9.956207275390625000e-01
9.927062988281250000e-01
6.193084716796875000e-01
9.671936035156250000e-01
9.845428466796875000e-01
7.728576660156250000e-01
9.951324462890625000e-01
9.945983886718750000e-01
8.757781982421875000e-01
5.365447998046875000e-01
9.917602539062500000e-01
8.625946044921875000e-01
9.664764404296875000e-01
9.800109863281250000e-01
4.783935546875000000e-01
9.495239257812500000e-01
9.725952148437500000e-01
5.864868164062500000e-01
9.443969726562500000e-01
9.977111816406250000e-01
9.602813720703125000e-01
9.710083007812500000e-01
9.432830810546875000e-01
9.772796630859375000e-01
9.774475097656250000e-01
9.902954101562500000e-01
7.055969238281250000e-01
6.539001464843750000e-01
9.263458251953125000e-01
