9.886535552193645993e-01
7.054208273894436720e-01
8.295618680789600408e-01
5.351601661335752408e-02
6.007604562737642873e-01
5.538954108858057390e-01
1.000000000000000000e+00
6.437275985663082345e-01
6.445067990502914013e-01
9.005903637402399298e-01
1.000000000000000000e+00
8.146136756356454900e-02
1.000000000000000000e+00
7.793338380015140121e-01
1.000000000000000000e+00
1.000000000000000000e+00
4.702194357366771410e-03
8.645262333594361248e-01
1.000000000000000000e+00
0.000000000000000000e+00
9.994165694282380885e-01
1.000000000000000000e+00
1.000000000000000000e+00
6.641053787047200563e-02
6.564896755162241693e-01
8.697217675941080195e-01
1.000000000000000000e+00
8.072916666666666297e-01
1.000000000000000000e+00
9.962748876043673318e-01
9.973171701112877319e-01
8.599159495697418221e-01
5.511781573369903819e-01
9.009087731562390733e-01
9.972482113373692947e-01
9.898745829018524844e-01
1.584553928095872033e-02
8.270663663143302813e-01
1.000000000000000000e+00
5.445652173913043681e-01
8.862332695984703745e-01
9.845885431811572941e-01
1.000000000000000000e+00
9.986733881666224333e-01
9.367088607594936667e-01
9.869358669833728781e-01
6.492763980703948334e-01
9.948427024239299143e-01
8.390201224846893790e-01
9.971369078604893632e-01
9.995095635115253119e-01
9.815217391304348338e-01
1.000000000000000000e+00
9.796290665855883484e-01
9.994948644552954509e-01
9.989091900736296603e-01
1.000000000000000000e+00
9.937369519832985887e-01
0.000000000000000000e+00
9.916541091920714202e-01
9.153471376370280188e-01
9.971167707832773175e-01
1.000000000000000000e+00
9.280701754385964897e-01
9.726327312534208680e-01
8.952519028633563192e-01
6.435337726523887580e-01
9.481878509443593117e-01
8.939802336028751517e-01
1.000000000000000000e+00
9.873288590604026860e-01
1.000000000000000000e+00
9.670215528434172869e-01
9.255952380952381375e-01
7.530662305805396750e-01
7.501394311210262122e-01
1.000000000000000000e+00
9.977544910179640958e-01
9.562653562653562478e-01
3.784060194316604675e-02
9.972498090145148764e-01
1.000000000000000000e+00
8.423913043478260532e-01
9.936082474226803907e-01
1.000000000000000000e+00
8.794349540078844063e-01
6.199813982328321593e-01
8.657171922685655829e-01
9.733727810650887324e-01
9.966522923286427194e-01
2.103120759837177889e-02
9.928268666449299173e-01
1.000000000000000000e+00
3.379434756464221312e-01
7.490394690883688256e-01
9.266603888550379864e-01
7.047056894572880648e-01
9.209713024282560889e-01
6.979982593559617143e-01
1.000000000000000000e+00
1.000000000000000000e+00
1.000000000000000000e+00
4.819599810934299677e-01
9.855143229166666297e-01
6.935050993022007226e-01
2.386363636363636465e-01
1.000000000000000000e+00
5.614257282431699414e-01
5.323370896619303849e-01
6.853010707829231274e-01
9.914040114613180688e-01
9.541324921135646564e-01
4.160098270037874690e-01
9.953602620087336206e-01
2.979140417191656343e-01
7.976352887676216863e-01
7.679432624113474715e-01
8.157319737800436954e-01
2.943699731903485217e-01
6.548716670819835217e-01
8.367149758454106578e-01
0.000000000000000000e+00
7.339107062863968745e-01
5.479870901987430321e-01
9.827634925120090070e-01
9.500466853408029433e-01
5.948275862068965747e-01
9.941203075531434008e-01
8.424114225277631318e-01
9.673553719008264329e-01
9.861275896687049514e-01
7.813200068929864184e-01
5.247878517195176951e-01
9.455494778717056237e-01
9.914297658862876172e-01
9.867343407544122424e-01
9.777574141952682929e-01
8.660897493085912835e-01
0.000000000000000000e+00
1.000000000000000000e+00
9.927227547035853972e-01
4.682090276654263250e-01
2.803062526584432224e-01
7.233009708737864196e-01
9.990942028985507761e-01
9.988517478948711892e-01
6.566037735849056256e-01
8.186152776398132325e-01
6.134024862105870168e-01
7.264161783293117125e-01
7.674196159223015679e-01
8.445794691397505716e-01
8.837561300478294912e-01
6.960650517457067643e-01
8.234755843939771669e-01
9.463612855559659920e-01
9.037927844588343751e-01
9.364832121841467627e-01
5.337090830262302132e-01
1.000000000000000000e+00
6.690159934941718456e-01
9.941942570218107456e-01
7.632334837915469294e-02
5.992765273311897456e-01
9.978615724570532031e-01
8.178174083769633729e-01
9.998473398977176796e-01
9.175416924027177679e-01
8.936825885978428863e-01
9.100700053850295790e-01
9.707987942727958064e-01
1.000000000000000000e+00
1.000000000000000000e+00
8.594470046082949288e-01
9.937679769894535164e-01
6.996565588875858221e-01
9.838224893917962843e-01
9.688581314878892403e-01
1.000000000000000000e+00
9.828532235939643202e-01
1.000000000000000000e+00
1.000000000000000000e+00
9.692281680615436601e-01
7.943656917279741103e-01
1.000000000000000000e+00
8.910817628728298079e-01
9.802886307638155605e-01
9.652582159624413238e-01
7.290357825730674479e-01
9.989340913128441635e-01
1.000000000000000000e+00
8.366376811594202767e-01
9.659803043867501993e-01
9.915394275893978371e-01
1.000000000000000000e+00
0.000000000000000000e+00
