7.046873543938123596e-01
8.674526616648803312e-01
8.656738534489145653e-01
8.468482948913713670e-01
9.104437229437228885e-01
8.484730597160085042e-01
5.201523962301984882e-01
9.079808111644134261e-01
7.295168493706861712e-01
8.953622883583972625e-01
8.720731584765349931e-01
6.016466117796073210e-01
7.302440116409223414e-01
8.585007561028299428e-01
7.700186219739292293e-01
8.544280667559994713e-01
7.387822059249251616e-01
8.259086409277329732e-01
6.969468526196758162e-01
7.611963918341509983e-01
4.964928331808478035e-01
4.842061512884455743e-01
8.876367252237321592e-01
6.320195705354716420e-01
8.120392778658654942e-01
8.746283808280762573e-01
8.468073924848908973e-01
8.391959798994974573e-01
3.495866374219672723e-01
9.748534694649272359e-01
8.114140877314909295e-01
8.964813374805599144e-01
7.914671923401858100e-01
7.580790395197598563e-01
8.603379721669980329e-01
8.906695431080976499e-01
7.602950713359273305e-01
6.816676185037121583e-01
3.962211725479299895e-01
8.064220183486238147e-01
7.172802536550995089e-01
8.923902111967817463e-01
2.589185550818936532e-01
8.940672291415562301e-01
7.985574446161772810e-01
9.354932021984379009e-01
5.636918382913805869e-01
9.323025715359424259e-01
9.114380066046232631e-01
9.290659699542782590e-01
6.442116572656459983e-01
9.657869755078792862e-01
8.582876423450020997e-01
9.445242885886748763e-01
9.239274312855252358e-01
9.730519049515464758e-01
9.544626593806921910e-01
9.332895169240881250e-01
3.535741737125288053e-01
9.537417395963564415e-01
9.182813816343723401e-01
8.676809589672660472e-01
4.107946026986507015e-01
9.153439153439153486e-01
9.460265798752373057e-01
8.894261766602191699e-01
8.594818652849740559e-01
9.654650869674816782e-01
9.072894550601556807e-01
9.053134117231014244e-01
8.860811930405965153e-01
9.245517928286852705e-01
9.437229437229437412e-01
9.303944315545243926e-01
8.858001502629602175e-01
6.658905704307334084e-01
9.487979575916601904e-01
9.422862107484175631e-01
8.860226375361937023e-01
8.126113697763982513e-01
9.767865270823851143e-01
8.662022928457407955e-01
8.814039060288706429e-01
9.283780970226941376e-01
8.973288814691151583e-01
9.055638832554449014e-01
7.913003592997477353e-01
7.082666217241089246e-01
8.838619785263502893e-01
7.675944333996024271e-01
1.633784083351806637e-01
8.698024146682795665e-01
8.420203324189123872e-01
9.164404223227752277e-01
8.528189910979228072e-01
8.847724477244772734e-01
8.737305348679755834e-01
8.495082944273368852e-01
5.407826496935407290e-01
6.350451735615787463e-01
9.196103346039813387e-01
8.643892339544513304e-01
7.302116889093419605e-01
9.077261354158768780e-01
8.300295234078447493e-01
7.339506653178741180e-01
5.179822872545244428e-01
7.805910895456550369e-01
6.176893394870243137e-01
9.197014925373134808e-01
9.153895394811161212e-01
7.677215615131357529e-01
8.484988097980495914e-01
8.145224940805051439e-01
7.802719973783385221e-01
9.073527125757810952e-01
8.788640733619287326e-01
8.199573709165253188e-01
8.580984233158146512e-01
7.075436640654031439e-01
5.099150141643059575e-01
8.464954392702832564e-01
8.016208597603946551e-01
8.730326999918454067e-01
8.510638297872340496e-01
5.039287585123101154e-01
5.644768856447688332e-01
8.579223504721931182e-01
9.152334987424376456e-01
7.705653604546813806e-01
8.288681889374329703e-01
8.728328114259528148e-01
7.021153528342423122e-01
8.730449024157226345e-01
8.218120118187403067e-01
9.288643446880638921e-01
7.650857719475278040e-01
8.633166291205002230e-01
8.464391691394659301e-01
4.680851063829787329e-01
8.493253938343258147e-01
8.704358068315665165e-01
8.179022165659136645e-01
7.891283973758200787e-01
8.298833270605946444e-01
8.810642513444664203e-01
8.287317620650953565e-01
9.414750520278158952e-01
7.201933957411789100e-01
4.047291723948309161e-01
8.613538197764515347e-01
7.142269736842105088e-01
8.246497717613725520e-01
9.019121506647823638e-01
9.044429044429044273e-01
9.535195530726257029e-01
7.503036612875239042e-01
8.210777208748026856e-01
6.531557614360161690e-01
8.840070298769771018e-01
5.051694625128381189e-01
7.696867740126571711e-01
8.933284457478005702e-01
7.332646755921730097e-01
9.404384295481779121e-01
9.423693068905382164e-01
9.221031761162160612e-01
9.491163924436318844e-01
8.271424393097397409e-01
8.997198417930125647e-01
7.039901863904317603e-01
9.607030138003589403e-01
9.693994695380230286e-01
9.065242273941244155e-01
9.356232939035487028e-01
7.217458663888666193e-01
8.070293692826191467e-01
8.029801324503311744e-01
7.277527566392296698e-01
8.569411764705882062e-01
9.225487503433122960e-01
9.029820168449806950e-01
8.314265369095655833e-01
8.596373404969778198e-01
9.130424489216126815e-01
9.206084600958532871e-01
9.563423856995530992e-01
9.666614247523195314e-01
6.935391652372784321e-01
7.736096718480137691e-01
8.820502863799630777e-01
8.126825591256007231e-01
9.758040426167480241e-01
9.059643585191030635e-01
9.361031800728562002e-01
9.739301524840138224e-01
