7.961386755241851576e-01
5.852674066599394820e-01
8.591776176345908844e-01
7.507811064142620727e-02
3.268602191886175734e-01
6.477003319108581847e-01
2.594000000000000195e-01
6.515444015444015191e-01
0.000000000000000000e+00
9.317985903351756471e-01
8.510942933115156483e-01
0.000000000000000000e+00
6.812246735704637901e-01
0.000000000000000000e+00
2.410460221527173652e-01
8.772625836846020819e-01
0.000000000000000000e+00
7.709713586790337692e-01
5.516314492645412182e-01
0.000000000000000000e+00
4.271651090342679091e-01
1.909018179811856897e-01
4.044122301702854916e-01
7.076678725844877393e-02
7.150719897898137889e-01
6.976108326280840988e-01
8.755029313714219885e-01
0.000000000000000000e+00
2.571912013536378772e-01
9.769920707136358073e-01
8.177186407848751060e-01
8.145613310519794759e-01
0.000000000000000000e+00
3.625918581593374768e-01
7.605112863747620633e-01
7.398974048180775309e-01
0.000000000000000000e+00
3.389223315225370903e-01
5.889155034277690492e-02
3.257846642828764461e-01
7.774496644295302294e-01
0.000000000000000000e+00
4.868236940298507204e-02
6.392981858444766186e-01
6.964147536755223022e-01
9.245049504950495489e-01
0.000000000000000000e+00
9.678833605220228398e-01
9.579341940857975801e-02
2.706107299516364861e-01
7.724449045999112196e-01
9.753892121402736315e-01
1.626675748475185090e-01
9.498277669612100738e-01
9.266191557678753465e-01
9.804132009659243252e-01
9.747016706443913936e-01
9.615248852806212998e-01
1.305721305721305736e-01
9.764937471051412521e-01
8.736318407960198540e-01
9.045685279187817285e-01
7.559037740013242745e-02
8.622754491017964318e-01
0.000000000000000000e+00
9.185059422750424529e-01
7.595954672840258270e-01
8.196624222682854510e-01
9.143665958952582606e-01
8.830631252155916044e-01
7.138270326255825582e-01
9.156798245614035103e-01
9.372743078774909975e-01
9.243256147051802651e-01
7.810540979800325578e-01
5.953779866823345479e-01
9.414997767167050391e-01
9.540160883659503099e-01
9.342699448068239043e-01
0.000000000000000000e+00
9.658705643034731780e-01
4.481158344161871310e-01
8.793326621602186588e-01
9.333977767037215933e-01
8.935993349958437637e-01
9.187383467992541464e-01
8.354689154163472686e-01
8.458699249077256122e-01
9.012325916439891671e-01
0.000000000000000000e+00
1.176332196212210310e-03
9.377937950485740748e-01
3.120430484880388211e-01
0.000000000000000000e+00
8.599624987664067355e-01
8.872667846929047641e-01
7.945449155054847834e-01
9.411118435508679658e-01
0.000000000000000000e+00
0.000000000000000000e+00
7.023024268823895300e-01
7.438395415472779382e-01
5.904952254052853178e-01
9.231004901960784270e-01
0.000000000000000000e+00
5.823954199466527815e-01
1.584489622841527556e-01
5.987455685846740927e-01
2.675277898528224396e-01
7.918586146243403734e-01
8.708213284919288366e-01
0.000000000000000000e+00
5.787961447535915349e-01
2.202783539243093891e-01
4.485846628924343715e-01
1.265250790781744308e-02
1.700680272108843474e-03
0.000000000000000000e+00
0.000000000000000000e+00
5.210982126405011572e-01
0.000000000000000000e+00
0.000000000000000000e+00
8.026056863676460651e-01
7.291958985429034534e-01
3.898205764991489186e-01
2.510564255530698397e-01
2.199567500772320050e-01
0.000000000000000000e+00
8.939643347050754141e-01
0.000000000000000000e+00
9.202895371792059187e-01
6.081365153950785141e-01
4.646915373839049512e-01
6.192202352183019398e-01
8.908406524466749854e-01
8.814924308068708969e-01
8.182299947005828855e-01
8.609889616799785150e-01
0.000000000000000000e+00
5.795415668833390210e-01
9.242037131664111449e-01
7.913032324268856055e-01
1.509291576266389920e-02
6.430107526881720936e-01
8.059864938857456140e-01
8.054763262977752136e-01
8.515931489809587251e-01
8.173407041024148834e-01
1.616854483096521328e-02
2.922631291717392443e-01
5.825332633593677256e-01
6.339012669287898971e-01
5.631016220897312463e-01
6.231658767772512153e-01
9.058307645552033938e-01
9.342873281867821733e-01
7.251798561151079348e-01
8.280254777070064076e-01
2.905317769130998928e-01
0.000000000000000000e+00
7.383476358741376533e-01
6.314010917598128492e-01
0.000000000000000000e+00
7.013798489976568185e-01
9.132963169826198158e-01
7.266763848396501357e-01
6.412318556296586758e-01
9.271040424121934631e-01
8.436234817813764719e-01
5.201451999073192223e-01
9.260314938554272679e-01
9.047619047619047672e-01
9.338142336580650404e-01
8.557939914163089634e-01
9.610821072615092220e-01
8.623861671469740253e-01
0.000000000000000000e+00
0.000000000000000000e+00
2.707670554966419285e-01
9.095907928388746733e-01
9.257780225833104337e-01
6.204066964152017416e-01
9.102021626704278612e-01
6.830706429300373861e-01
6.269984196405601340e-01
8.973102303862925400e-01
9.574007220216605996e-01
8.264840182648401923e-01
7.952029520295202936e-01
8.690295223617889864e-01
9.079633822226597095e-01
8.529861157244402747e-01
9.735423071108199045e-01
8.948435867494315410e-01
7.291844467961628995e-01
0.000000000000000000e+00
