6.613209173995516776e-01
4.136947218259628967e-01
7.531212841854935114e-01
3.900319854871819175e-02
1.953573891059526557e-01
4.789621318373071257e-01
1.490290704354820250e-01
4.831782390837509045e-01
0.000000000000000000e+00
8.723060856356213977e-01
7.407868969200640530e-01
0.000000000000000000e+00
5.165585524069647994e-01
0.000000000000000000e+00
1.370394138723995958e-01
7.813604240282685520e-01
0.000000000000000000e+00
6.273013766793830159e-01
3.808640065986184098e-01
0.000000000000000000e+00
2.715892885438123683e-01
1.055231937540028614e-01
2.534565868560433310e-01
3.668130259787778791e-02
5.565074339634354939e-01
5.356393082075376899e-01
7.785728889797587371e-01
0.000000000000000000e+00
1.475728155339805781e-01
9.550190597204574194e-01
6.916447040387492251e-01
6.871391598646227061e-01
0.000000000000000000e+00
2.214425645592163761e-01
6.135685448481656978e-01
5.871723521934796297e-01
0.000000000000000000e+00
2.040376184415217120e-01
3.033913450491468322e-02
1.945894636924537235e-01
6.359244620114185009e-01
0.000000000000000000e+00
2.494845976874122268e-02
4.698297446169253933e-01
5.342303126236643829e-01
8.596087456846950303e-01
0.000000000000000000e+00
9.377654845401560690e-01
5.030621172353455517e-02
1.564776274713839677e-01
6.292547743839990160e-01
9.519607090783516190e-01
8.853464545699649135e-02
9.044495151169423819e-01
8.632715599007734220e-01
9.615789473684210886e-01
9.506517690875232462e-01
9.259007477906185946e-01
6.984603830266616908e-02
9.540672021721914309e-01
7.756183745583038469e-01
8.257645968489342181e-01
3.927977521646883186e-02
7.578947368421052877e-01
0.000000000000000000e+00
8.492935635792778770e-01
6.123772102161100239e-01
6.944305067737079895e-01
8.422425032594523797e-01
7.906114885731932995e-01
5.550008052826541638e-01
8.444736575993527783e-01
8.819531839919456662e-01
8.592987128273412711e-01
6.407619047619047548e-01
4.238706079196876697e-01
8.894658272213928907e-01
9.120752984389347562e-01
8.766478342749529640e-01
0.000000000000000000e+00
9.339938802273058949e-01
2.887559808612440437e-01
7.846509240246406502e-01
8.751132862062714901e-01
8.076634109691961383e-01
8.496910475643052463e-01
7.174294670846395050e-01
7.329069254521394239e-01
8.202214452214452445e-01
0.000000000000000000e+00
5.885122410546138978e-04
8.828735801740669187e-01
1.848643404137357560e-01
0.000000000000000000e+00
7.543282548476454297e-01
7.973760219317569398e-01
6.591244466305952177e-01
8.887736044822577286e-01
0.000000000000000000e+00
0.000000000000000000e+00
5.411911383907164197e-01
5.921532846715328313e-01
4.189380809831416141e-01
8.571834992887624738e-01
0.000000000000000000e+00
4.108306562643414539e-01
8.604103771171263404e-02
4.272925424256577842e-01
1.544196716610509723e-01
6.554353854686633118e-01
7.711988815099615202e-01
0.000000000000000000e+00
4.072576517555532849e-01
1.237712394014120199e-01
2.891454352441613640e-01
6.366530241018644731e-03
8.510638297872340349e-04
0.000000000000000000e+00
0.000000000000000000e+00
3.523548467480687729e-01
0.000000000000000000e+00
0.000000000000000000e+00
6.702935509463900932e-01
5.738066927127569716e-01
2.420976015527519787e-01
1.435474701534963093e-01
1.235682054842068694e-01
0.000000000000000000e+00
8.082599528711397197e-01
0.000000000000000000e+00
8.523484479115878143e-01
4.369225302061122695e-01
3.026698208854342598e-01
4.484569161659179848e-01
8.031674208144796712e-01
7.880969741159314923e-01
6.923766816143497316e-01
7.559092341632523970e-01
0.000000000000000000e+00
4.079961464354527889e-01
8.590880303989867350e-01
6.546747320386289148e-01
7.603839939169280797e-03
4.738510301109350453e-01
6.750229287679608836e-01
6.743075453677173092e-01
7.415430761539743010e-01
6.911041133635110745e-01
8.150160533465053425e-03
1.711406096361848539e-01
4.109678543427127684e-01
4.640230252638311570e-01
3.918868799258228841e-01
4.526078096601861556e-01
8.278708039044520017e-01
8.766784452296819685e-01
5.688487584650112616e-01
7.065217391304348116e-01
1.699544764795144214e-01
0.000000000000000000e+00
5.852227260602826941e-01
4.613485280151946588e-01
0.000000000000000000e+00
5.400962309542902684e-01
8.404281049703712370e-01
5.706926159129936948e-01
4.719214667244117090e-01
8.641136504014823583e-01
7.295404814004375904e-01
3.514839427994850829e-01
8.622520013922728710e-01
8.260869565217391353e-01
8.758457138871451608e-01
7.479369842460614759e-01
9.250799451804476714e-01
7.580658236057068455e-01
0.000000000000000000e+00
0.000000000000000000e+00
1.565821749795584528e-01
8.341738008678315497e-01
8.618125881297269419e-01
4.497026006165067424e-01
8.352027610008627700e-01
5.186843464783881252e-01
4.566625622356657033e-01
8.137467627913488322e-01
9.182825484764542967e-01
7.042801556420233977e-01
6.600306278713629071e-01
7.683927560837577886e-01
8.314404182440958690e-01
7.436580562956098817e-01
9.484485467399842440e-01
8.096985874763652502e-01
5.737925106108633377e-01
0.000000000000000000e+00
