9.702290076335877700e-01
1.000000000000000000e+00
9.916195936261698041e-01
1.000000000000000000e+00
9.149508186164817536e-01
9.993463531287365420e-01
8.847117794486215603e-01
9.999022020830956592e-01
1.000000000000000000e+00
9.994367118508558079e-01
9.863372236580025820e-01
1.000000000000000000e+00
9.853938773904147297e-01
1.000000000000000000e+00
4.985559630751785209e-01
9.961302963507224772e-01
1.000000000000000000e+00
9.643788996029495353e-01
9.037160521801055335e-01
1.000000000000000000e+00
9.279715458619285373e-01
5.275307687350989649e-01
2.866809454311112781e-01
1.000000000000000000e+00
7.372112576334188816e-01
9.344899538922357696e-01
9.992255981018914879e-01
1.000000000000000000e+00
8.061443350996719825e-01
9.985281640144759718e-01
9.283422267089702640e-01
9.990637715602607161e-01
1.000000000000000000e+00
6.925423352806330257e-01
9.590972701989335381e-01
7.564688291730697900e-01
1.000000000000000000e+00
6.233079561616330366e-01
6.484581090045200558e-01
9.816299368577442452e-01
9.970840426202635109e-01
1.000000000000000000e+00
4.956183057448880214e-01
9.316949179982838558e-01
9.876328411548951358e-01
9.991542943055816695e-01
1.000000000000000000e+00
9.923353808133807963e-01
1.000000000000000000e+00
9.999308580515798850e-01
9.181081385313871746e-01
9.971323305986022900e-01
5.700933093833950860e-01
9.965138882195125891e-01
9.846636575666560809e-01
9.978502965944172631e-01
9.996278261948330357e-01
9.994695705081202419e-01
9.730252569023152276e-01
9.962747544325151194e-01
9.991235483769994596e-01
9.987865416436845223e-01
7.416539451974526465e-01
1.000000000000000000e+00
1.000000000000000000e+00
9.932140752186310317e-01
9.961437046802900097e-01
9.988964263689181777e-01
9.988153530247986245e-01
9.775556144067796271e-01
9.999573660761867933e-01
9.742974700166331381e-01
9.980222096133581910e-01
9.962688916876574208e-01
9.971627833254081974e-01
1.000000000000000000e+00
9.679842431498252298e-01
9.943440384865427362e-01
9.985984472685469626e-01
1.000000000000000000e+00
9.946093471885542048e-01
7.501722660123358866e-01
9.994811259566740436e-01
9.890089971327818974e-01
9.919225065471870550e-01
9.853485399004171530e-01
9.420906638294638258e-01
9.961015364532801453e-01
9.868801722397900766e-01
1.000000000000000000e+00
8.903874371702413804e-01
9.589468324351847484e-01
6.092423713891795822e-01
1.000000000000000000e+00
9.991640193947500803e-01
9.500031590253353864e-01
1.000000000000000000e+00
9.952627610398977476e-01
1.000000000000000000e+00
1.000000000000000000e+00
9.201242215283923498e-01
1.000000000000000000e+00
1.000000000000000000e+00
9.850821659482759118e-01
1.000000000000000000e+00
9.907346968378299978e-01
4.254258279317388314e-01
8.780349614224532973e-01
8.394408826113841648e-01
9.996400719856028960e-01
9.800474423231434473e-01
1.000000000000000000e+00
1.000000000000000000e+00
5.807635117662270918e-01
9.932697412361071176e-01
1.000000000000000000e+00
1.000000000000000000e+00
1.000000000000000000e+00
1.000000000000000000e+00
1.000000000000000000e+00
1.000000000000000000e+00
1.000000000000000000e+00
9.638675028467512673e-01
1.000000000000000000e+00
6.275274556091552380e-01
7.253314177496245074e-01
8.544039483675018865e-01
1.000000000000000000e+00
9.913923963292623487e-01
1.000000000000000000e+00
9.752835339599479347e-01
9.087104280715851967e-01
6.353128313891834855e-01
9.787049021193982012e-01
9.349796811503594540e-01
9.595019958851355169e-01
9.742957483374430350e-01
9.727023395365104186e-01
1.000000000000000000e+00
8.832387639982028915e-01
9.886147374044271796e-01
9.453794962513688560e-01
9.043462537396850243e-01
9.894789736503249999e-01
9.832143759474482048e-01
9.362369579534819408e-01
9.840333217632766249e-01
9.982873316627305371e-01
1.000000000000000000e+00
4.373515387187021375e-01
8.196746558860332765e-01
1.000000000000000000e+00
8.969175217772700215e-01
9.880917622523461841e-01
9.891619172194712206e-01
9.881733043595315458e-01
9.781929497901347137e-01
9.759761005767395581e-01
1.000000000000000000e+00
8.261244067624854415e-01
9.990298640192734059e-01
7.427732525099450811e-01
1.000000000000000000e+00
9.998018494055481709e-01
9.512881744228939285e-01
9.999062124849940059e-01
7.214265280823877191e-01
1.000000000000000000e+00
9.946846152636462657e-01
6.764532852888186509e-01
9.840495265841223693e-01
9.911806147476820428e-01
9.688339704045717538e-01
9.995173895444779966e-01
9.966429828563978521e-01
9.808929428708593745e-01
1.000000000000000000e+00
1.000000000000000000e+00
8.831860089345119347e-01
9.787624901280774781e-01
9.817708776166103046e-01
7.786428754625728255e-01
9.612899622023199919e-01
9.960975935160015782e-01
6.132584660921041042e-01
9.844596411694648275e-01
9.992503389424993721e-01
9.646468062083657369e-01
9.747393939393939055e-01
9.759794347905921263e-01
9.846691725620865254e-01
9.998594296357470323e-01
9.976389164248508079e-01
9.434007181542246601e-01
8.553850080210004814e-01
1.000000000000000000e+00
